year,ownershg,value,rent,ftotinc,nfams,ncouples,nmothers,nfathers,momloc,stepmom,momrule,poploc,steppop,poprule,sploc,sprule,famsize,nchild,nchlt5,famunit,eldch,yngch,nsibs,age,sex,school,educrec,schltype,occscore,sei,inctot,incwage,incbus,incfarm,incss,incwelfr,incother,poverty,migrat5g,movedin,gq_HH_in_1970_definition_but_sampled_as_larger_unit,gq_Institution,gq_Other_group_quarters,gqtypeg_Institution_(1990),gqtypeg_NA_(household),gqtypeg_Non-institutional_GQ_(1940_1950_1990),farm_Farm,farm_Non-Farm,relateg_Child,relateg_Child-in-law,relateg_Grandchild,relateg_Head_Householder,relateg_Institutional_inmates,relateg_Other_non-relatives,relateg_Other_relatives,relateg_Parent,relateg_Parent-in-Law,relateg_Partner_friend_visitor,relateg_Sibling,relateg_Sibling-in-Law,relateg_Spouse,raceg_American_Indian,raceg_Black_Negro,raceg_Chinese,raceg_Japanese,raceg_Other_Asian_or_Pacific,raceg_Other_race_nec,raceg_White,marst_Divorced,marst_Married_spouse_absent,marst_Married_spouse_present,marst_Never_married_single,marst_Separated,marst_Widowed,binaryClass
99,0,999999.0,412.0,23000.0,2,0,1,1,0,0,0,1,0,1,0,0,7,0,0,1,99,99,1,14,0,1,2,1,0,0,0.0,999999.0,999999.0,999999,99999.0,99999.0,99999.0,116.0,0,0,True,False,False,False,True,False,False,True,True,False,False,False,False,False,False,False,False,False,False,False,False,False,False,False,False,False,False,True,False,False,False,True,False,False,1
99,1,162500.0,0.0,38008.0,2,0,0,0,0,0,0,0,0,0,0,0,1,0,0,1,99,99,0,25,1,0,8,0,48,87,38008.0,38000.0,0.0,0,0.0,0.0,0.0,501.0,1,2,True,False,False,False,True,False,False,True,False,False,False,True,False,False,False,False,False,False,False,False,False,False,False,False,False,False,False,True,False,False,False,True,False,False,1
99,0,999999.0,675.0,0.0,1,0,1,0,1,0,1,0,0,0,0,0,2,0,0,1,99,99,0,5,0,1,1,1,0,0,0.0,999999.0,999999.0,999999,99999.0,99999.0,99999.0,1.0,1,0,True,False,False,False,True,False,False,True,True,False,False,False,False,False,False,False,False,False,False,False,False,False,True,False,False,False,False,False,False,False,False,True,False,False,1
99,0,999999.0,725.0,23008.0,2,1,1,1,1,0,1,2,0,1,0,0,5,0,0,1,99,99,2,2,1,0,7,0,0,0,0.0,999999.0,999999.0,999999,99999.0,99999.0,99999.0,155.0,1,0,True,False,False,False,True,False,False,True,True,False,False,False,False,False,False,False,False,False,False,False,False,False,False,False,False,False,False,True,False,False,False,True,False,False,1
99,1,400000.0,0.0,104000.0,1,1,1,1,2,0,1,1,0,1,0,0,5,0,0,1,99,99,2,10,1,1,1,1,0,0,0.0,999999.0,999999.0,999999,99999.0,99999.0,99999.0,501.0,0,0,True,False,False,False,True,False,False,True,True,False,False,False,False,False,False,False,False,False,False,False,False,False,False,False,False,False,False,True,False,False,False,True,False,False,1
99,1,85000.0,0.0,17000.0,1,1,0,0,0,0,0,0,0,0,1,1,2,0,0,1,99,99,0,85,0,0,2,0,0,0,7000.0,0.0,0.0,0,7000.0,0.0,0.0,227.0,0,0,True,False,False,False,True,False,False,True,False,False,False,False,False,False,False,False,False,False,False,False,True,False,False,False,False,False,False,True,False,False,True,False,False,False,1
99,0,999999.0,1000.0,14000.0,1,1,1,1,0,0,0,0,0,0,2,1,3,1,0,1,35,35,0,59,0,0,6,0,0,0,0.0,0.0,0.0,0,0.0,0.0,0.0,144.0,0,0,True,False,False,False,True,False,False,True,False,False,False,False,False,False,False,True,False,False,False,False,False,False,False,False,False,False,False,True,False,False,True,False,False,False,1
99,0,999999.0,0.0,999999.0,1,0,0,0,0,0,0,0,0,0,0,0,1,0,0,1,99,99,0,30,1,0,7,0,25,37,0.0,0.0,0.0,0,0.0,0.0,0.0,0.0,1,0,False,False,True,False,False,True,False,True,False,False,False,False,False,True,False,False,False,False,False,False,False,False,True,False,False,False,False,False,False,True,False,False,False,False,1
99,0,999999.0,1000.0,10000.0,1,1,0,0,0,0,0,0,0,0,1,2,2,0,0,1,99,99,0,45,1,0,8,0,41,68,0.0,0.0,0.0,0,0.0,0.0,0.0,120.0,1,0,True,False,False,False,True,False,False,True,False,False,False,False,False,False,False,False,False,False,False,False,True,False,True,False,False,False,False,False,False,False,True,False,False,False,1
99,0,999999.0,875.0,34000.0,1,1,1,1,2,0,1,1,0,1,0,0,6,0,0,1,99,99,3,11,0,1,1,1,0,0,0.0,999999.0,999999.0,999999,99999.0,99999.0,99999.0,205.0,1,0,True,False,False,False,True,False,False,True,True,False,False,False,False,False,False,False,False,False,False,False,False,False,False,False,False,False,False,True,False,False,False,True,False,False,1
99,1,42499.0,0.0,31000.0,2,0,0,0,0,0,0,0,0,0,0,0,1,0,0,2,99,99,0,24,0,1,7,1,25,44,16700.0,16700.0,0.0,0,0.0,0.0,0.0,259.0,1,0,True,False,False,False,True,False,False,True,False,False,False,False,False,False,False,False,False,True,False,False,False,False,False,False,False,False,False,True,False,False,False,True,False,False,1
99,0,999999.0,137.0,7800.0,1,0,0,0,0,0,0,0,0,0,0,0,1,0,0,1,99,99,0,79,0,0,6,0,0,0,7800.0,0.0,0.0,0,5292.0,2508.0,0.0,131.0,0,2,True,False,False,False,True,False,False,True,False,False,False,True,False,False,False,False,False,False,False,False,False,False,False,False,False,False,False,True,False,False,False,False,False,True,1
99,0,999999.0,0.0,999999.0,1,0,0,0,0,0,0,0,0,0,0,0,1,0,0,1,99,99,0,51,0,0,7,0,41,68,660.0,0.0,0.0,0,0.0,660.0,0.0,0.0,1,0,False,True,False,True,False,False,False,True,False,False,False,False,True,False,False,False,False,False,False,False,False,False,False,False,False,False,False,True,False,False,False,False,False,True,1
99,0,999999.0,462.0,37118.0,1,1,1,1,2,0,1,1,0,1,0,0,4,0,0,1,99,99,1,2,1,0,7,0,0,0,0.0,999999.0,999999.0,999999,99999.0,99999.0,99999.0,295.0,1,0,True,False,False,False,True,False,False,True,True,False,False,False,False,False,False,False,False,False,False,False,False,False,False,False,False,False,False,True,False,False,False,True,False,False,1
99,0,999999.0,625.0,14000.0,1,1,1,1,2,0,1,1,0,1,0,0,4,0,0,1,99,99,1,3,0,0,0,0,0,0,0.0,999999.0,999999.0,999999,99999.0,99999.0,99999.0,111.0,1,0,True,False,False,False,True,False,False,True,True,False,False,False,False,False,False,False,False,False,False,False,False,False,False,False,False,False,False,True,False,False,False,True,False,False,1
99,1,225000.0,0.0,63000.0,1,1,1,1,0,0,0,0,0,0,1,1,4,2,1,1,5,2,0,28,0,0,6,0,24,44,20000.0,20000.0,0.0,0,0.0,0.0,0.0,501.0,1,0,True,False,False,False,True,False,False,True,False,False,False,False,False,False,False,False,False,False,False,False,True,False,False,False,False,False,False,True,False,False,True,False,False,False,1
99,0,999999.0,575.0,45500.0,1,1,1,1,0,0,0,0,0,0,2,1,6,4,0,1,24,19,0,44,0,0,2,0,23,18,16000.0,16000.0,0.0,0,0.0,0.0,0.0,256.0,0,0,True,False,False,False,True,False,False,True,False,False,False,False,False,False,False,True,False,False,False,False,False,False,False,False,False,False,False,True,False,False,True,False,False,False,1
99,1,85000.0,0.0,31564.0,1,1,1,1,0,0,0,0,0,0,1,1,3,1,0,1,20,20,0,55,0,0,6,0,11,11,9600.0,9600.0,0.0,0,0.0,0.0,0.0,325.0,0,0,True,False,False,False,True,False,False,True,False,False,False,False,False,False,False,False,False,False,False,False,True,False,False,False,False,False,False,True,False,False,True,False,False,False,1
99,0,999999.0,675.0,32096.0,1,2,2,2,0,0,0,0,0,0,8,1,11,1,0,1,6,6,2,28,0,0,2,0,0,0,0.0,0.0,0.0,0,0.0,0.0,0.0,128.0,1,0,True,False,False,False,True,False,False,True,False,False,False,False,False,False,False,False,False,False,True,False,False,False,False,False,False,False,False,True,False,False,True,False,False,False,1
99,0,999999.0,725.0,30800.0,1,1,1,1,0,0,0,0,0,0,1,1,5,3,0,1,37,21,0,59,0,0,2,0,0,0,0.0,0.0,0.0,0,0.0,0.0,0.0,200.0,0,0,True,False,False,False,True,False,False,True,False,False,False,False,False,False,False,False,False,False,False,False,True,False,False,False,False,False,False,True,False,False,True,False,False,False,1
99,1,137500.0,0.0,13000.0,1,1,1,1,0,0,0,0,0,0,2,1,5,3,0,1,16,6,0,36,1,0,7,0,10,19,19000.0,19000.0,0.0,0,0.0,0.0,0.0,88.0,0,6,True,False,False,False,True,False,False,True,False,False,False,True,False,False,False,False,False,False,False,False,False,False,False,False,False,False,False,True,False,False,True,False,False,False,1
99,0,999999.0,512.0,172746.0,1,1,1,1,0,0,0,0,0,0,1,1,5,2,2,1,2,0,0,28,0,0,3,0,13,10,168246.0,7000.0,123515.0,0,0.0,0.0,0.0,501.0,0,0,True,False,False,False,True,False,False,True,False,False,False,False,False,False,False,False,False,False,False,False,True,False,False,False,False,False,False,True,False,False,True,False,False,False,1
99,0,999999.0,0.0,999999.0,1,0,0,0,0,0,0,0,0,0,0,0,1,0,0,1,99,99,0,25,1,0,6,0,0,0,3000.0,0.0,0.0,0,0.0,0.0,3000.0,0.0,1,0,False,False,True,False,False,True,False,True,False,False,False,False,False,True,False,False,False,False,False,False,False,False,True,False,False,False,False,False,False,False,False,True,False,False,1
99,0,999999.0,312.0,8492.0,1,0,0,0,0,0,0,0,0,0,0,0,1,0,0,1,99,99,0,39,1,0,7,0,41,68,8492.0,4176.0,0.0,0,0.0,0.0,4316.0,132.0,0,5,True,False,False,False,True,False,False,True,False,False,False,True,False,False,False,False,False,False,False,False,False,False,False,False,False,False,False,True,False,False,False,True,False,False,1
99,1,350000.0,0.0,115000.0,1,1,1,1,2,0,1,1,0,1,0,0,3,0,0,1,99,99,0,19,1,1,7,1,18,44,12000.0,12000.0,0.0,0,0.0,0.0,0.0,501.0,0,0,True,False,False,False,True,False,False,True,True,False,False,False,False,False,False,False,False,False,False,False,False,False,False,False,False,False,False,True,False,False,False,True,False,False,1
99,1,137500.0,0.0,19357.0,1,0,1,0,0,0,0,0,0,0,0,0,2,1,0,1,14,14,0,40,0,1,7,1,22,61,19357.0,19000.0,0.0,0,0.0,0.0,357.0,226.0,0,7,True,False,False,False,True,False,False,True,False,False,False,True,False,False,False,False,False,False,False,False,False,False,True,False,False,False,False,False,True,False,False,False,False,False,1
99,1,350000.0,0.0,87980.0,1,1,1,1,2,0,1,1,0,1,0,0,5,0,0,1,99,99,2,16,1,1,4,2,0,0,0.0,0.0,0.0,0,0.0,0.0,0.0,501.0,0,0,True,False,False,False,True,False,False,True,True,False,False,False,False,False,False,False,False,False,False,False,False,False,False,False,False,True,False,False,False,False,False,True,False,False,1
99,1,162500.0,0.0,28000.0,1,1,1,1,0,0,0,0,0,0,1,1,5,3,1,1,13,2,0,31,0,0,6,0,22,61,14000.0,14000.0,0.0,0,0.0,0.0,0.0,189.0,0,0,True,False,False,False,True,False,False,True,False,False,False,False,False,False,False,False,False,False,False,False,True,False,False,False,False,False,False,True,False,False,True,False,False,False,1
99,0,999999.0,675.0,26530.0,1,1,1,1,0,0,0,0,0,0,2,1,3,1,0,1,29,29,0,53,1,0,6,0,23,18,9507.0,5191.0,0.0,0,0.0,0.0,4316.0,274.0,1,1,True,False,False,False,True,False,False,True,False,False,False,True,False,False,False,False,False,False,False,False,False,False,False,False,False,False,False,True,False,False,True,False,False,False,1
99,1,225000.0,0.0,70920.0,1,1,1,1,0,0,0,0,0,0,1,1,4,2,0,1,16,13,0,42,0,0,7,0,22,51,29120.0,29120.0,0.0,0,0.0,0.0,0.0,501.0,0,0,True,False,False,False,True,False,False,True,False,False,False,False,False,False,False,False,False,False,False,False,True,False,False,False,False,False,False,True,False,False,True,False,False,False,1
99,0,999999.0,487.0,12461.0,1,0,0,0,0,0,0,0,0,0,0,0,1,0,0,1,99,99,0,46,1,1,8,1,31,65,12461.0,224.0,0.0,0,0.0,6695.0,5112.0,193.0,1,1,True,False,False,False,True,False,False,True,False,False,False,True,False,False,False,False,False,False,False,False,False,False,False,False,False,False,False,True,True,False,False,False,False,False,1
99,0,999999.0,625.0,17000.0,1,1,1,1,2,0,1,1,0,1,0,0,5,0,0,1,99,99,2,3,1,0,0,0,0,0,0.0,999999.0,999999.0,999999,99999.0,99999.0,99999.0,115.0,1,0,True,False,False,False,True,False,False,True,True,False,False,False,False,False,False,False,False,False,False,False,False,False,False,False,False,False,False,True,False,False,False,True,False,False,1
99,1,400000.0,0.0,48400.0,1,1,1,1,0,0,0,0,0,0,2,1,4,2,0,1,12,11,0,40,1,0,7,0,32,62,47800.0,47800.0,0.0,0,0.0,0.0,0.0,385.0,0,6,True,False,False,False,True,False,False,True,False,False,False,True,False,False,False,False,False,False,False,False,False,False,False,False,False,False,False,True,False,False,True,False,False,False,1
99,0,999999.0,675.0,11000.0,3,0,1,1,6,0,6,0,0,0,0,0,2,0,0,3,99,99,0,13,1,1,2,1,0,0,0.0,999999.0,999999.0,999999,99999.0,99999.0,99999.0,1.0,0,0,True,False,False,False,True,False,False,True,False,False,False,False,False,True,False,False,False,False,False,False,False,False,False,False,False,False,False,True,False,False,False,True,False,False,1
99,0,999999.0,512.0,26512.0,1,1,0,0,0,0,0,0,0,0,2,1,2,0,0,1,99,99,0,28,1,0,8,0,27,31,26512.0,26300.0,0.0,0,0.0,0.0,0.0,319.0,1,2,True,False,False,False,True,False,False,True,False,False,False,True,False,False,False,False,False,False,False,False,False,False,False,False,False,False,False,True,False,False,True,False,False,False,1
99,0,999999.0,0.0,999999.0,1,0,0,0,0,0,0,0,0,0,0,0,1,0,0,1,99,99,0,79,0,0,8,0,0,0,0.0,0.0,0.0,0,0.0,0.0,0.0,0.0,1,0,False,True,False,True,False,False,False,True,False,False,False,False,True,False,False,False,False,False,False,False,False,False,False,False,False,False,False,True,False,False,False,False,False,True,1
99,1,137500.0,0.0,20840.0,1,1,1,1,0,0,0,0,0,0,2,1,3,1,0,1,10,10,0,51,1,0,6,0,25,22,15840.0,15840.0,0.0,0,0.0,0.0,0.0,209.0,0,6,True,False,False,False,True,False,False,True,False,False,False,True,False,False,False,False,False,False,False,False,False,False,False,False,False,False,False,True,False,False,True,False,False,False,1
99,0,999999.0,512.0,42000.0,1,0,0,0,0,0,0,0,0,0,0,0,3,0,0,1,99,99,2,32,1,0,6,0,16,15,12000.0,12000.0,0.0,0,0.0,0.0,0.0,433.0,1,0,True,False,False,False,True,False,False,True,False,False,False,False,False,False,False,False,False,False,True,False,False,False,False,False,False,True,False,False,False,False,False,True,False,False,0
99,1,162500.0,0.0,90929.0,1,0,1,0,1,0,1,0,0,0,0,0,4,0,0,1,99,99,2,21,1,0,6,0,24,19,15000.0,15000.0,0.0,0,0.0,0.0,0.0,501.0,0,0,True,False,False,False,True,False,False,True,True,False,False,False,False,False,False,False,False,False,False,False,False,False,False,False,False,False,False,True,False,False,False,True,False,False,1
99,0,999999.0,412.0,32285.0,1,0,0,1,0,0,0,1,0,1,0,0,5,0,0,1,99,99,3,12,1,1,2,1,0,0,0.0,999999.0,999999.0,999999,99999.0,99999.0,99999.0,206.0,1,0,True,False,False,False,True,False,False,True,True,False,False,False,False,False,False,False,False,False,False,False,False,False,False,False,False,False,False,True,False,False,False,True,False,False,1
99,1,162500.0,0.0,15000.0,1,1,0,0,0,0,0,0,0,0,2,1,2,0,0,1,99,99,0,60,1,0,6,0,0,0,15000.0,0.0,0.0,0,0.0,0.0,0.0,181.0,0,6,True,False,False,False,True,False,False,True,False,False,False,True,False,False,False,False,False,False,False,False,False,False,True,False,False,False,False,False,False,False,True,False,False,False,1
99,1,162500.0,0.0,29449.0,1,1,1,1,0,0,0,0,0,0,2,1,4,2,0,1,20,10,0,62,1,0,2,0,0,0,6360.0,0.0,0.0,0,0.0,6360.0,0.0,227.0,0,6,True,False,False,False,True,False,False,True,False,False,False,True,False,False,False,False,False,False,False,False,False,False,False,False,False,False,False,True,False,False,True,False,False,False,1
99,1,162500.0,0.0,52000.0,1,0,1,0,2,0,1,0,0,0,0,0,2,0,0,1,99,99,0,43,1,0,8,0,27,72,42000.0,33000.0,0.0,0,0.0,0.0,0.0,501.0,0,5,True,False,False,False,True,False,False,True,False,False,False,True,False,False,False,False,False,False,False,False,False,False,False,False,False,False,False,True,False,False,False,True,False,False,1
99,1,400000.0,0.0,201316.0,1,1,1,1,0,0,0,0,0,0,2,1,3,1,1,1,3,3,0,33,1,0,7,0,31,65,199316.0,195516.0,0.0,0,0.0,0.0,0.0,501.0,1,2,True,False,False,False,True,False,False,True,False,False,False,True,False,False,False,False,False,False,False,False,False,False,False,False,False,False,False,True,False,False,True,False,False,False,1
99,0,999999.0,1000.0,21010.0,2,0,0,0,0,0,0,0,0,0,0,0,1,0,0,2,99,99,0,25,1,1,8,1,11,18,24800.0,24000.0,0.0,0,0.0,0.0,0.0,384.0,1,0,True,False,False,False,True,False,False,True,False,False,False,False,False,False,False,False,False,True,False,False,False,False,False,False,False,False,False,True,False,False,False,True,False,False,0
99,0,999999.0,575.0,1500.0,1,1,1,1,0,0,0,0,0,0,2,1,5,3,1,1,11,1,0,34,1,0,0,0,23,18,1500.0,1500.0,0.0,0,0.0,0.0,0.0,10.0,0,2,True,False,False,False,True,False,False,True,False,False,False,True,False,False,False,False,False,False,False,False,False,False,False,False,False,False,False,True,False,False,True,False,False,False,1
99,0,999999.0,1000.0,32200.0,1,0,0,0,0,0,0,0,0,0,0,0,1,0,0,1,99,99,0,40,1,0,7,0,24,47,32200.0,32000.0,0.0,0,0.0,0.0,0.0,499.0,1,1,True,False,False,False,True,False,False,True,False,False,False,True,False,False,False,False,False,False,False,False,False,False,False,False,False,False,False,True,True,False,False,False,False,False,1
99,0,999999.0,112.0,12192.0,1,1,0,0,0,0,0,0,0,0,1,1,2,0,0,1,99,99,0,76,0,0,1,0,0,0,5448.0,0.0,0.0,0,3984.0,1464.0,0.0,163.0,0,0,True,False,False,False,True,False,False,True,False,False,False,False,False,False,False,False,False,False,False,False,True,False,False,False,False,False,False,True,False,False,True,False,False,False,1
99,0,999999.0,875.0,31800.0,1,1,1,1,2,0,1,1,0,1,0,0,5,0,0,1,99,99,2,16,1,1,2,1,0,0,0.0,0.0,0.0,0,0.0,0.0,0.0,210.0,1,0,True,False,False,False,True,False,False,True,True,False,False,False,False,False,False,False,False,False,False,False,False,False,False,False,False,False,False,True,False,False,False,True,False,False,1
99,0,999999.0,575.0,16000.0,1,1,1,1,2,7,1,1,0,1,0,0,7,0,0,1,99,99,4,9,0,0,1,0,0,0,0.0,999999.0,999999.0,999999,99999.0,99999.0,99999.0,86.0,1,0,True,False,False,False,True,False,False,True,True,False,False,False,False,False,False,False,False,False,False,False,False,False,False,False,False,False,False,True,False,False,False,True,False,False,1
99,0,999999.0,262.0,31000.0,1,0,0,0,0,0,0,0,0,0,0,0,1,0,0,1,99,99,0,57,0,0,6,0,32,42,31000.0,30000.0,0.0,0,0.0,0.0,0.0,481.0,0,7,True,False,False,False,True,False,False,True,False,False,False,True,False,False,False,False,False,False,False,False,False,False,False,False,True,False,False,False,False,False,False,False,False,True,1
99,1,37500.0,0.0,13800.0,1,1,0,0,0,0,0,0,0,0,2,1,2,0,0,1,99,99,0,66,1,0,6,0,0,0,13800.0,0.0,0.0,0,9600.0,0.0,0.0,184.0,0,7,True,False,False,False,True,False,False,True,False,False,False,True,False,False,False,False,False,False,False,False,False,False,False,False,False,False,False,True,False,False,True,False,False,False,1
99,1,350000.0,0.0,96380.0,1,1,1,1,0,0,0,0,0,0,1,1,5,3,0,1,22,13,0,45,0,0,8,0,26,72,33000.0,33000.0,0.0,0,0.0,0.0,0.0,501.0,0,0,True,False,False,False,True,False,False,True,False,False,False,False,False,False,False,False,False,False,False,False,True,False,False,False,False,False,False,True,False,False,True,False,False,False,1
99,1,400000.0,0.0,70000.0,1,1,1,1,0,0,0,0,0,0,2,2,4,2,0,1,12,9,0,40,0,0,8,0,41,68,0.0,0.0,0.0,0,0.0,0.0,0.0,501.0,0,6,True,False,False,False,True,False,False,True,False,False,False,True,False,False,False,False,False,False,False,False,False,False,False,False,False,False,False,True,False,False,True,False,False,False,1
99,0,999999.0,575.0,17300.0,1,1,1,1,0,0,0,0,0,0,2,2,4,1,1,1,3,3,1,24,0,0,6,0,22,18,6500.0,6500.0,0.0,0,0.0,0.0,0.0,133.0,1,1,True,False,False,False,True,False,False,True,False,False,False,True,False,False,False,False,False,False,False,False,False,False,False,False,False,False,False,True,False,False,True,False,False,False,1
99,1,225000.0,0.0,107300.0,3,1,1,1,0,0,0,0,0,0,0,0,1,0,0,3,99,99,0,21,0,1,7,1,0,0,0.0,0.0,0.0,0,0.0,0.0,0.0,1.0,1,0,True,False,False,False,True,False,False,True,False,False,False,False,False,True,False,False,False,False,False,False,False,False,False,True,False,False,False,False,False,False,False,True,False,False,1
99,0,999999.0,462.0,12160.0,2,1,1,1,2,0,1,1,0,1,0,0,8,0,0,1,99,99,4,0,0,0,7,0,0,0,0.0,999999.0,999999.0,999999,99999.0,99999.0,99999.0,58.0,1,0,True,False,False,False,True,False,False,True,True,False,False,False,False,False,False,False,False,False,False,False,False,False,False,False,False,False,False,True,False,False,False,True,False,False,1
99,0,999999.0,537.0,26967.0,1,1,1,1,0,0,0,0,0,0,2,1,4,1,0,1,5,5,0,40,1,1,8,1,41,68,11967.0,11967.0,0.0,0,0.0,0.0,0.0,207.0,1,1,True,False,False,False,True,False,False,True,False,False,False,True,False,False,False,False,False,False,False,False,False,False,False,False,False,True,False,False,False,False,True,False,False,False,1
99,0,999999.0,262.0,6720.0,1,0,1,0,0,0,0,0,0,0,0,0,2,1,1,1,3,3,0,35,0,0,7,0,0,0,6720.0,0.0,0.0,0,0.0,6720.0,0.0,79.0,0,5,True,False,False,False,True,False,False,True,False,False,False,True,False,False,False,False,False,False,False,False,False,False,False,False,False,False,False,True,True,False,False,False,False,False,1
99,1,162500.0,0.0,68000.0,1,1,1,0,0,0,0,0,0,0,1,1,3,0,0,1,99,99,0,49,0,0,6,0,37,78,28000.0,28000.0,0.0,0,0.0,0.0,0.0,501.0,0,0,True,False,False,False,True,False,False,True,False,False,False,False,False,False,False,False,False,False,False,False,True,False,False,False,False,False,False,True,False,False,True,False,False,False,1
99,1,225000.0,0.0,44456.0,1,0,0,0,0,0,0,0,0,0,0,0,2,0,0,1,99,99,0,48,0,0,6,0,30,24,33728.0,24000.0,0.0,0,3828.0,0.0,0.0,501.0,0,6,True,False,False,False,True,False,False,True,False,False,False,True,False,False,False,False,False,False,False,False,False,False,True,False,False,False,False,False,False,False,False,True,False,False,1
99,1,77500.0,0.0,39000.0,1,1,1,1,0,0,0,0,0,0,1,1,4,2,0,1,20,8,0,41,0,0,8,0,29,72,7000.0,7000.0,0.0,0,0.0,0.0,0.0,300.0,0,0,True,False,False,False,True,False,False,True,False,False,False,False,False,False,False,False,False,False,False,False,True,False,True,False,False,False,False,False,False,False,True,False,False,False,1
99,1,112500.0,0.0,33140.0,1,1,1,1,0,0,0,0,0,0,2,1,3,1,0,1,20,20,0,42,1,0,6,0,23,18,25000.0,25000.0,0.0,0,0.0,0.0,0.0,342.0,0,6,True,False,False,False,True,False,False,True,False,False,False,True,False,False,False,False,False,False,False,False,False,False,False,False,False,False,False,True,False,False,True,False,False,False,1
99,1,400000.0,0.0,195516.0,1,0,0,0,0,0,0,0,0,0,0,0,1,0,0,1,99,99,0,35,1,1,8,1,79,92,195516.0,195516.0,0.0,0,0.0,0.0,0.0,501.0,1,1,True,False,False,False,True,False,False,True,False,False,False,True,False,False,False,False,False,False,False,False,False,False,True,False,False,False,False,False,False,False,False,True,False,False,1
99,1,112500.0,0.0,61400.0,1,1,1,1,2,0,1,1,0,1,0,0,5,0,0,1,99,99,2,21,0,0,6,0,18,44,400.0,400.0,0.0,0,0.0,0.0,0.0,392.0,0,0,True,False,False,False,True,False,False,True,True,False,False,False,False,False,False,False,False,False,False,False,False,False,False,False,False,False,False,True,False,False,False,True,False,False,1
99,1,52500.0,0.0,25008.0,1,1,1,1,0,0,0,0,0,0,0,0,6,0,0,1,99,99,0,12,1,1,2,1,0,0,0.0,999999.0,999999.0,999999,99999.0,99999.0,99999.0,151.0,0,0,True,False,False,False,True,False,False,True,False,False,True,False,False,False,False,False,False,False,False,False,False,False,True,False,False,False,False,False,False,False,False,True,False,False,1
99,1,275000.0,0.0,87000.0,1,1,1,1,0,0,0,0,0,0,1,2,4,2,0,1,15,12,0,40,1,0,6,0,20,8,40000.0,40000.0,0.0,0,0.0,0.0,0.0,501.0,0,0,True,False,False,False,True,False,False,True,False,False,False,False,False,False,False,False,False,False,False,False,True,False,False,False,False,False,False,True,False,False,True,False,False,False,1
99,0,999999.0,875.0,38800.0,1,2,1,1,0,0,0,0,0,0,0,0,10,0,0,1,99,99,3,24,0,0,6,0,41,68,0.0,0.0,0.0,0,0.0,0.0,0.0,147.0,1,0,True,False,False,False,True,False,False,True,False,False,False,False,False,False,False,False,False,False,True,False,False,False,False,False,False,False,False,True,False,True,False,False,False,False,1
99,0,999999.0,575.0,28000.0,1,0,0,0,0,0,0,0,0,0,0,0,1,0,0,1,99,99,0,26,0,0,8,0,41,72,28000.0,28000.0,0.0,0,0.0,0.0,0.0,434.0,1,1,True,False,False,False,True,False,False,True,False,False,False,True,False,False,False,False,False,False,False,False,False,False,False,False,False,False,False,True,False,False,False,True,False,False,1
99,1,162500.0,0.0,16182.0,1,0,0,0,0,0,0,0,0,0,0,0,1,0,0,1,99,99,0,77,0,0,6,0,27,39,16182.0,0.0,0.0,0,10367.0,0.0,0.0,272.0,0,7,True,False,False,False,True,False,False,True,False,False,False,True,False,False,False,False,False,False,False,False,False,False,False,False,False,False,False,True,False,False,False,False,False,True,1
99,0,999999.0,187.0,7032.0,1,0,1,0,1,0,1,0,0,0,0,0,6,0,0,1,99,99,4,10,1,1,2,1,0,0,0.0,999999.0,999999.0,999999,99999.0,99999.0,99999.0,42.0,0,0,True,False,False,False,True,False,False,True,True,False,False,False,False,False,False,False,False,False,False,False,False,False,False,False,False,False,False,True,False,False,False,True,False,False,1
99,0,999999.0,362.0,63000.0,1,1,1,1,0,0,0,0,0,0,0,0,7,0,0,1,99,99,0,25,1,1,6,1,27,22,13000.0,13000.0,0.0,0,0.0,0.0,0.0,318.0,0,0,True,False,False,False,True,False,False,True,False,False,False,False,False,False,True,False,False,False,False,False,False,False,False,False,False,False,False,True,False,False,False,True,False,False,1
99,0,999999.0,512.0,5000.0,2,0,0,0,0,0,0,0,0,0,0,0,1,0,0,1,99,99,0,20,1,0,7,0,18,19,5000.0,5000.0,0.0,0,0.0,0.0,0.0,78.0,0,1,True,False,False,False,True,False,False,True,False,False,False,True,False,False,False,False,False,False,False,False,False,False,False,False,False,False,False,True,False,False,False,True,False,False,1
99,1,137500.0,0.0,60650.0,1,1,2,1,0,0,0,0,0,0,1,1,5,2,0,1,8,5,0,38,0,0,7,0,27,64,15200.0,13600.0,0.0,0,0.0,0.0,1600.0,400.0,1,0,True,False,False,False,True,False,False,True,False,False,False,False,False,False,False,False,False,False,False,False,True,False,False,False,False,False,False,True,False,False,True,False,False,False,1
99,0,999999.0,875.0,3431.0,1,1,1,1,2,0,1,1,0,1,0,0,4,0,0,1,99,99,1,21,0,1,6,1,22,61,1685.0,1685.0,0.0,0,0.0,0.0,0.0,26.0,1,0,True,False,False,False,True,False,False,True,True,False,False,False,False,False,False,False,False,False,False,False,False,False,False,False,False,True,False,False,False,False,False,True,False,False,1
99,0,999999.0,725.0,22200.0,1,1,1,1,0,0,0,0,0,0,1,1,4,2,1,1,5,1,0,33,0,0,6,0,6,7,7200.0,7200.0,0.0,0,0.0,0.0,0.0,177.0,1,0,True,False,False,False,True,False,False,True,False,False,False,False,False,False,False,False,False,False,False,False,True,False,False,False,False,False,False,True,False,False,True,False,False,False,1
99,1,350000.0,0.0,42000.0,1,0,2,0,1,0,1,0,0,0,0,0,5,0,0,1,99,99,1,8,0,1,1,1,0,0,0.0,999999.0,999999.0,999999,99999.0,99999.0,99999.0,277.0,1,0,True,False,False,False,True,False,False,True,True,False,False,False,False,False,False,False,False,False,False,False,False,False,False,False,False,False,False,True,False,False,False,True,False,False,1
99,0,999999.0,625.0,70000.0,1,0,0,0,0,0,0,0,0,0,0,0,1,0,0,1,99,99,0,32,1,0,6,0,20,8,70000.0,70000.0,0.0,0,0.0,0.0,0.0,501.0,1,2,True,False,False,False,True,False,False,True,False,False,False,True,False,False,False,False,False,False,False,False,False,False,False,False,False,False,False,True,False,False,False,True,False,False,1
99,1,350000.0,0.0,198616.0,1,1,1,1,2,0,1,1,0,1,0,0,6,0,0,1,99,99,3,7,1,1,0,2,0,0,0.0,999999.0,999999.0,999999,99999.0,99999.0,99999.0,501.0,0,0,True,False,False,False,True,False,False,True,True,False,False,False,False,False,False,False,False,False,False,False,False,False,False,False,False,False,False,True,False,False,False,True,False,False,1
99,1,400000.0,0.0,39000.0,1,0,1,0,1,0,1,0,0,0,0,0,2,0,0,1,99,99,0,6,0,1,0,1,0,0,0.0,999999.0,999999.0,999999,99999.0,99999.0,99999.0,456.0,0,0,True,False,False,False,True,False,False,True,True,False,False,False,False,False,False,False,False,False,False,False,False,False,False,False,False,False,False,True,False,False,False,True,False,False,1
99,1,400000.0,0.0,91524.0,1,1,1,1,0,0,0,0,0,0,1,1,4,2,0,1,18,16,0,46,0,0,8,0,35,66,30800.0,30000.0,800.0,0,0.0,0.0,0.0,501.0,0,0,True,False,False,False,True,False,False,True,False,False,False,False,False,False,False,False,False,False,False,False,True,False,False,False,False,False,False,True,False,False,True,False,False,False,1
99,0,999999.0,212.0,35000.0,6,0,0,0,0,0,0,0,0,0,0,0,1,0,0,1,99,99,0,52,1,0,7,0,33,60,35000.0,25000.0,0.0,0,0.0,0.0,0.0,501.0,0,7,True,False,False,False,True,False,False,True,False,False,False,True,False,False,False,False,False,False,False,False,False,False,False,False,False,False,False,True,False,False,False,True,False,False,1
99,1,187500.0,0.0,10211.0,1,0,0,0,0,0,0,0,0,0,0,0,1,0,0,1,99,99,0,57,1,0,6,0,41,68,10211.0,10211.0,0.0,0,0.0,0.0,0.0,158.0,1,1,True,False,False,False,True,False,False,True,False,False,False,True,False,False,False,False,False,False,False,False,False,False,False,False,False,False,False,True,True,False,False,False,False,False,1
99,1,400000.0,0.0,43000.0,2,0,0,0,0,0,0,0,0,0,0,0,1,0,0,1,99,99,0,39,1,0,7,0,25,18,43000.0,43000.0,0.0,0,0.0,0.0,0.0,501.0,0,6,True,False,False,False,True,False,False,True,False,False,False,True,False,False,False,False,False,False,False,False,False,False,False,False,False,False,False,True,False,False,False,True,False,False,1
99,1,275000.0,0.0,29560.0,1,2,2,2,2,0,1,1,0,1,0,0,6,0,0,1,99,99,1,7,1,1,1,2,0,0,0.0,999999.0,999999.0,999999,99999.0,99999.0,99999.0,169.0,1,0,True,False,False,False,True,False,False,True,True,False,False,False,False,False,False,False,False,False,False,False,False,False,False,False,False,False,False,True,False,False,False,True,False,False,1
99,0,999999.0,337.0,28300.0,1,0,0,0,0,0,0,0,0,0,0,0,1,0,0,1,99,99,0,33,0,0,8,0,17,8,28300.0,28000.0,0.0,0,0.0,0.0,0.0,439.0,0,6,True,False,False,False,True,False,False,True,False,False,False,True,False,False,False,False,False,False,False,False,False,False,False,False,False,False,False,True,False,False,False,True,False,False,1
99,1,400000.0,0.0,135500.0,1,1,0,0,0,0,0,0,0,0,2,1,2,0,0,1,99,99,0,55,1,0,6,0,31,33,87500.0,85000.0,0.0,0,0.0,0.0,0.0,501.0,0,6,True,False,False,False,True,False,False,True,False,False,False,True,False,False,False,False,False,False,False,False,False,False,False,False,False,False,False,True,False,False,True,False,False,False,1
99,0,999999.0,575.0,20000.0,1,0,0,1,0,0,0,0,0,0,0,0,4,0,0,1,99,99,1,19,1,0,0,0,17,11,13000.0,13000.0,0.0,0,0.0,0.0,0.0,154.0,1,0,True,False,False,False,True,False,False,True,False,False,False,False,False,False,False,False,False,False,True,False,False,False,False,False,False,False,False,True,False,True,False,False,False,False,0
99,1,112500.0,0.0,39494.0,1,0,0,0,0,0,0,0,0,0,0,0,1,0,0,1,99,99,0,57,0,0,8,0,26,72,39494.0,33678.0,0.0,0,0.0,0.0,0.0,501.0,0,5,True,False,False,False,True,False,False,True,False,False,False,True,False,False,False,False,False,False,False,False,False,False,False,False,False,False,False,True,True,False,False,False,False,False,1
99,1,400000.0,0.0,143515.0,1,0,0,0,0,0,0,0,0,0,0,0,1,0,0,1,99,99,0,73,1,0,8,0,61,93,143515.0,0.0,123515.0,0,0.0,0.0,0.0,501.0,0,2,True,False,False,False,True,False,False,True,False,False,False,True,False,False,False,False,False,False,False,False,False,False,False,False,False,False,False,True,True,False,False,False,False,False,1
99,0,999999.0,875.0,23680.0,1,1,1,2,0,0,0,0,0,0,1,1,6,2,0,1,34,13,0,50,0,0,6,0,22,18,280.0,280.0,0.0,0,0.0,0.0,0.0,139.0,1,0,True,False,False,False,True,False,False,True,False,False,False,False,False,False,False,False,False,False,False,False,True,False,True,False,False,False,False,False,False,False,True,False,False,False,1
99,1,112500.0,0.0,21584.0,1,1,1,1,2,0,1,1,0,1,0,0,5,0,0,1,99,99,2,17,1,1,5,1,0,0,0.0,0.0,0.0,0,0.0,0.0,0.0,142.0,0,0,True,False,False,False,True,False,False,True,True,False,False,False,False,False,False,False,False,False,False,False,False,False,False,False,False,False,False,True,False,False,False,True,False,False,1
99,0,999999.0,537.0,59200.0,1,1,1,1,2,0,1,1,3,1,0,0,3,0,0,1,99,99,0,4,1,0,0,0,0,0,0.0,999999.0,999999.0,999999,99999.0,99999.0,99999.0,501.0,1,0,True,False,False,False,True,False,False,True,True,False,False,False,False,False,False,False,False,False,False,False,False,False,False,False,False,False,False,True,False,False,False,True,False,False,1
99,0,999999.0,412.0,22200.0,1,1,1,1,0,0,0,0,0,0,2,1,6,3,3,1,4,0,0,29,1,0,2,0,25,15,8640.0,8640.0,0.0,0,0.0,0.0,0.0,130.0,1,2,True,False,False,False,True,False,False,True,False,False,False,True,False,False,False,False,False,False,False,False,False,False,False,False,False,False,False,True,False,False,True,False,False,False,1
99,0,999999.0,537.0,8000.0,1,1,2,1,0,0,0,0,0,0,2,1,6,1,0,1,31,31,0,48,0,0,0,0,0,0,0.0,0.0,0.0,0,0.0,0.0,0.0,47.0,1,0,True,False,False,False,True,False,False,True,False,False,False,False,False,False,False,True,False,False,False,False,False,False,False,False,False,False,False,True,False,False,True,False,False,False,1
99,1,137500.0,0.0,13190.0,1,1,0,0,0,0,0,0,0,0,1,1,2,0,0,1,99,99,0,68,0,0,0,0,0,0,4000.0,0.0,0.0,0,0.0,4000.0,0.0,176.0,0,0,True,False,False,False,True,False,False,True,False,False,False,False,False,False,False,False,False,False,False,False,True,False,False,False,False,False,False,True,False,False,True,False,False,False,1
99,0,999999.0,875.0,35000.0,1,1,1,1,0,0,0,0,0,0,2,1,4,2,1,1,8,4,0,37,1,0,7,0,25,18,35000.0,35000.0,0.0,0,0.0,0.0,0.0,278.0,1,2,True,False,False,False,True,False,False,True,False,False,False,True,False,False,False,False,False,False,False,False,False,False,False,False,False,False,False,True,False,False,True,False,False,False,1
99,1,162500.0,0.0,48459.0,1,1,1,1,0,0,0,0,0,0,1,1,4,1,0,1,8,8,0,32,0,0,4,0,0,0,0.0,0.0,0.0,0,0.0,0.0,0.0,373.0,1,0,True,False,False,False,True,False,False,True,False,False,False,False,False,False,False,False,False,False,False,False,True,False,False,False,False,False,False,True,False,False,True,False,False,False,1
99,1,137500.0,0.0,22000.0,1,1,1,1,2,0,1,1,0,1,0,0,6,0,0,1,99,99,3,16,0,1,5,1,24,44,1000.0,1000.0,0.0,0,0.0,0.0,0.0,133.0,0,0,True,False,False,False,True,False,False,True,True,False,False,False,False,False,False,False,False,False,False,False,False,False,False,False,False,False,False,True,False,False,False,True,False,False,1
99,1,137500.0,0.0,25744.0,1,0,1,0,0,0,0,0,0,0,0,0,3,2,1,1,5,3,0,26,0,0,6,0,25,44,25744.0,18544.0,0.0,0,0.0,0.0,7200.0,258.0,1,2,True,False,False,False,True,False,False,True,False,False,False,True,False,False,False,False,False,False,False,False,False,False,False,False,False,False,False,True,True,False,False,False,False,False,1
99,0,999999.0,312.0,36000.0,1,0,2,0,1,0,1,0,0,0,0,0,7,0,0,1,99,99,2,2,1,0,7,0,0,0,0.0,999999.0,999999.0,999999,99999.0,99999.0,99999.0,187.0,1,0,True,False,False,False,True,False,False,True,True,False,False,False,False,False,False,False,False,False,False,False,False,False,False,False,False,False,False,True,False,False,False,True,False,False,1
99,1,275000.0,0.0,85194.0,1,1,2,1,2,0,1,1,0,1,0,0,6,0,0,1,99,99,2,23,1,0,7,0,32,37,13194.0,13194.0,0.0,0,0.0,0.0,0.0,478.0,0,0,True,False,False,False,True,False,False,True,True,False,False,False,False,False,False,False,False,False,False,False,False,False,False,False,False,False,False,True,False,False,False,True,False,False,1
99,1,225000.0,0.0,76152.0,1,1,1,1,0,0,0,0,0,0,1,1,3,1,0,1,28,28,0,63,0,0,4,0,11,11,15640.0,0.0,0.0,0,13972.0,0.0,0.0,501.0,0,0,True,False,False,False,True,False,False,True,False,False,False,False,False,False,False,False,False,False,False,False,True,False,False,False,False,False,False,True,False,False,True,False,False,False,1
99,0,999999.0,312.0,89220.0,1,0,0,0,0,0,0,0,0,0,0,0,2,0,0,1,99,99,1,43,1,0,1,0,20,52,89220.0,75000.0,0.0,0,5568.0,0.0,8652.0,501.0,1,0,True,False,False,False,True,False,False,True,False,False,False,False,False,False,False,False,False,False,True,False,False,False,True,False,False,False,False,False,False,True,False,False,False,False,1
99,1,62500.0,0.0,49241.0,1,2,1,1,4,0,1,3,0,1,0,0,7,0,0,1,99,99,3,19,1,1,6,1,21,18,9500.0,9500.0,0.0,0,0.0,0.0,0.0,244.0,0,0,True,False,False,False,True,False,False,True,False,False,False,False,False,False,False,False,False,False,True,False,False,False,False,False,False,False,False,True,False,False,False,True,False,False,1
99,1,350000.0,0.0,12000.0,1,0,0,0,0,0,0,0,0,0,0,0,1,0,0,1,99,99,0,59,1,0,7,0,33,48,12000.0,0.0,0.0,0,0.0,0.0,12000.0,186.0,0,8,True,False,False,False,True,False,False,True,False,False,False,True,False,False,False,False,False,False,False,False,False,False,True,False,False,False,False,False,False,False,False,True,False,False,1
99,1,275000.0,0.0,9500.0,1,1,1,1,2,0,1,1,0,1,0,0,5,0,0,1,99,99,2,11,1,1,2,1,0,0,0.0,999999.0,999999.0,999999,99999.0,99999.0,99999.0,64.0,0,0,True,False,False,False,True,False,False,True,True,False,False,False,False,False,False,False,False,False,False,False,False,False,False,False,False,False,False,True,False,False,False,True,False,False,1
99,0,999999.0,487.0,28268.0,1,1,0,0,0,0,0,0,0,0,1,1,2,0,0,1,99,99,0,51,0,0,8,0,22,32,12472.0,6000.0,0.0,0,0.0,0.0,0.0,340.0,0,0,True,False,False,False,True,False,False,True,False,False,False,False,False,False,False,False,False,False,False,False,True,False,False,False,False,True,False,False,False,False,True,False,False,False,0
99,0,999999.0,487.0,9941.0,1,1,0,0,0,0,0,0,0,0,1,1,2,0,0,1,99,99,0,67,0,0,6,0,0,0,3340.0,0.0,0.0,0,3340.0,0.0,0.0,133.0,1,0,True,False,False,False,True,False,False,True,False,False,False,False,False,False,False,False,False,False,False,False,True,False,False,False,False,False,False,True,False,False,True,False,False,False,1
99,1,85000.0,0.0,47584.0,2,1,1,2,2,0,1,1,0,1,0,0,7,0,0,1,99,99,2,23,0,1,6,1,25,44,2335.0,2335.0,0.0,0,0.0,0.0,0.0,237.0,0,0,True,False,False,False,True,False,False,True,True,False,False,False,False,False,False,False,False,False,False,False,False,False,False,False,False,False,False,True,False,False,False,True,False,False,1
99,1,275000.0,0.0,29558.0,4,1,1,0,0,0,0,0,0,0,0,0,2,1,0,3,8,8,0,28,0,0,7,0,20,9,22800.0,20000.0,0.0,0,0.0,2800.0,0.0,267.0,1,0,True,False,False,False,True,False,False,True,False,False,False,False,False,True,False,False,False,False,False,False,False,False,False,False,False,False,False,True,True,False,False,False,False,False,1
99,0,999999.0,1000.0,60000.0,1,1,1,1,2,0,1,1,0,1,0,0,4,0,0,1,99,99,1,3,0,0,0,0,0,0,0.0,999999.0,999999.0,999999,99999.0,99999.0,99999.0,477.0,1,0,True,False,False,False,True,False,False,True,True,False,False,False,False,False,False,False,False,False,False,False,False,False,False,False,False,False,False,True,False,False,False,True,False,False,1
99,0,999999.0,512.0,4000.0,2,0,1,1,0,0,0,0,0,0,0,0,2,1,0,2,15,15,0,39,0,0,2,0,17,13,6446.0,4800.0,0.0,0,0.0,0.0,0.0,75.0,0,0,True,False,False,False,True,False,False,True,False,False,False,False,False,False,False,False,False,True,False,False,False,False,False,False,False,False,False,True,False,False,False,True,False,False,1
99,0,999999.0,675.0,24000.0,2,0,0,0,0,0,0,0,0,0,0,0,1,0,0,2,99,99,0,30,0,0,6,0,30,44,16000.0,16000.0,0.0,0,0.0,0.0,0.0,248.0,1,0,True,False,False,False,True,False,False,True,False,False,False,False,False,True,False,False,False,False,False,False,False,False,False,False,False,False,False,True,False,False,False,True,False,False,1
99,0,999999.0,675.0,12481.0,3,0,2,0,0,0,0,0,0,0,0,0,1,0,0,2,99,99,0,60,1,0,2,0,24,44,8800.0,8000.0,0.0,0,0.0,800.0,0.0,136.0,1,0,True,False,False,False,True,False,False,True,False,False,False,False,False,False,False,False,False,True,False,False,False,False,False,False,False,False,False,True,False,False,False,True,False,False,1
99,0,999999.0,437.0,9636.0,1,0,1,0,1,0,1,0,0,0,0,0,4,0,0,1,99,99,2,1,1,0,7,0,0,0,0.0,999999.0,999999.0,999999,99999.0,99999.0,99999.0,76.0,1,0,True,False,False,False,True,False,False,True,True,False,False,False,False,False,False,False,False,False,False,False,False,False,False,False,False,False,False,True,False,False,False,True,False,False,1
99,0,999999.0,1000.0,28000.0,3,0,0,0,0,0,0,0,0,0,0,0,1,0,0,1,99,99,0,24,0,0,8,0,17,8,28000.0,28000.0,0.0,0,0.0,0.0,0.0,434.0,1,2,True,False,False,False,True,False,False,True,False,False,False,True,False,False,False,False,False,False,False,False,False,False,True,False,False,False,False,False,False,False,False,True,False,False,1
99,0,999999.0,875.0,16760.0,1,2,1,0,0,0,0,0,0,0,4,1,7,0,0,1,99,99,0,44,1,0,1,0,22,18,2880.0,0.0,2880.0,0,0.0,0.0,0.0,83.0,1,0,True,False,False,False,True,False,False,True,False,False,False,False,False,False,False,False,False,False,False,True,False,False,False,False,False,False,False,True,False,False,True,False,False,False,0
99,1,187500.0,0.0,19600.0,1,1,1,1,2,0,1,1,0,1,0,0,4,0,0,1,99,99,1,2,1,0,7,0,0,0,0.0,999999.0,999999.0,999999,99999.0,99999.0,99999.0,156.0,1,0,True,False,False,False,True,False,False,True,True,False,False,False,False,False,False,False,False,False,False,False,False,False,False,False,False,False,False,True,False,False,False,True,False,False,1
99,0,999999.0,675.0,15900.0,1,1,1,1,2,0,1,1,0,1,0,0,5,0,0,1,99,99,2,16,0,1,3,1,0,0,0.0,0.0,0.0,0,0.0,0.0,0.0,107.0,1,0,True,False,False,False,True,False,False,True,True,False,False,False,False,False,False,False,False,False,False,False,False,False,False,False,False,False,False,True,False,False,False,True,False,False,1
99,1,77500.0,0.0,55152.0,1,1,1,2,2,0,1,1,0,1,0,0,7,0,0,1,99,99,2,9,0,0,0,0,0,0,0.0,999999.0,999999.0,999999,99999.0,99999.0,99999.0,279.0,1,0,True,False,False,False,True,False,False,True,True,False,False,False,False,False,False,False,False,False,False,False,False,False,False,False,False,False,False,True,False,False,False,True,False,False,1
99,1,350000.0,0.0,43105.0,1,1,1,1,2,0,1,1,0,1,0,0,11,0,0,1,99,99,8,17,1,1,6,1,25,44,2000.0,2000.0,0.0,0,0.0,0.0,0.0,180.0,0,0,True,False,False,False,True,False,False,True,True,False,False,False,False,False,False,False,False,False,False,False,False,False,False,False,False,False,False,True,False,False,False,True,False,False,0
99,1,225000.0,0.0,49314.0,1,1,1,1,2,0,1,1,0,1,0,0,4,0,0,1,99,99,1,13,0,1,2,1,0,0,0.0,999999.0,999999.0,999999,99999.0,99999.0,99999.0,392.0,0,0,True,False,False,False,True,False,False,True,True,False,False,False,False,False,False,False,False,False,False,False,False,False,False,False,False,False,False,True,False,False,False,True,False,False,1
99,1,350000.0,0.0,69115.0,1,1,0,0,0,0,0,0,0,0,1,1,2,0,0,1,99,99,0,52,0,0,6,0,22,61,11375.0,10700.0,75.0,0,0.0,0.0,0.0,501.0,0,0,True,False,False,False,True,False,False,True,False,False,False,False,False,False,False,False,False,False,False,False,True,False,False,False,False,False,False,True,False,False,True,False,False,False,1
99,1,350000.0,0.0,139300.0,1,1,0,0,0,0,0,0,0,0,2,1,2,0,0,1,99,99,0,62,1,0,8,0,31,65,139300.0,132000.0,0.0,0,0.0,0.0,0.0,501.0,0,7,True,False,False,False,True,False,False,True,False,False,False,True,False,False,False,False,False,False,False,False,False,False,False,False,False,False,False,True,False,False,True,False,False,False,1
99,1,187500.0,0.0,32463.0,1,1,0,0,0,0,0,0,0,0,2,1,2,0,0,1,99,99,0,71,1,0,6,0,0,0,28575.0,0.0,0.0,0,8028.0,0.0,0.0,433.0,0,8,True,False,False,False,True,False,False,True,False,False,False,True,False,False,False,False,False,False,False,False,False,False,False,False,False,False,False,True,False,False,True,False,False,False,1
99,1,400000.0,0.0,34000.0,1,1,0,0,0,0,0,0,0,0,1,1,2,0,0,1,99,99,0,43,0,0,8,0,35,62,0.0,0.0,0.0,0,0.0,0.0,0.0,409.0,0,0,True,False,False,False,True,False,False,True,False,False,False,False,False,False,False,False,False,False,False,False,True,False,False,False,False,False,False,True,False,False,True,False,False,False,1
99,1,400000.0,0.0,128603.0,1,1,1,1,0,0,0,0,0,0,2,1,4,2,0,1,16,7,0,54,1,0,8,0,38,68,98603.0,0.0,40000.0,0,0.0,0.0,0.0,501.0,0,5,True,False,False,False,True,False,False,True,False,False,False,True,False,False,False,False,False,False,False,False,False,False,False,False,False,True,False,False,False,False,True,False,False,False,1
99,1,350000.0,0.0,64136.0,1,1,1,1,1,0,1,2,0,1,0,0,4,0,0,1,99,99,1,2,1,0,7,0,0,0,0.0,999999.0,999999.0,999999,99999.0,99999.0,99999.0,501.0,1,0,True,False,False,False,True,False,False,True,True,False,False,False,False,False,False,False,False,False,False,False,False,False,False,False,False,False,False,True,False,False,False,True,False,False,1
99,1,85000.0,0.0,24640.0,1,1,1,1,0,0,0,0,0,0,2,1,5,3,0,1,20,13,0,42,1,0,6,0,23,18,11200.0,7600.0,0.0,0,0.0,0.0,0.0,162.0,0,6,True,False,False,False,True,False,False,True,False,False,False,True,False,False,False,False,False,False,False,False,False,False,False,False,False,False,False,True,False,False,True,False,False,False,1
99,1,225000.0,0.0,45000.0,1,0,0,0,0,0,0,0,0,0,0,0,1,0,0,1,99,99,0,41,1,0,7,0,41,68,45000.0,40000.0,0.0,0,0.0,0.0,0.0,501.0,0,5,True,False,False,False,True,False,False,True,False,False,False,True,False,False,False,False,False,False,False,False,False,False,False,False,False,False,False,True,False,False,False,True,False,False,1
99,0,999999.0,337.0,15189.0,1,1,1,1,1,0,1,2,0,1,0,0,6,0,0,1,99,99,3,6,0,1,0,1,0,0,0.0,999999.0,999999.0,999999,99999.0,99999.0,99999.0,92.0,1,0,True,False,False,False,True,False,False,True,True,False,False,False,False,False,False,False,False,False,False,False,False,False,False,False,False,True,False,False,False,False,False,True,False,False,1
99,1,17500.0,0.0,49271.0,1,1,1,1,2,0,1,1,0,1,0,0,5,0,0,1,99,99,2,24,0,1,8,1,37,78,8200.0,8200.0,0.0,0,0.0,0.0,0.0,319.0,0,0,True,False,False,False,True,False,False,True,True,False,False,False,False,False,False,False,False,False,False,False,False,False,False,True,False,False,False,False,False,False,False,True,False,False,1
99,0,999999.0,575.0,15000.0,2,0,0,0,0,0,0,0,0,0,0,0,1,0,0,2,99,99,0,26,1,0,7,0,23,18,15000.0,15000.0,0.0,0,0.0,0.0,0.0,233.0,1,0,True,False,False,False,True,False,False,True,False,False,False,False,False,False,False,False,False,True,False,False,False,False,False,False,False,False,False,True,True,False,False,False,False,False,1
99,1,112500.0,0.0,12978.0,1,0,0,0,0,0,0,0,0,0,0,0,1,0,0,1,99,99,0,64,0,0,6,0,41,72,12978.0,0.0,0.0,0,7654.0,0.0,0.0,201.0,0,6,True,False,False,False,True,False,False,True,False,False,False,True,False,False,False,False,False,False,False,False,False,False,False,False,False,False,False,True,False,False,False,False,False,True,1
99,0,999999.0,412.0,41000.0,1,0,1,1,0,0,0,0,0,0,0,0,8,1,0,1,27,27,0,48,0,0,0,0,24,19,10000.0,10000.0,0.0,0,0.0,0.0,0.0,181.0,1,0,True,False,False,False,True,False,False,True,False,False,False,False,False,False,False,True,False,False,False,False,False,False,False,False,False,False,False,True,False,True,False,False,False,False,1
99,0,999999.0,675.0,63000.0,1,0,0,0,0,0,0,0,0,0,0,0,1,0,0,1,99,99,0,42,1,0,8,0,31,65,63000.0,63000.0,0.0,0,0.0,0.0,0.0,501.0,1,2,True,False,False,False,True,False,False,True,False,False,False,True,False,False,False,False,False,False,False,False,False,False,False,False,False,False,False,True,False,False,False,True,False,False,1
99,0,999999.0,1000.0,67000.0,1,1,1,1,0,0,0,0,0,0,1,1,3,1,0,1,22,22,0,49,0,0,6,0,25,52,0.0,0.0,0.0,0,0.0,0.0,0.0,501.0,1,0,True,False,False,False,True,False,False,True,False,False,False,False,False,False,False,False,False,False,False,False,True,False,False,False,False,False,False,True,False,False,True,False,False,False,1
99,0,999999.0,875.0,32530.0,1,2,3,2,10,2,7,7,0,3,0,0,10,0,0,1,99,99,1,12,0,1,2,1,0,0,0.0,999999.0,999999.0,999999,99999.0,99999.0,99999.0,126.0,1,0,True,False,False,False,True,False,False,True,False,False,False,False,False,False,True,False,False,False,False,False,False,False,False,False,False,False,False,True,False,False,False,True,False,False,1
99,0,999999.0,875.0,71300.0,1,1,1,1,2,0,1,1,0,1,0,0,4,0,0,1,99,99,1,11,0,1,2,1,0,0,0.0,999999.0,999999.0,999999,99999.0,99999.0,99999.0,501.0,0,0,True,False,False,False,True,False,False,True,True,False,False,False,False,False,False,False,False,False,False,False,False,False,False,False,False,False,False,True,False,False,False,True,False,False,1
99,1,275000.0,0.0,40624.0,1,1,0,0,0,0,0,0,0,0,2,1,2,0,0,1,99,99,0,66,1,0,6,0,0,0,38002.0,0.0,0.0,0,9480.0,0.0,0.0,501.0,1,1,True,False,False,False,True,False,False,True,False,False,False,True,False,False,False,False,False,False,False,False,False,False,False,False,False,False,False,True,False,False,True,False,False,False,1
99,1,275000.0,0.0,25664.0,1,0,0,0,0,0,0,0,0,0,0,0,2,0,0,1,99,99,0,82,0,0,2,0,0,0,7464.0,0.0,0.0,0,5892.0,1572.0,0.0,342.0,0,5,True,False,False,False,True,False,False,True,False,False,False,True,False,False,False,False,False,False,False,False,False,False,False,False,False,False,False,True,False,False,False,False,False,True,1
99,1,400000.0,0.0,18975.0,1,0,0,0,0,0,0,0,0,0,0,0,1,0,0,1,99,99,0,61,0,0,7,0,22,45,18975.0,18975.0,0.0,0,0.0,0.0,0.0,294.0,0,5,True,False,False,False,True,False,False,True,False,False,False,True,False,False,False,False,False,False,False,False,False,False,False,False,False,False,False,True,True,False,False,False,False,False,0
99,1,225000.0,0.0,27058.0,1,1,1,1,0,0,0,0,0,0,2,1,4,2,0,1,12,8,0,48,1,0,4,0,24,47,10800.0,10800.0,0.0,0,0.0,0.0,0.0,215.0,1,1,True,False,False,False,True,False,False,True,False,False,False,True,False,False,False,False,False,False,False,False,False,False,False,True,False,False,False,False,False,False,True,False,False,False,1
99,1,187500.0,0.0,58425.0,1,1,1,1,0,0,0,0,0,0,2,2,4,2,0,1,8,5,0,43,0,0,8,0,0,0,4719.0,0.0,0.0,0,0.0,0.0,0.0,465.0,0,6,True,False,False,False,True,False,False,True,False,False,False,True,False,False,False,False,False,False,False,False,False,False,False,True,False,False,False,False,False,False,True,False,False,False,1
99,0,999999.0,875.0,1305.0,1,0,1,0,0,0,0,0,0,0,0,0,5,0,0,1,99,99,1,29,1,0,0,0,22,18,0.0,0.0,0.0,0,0.0,0.0,0.0,8.0,1,0,True,False,False,False,True,False,False,True,False,False,False,False,False,False,False,False,False,False,True,False,False,False,False,False,False,False,False,True,False,False,False,True,False,False,0
99,0,999999.0,0.0,999999.0,1,0,0,0,0,0,0,0,0,0,0,0,1,0,0,1,99,99,0,86,1,0,4,0,0,0,0.0,0.0,0.0,0,0.0,0.0,0.0,0.0,0,0,False,True,False,True,False,False,False,True,False,False,False,False,True,False,False,False,False,False,False,False,False,False,False,False,False,False,False,True,False,False,False,False,False,True,1
99,1,350000.0,0.0,70000.0,1,1,1,1,2,0,1,1,0,1,0,0,7,0,0,1,99,99,4,9,0,1,1,1,0,0,0.0,999999.0,999999.0,999999,99999.0,99999.0,99999.0,377.0,1,0,True,False,False,False,True,False,False,True,True,False,False,False,False,False,False,False,False,False,False,False,False,False,False,False,False,False,False,True,False,False,False,True,False,False,1
99,1,225000.0,0.0,0.0,1,1,1,1,0,0,0,0,0,0,2,2,4,2,0,1,23,18,0,45,0,0,6,0,0,0,0.0,0.0,0.0,0,0.0,0.0,0.0,1.0,1,6,True,False,False,False,True,False,False,True,False,False,False,True,False,False,False,False,False,False,False,False,False,False,False,False,False,False,False,True,False,False,True,False,False,False,1
99,0,999999.0,462.0,7850.0,1,0,2,0,0,0,0,0,0,0,0,0,5,2,0,1,13,8,1,32,0,0,5,0,14,26,1000.0,1000.0,0.0,0,0.0,0.0,0.0,53.0,1,0,True,False,False,False,True,False,False,True,False,False,False,False,False,False,False,False,False,False,True,False,False,False,False,False,False,False,False,True,False,False,False,False,True,False,1
99,1,77500.0,0.0,56992.0,1,2,1,1,2,0,1,1,0,1,0,0,13,0,0,1,99,99,6,2,1,0,7,0,0,0,0.0,999999.0,999999.0,999999,99999.0,99999.0,99999.0,227.0,1,0,True,False,False,False,True,False,False,True,True,False,False,False,False,False,False,False,False,False,False,False,False,False,False,False,False,False,False,True,False,False,False,True,False,False,1
99,0,999999.0,537.0,65000.0,1,1,1,1,2,0,1,1,3,1,0,0,3,0,0,1,99,99,0,23,1,0,4,0,22,15,0.0,0.0,0.0,0,0.0,0.0,0.0,501.0,1,0,True,False,False,False,True,False,False,True,True,False,False,False,False,False,False,False,False,False,False,False,False,False,False,False,False,False,False,True,False,False,False,True,False,False,1
99,1,225000.0,0.0,37397.0,1,1,1,1,2,0,1,1,0,1,0,0,3,0,0,1,99,99,0,1,0,0,7,0,0,0,0.0,999999.0,999999.0,999999,99999.0,99999.0,99999.0,375.0,1,0,True,False,False,False,True,False,False,True,True,False,False,False,False,False,False,False,False,False,False,False,False,False,False,False,False,False,False,True,False,False,False,True,False,False,1
99,1,400000.0,0.0,120300.0,1,1,1,1,2,0,1,1,0,1,0,0,5,0,0,1,99,99,2,5,1,1,0,2,0,0,0.0,999999.0,999999.0,999999,99999.0,99999.0,99999.0,501.0,0,0,True,False,False,False,True,False,False,True,True,False,False,False,False,False,False,False,False,False,False,False,False,False,True,False,False,False,False,False,False,False,False,True,False,False,1
99,1,187500.0,0.0,57500.0,1,0,0,0,0,0,0,0,0,0,0,0,1,0,0,1,99,99,0,32,1,1,6,1,32,37,57500.0,56000.0,0.0,0,0.0,0.0,0.0,501.0,1,2,True,False,False,False,True,False,False,True,False,False,False,True,False,False,False,False,False,False,False,False,False,False,False,False,False,False,False,True,True,False,False,False,False,False,1
99,0,999999.0,575.0,24000.0,2,0,0,1,0,0,0,1,0,1,0,0,3,0,0,1,99,99,1,6,0,1,0,1,0,0,0.0,999999.0,999999.0,999999,99999.0,99999.0,99999.0,240.0,0,0,True,False,False,False,True,False,False,True,True,False,False,False,False,False,False,False,False,False,False,False,False,False,False,False,False,False,False,True,False,False,False,True,False,False,1
99,0,999999.0,282.0,18000.0,1,1,1,1,2,0,1,1,0,1,0,0,4,0,0,1,99,99,1,18,1,1,6,1,0,0,0.0,0.0,0.0,0,0.0,0.0,0.0,141.0,0,0,True,False,False,False,True,False,False,True,True,False,False,False,False,False,False,False,False,False,False,False,False,False,False,False,False,False,False,True,False,False,False,True,False,False,1
99,1,400000.0,0.0,210966.0,1,1,1,2,2,0,1,1,0,1,0,0,6,0,0,1,99,99,2,9,1,1,1,2,0,0,0.0,999999.0,999999.0,999999,99999.0,99999.0,99999.0,501.0,0,0,True,False,False,False,True,False,False,True,True,False,False,False,False,False,False,False,False,False,False,False,False,False,False,False,False,False,False,True,False,False,False,True,False,False,1
99,1,112500.0,0.0,39369.0,1,0,2,0,1,0,1,0,0,0,0,0,7,4,1,1,14,3,1,32,0,0,7,0,0,0,15189.0,0.0,0.0,0,0.0,15189.0,0.0,205.0,0,0,True,False,False,False,True,False,False,True,True,False,False,False,False,False,False,False,False,False,False,False,False,False,True,False,False,False,False,False,True,False,False,False,False,False,1
99,1,112500.0,0.0,40000.0,1,1,1,1,0,0,0,0,0,0,2,1,4,2,0,1,14,11,0,32,1,0,6,0,31,53,40000.0,38000.0,0.0,0,0.0,0.0,0.0,318.0,1,2,True,False,False,False,True,False,False,True,False,False,False,True,False,False,False,False,False,False,False,False,False,False,False,False,False,False,False,True,False,False,True,False,False,False,1
99,1,400000.0,0.0,296516.0,3,1,1,1,2,0,1,1,0,1,0,0,5,0,0,1,99,99,2,3,1,1,0,2,0,0,0.0,999999.0,999999.0,999999,99999.0,99999.0,99999.0,501.0,1,0,True,False,False,False,True,False,False,True,True,False,False,False,False,False,False,False,False,False,False,False,False,False,False,False,False,False,False,True,False,False,False,True,False,False,1
99,0,999999.0,575.0,7320.0,2,0,1,0,0,0,0,0,0,0,0,0,3,2,0,1,8,6,0,30,0,0,0,0,0,0,7320.0,0.0,0.0,0,0.0,6120.0,1200.0,73.0,1,2,True,False,False,False,True,False,False,True,False,False,False,True,False,False,False,False,False,False,False,False,False,False,False,False,False,True,False,False,False,False,False,False,True,False,1
99,0,999999.0,512.0,32400.0,1,0,1,0,1,0,1,0,0,0,0,0,2,0,0,1,99,99,0,31,1,0,6,0,24,44,25500.0,25000.0,500.0,0,0.0,0.0,0.0,390.0,1,0,True,False,False,False,True,False,False,True,True,False,False,False,False,False,False,False,False,False,False,False,False,False,False,False,False,True,False,False,True,False,False,False,False,False,1
99,0,999999.0,437.0,14000.0,1,0,1,0,0,0,0,0,0,0,0,0,5,4,0,1,18,8,0,35,0,1,2,1,23,18,14000.0,14000.0,0.0,0,0.0,0.0,0.0,95.0,0,2,True,False,False,False,True,False,False,True,False,False,False,True,False,False,False,False,False,False,False,False,False,False,False,False,False,False,False,True,False,False,False,False,True,False,1
99,0,999999.0,187.0,5244.0,1,0,0,0,0,0,0,0,0,0,0,0,1,0,0,1,99,99,0,80,0,0,6,0,0,0,5244.0,0.0,0.0,0,0.0,0.0,0.0,88.0,0,5,True,False,False,False,True,False,False,True,False,False,False,True,False,False,False,False,False,False,False,False,False,False,True,False,False,False,False,False,False,False,False,False,False,True,1
99,1,162500.0,0.0,52233.0,1,1,1,1,0,0,0,0,0,0,0,0,11,0,0,1,99,99,0,24,1,0,3,0,0,0,0.0,0.0,0.0,0,0.0,0.0,0.0,198.0,0,0,True,False,False,False,True,False,False,True,False,False,False,False,False,False,True,False,False,False,False,False,False,False,True,False,False,False,False,False,False,False,False,True,False,False,1
99,1,137500.0,0.0,36000.0,1,1,0,0,0,0,0,0,0,0,1,1,2,0,0,1,99,99,0,20,0,0,7,0,22,61,14400.0,14400.0,0.0,0,0.0,0.0,0.0,434.0,1,0,True,False,False,False,True,False,False,True,False,False,False,False,False,False,False,False,False,False,False,False,True,False,False,False,False,False,False,True,False,False,True,False,False,False,1
99,1,187500.0,0.0,32400.0,1,1,0,0,0,0,0,0,0,0,2,1,2,0,0,1,99,99,0,66,1,0,6,0,24,44,26400.0,0.0,0.0,0,8400.0,0.0,0.0,432.0,0,7,True,False,False,False,True,False,False,True,False,False,False,True,False,False,False,False,False,False,False,False,False,False,False,False,False,False,False,True,False,False,True,False,False,False,1
99,1,85000.0,0.0,43000.0,1,1,2,1,0,0,0,0,0,0,0,0,5,1,0,1,24,24,0,59,0,0,6,0,22,18,9000.0,9000.0,0.0,0,0.0,0.0,0.0,283.0,0,8,True,False,False,False,True,False,False,True,False,False,False,True,False,False,False,False,False,False,False,False,False,False,False,False,True,False,False,False,False,False,False,False,False,True,0
99,0,999999.0,675.0,26436.0,1,0,0,0,0,0,0,0,0,0,0,0,2,0,0,1,99,99,0,70,1,0,6,0,0,0,15540.0,0.0,0.0,0,7320.0,0.0,0.0,353.0,0,1,True,False,False,False,True,False,False,True,False,False,False,True,False,False,False,False,False,False,False,False,False,False,False,False,False,False,False,True,True,False,False,False,False,False,1
99,0,999999.0,875.0,34058.0,1,0,1,0,1,0,1,0,0,0,0,0,2,0,0,1,99,99,0,9,1,1,1,2,0,0,0.0,999999.0,999999.0,999999,99999.0,99999.0,99999.0,398.0,1,0,True,False,False,False,True,False,False,True,True,False,False,False,False,False,False,False,False,False,False,False,False,False,False,False,False,False,False,True,False,False,False,True,False,False,1
99,1,350000.0,0.0,45000.0,1,1,1,1,2,0,1,1,0,1,0,0,4,0,0,1,99,99,1,11,1,1,2,1,0,0,0.0,999999.0,999999.0,999999,99999.0,99999.0,99999.0,358.0,1,0,True,False,False,False,True,False,False,True,True,False,False,False,False,False,False,False,False,False,False,False,False,False,True,False,False,False,False,False,False,False,False,True,False,False,1
99,0,999999.0,537.0,30528.0,1,1,0,0,0,0,0,0,0,0,2,1,3,0,0,1,99,99,0,24,1,1,6,1,24,44,16577.0,16577.0,0.0,0,0.0,0.0,0.0,315.0,1,1,True,False,False,False,True,False,False,True,False,False,False,True,False,False,False,False,False,False,False,False,False,False,False,False,False,False,False,True,False,False,True,False,False,False,1
99,0,999999.0,575.0,50000.0,1,1,1,1,0,0,0,0,0,0,1,1,3,1,1,1,2,2,0,25,0,0,7,0,22,61,20000.0,20000.0,0.0,0,0.0,0.0,0.0,501.0,1,0,True,False,False,False,True,False,False,True,False,False,False,False,False,False,False,False,False,False,False,False,True,False,False,False,False,False,False,True,False,False,True,False,False,False,1
99,1,400000.0,0.0,71974.0,1,1,1,1,0,0,0,0,0,0,1,1,4,2,0,1,19,12,0,53,0,0,8,0,0,0,0.0,0.0,0.0,0,0.0,0.0,0.0,501.0,0,0,True,False,False,False,True,False,False,True,False,False,False,False,False,False,False,False,False,False,False,False,True,False,False,False,False,False,False,True,False,False,True,False,False,False,1
99,0,999999.0,875.0,47000.0,1,2,2,2,7,0,1,6,0,1,1,1,7,3,2,1,8,2,0,33,0,0,8,0,37,78,10000.0,10000.0,0.0,0,0.0,0.0,0.0,237.0,1,0,True,False,False,False,True,False,False,True,False,False,False,False,False,False,False,False,False,False,False,False,True,False,False,False,False,True,False,False,False,False,True,False,False,False,1
99,0,999999.0,437.0,1700.0,3,0,1,0,0,0,0,0,0,0,0,0,1,0,0,1,99,99,0,24,0,0,4,0,22,18,1700.0,1700.0,0.0,0,0.0,0.0,0.0,26.0,1,2,True,False,False,False,True,False,False,True,False,False,False,True,False,False,False,False,False,False,False,False,False,False,False,False,False,False,False,True,False,True,False,False,False,False,1
99,1,275000.0,0.0,50759.0,1,1,0,0,0,0,0,0,0,0,2,1,2,0,0,1,99,99,0,54,1,0,7,0,36,66,38352.0,0.0,40831.0,0,0.0,0.0,0.0,501.0,0,6,True,False,False,False,True,False,False,True,False,False,False,True,False,False,False,False,False,False,False,False,False,False,False,False,False,False,False,True,False,False,True,False,False,False,1
99,0,999999.0,312.0,30000.0,1,1,1,1,0,0,0,0,0,0,1,1,4,2,0,1,14,11,0,47,0,0,7,0,23,18,13000.0,13000.0,0.0,0,0.0,0.0,0.0,239.0,1,0,True,False,False,False,True,False,False,True,False,False,False,False,False,False,False,False,False,False,False,False,True,False,False,False,False,False,False,True,False,False,True,False,False,False,1
99,0,999999.0,462.0,70000.0,1,1,1,1,2,0,1,1,0,1,0,0,6,0,0,1,99,99,1,2,1,0,7,0,0,0,0.0,999999.0,999999.0,999999,99999.0,99999.0,99999.0,401.0,1,0,True,False,False,False,True,False,False,True,True,False,False,False,False,False,False,False,False,False,False,False,False,False,False,False,False,False,False,True,False,False,False,True,False,False,1
99,0,999999.0,412.0,24000.0,1,1,1,1,0,0,0,0,0,0,1,1,4,2,0,1,17,13,0,40,0,0,0,0,0,0,0.0,0.0,0.0,0,0.0,0.0,0.0,191.0,0,0,True,False,False,False,True,False,False,True,False,False,False,False,False,False,False,False,False,False,False,False,True,False,False,False,False,False,False,True,False,False,True,False,False,False,1
99,1,275000.0,0.0,15000.0,1,1,0,0,0,0,0,0,0,0,2,1,2,0,0,1,99,99,0,69,1,0,7,0,37,78,12000.0,0.0,0.0,0,12000.0,0.0,0.0,200.0,0,7,True,False,False,False,True,False,False,True,False,False,False,True,False,False,False,False,False,False,False,False,False,False,False,False,False,False,False,True,False,False,True,False,False,False,1
99,1,400000.0,0.0,97702.0,1,1,0,0,0,0,0,0,0,0,1,1,2,0,0,1,99,99,0,65,0,0,8,0,31,65,42000.0,42000.0,0.0,0,0.0,0.0,0.0,501.0,0,0,True,False,False,False,True,False,False,True,False,False,False,False,False,False,False,False,False,False,False,False,True,False,False,False,False,False,False,True,False,False,True,False,False,False,1
99,1,350000.0,0.0,50339.0,1,1,1,1,0,0,0,0,0,0,2,1,7,4,0,1,26,16,0,65,1,0,6,0,20,9,20000.0,20000.0,0.0,0,0.0,0.0,0.0,254.0,0,7,True,False,False,False,True,False,False,True,False,False,False,True,False,False,False,False,False,False,False,False,False,False,False,False,False,False,False,True,False,False,True,False,False,False,1
99,1,225000.0,0.0,24000.0,1,1,1,1,1,0,1,2,0,1,0,0,3,0,0,1,99,99,0,15,0,0,3,0,0,0,0.0,999999.0,999999.0,999999,0.0,0.0,0.0,240.0,0,0,True,False,False,False,True,False,False,True,True,False,False,False,False,False,False,False,False,False,False,False,False,False,False,False,False,False,False,True,False,False,False,True,False,False,1
99,0,999999.0,487.0,70900.0,1,1,1,1,0,0,0,0,0,0,2,1,5,3,2,1,5,1,0,28,1,0,6,0,29,22,40900.0,40000.0,0.0,0,0.0,0.0,900.0,479.0,0,2,True,False,False,False,True,False,False,True,False,False,False,True,False,False,False,False,False,False,False,False,False,False,False,False,False,False,False,True,False,False,True,False,False,False,1
99,1,112500.0,0.0,51726.0,1,1,1,1,2,0,1,1,0,1,0,0,7,0,0,1,99,99,1,22,1,1,6,1,24,19,9000.0,0.0,9000.0,0,0.0,0.0,0.0,257.0,0,0,True,False,False,False,True,False,False,True,True,False,False,False,False,False,False,False,False,False,False,False,False,False,False,False,False,False,False,True,False,False,False,True,False,False,1
99,0,999999.0,625.0,4900.0,1,1,1,1,2,0,1,1,0,1,0,0,3,0,0,1,99,99,0,1,1,0,7,0,0,0,0.0,999999.0,999999.0,999999,99999.0,99999.0,99999.0,49.0,1,0,True,False,False,False,True,False,False,True,True,False,False,False,False,False,False,False,False,False,False,False,False,False,False,False,False,False,False,True,False,False,False,True,False,False,1
99,1,225000.0,0.0,45200.0,1,1,1,1,2,0,1,1,0,1,0,0,4,0,0,1,99,99,1,6,1,1,0,2,0,0,0.0,999999.0,999999.0,999999,99999.0,99999.0,99999.0,359.0,1,0,True,False,False,False,True,False,False,True,True,False,False,False,False,False,False,False,False,False,False,False,False,False,False,False,False,False,False,True,False,False,False,True,False,False,1
99,0,999999.0,575.0,43000.0,1,0,1,0,1,0,1,0,0,0,0,0,4,0,0,1,99,99,1,8,0,1,1,1,0,0,0.0,999999.0,999999.0,999999,99999.0,99999.0,99999.0,342.0,1,0,True,False,False,False,True,False,False,True,True,False,False,False,False,False,False,False,False,False,False,False,False,False,True,False,False,False,False,False,False,False,False,True,False,False,1
99,1,275000.0,0.0,111050.0,2,1,0,0,0,0,0,0,0,0,0,0,1,0,0,2,99,99,0,36,1,0,8,0,41,68,53000.0,52000.0,0.0,0,0.0,0.0,0.0,501.0,1,0,True,False,False,False,True,False,False,True,False,False,False,False,False,True,False,False,False,False,False,False,False,False,False,False,False,False,False,True,True,False,False,False,False,False,1
99,0,999999.0,625.0,17160.0,1,1,1,1,2,0,1,1,3,1,0,0,7,0,0,1,99,99,4,15,0,1,4,1,0,0,0.0,999999.0,999999.0,999999,0.0,0.0,0.0,92.0,1,0,True,False,False,False,True,False,False,True,True,False,False,False,False,False,False,False,False,False,False,False,False,False,False,False,False,False,False,True,False,False,False,True,False,False,1
99,0,999999.0,0.0,999999.0,1,0,0,0,0,0,0,0,0,0,0,0,1,0,0,1,99,99,0,49,1,0,2,0,20,9,11520.0,11520.0,0.0,0,0.0,0.0,0.0,0.0,1,0,False,True,False,True,False,False,False,True,False,False,False,False,True,False,False,False,False,False,False,False,False,False,True,False,False,False,False,False,False,False,False,True,False,False,1
99,1,112500.0,0.0,14110.0,2,0,0,0,0,0,0,0,0,0,0,0,1,0,0,2,99,99,0,28,1,0,5,0,25,18,3600.0,3600.0,0.0,0,0.0,0.0,0.0,56.0,0,0,True,False,False,False,True,False,False,True,False,False,False,False,False,True,False,False,False,False,False,False,False,False,True,False,False,False,False,False,False,False,False,True,False,False,1
99,1,400000.0,0.0,59750.0,1,1,0,0,0,0,0,0,0,0,1,1,2,0,0,1,99,99,0,74,0,0,6,0,22,51,14160.0,0.0,0.0,0,11660.0,0.0,0.0,501.0,0,0,True,False,False,False,True,False,False,True,False,False,False,False,False,False,False,False,False,False,False,False,True,False,False,False,False,False,False,True,False,False,True,False,False,False,1
99,0,999999.0,625.0,19000.0,1,1,1,1,0,0,0,0,0,0,1,2,6,1,0,1,6,6,0,23,1,0,3,0,20,9,7000.0,7000.0,0.0,0,0.0,0.0,0.0,111.0,1,0,True,False,False,False,True,False,False,True,False,False,False,False,False,False,False,False,False,False,False,False,True,False,False,False,False,False,False,True,False,False,True,False,False,False,1
99,1,225000.0,0.0,35693.0,1,1,0,0,0,0,0,0,0,0,2,1,2,0,0,1,99,99,0,44,1,0,7,0,25,44,33446.0,32764.0,0.0,0,0.0,0.0,0.0,430.0,0,6,True,False,False,False,True,False,False,True,False,False,False,True,False,False,False,False,False,False,False,False,False,False,False,False,False,False,False,True,False,False,True,False,False,False,1
99,1,85000.0,0.0,6450.0,1,0,0,0,0,0,0,0,0,0,0,0,1,0,0,1,99,99,0,71,0,0,4,0,24,47,6450.0,0.0,0.0,0,5400.0,0.0,0.0,108.0,0,8,True,False,False,False,True,False,False,True,False,False,False,True,False,False,False,False,False,False,False,False,False,False,False,False,False,False,False,True,False,False,False,False,False,True,1
99,1,350000.0,0.0,82200.0,1,2,2,2,0,0,0,0,0,0,6,1,6,1,0,1,42,42,0,78,1,0,8,0,0,0,3600.0,0.0,0.0,0,0.0,3600.0,0.0,471.0,0,0,True,False,False,False,True,False,False,True,False,False,False,False,False,False,False,False,True,False,False,False,False,False,False,False,False,True,False,False,False,False,True,False,False,False,1
99,0,999999.0,412.0,10158.0,1,1,1,1,0,0,0,0,0,0,1,1,3,1,0,1,7,7,0,33,0,0,0,0,23,18,0.0,0.0,0.0,0,0.0,0.0,0.0,102.0,1,0,True,False,False,False,True,False,False,True,False,False,False,False,False,False,False,False,False,False,False,False,True,False,False,False,False,False,False,True,False,False,True,False,False,False,1
99,0,999999.0,875.0,60500.0,2,1,1,1,0,0,0,0,0,0,0,0,12,0,0,1,99,99,0,7,1,1,1,1,0,0,0.0,999999.0,999999.0,999999,99999.0,99999.0,99999.0,241.0,1,0,True,False,False,False,True,False,False,True,False,False,False,False,False,False,True,False,False,False,False,False,False,False,False,False,False,False,False,True,False,False,False,True,False,False,1
99,1,225000.0,0.0,70165.0,1,1,0,0,0,0,0,0,0,0,2,1,2,0,0,1,99,99,0,54,1,0,7,0,41,72,45220.0,42794.0,0.0,0,0.0,0.0,0.0,501.0,1,2,True,False,False,False,True,False,False,True,False,False,False,True,False,False,False,False,False,False,False,False,False,False,False,False,False,False,False,True,False,False,True,False,False,False,1
99,1,400000.0,0.0,16578.0,1,1,0,0,0,0,0,0,0,0,1,1,2,0,0,1,99,99,0,62,0,0,6,0,0,0,0.0,0.0,0.0,0,0.0,0.0,0.0,200.0,0,0,True,False,False,False,True,False,False,True,False,False,False,False,False,False,False,False,False,False,False,False,True,False,False,False,False,False,False,True,False,False,True,False,False,False,1
99,1,77500.0,0.0,43500.0,3,1,1,1,0,0,0,0,0,0,1,1,5,3,1,1,15,0,0,37,0,0,5,0,23,18,20000.0,20000.0,0.0,0,0.0,0.0,0.0,294.0,0,0,True,False,False,False,True,False,False,True,False,False,False,False,False,False,False,False,False,False,False,False,True,False,False,False,False,False,False,True,False,False,True,False,False,False,1
99,1,137500.0,0.0,46742.0,1,0,2,0,1,0,1,0,0,0,0,0,6,0,0,1,99,99,2,15,1,1,2,1,0,0,0.0,999999.0,999999.0,999999,0.0,0.0,0.0,282.0,0,0,True,False,False,False,True,False,False,True,True,False,False,False,False,False,False,False,False,False,False,False,False,False,True,False,False,False,False,False,False,False,False,True,False,False,1
99,0,999999.0,462.0,27060.0,1,0,0,0,0,0,0,0,0,0,0,0,1,0,0,1,99,99,0,70,1,0,6,0,24,47,27060.0,17000.0,0.0,0,7800.0,0.0,0.0,455.0,0,6,True,False,False,False,True,False,False,True,False,False,False,True,False,False,False,False,False,False,False,False,False,False,False,False,False,False,False,True,True,False,False,False,False,False,0
99,0,999999.0,362.0,11000.0,2,0,0,1,0,0,0,1,0,1,0,0,4,0,0,1,99,99,2,13,0,1,2,1,0,0,0.0,999999.0,999999.0,999999,99999.0,99999.0,99999.0,87.0,0,0,True,False,False,False,True,False,False,True,True,False,False,False,False,False,False,False,False,False,False,False,False,False,False,False,False,False,False,True,False,False,False,True,False,False,1
99,1,137500.0,0.0,36500.0,2,1,2,1,0,0,0,0,0,0,2,1,5,1,1,1,2,2,0,34,1,0,7,0,41,68,34000.0,34000.0,0.0,0,0.0,0.0,0.0,241.0,1,2,True,False,False,False,True,False,False,True,False,False,False,True,False,False,False,False,False,False,False,False,False,False,False,False,False,False,False,True,False,False,True,False,False,False,1
99,1,350000.0,0.0,34201.0,1,1,1,1,2,2,7,1,0,1,0,0,3,0,0,1,99,99,0,25,0,0,8,0,37,78,31000.0,31000.0,0.0,0,0.0,0.0,0.0,353.0,0,0,True,False,False,False,True,False,False,True,True,False,False,False,False,False,False,False,False,False,False,False,False,False,False,False,False,False,False,True,False,False,False,True,False,False,1
99,0,999999.0,875.0,42648.0,1,1,1,1,0,0,0,0,0,0,1,1,5,2,0,1,8,6,0,27,0,0,6,0,11,16,1920.0,1920.0,0.0,0,0.0,0.0,0.0,281.0,1,0,True,False,False,False,True,False,False,True,False,False,False,False,False,False,False,False,False,False,False,False,True,False,False,False,False,False,False,True,False,False,True,False,False,False,1
99,1,275000.0,0.0,7880.0,2,0,1,0,0,0,0,0,0,0,0,0,1,0,0,2,99,99,0,24,0,0,7,0,24,47,0.0,0.0,0.0,0,0.0,0.0,0.0,1.0,1,0,True,False,False,False,True,False,False,True,False,False,False,False,False,True,False,False,False,False,False,False,False,False,False,False,False,False,False,True,False,False,False,True,False,False,1
99,1,350000.0,0.0,117000.0,1,1,0,0,0,0,0,0,0,0,2,1,2,0,0,1,99,99,0,37,1,0,7,0,32,37,69000.0,69000.0,0.0,0,0.0,0.0,0.0,501.0,0,2,True,False,False,False,True,False,False,True,False,False,False,True,False,False,False,False,False,False,False,False,False,False,True,False,False,False,False,False,False,False,True,False,False,False,1
99,0,999999.0,575.0,19654.0,1,0,0,0,0,0,0,0,0,0,0,0,1,0,0,1,99,99,0,60,0,0,6,0,21,45,19654.0,19654.0,0.0,0,0.0,0.0,0.0,305.0,1,1,True,False,False,False,True,False,False,True,False,False,False,True,False,False,False,False,False,False,False,False,False,False,False,False,False,False,False,True,True,False,False,False,False,False,1
99,1,162500.0,0.0,9000.0,1,1,1,1,2,0,1,1,0,1,0,0,5,0,0,1,99,99,2,7,1,1,1,1,0,0,0.0,999999.0,999999.0,999999,99999.0,99999.0,99999.0,61.0,0,0,True,False,False,False,True,False,False,True,True,False,False,False,False,False,False,False,False,False,False,False,False,False,True,False,False,False,False,False,False,False,False,True,False,False,1
99,1,400000.0,0.0,130000.0,1,1,1,1,0,0,0,0,0,0,2,1,3,1,0,1,16,16,0,47,1,0,8,0,24,44,58000.0,50000.0,0.0,0,0.0,0.0,0.0,501.0,0,6,True,False,False,False,True,False,False,True,False,False,False,True,False,False,False,False,False,False,False,False,False,False,False,False,False,False,False,True,False,False,True,False,False,False,1
99,1,400000.0,0.0,62000.0,1,1,1,1,2,0,1,1,0,1,0,0,4,0,0,1,99,99,1,22,1,1,7,1,0,0,0.0,0.0,0.0,0,0.0,0.0,0.0,485.0,0,0,True,False,False,False,True,False,False,True,True,False,False,False,False,False,False,False,False,False,False,False,False,False,False,False,False,False,False,True,False,False,False,True,False,False,1
99,1,225000.0,0.0,87300.0,1,1,1,1,2,0,1,1,0,1,0,0,4,0,0,1,99,99,1,1,1,0,7,0,0,0,0.0,999999.0,999999.0,999999,99999.0,99999.0,99999.0,501.0,1,0,True,False,False,False,True,False,False,True,True,False,False,False,False,False,False,False,False,False,False,False,False,False,False,False,False,False,False,True,False,False,False,True,False,False,1
99,0,999999.0,575.0,10400.0,1,1,1,1,2,0,1,1,0,1,0,0,5,0,0,1,99,99,2,6,1,1,0,1,0,0,0.0,999999.0,999999.0,999999,99999.0,99999.0,99999.0,70.0,1,0,True,False,False,False,True,False,False,True,True,False,False,False,False,False,False,False,False,False,False,False,False,False,False,False,False,True,False,False,False,False,False,True,False,False,1
99,0,999999.0,725.0,40090.0,1,2,1,1,0,0,0,0,0,0,2,1,6,2,2,1,4,3,0,37,1,0,6,0,30,24,15700.0,15700.0,0.0,0,0.0,0.0,0.0,230.0,0,1,True,False,False,False,True,False,False,True,False,False,False,True,False,False,False,False,False,False,False,False,False,False,False,False,False,False,False,True,False,False,True,False,False,False,1
99,1,400000.0,0.0,250000.0,1,1,0,0,0,0,0,0,0,0,2,1,2,0,0,1,99,99,0,46,1,0,8,0,41,68,125000.0,100000.0,0.0,0,0.0,0.0,0.0,501.0,0,6,True,False,False,False,True,False,False,True,False,False,False,True,False,False,False,False,False,False,False,False,False,False,False,False,False,False,False,True,False,False,True,False,False,False,1
99,1,275000.0,0.0,81200.0,1,1,1,1,0,0,0,0,0,0,0,0,5,0,0,1,99,99,1,45,1,0,6,0,23,18,20000.0,20000.0,0.0,0,0.0,0.0,0.0,501.0,0,0,True,False,False,False,True,False,False,True,False,False,False,False,False,False,False,False,False,False,True,False,False,False,False,False,False,False,False,True,False,False,False,True,False,False,1
99,1,400000.0,0.0,61200.0,1,1,1,1,0,0,0,0,0,0,2,1,4,2,0,1,15,12,0,46,1,0,8,0,35,62,46000.0,0.0,43000.0,0,0.0,0.0,0.0,487.0,0,5,True,False,False,False,True,False,False,True,False,False,False,True,False,False,False,False,False,False,False,False,False,False,False,False,False,False,False,True,False,False,True,False,False,False,1
99,1,187500.0,0.0,36350.0,1,1,0,0,0,0,0,0,0,0,2,1,2,0,0,1,99,99,0,51,1,0,0,0,30,24,30000.0,30000.0,0.0,0,0.0,0.0,0.0,438.0,0,2,True,False,False,False,True,False,False,True,False,False,False,True,False,False,False,False,False,False,False,False,False,False,False,False,False,False,False,True,False,False,True,False,False,False,1
99,0,999999.0,362.0,41334.0,2,0,0,0,0,0,0,0,0,0,0,0,2,0,0,1,99,99,1,34,1,0,6,0,24,19,24000.0,24000.0,0.0,0,0.0,0.0,0.0,498.0,0,5,True,False,False,False,True,False,False,True,False,False,False,True,False,False,False,False,False,False,False,False,False,False,False,False,False,False,False,True,False,False,False,False,True,False,1
99,0,999999.0,0.0,999999.0,1,0,0,0,0,0,0,0,0,0,0,0,1,0,0,1,99,99,0,32,1,0,6,0,18,44,10000.0,10000.0,0.0,0,0.0,0.0,0.0,0.0,1,0,False,False,True,False,False,True,False,True,False,False,False,False,False,True,False,False,False,False,False,False,False,False,True,False,False,False,False,False,False,False,False,True,False,False,1
99,0,999999.0,575.0,44200.0,1,1,1,1,0,0,0,0,0,0,1,1,5,3,1,1,10,3,0,31,0,0,2,0,14,26,0.0,0.0,0.0,0,0.0,0.0,0.0,299.0,1,0,True,False,False,False,True,False,False,True,False,False,False,False,False,False,False,False,False,False,False,False,True,False,False,False,False,False,False,True,False,False,True,False,False,False,0
99,1,162500.0,0.0,63000.0,1,1,1,1,2,0,1,1,0,1,0,0,5,0,0,1,99,99,1,11,1,1,2,1,0,0,0.0,999999.0,999999.0,999999,99999.0,99999.0,99999.0,415.0,0,0,True,False,False,False,True,False,False,True,True,False,False,False,False,False,False,False,False,False,False,False,False,False,False,False,False,False,False,True,False,False,False,True,False,False,1
99,1,187500.0,0.0,43156.0,1,1,0,0,0,0,0,0,0,0,2,1,2,0,0,1,99,99,0,63,1,0,6,0,37,49,43156.0,43156.0,0.0,0,0.0,0.0,0.0,501.0,0,7,True,False,False,False,True,False,False,True,False,False,False,True,False,False,False,False,False,False,False,False,False,False,False,False,False,False,False,True,False,False,True,False,False,False,1
99,1,400000.0,0.0,101000.0,1,1,0,0,0,0,0,0,0,0,2,1,2,0,0,1,99,99,0,57,1,0,8,0,61,93,101000.0,100000.0,0.0,0,0.0,0.0,0.0,501.0,0,6,True,False,False,False,True,False,False,True,False,False,False,True,False,False,False,False,False,False,False,False,False,False,False,False,False,False,False,True,False,False,True,False,False,False,1
99,0,999999.0,875.0,61401.0,1,1,1,1,2,0,1,1,0,1,0,0,6,0,0,1,99,99,2,6,1,1,0,1,0,0,0.0,999999.0,999999.0,999999,99999.0,99999.0,99999.0,352.0,0,0,True,False,False,False,True,False,False,True,True,False,False,False,False,False,False,False,False,False,False,False,False,False,False,False,False,False,False,True,False,False,False,True,False,False,1
99,0,999999.0,625.0,29500.0,1,1,1,1,2,0,1,1,0,1,0,0,3,0,0,1,99,99,0,0,1,0,7,0,0,0,0.0,999999.0,999999.0,999999,99999.0,99999.0,99999.0,296.0,1,0,True,False,False,False,True,False,False,True,True,False,False,False,False,False,False,False,False,False,False,False,False,False,True,False,False,False,False,False,False,False,False,True,False,False,1
99,1,275000.0,0.0,205516.0,2,0,0,1,0,0,0,0,0,0,0,0,2,1,1,1,1,1,0,24,1,0,6,0,27,27,205516.0,195516.0,0.0,0,0.0,0.0,0.0,501.0,1,2,True,False,False,False,True,False,False,True,False,False,False,True,False,False,False,False,False,False,False,False,False,False,False,False,False,False,False,True,False,False,False,True,False,False,1
99,0,999999.0,1000.0,34000.0,1,0,0,0,0,0,0,0,0,0,0,0,5,0,0,1,99,99,0,75,0,0,2,0,0,0,0.0,0.0,0.0,0,0.0,0.0,0.0,217.0,0,0,True,False,False,False,True,False,False,True,False,False,False,False,False,False,True,False,False,False,False,False,False,False,False,False,False,False,False,True,False,False,False,False,True,False,1
99,1,112500.0,0.0,54000.0,1,1,1,1,0,0,0,0,0,0,2,1,5,3,0,1,19,14,0,48,1,0,5,0,31,53,34000.0,34000.0,0.0,0,0.0,0.0,0.0,356.0,0,6,True,False,False,False,True,False,False,True,False,False,False,True,False,False,False,False,False,False,False,False,False,False,True,False,False,False,False,False,False,False,True,False,False,False,1
99,1,225000.0,0.0,46573.0,1,1,1,1,0,0,0,0,0,0,2,1,3,1,0,1,20,20,0,56,1,0,7,0,31,33,44773.0,30663.0,0.0,0,0.0,0.0,0.0,480.0,0,7,True,False,False,False,True,False,False,True,False,False,False,True,False,False,False,False,False,False,False,False,False,False,False,False,False,False,False,True,False,False,True,False,False,False,1
99,0,999999.0,162.0,8808.0,1,1,0,0,0,0,0,0,0,0,2,1,2,0,0,1,99,99,0,65,1,0,3,0,0,0,8208.0,0.0,0.0,0,7860.0,348.0,0.0,118.0,1,2,True,False,False,False,True,False,False,True,False,False,False,True,False,False,False,False,False,False,False,False,False,False,False,False,False,False,False,True,False,False,True,False,False,False,1
99,1,225000.0,0.0,32000.0,1,0,0,1,0,0,0,0,0,0,0,0,3,1,0,1,22,22,0,54,1,0,6,0,0,0,13000.0,0.0,0.0,0,0.0,0.0,13000.0,330.0,1,6,True,False,False,False,True,False,False,True,False,False,False,True,False,False,False,False,False,False,False,False,False,False,True,False,False,False,False,False,True,False,False,False,False,False,1
99,0,999999.0,0.0,999999.0,1,0,0,0,0,0,0,0,0,0,0,0,1,0,0,1,99,99,0,18,1,1,3,1,0,0,0.0,0.0,0.0,0,0.0,0.0,0.0,0.0,1,0,False,True,False,True,False,False,False,True,False,False,False,False,True,False,False,False,False,False,False,False,False,False,True,False,False,False,False,False,False,False,False,True,False,False,1
99,0,999999.0,875.0,45000.0,3,0,0,0,0,0,0,0,0,0,0,0,1,0,0,3,99,99,0,25,1,0,8,0,35,66,24000.0,24000.0,0.0,0,0.0,0.0,0.0,372.0,1,0,True,False,False,False,True,False,False,True,False,False,False,False,False,False,False,False,False,True,False,False,False,False,False,False,False,False,False,True,False,False,False,True,False,False,1
99,1,162500.0,0.0,53029.0,1,1,1,1,0,0,0,0,0,0,2,1,4,2,0,1,33,25,0,58,1,0,1,0,25,31,31144.0,31144.0,0.0,0,0.0,0.0,0.0,415.0,0,7,True,False,False,False,True,False,False,True,False,False,False,True,False,False,False,False,False,False,False,False,False,False,False,False,False,False,False,True,False,False,True,False,False,False,0
99,1,225000.0,0.0,55000.0,1,1,1,1,0,0,0,0,0,0,2,1,5,3,0,1,17,9,0,40,1,0,7,0,38,68,30000.0,30000.0,0.0,0,0.0,0.0,0.0,372.0,1,6,True,False,False,False,True,False,False,True,False,False,False,True,False,False,False,False,False,False,False,False,False,False,False,False,False,False,False,True,False,False,True,False,False,False,0
99,1,400000.0,0.0,199815.0,1,1,0,0,0,0,0,0,0,0,2,1,2,0,0,1,99,99,0,33,1,0,8,0,79,92,152815.0,23000.0,123515.0,0,0.0,0.0,0.0,501.0,1,2,True,False,False,False,True,False,False,True,False,False,False,True,False,False,False,False,False,False,False,False,False,False,False,False,False,False,False,True,False,False,True,False,False,False,1
99,0,999999.0,487.0,21200.0,1,1,0,0,0,0,0,0,0,0,2,1,2,0,0,1,99,99,0,25,1,0,7,0,36,50,20000.0,20000.0,0.0,0,0.0,0.0,0.0,255.0,1,1,True,False,False,False,True,False,False,True,False,False,False,True,False,False,False,False,False,False,False,False,False,False,False,False,False,False,False,True,False,False,True,False,False,False,1
99,1,112500.0,0.0,197466.0,1,1,1,1,0,0,0,0,0,0,2,1,3,1,1,1,2,2,0,36,1,0,8,0,61,93,196966.0,195516.0,0.0,0,0.0,0.0,0.0,501.0,0,5,True,False,False,False,True,False,False,True,False,False,False,True,False,False,False,False,False,False,False,False,False,False,False,False,True,False,False,False,False,False,True,False,False,False,1
99,0,999999.0,337.0,20000.0,1,1,0,0,0,0,0,0,0,0,1,1,2,0,0,1,99,99,0,59,0,0,1,0,41,68,10000.0,10000.0,0.0,0,0.0,0.0,0.0,241.0,0,0,True,False,False,False,True,False,False,True,False,False,False,False,False,False,False,False,False,False,False,False,True,False,False,False,False,False,False,True,False,False,True,False,False,False,0
99,0,999999.0,537.0,15289.0,1,0,1,0,1,0,1,0,0,0,0,0,8,0,0,1,99,99,4,6,0,0,1,0,0,0,0.0,999999.0,999999.0,999999,99999.0,99999.0,99999.0,75.0,1,0,True,False,False,False,True,False,False,True,True,False,False,False,False,False,False,False,False,False,False,False,False,False,True,False,False,False,False,False,False,False,False,True,False,False,1
99,0,999999.0,575.0,20500.0,1,1,1,1,2,0,1,1,0,1,0,0,5,0,0,1,99,99,2,7,1,1,1,1,0,0,0.0,999999.0,999999.0,999999,99999.0,99999.0,99999.0,139.0,1,0,True,False,False,False,True,False,False,True,True,False,False,False,False,False,False,False,False,False,False,False,False,False,False,False,False,False,False,True,False,False,False,True,False,False,1
99,0,999999.0,875.0,8000.0,4,0,0,0,0,0,0,0,0,0,0,0,1,0,0,1,99,99,0,28,0,1,7,1,24,47,8000.0,8000.0,0.0,0,0.0,0.0,0.0,124.0,1,2,True,False,False,False,True,False,False,True,False,False,False,True,False,False,False,False,False,False,False,False,False,False,True,False,False,False,False,False,False,False,False,True,False,False,1
99,0,999999.0,875.0,71000.0,1,0,2,0,2,0,2,0,0,0,0,0,3,0,0,1,99,99,0,5,1,1,0,1,0,0,0.0,999999.0,999999.0,999999,99999.0,99999.0,99999.0,501.0,0,0,True,False,False,False,True,False,False,True,False,False,True,False,False,False,False,False,False,False,False,False,False,False,False,False,False,False,False,True,False,False,False,True,False,False,1
99,1,400000.0,0.0,76200.0,1,0,1,0,0,0,0,0,0,0,0,0,2,1,0,1,19,19,0,47,0,0,6,0,41,68,75000.0,65000.0,0.0,0,0.0,0.0,0.0,501.0,0,2,True,False,False,False,True,False,False,True,False,False,False,True,False,False,False,False,False,False,False,False,False,False,False,False,False,False,False,True,True,False,False,False,False,False,1
99,0,999999.0,875.0,50025.0,1,1,1,1,2,0,1,1,0,1,0,0,7,0,0,1,99,99,4,10,0,1,1,1,0,0,0.0,999999.0,999999.0,999999,99999.0,99999.0,99999.0,253.0,1,0,True,False,False,False,True,False,False,True,True,False,False,False,False,False,False,False,False,False,False,False,False,False,True,False,False,False,False,False,False,False,False,True,False,False,1
99,0,999999.0,462.0,24000.0,1,0,1,0,0,0,0,0,0,0,0,0,2,1,0,1,21,21,0,55,0,0,6,0,0,0,0.0,0.0,0.0,0,0.0,0.0,0.0,289.0,1,0,True,False,False,False,True,False,False,True,False,False,False,False,False,False,False,True,False,False,False,False,False,False,False,False,False,True,False,False,False,False,False,False,False,True,1
99,1,137500.0,0.0,21542.0,1,0,1,0,0,0,0,0,0,0,0,0,3,1,0,1,23,23,1,54,0,0,0,0,23,18,7200.0,7200.0,0.0,0,0.0,0.0,0.0,222.0,0,5,True,False,False,False,True,False,False,True,False,False,False,True,False,False,False,False,False,False,False,False,False,False,False,False,False,False,False,True,False,False,False,True,False,False,0
99,0,999999.0,875.0,0.0,1,1,1,1,2,0,1,1,0,1,0,0,4,0,0,1,99,99,1,25,1,0,0,0,0,0,0.0,0.0,0.0,0,0.0,0.0,0.0,1.0,1,0,True,False,False,False,True,False,False,True,True,False,False,False,False,False,False,False,False,False,False,False,False,False,False,False,False,True,False,False,False,False,False,True,False,False,1
99,0,999999.0,575.0,7000.0,2,0,1,0,0,0,0,0,0,0,0,0,2,1,1,1,2,2,0,22,0,0,7,0,29,18,7000.0,7000.0,0.0,0,0.0,0.0,0.0,82.0,1,1,True,False,False,False,True,False,False,True,False,False,False,True,False,False,False,False,False,False,False,False,False,False,True,False,False,False,False,False,False,False,False,True,False,False,0
99,0,999999.0,437.0,21689.0,1,1,1,1,1,3,1,2,0,1,0,0,5,0,0,1,99,99,2,8,1,1,1,1,0,0,0.0,999999.0,999999.0,999999,99999.0,99999.0,99999.0,147.0,1,0,True,False,False,False,True,False,False,True,True,False,False,False,False,False,False,False,False,False,False,False,False,False,False,False,False,False,False,True,False,False,False,True,False,False,1
99,0,999999.0,875.0,28400.0,2,1,0,0,0,0,0,0,0,0,1,1,3,0,0,1,99,99,0,43,0,0,8,0,26,72,12000.0,12000.0,0.0,0,0.0,0.0,0.0,293.0,1,0,True,False,False,False,True,False,False,True,False,False,False,False,False,False,False,False,False,False,False,False,True,False,False,False,False,True,False,False,False,False,True,False,False,False,0
99,1,400000.0,0.0,42500.0,1,1,0,0,0,0,0,0,0,0,2,1,2,0,0,1,99,99,0,55,1,0,8,0,33,76,42500.0,35000.0,0.0,0,0.0,0.0,0.0,501.0,0,7,True,False,False,False,True,False,False,True,False,False,False,True,False,False,False,False,False,False,False,False,False,False,False,False,False,False,False,True,False,False,True,False,False,False,1
99,1,187500.0,0.0,33267.0,1,1,1,1,2,0,1,1,0,1,0,0,5,0,0,1,99,99,2,4,0,0,0,0,0,0,0.0,999999.0,999999.0,999999,99999.0,99999.0,99999.0,225.0,1,0,True,False,False,False,True,False,False,True,True,False,False,False,False,False,False,False,False,False,False,False,False,False,False,False,False,False,False,True,False,False,False,True,False,False,1
99,1,225000.0,0.0,0.0,1,1,1,1,0,0,0,0,0,0,1,1,3,1,1,1,2,2,0,40,0,0,6,0,0,0,0.0,0.0,0.0,0,0.0,0.0,0.0,1.0,1,0,True,False,False,False,True,False,False,True,False,False,False,False,False,False,False,False,False,False,False,False,True,False,False,False,False,False,False,True,False,False,True,False,False,False,1
99,0,999999.0,462.0,6000.0,1,1,1,1,0,0,0,0,0,0,2,1,3,1,0,1,9,9,0,34,1,0,2,0,32,34,6000.0,0.0,6000.0,0,0.0,0.0,0.0,60.0,1,2,True,False,False,False,True,False,False,True,False,False,False,True,False,False,False,False,False,False,False,False,False,False,True,False,False,False,False,False,False,False,True,False,False,False,1
99,0,999999.0,412.0,5700.0,4,0,0,0,0,0,0,0,0,0,0,0,1,0,0,3,99,99,0,19,0,0,0,0,0,0,0.0,0.0,0.0,0,0.0,0.0,0.0,1.0,1,0,True,False,False,False,True,False,False,True,False,False,False,False,False,False,False,False,False,True,False,False,False,False,False,False,False,False,False,True,False,False,False,True,False,False,1
99,1,162500.0,0.0,49553.0,1,1,0,0,0,0,0,0,0,0,2,1,2,0,0,1,99,99,0,30,1,0,7,0,24,47,28128.0,22975.0,0.0,0,0.0,0.0,0.0,501.0,1,1,True,False,False,False,True,False,False,True,False,False,False,True,False,False,False,False,False,False,False,False,False,False,False,False,False,False,False,True,False,False,True,False,False,False,1
99,0,999999.0,0.0,999999.0,1,0,0,0,0,0,0,0,0,0,0,0,1,0,0,1,99,99,0,10,0,1,1,1,0,0,0.0,999999.0,999999.0,999999,99999.0,99999.0,99999.0,0.0,1,0,False,False,True,False,False,True,False,True,False,False,False,False,False,True,False,False,False,False,False,False,False,False,False,False,False,False,False,True,False,False,False,True,False,False,1
99,0,999999.0,725.0,1000.0,1,0,1,0,0,0,0,0,0,0,0,0,3,2,1,1,5,0,0,20,0,1,6,1,27,72,1000.0,1000.0,0.0,0,0.0,0.0,0.0,10.0,0,2,True,False,False,False,True,False,False,True,False,False,False,True,False,False,False,False,False,False,False,False,False,False,False,False,False,False,False,True,False,False,False,False,True,False,1
99,1,112500.0,0.0,49776.0,1,1,0,0,0,0,0,0,0,0,2,1,2,0,0,1,99,99,0,81,1,0,6,0,0,0,41576.0,0.0,0.0,0,6800.0,0.0,0.0,501.0,0,7,True,False,False,False,True,False,False,True,False,False,False,True,False,False,False,False,False,False,False,False,False,False,False,False,False,False,False,True,False,False,True,False,False,False,1
99,0,999999.0,575.0,1940.0,2,0,1,1,0,0,0,4,0,3,0,0,3,0,0,2,99,99,1,20,1,0,1,0,20,8,4000.0,4000.0,0.0,0,0.0,0.0,0.0,351.0,1,0,True,False,False,False,True,False,False,True,False,False,False,False,False,False,False,False,False,True,False,False,False,False,False,False,False,False,False,True,False,False,False,True,False,False,1
99,1,95000.0,0.0,20415.0,1,1,0,0,0,0,0,0,0,0,2,1,2,0,0,1,99,99,0,70,1,0,0,0,17,11,9500.0,0.0,1000.0,0,6000.0,0.0,0.0,272.0,0,8,True,False,False,False,True,False,False,True,False,False,False,True,False,False,False,False,False,False,False,False,False,False,False,False,True,False,False,False,False,False,True,False,False,False,1
99,0,999999.0,487.0,49531.0,1,1,0,0,0,0,0,0,0,0,2,1,3,0,0,1,99,99,0,51,1,0,2,0,32,34,29595.0,27595.0,0.0,0,0.0,0.0,0.0,501.0,0,2,True,False,False,False,True,False,False,True,False,False,False,True,False,False,False,False,False,False,False,False,False,False,False,False,False,False,False,True,False,False,True,False,False,False,1
99,1,187500.0,0.0,50400.0,1,1,0,0,0,0,0,0,0,0,1,1,2,0,0,1,99,99,0,63,0,0,7,0,35,52,30000.0,30000.0,0.0,0,0.0,0.0,0.0,501.0,0,0,True,False,False,False,True,False,False,True,False,False,False,False,False,False,False,False,False,False,False,False,True,False,False,False,False,True,False,False,False,False,True,False,False,False,1
99,0,999999.0,537.0,18000.0,1,1,1,1,2,0,1,1,0,1,0,0,4,0,0,1,99,99,1,3,0,0,0,0,0,0,0.0,999999.0,999999.0,999999,99999.0,99999.0,99999.0,143.0,1,0,True,False,False,False,True,False,False,True,True,False,False,False,False,False,False,False,False,False,False,False,False,False,False,False,False,True,False,False,False,False,False,True,False,False,1
99,1,162500.0,0.0,21689.0,1,1,0,0,0,0,0,0,0,0,1,1,2,0,0,1,99,99,0,67,0,0,7,0,0,0,3300.0,0.0,0.0,0,3300.0,0.0,0.0,289.0,0,0,True,False,False,False,True,False,False,True,False,False,False,False,False,False,False,False,False,False,False,False,True,False,False,False,False,False,False,True,False,False,True,False,False,False,1
99,1,67500.0,0.0,120000.0,3,1,1,1,0,0,0,0,0,0,2,1,4,2,1,1,5,4,0,40,1,0,6,0,32,33,60000.0,0.0,60000.0,0,0.0,0.0,0.0,501.0,0,5,True,False,False,False,True,False,False,True,False,False,False,True,False,False,False,False,False,False,False,False,False,False,False,False,False,False,False,True,False,False,True,False,False,False,1
99,1,400000.0,0.0,32000.0,1,0,1,0,0,0,0,0,0,0,0,0,2,1,0,1,12,12,0,45,0,0,7,0,26,72,32000.0,32000.0,0.0,0,0.0,0.0,0.0,374.0,0,6,True,False,False,False,True,False,False,True,False,False,False,True,False,False,False,False,False,False,False,False,False,False,False,False,False,False,False,True,True,False,False,False,False,False,1
99,0,999999.0,875.0,47900.0,1,1,1,1,2,0,1,1,0,1,0,0,4,0,0,1,99,99,1,20,1,0,6,0,0,0,0.0,0.0,0.0,0,0.0,0.0,0.0,375.0,0,0,True,False,False,False,True,False,False,True,True,False,False,False,False,False,False,False,False,False,False,False,False,False,False,False,False,False,False,True,False,False,False,True,False,False,1
99,1,85000.0,0.0,10000.0,1,0,0,0,0,0,0,0,0,0,0,0,2,0,0,1,99,99,0,29,1,0,3,0,0,0,10000.0,0.0,0.0,0,7000.0,3000.0,0.0,120.0,1,1,True,False,False,False,True,False,False,True,False,False,False,True,False,False,False,False,False,False,False,False,False,False,True,False,False,False,False,False,False,True,False,False,False,False,1
99,0,999999.0,387.0,12000.0,2,0,0,0,0,0,0,0,0,0,0,0,1,0,0,2,99,99,0,19,1,0,6,0,27,18,10000.0,10000.0,0.0,0,0.0,0.0,0.0,155.0,1,0,True,False,False,False,True,False,False,True,False,False,False,False,False,True,False,False,False,False,False,False,False,False,False,False,False,False,False,True,False,False,False,True,False,False,0
99,0,999999.0,512.0,18640.0,4,0,0,0,0,0,0,0,0,0,0,0,2,0,0,1,99,99,0,17,1,1,5,1,23,18,640.0,640.0,0.0,0,0.0,0.0,0.0,218.0,1,0,True,False,False,False,True,False,False,True,False,False,False,False,False,False,True,False,False,False,False,False,False,False,False,False,False,False,False,True,False,False,False,True,False,False,1
99,1,112500.0,0.0,35198.0,1,1,2,1,0,0,0,0,0,0,2,1,4,1,0,1,37,37,0,67,1,0,8,0,27,64,29689.0,0.0,0.0,0,4451.0,0.0,0.0,271.0,0,7,True,False,False,False,True,False,False,True,False,False,False,True,False,False,False,False,False,False,False,False,False,False,True,False,False,False,False,False,False,False,True,False,False,False,1
99,1,350000.0,0.0,74000.0,1,1,1,1,0,0,0,0,0,0,1,1,3,1,0,1,26,26,0,63,0,0,2,0,23,18,19000.0,19000.0,0.0,0,0.0,0.0,0.0,501.0,0,0,True,False,False,False,True,False,False,True,False,False,False,False,False,False,False,False,False,False,False,False,True,False,False,False,False,False,False,True,False,False,True,False,False,False,1
99,0,999999.0,537.0,34520.0,1,1,1,1,2,0,1,1,0,1,0,0,6,0,0,1,99,99,2,18,0,1,5,1,24,47,260.0,260.0,0.0,0,0.0,0.0,0.0,194.0,1,0,True,False,False,False,True,False,False,True,True,False,False,False,False,False,False,False,False,False,False,False,False,False,False,False,False,False,False,True,False,False,False,True,False,False,1
99,0,999999.0,875.0,38000.0,1,1,1,1,0,0,0,0,0,0,2,1,3,1,1,1,0,0,0,32,1,0,7,0,32,33,38000.0,38000.0,0.0,0,0.0,0.0,0.0,381.0,1,2,True,False,False,False,True,False,False,True,False,False,False,True,False,False,False,False,False,False,False,False,False,False,False,False,False,False,False,True,False,False,True,False,False,False,1
99,0,999999.0,675.0,0.0,2,1,1,1,2,0,1,1,0,1,0,0,10,0,0,1,99,99,6,1,0,0,7,0,0,0,0.0,999999.0,999999.0,999999,99999.0,99999.0,99999.0,1.0,1,0,True,False,False,False,True,False,False,True,True,False,False,False,False,False,False,False,False,False,False,False,False,False,False,False,False,False,False,True,False,False,False,True,False,False,1
99,1,225000.0,0.0,12500.0,3,0,1,1,0,0,0,0,0,0,0,0,1,0,0,3,99,99,0,18,1,0,6,0,26,22,3700.0,3700.0,0.0,0,0.0,0.0,0.0,57.0,1,0,True,False,False,False,True,False,False,True,False,False,False,False,False,True,False,False,False,False,False,False,False,False,False,False,False,False,False,True,False,False,False,True,False,False,1
99,1,275000.0,0.0,232646.0,1,1,1,1,2,0,1,1,0,1,0,0,4,0,0,1,99,99,1,20,1,0,7,0,15,28,1130.0,1130.0,0.0,0,0.0,0.0,0.0,501.0,0,0,True,False,False,False,True,False,False,True,True,False,False,False,False,False,False,False,False,False,False,False,False,False,False,False,False,False,False,True,False,False,False,True,False,False,1
99,0,999999.0,1000.0,60000.0,1,1,1,1,0,0,0,0,0,0,2,1,4,2,0,1,13,8,0,42,1,0,8,0,39,82,60000.0,60000.0,0.0,0,0.0,0.0,0.0,477.0,1,2,True,False,False,False,True,False,False,True,False,False,False,True,False,False,False,False,False,False,False,False,False,False,False,False,True,False,False,False,False,False,True,False,False,False,1
99,0,999999.0,537.0,20000.0,1,0,2,0,0,0,0,0,0,0,0,0,4,1,0,1,11,11,1,40,0,1,6,1,6,7,8000.0,8000.0,0.0,0,0.0,0.0,0.0,159.0,1,0,True,False,False,False,True,False,False,True,False,False,False,False,False,False,False,False,False,False,True,False,False,False,False,False,False,False,False,True,False,False,False,False,True,False,0
99,0,999999.0,512.0,25000.0,2,0,0,0,0,0,0,0,0,0,0,0,1,0,0,1,99,99,0,24,1,0,7,0,18,44,25000.0,25000.0,0.0,0,0.0,0.0,0.0,388.0,1,2,True,False,False,False,True,False,False,True,False,False,False,True,False,False,False,False,False,False,False,False,False,False,False,False,False,False,False,True,False,False,False,True,False,False,1
99,1,400000.0,0.0,205016.0,1,1,1,1,2,0,1,1,0,1,0,0,4,0,0,1,99,99,1,11,0,1,2,1,0,0,0.0,999999.0,999999.0,999999,99999.0,99999.0,99999.0,501.0,0,0,True,False,False,False,True,False,False,True,True,False,False,False,False,False,False,False,False,False,False,False,False,False,False,False,False,False,False,True,False,False,False,True,False,False,1
99,1,400000.0,0.0,213516.0,1,0,0,0,0,0,0,0,0,0,0,0,2,0,0,1,99,99,1,28,0,0,6,0,11,16,6000.0,6000.0,0.0,0,0.0,0.0,0.0,501.0,0,0,True,False,False,False,True,False,False,True,False,False,False,False,False,False,False,False,False,False,True,False,False,False,False,False,False,False,False,True,False,False,False,True,False,False,1
99,0,999999.0,725.0,56740.0,1,2,1,1,2,0,1,1,0,1,0,0,7,0,0,1,99,99,1,3,0,0,0,0,0,0,0.0,999999.0,999999.0,999999,99999.0,99999.0,99999.0,287.0,1,0,True,False,False,False,True,False,False,True,True,False,False,False,False,False,False,False,False,False,False,False,False,False,False,False,False,False,False,True,False,False,False,True,False,False,1
99,1,400000.0,0.0,67513.0,1,1,2,1,2,0,1,1,0,1,0,0,8,4,0,1,16,6,1,35,0,0,6,0,41,68,13282.0,13282.0,0.0,0,0.0,0.0,0.0,311.0,1,0,True,False,False,False,True,False,False,True,True,False,False,False,False,False,False,False,False,False,False,False,False,False,False,False,False,False,False,True,True,False,False,False,False,False,1
99,0,999999.0,625.0,26400.0,1,1,1,1,0,0,0,0,0,0,2,1,3,1,1,1,0,0,0,22,1,0,6,0,24,47,14400.0,14400.0,0.0,0,0.0,0.0,0.0,265.0,0,1,True,False,False,False,True,False,False,True,False,False,False,True,False,False,False,False,False,False,False,False,False,False,False,False,False,False,False,True,False,False,True,False,False,False,1
99,0,999999.0,512.0,8400.0,1,1,1,1,2,0,1,1,0,1,0,0,5,0,0,1,99,99,2,14,1,1,3,1,0,0,0.0,999999.0,999999.0,999999,99999.0,99999.0,99999.0,57.0,0,0,True,False,False,False,True,False,False,True,True,False,False,False,False,False,False,False,False,False,False,False,False,False,False,False,False,False,False,True,False,False,False,True,False,False,1
99,1,162500.0,0.0,41066.0,1,1,0,0,0,0,0,0,0,0,1,1,2,0,0,1,99,99,0,66,0,0,6,0,11,11,17904.0,9380.0,0.0,0,3774.0,4750.0,0.0,501.0,0,0,True,False,False,False,True,False,False,True,False,False,False,False,False,False,False,False,False,False,False,False,True,False,True,False,False,False,False,False,False,False,True,False,False,False,1
99,0,999999.0,875.0,18900.0,1,1,2,1,0,0,0,0,0,0,2,1,10,7,1,1,21,1,0,39,1,0,3,0,29,27,1400.0,1400.0,0.0,0,0.0,0.0,0.0,75.0,1,2,True,False,False,False,True,False,False,True,False,False,False,True,False,False,False,False,False,False,False,False,False,False,False,False,False,False,False,True,False,False,True,False,False,False,1
99,1,162500.0,0.0,66000.0,2,1,1,1,2,7,1,1,0,1,0,0,6,0,0,1,99,99,3,13,0,1,2,1,0,0,0.0,999999.0,999999.0,999999,99999.0,99999.0,99999.0,386.0,1,0,True,False,False,False,True,False,False,True,True,False,False,False,False,False,False,False,False,False,False,False,False,False,False,False,False,False,False,True,False,False,False,True,False,False,1
99,0,999999.0,575.0,56000.0,1,1,0,0,0,0,0,0,0,0,1,1,4,0,0,1,99,99,0,18,0,0,6,0,0,0,0.0,0.0,0.0,0,0.0,0.0,0.0,438.0,1,0,True,False,False,False,True,False,False,True,False,False,False,False,False,False,False,False,False,False,False,False,True,False,False,False,False,False,False,True,False,False,True,False,False,False,1
99,0,999999.0,725.0,50000.0,1,0,0,0,0,0,0,0,0,0,0,0,1,0,0,1,99,99,0,28,0,1,7,1,24,47,50000.0,50000.0,0.0,0,0.0,0.0,0.0,501.0,1,1,True,False,False,False,True,False,False,True,False,False,False,True,False,False,False,False,False,False,False,False,False,False,False,False,False,True,False,False,True,False,False,False,False,False,1
99,0,999999.0,1000.0,23400.0,1,1,1,0,0,0,0,0,0,0,0,0,7,2,0,1,20,11,0,36,0,0,3,0,23,45,0.0,0.0,0.0,0,0.0,0.0,0.0,116.0,1,0,True,False,False,False,True,False,False,True,False,False,False,False,False,False,False,False,True,False,False,False,False,False,False,False,False,False,False,True,False,False,False,False,True,False,1
99,0,999999.0,575.0,13000.0,1,0,1,0,0,0,0,0,0,0,0,0,3,2,0,1,8,7,0,30,0,0,5,0,11,11,13000.0,13000.0,0.0,0,0.0,0.0,0.0,130.0,1,2,True,False,False,False,True,False,False,True,False,False,False,True,False,False,False,False,False,False,False,False,False,False,False,False,False,False,False,True,False,False,False,False,True,False,0
99,0,999999.0,575.0,0.0,1,0,1,1,0,0,0,4,0,2,0,0,6,0,0,1,99,99,1,11,1,1,2,1,0,0,0.0,999999.0,999999.0,999999,99999.0,99999.0,99999.0,1.0,1,0,True,False,False,False,True,False,False,True,False,False,True,False,False,False,False,False,False,False,False,False,False,False,False,False,False,False,False,True,False,False,False,True,False,False,1
99,1,225000.0,0.0,38400.0,4,0,0,0,0,0,0,0,0,0,0,0,1,0,0,1,99,99,0,28,0,0,7,0,19,17,38400.0,30000.0,0.0,0,0.0,0.0,0.0,501.0,1,2,True,False,False,False,True,False,False,True,False,False,False,True,False,False,False,False,False,False,False,False,False,False,False,False,False,False,False,True,False,False,False,True,False,False,1
99,0,999999.0,362.0,5500.0,1,1,1,1,1,0,1,2,0,1,0,0,6,0,0,1,99,99,3,2,0,0,7,0,0,0,0.0,999999.0,999999.0,999999,99999.0,99999.0,99999.0,33.0,1,0,True,False,False,False,True,False,False,True,True,False,False,False,False,False,False,False,False,False,False,False,False,False,False,False,True,False,False,False,False,False,False,True,False,False,1
99,0,999999.0,875.0,23299.0,1,1,1,1,0,0,0,0,0,0,2,2,5,3,2,1,8,0,0,32,0,0,7,0,18,44,17220.0,9000.0,0.0,0,0.0,0.0,8220.0,157.0,1,2,True,False,False,False,True,False,False,True,False,False,False,True,False,False,False,False,False,False,False,False,False,True,False,False,False,False,False,False,False,False,True,False,False,False,1
99,0,999999.0,625.0,6920.0,2,0,0,0,0,0,0,0,0,0,0,0,1,0,0,2,99,99,0,48,1,0,2,0,0,0,9700.0,0.0,0.0,0,5688.0,4012.0,0.0,150.0,1,0,True,False,False,False,True,False,False,True,False,False,False,False,False,False,False,False,False,True,False,False,False,False,False,False,False,True,False,False,False,False,False,True,False,False,1
99,1,225000.0,0.0,132940.0,1,1,2,1,2,0,1,1,0,1,0,0,6,0,0,1,99,99,2,18,0,1,5,2,24,47,1000.0,800.0,0.0,0,0.0,0.0,200.0,501.0,0,0,True,False,False,False,True,False,False,True,True,False,False,False,False,False,False,False,False,False,False,False,False,False,True,False,False,False,False,False,False,False,False,True,False,False,1
99,1,400000.0,0.0,124200.0,2,1,1,1,0,0,0,0,0,0,1,1,5,3,1,1,17,1,0,36,0,0,7,0,22,61,35000.0,35000.0,0.0,0,0.0,0.0,0.0,501.0,0,0,True,False,False,False,True,False,False,True,False,False,False,False,False,False,False,False,False,False,False,False,True,False,False,False,False,False,False,True,False,False,True,False,False,False,1
99,0,999999.0,575.0,19241.0,1,0,1,0,0,0,0,0,0,0,0,0,2,1,0,1,7,7,0,29,0,0,7,0,30,24,19241.0,14825.0,0.0,0,0.0,0.0,2176.0,225.0,1,2,True,False,False,False,True,False,False,True,False,False,False,True,False,False,False,False,False,False,False,False,False,False,False,False,False,False,False,True,False,False,False,False,True,False,1
99,1,350000.0,0.0,226316.0,1,1,1,1,0,0,0,0,0,0,1,1,3,1,1,1,1,1,0,56,0,0,6,0,30,44,800.0,800.0,0.0,0,0.0,0.0,0.0,501.0,0,0,True,False,False,False,True,False,False,True,False,False,False,False,False,False,False,False,False,False,False,False,True,False,False,False,False,False,False,True,False,False,True,False,False,False,1
99,0,999999.0,0.0,999999.0,1,0,0,0,0,0,0,0,0,0,0,0,1,0,0,1,99,99,0,79,0,0,4,0,0,0,8232.0,0.0,0.0,0,3912.0,4320.0,0.0,0.0,0,0,False,True,False,True,False,False,False,True,False,False,False,False,True,False,False,False,False,False,False,False,False,False,False,False,False,False,False,True,False,False,False,False,False,True,1
99,1,400000.0,0.0,215516.0,2,1,1,1,0,0,0,0,0,0,1,1,4,2,0,1,14,13,0,44,0,0,7,0,24,44,20000.0,20000.0,0.0,0,0.0,0.0,0.0,501.0,0,0,True,False,False,False,True,False,False,True,False,False,False,False,False,False,False,False,False,False,False,False,True,False,False,False,False,False,False,True,False,False,True,False,False,False,1
99,1,350000.0,0.0,42000.0,1,0,1,0,1,0,1,0,0,0,0,0,3,0,0,1,99,99,1,13,1,1,2,1,0,0,0.0,999999.0,999999.0,999999,99999.0,99999.0,99999.0,421.0,0,0,True,False,False,False,True,False,False,True,True,False,False,False,False,False,False,False,False,False,False,False,False,False,False,False,False,False,False,True,False,False,False,True,False,False,1
99,1,85000.0,0.0,6000.0,3,0,0,0,0,0,0,0,0,0,0,0,1,0,0,3,99,99,0,24,0,0,7,0,24,44,3000.0,3000.0,0.0,0,0.0,0.0,0.0,47.0,1,0,True,False,False,False,True,False,False,True,False,False,False,False,False,True,False,False,False,False,False,False,False,False,False,False,False,False,False,True,False,False,False,False,True,False,1
99,0,999999.0,462.0,39428.0,1,0,1,0,1,0,1,0,0,0,0,0,4,0,0,1,99,99,2,11,1,1,2,1,0,0,0.0,999999.0,999999.0,999999,99999.0,99999.0,99999.0,314.0,1,0,True,False,False,False,True,False,False,True,True,False,False,False,False,False,False,False,False,False,False,False,False,False,True,False,False,False,False,False,False,False,False,True,False,False,1
99,0,999999.0,337.0,20000.0,2,0,0,1,0,0,0,1,0,1,0,0,4,0,0,1,99,99,2,3,1,0,0,0,0,0,0.0,999999.0,999999.0,999999,99999.0,99999.0,99999.0,158.0,1,0,True,False,False,False,True,False,False,True,True,False,False,False,False,False,False,False,False,False,False,False,False,False,False,False,False,False,False,True,False,False,False,True,False,False,1
99,1,400000.0,0.0,50160.0,1,1,2,1,0,0,0,0,0,0,1,1,6,1,0,1,28,28,0,52,0,0,6,0,0,0,0.0,0.0,0.0,0,0.0,0.0,0.0,293.0,0,0,True,False,False,False,True,False,False,True,False,False,False,False,False,False,False,False,False,False,False,False,True,False,False,False,False,False,False,True,False,False,True,False,False,False,1
99,0,999999.0,675.0,24200.0,1,2,2,2,0,0,0,0,0,0,6,1,12,4,0,1,31,13,0,48,0,0,7,0,0,0,0.0,0.0,0.0,0,0.0,0.0,0.0,94.0,1,0,True,False,False,False,True,False,False,True,False,False,False,False,False,False,False,True,False,False,False,False,False,False,False,False,False,False,False,True,False,False,True,False,False,False,1
99,1,162500.0,0.0,54000.0,1,1,2,1,5,0,6,0,0,0,0,0,6,0,0,1,99,99,0,1,1,0,7,0,0,0,0.0,999999.0,999999.0,999999,99999.0,99999.0,99999.0,316.0,1,0,True,False,False,False,True,False,False,True,False,False,False,False,False,False,True,False,False,False,False,False,False,False,False,False,False,False,False,True,False,False,False,True,False,False,1
99,0,999999.0,462.0,24800.0,1,1,1,1,0,0,0,0,0,0,2,1,6,2,2,1,3,2,2,26,1,0,2,0,22,18,16800.0,16800.0,0.0,0,0.0,0.0,0.0,142.0,1,2,True,False,False,False,True,False,False,True,False,False,False,True,False,False,False,False,False,False,False,False,False,False,False,False,False,False,False,True,False,False,True,False,False,False,1
99,1,275000.0,0.0,60000.0,1,1,1,1,0,0,0,0,0,0,1,1,4,2,2,1,4,2,0,30,0,0,7,0,22,51,25000.0,25000.0,0.0,0,0.0,0.0,0.0,477.0,1,0,True,False,False,False,True,False,False,True,False,False,False,False,False,False,False,False,False,False,False,False,True,False,False,False,False,False,False,True,False,False,True,False,False,False,1
99,0,999999.0,412.0,15189.0,1,0,1,0,0,0,0,0,0,0,0,0,3,2,2,1,4,3,0,35,0,0,6,0,0,0,15189.0,0.0,0.0,0,0.0,15189.0,0.0,152.0,1,2,True,False,False,False,True,False,False,True,False,False,False,True,False,False,False,False,False,False,False,False,False,False,False,False,False,False,False,True,True,False,False,False,False,False,1
99,0,999999.0,0.0,999999.0,1,0,0,0,0,0,0,0,0,0,0,0,1,0,0,1,99,99,0,82,0,1,7,1,0,0,7400.0,0.0,0.0,0,7400.0,0.0,0.0,0.0,1,0,False,True,False,True,False,False,False,True,False,False,False,False,True,False,False,False,False,False,False,False,False,False,False,False,False,False,False,True,False,False,False,False,False,True,1
99,0,999999.0,512.0,680.0,6,0,0,0,0,0,0,0,0,0,0,0,2,0,0,1,99,99,1,30,1,0,0,0,23,16,0.0,0.0,0.0,0,0.0,0.0,0.0,8.0,0,0,True,False,False,False,True,False,False,True,False,False,False,False,False,False,False,False,False,False,True,False,False,False,False,False,False,False,False,True,False,False,False,True,False,False,1
99,1,162500.0,0.0,28394.0,1,1,0,0,0,0,0,0,0,0,2,1,2,0,0,1,99,99,0,82,1,1,6,1,16,15,27961.0,12152.0,0.0,0,4656.0,0.0,0.0,379.0,0,2,True,False,False,False,True,False,False,True,False,False,False,True,False,False,False,False,False,False,False,False,False,False,False,False,False,True,False,False,False,False,True,False,False,False,1
99,0,999999.0,875.0,22000.0,1,1,1,1,0,0,0,0,0,0,0,0,6,0,0,1,99,99,1,32,0,0,7,0,38,68,22000.0,22000.0,0.0,0,0.0,0.0,0.0,129.0,1,0,True,False,False,False,True,False,False,True,False,False,False,False,False,False,False,False,False,False,True,False,False,False,True,False,False,False,False,False,False,False,False,False,False,True,1
99,0,999999.0,675.0,62200.0,1,1,1,1,0,0,0,0,0,0,1,1,3,1,0,1,9,9,0,34,0,0,6,0,22,61,28800.0,28800.0,0.0,0,0.0,0.0,0.0,501.0,1,0,True,False,False,False,True,False,False,True,False,False,False,False,False,False,False,False,False,False,False,False,True,False,False,False,True,False,False,False,False,False,True,False,False,False,1
99,1,137500.0,0.0,25000.0,1,1,1,1,0,0,0,0,0,0,2,1,4,2,0,1,15,14,0,41,1,0,6,0,26,19,25000.0,22300.0,2700.0,0,0.0,0.0,0.0,199.0,0,5,True,False,False,False,True,False,False,True,False,False,False,True,False,False,False,False,False,False,False,False,False,False,False,False,False,False,False,True,False,False,True,False,False,False,1
99,0,999999.0,875.0,34760.0,2,1,1,1,2,0,1,1,0,1,0,0,4,0,0,1,99,99,1,10,0,1,1,1,0,0,0.0,999999.0,999999.0,999999,99999.0,99999.0,99999.0,276.0,1,0,True,False,False,False,True,False,False,True,True,False,False,False,False,False,False,False,False,False,False,False,False,False,False,False,False,True,False,False,False,False,False,True,False,False,1
99,0,999999.0,725.0,27000.0,1,0,1,0,1,0,1,0,0,0,0,0,4,0,0,1,99,99,2,7,1,1,1,1,0,0,0.0,999999.0,999999.0,999999,99999.0,99999.0,99999.0,214.0,1,0,True,False,False,False,True,False,False,True,True,False,False,False,False,False,False,False,False,False,False,False,False,False,False,False,False,False,False,True,False,False,False,True,False,False,1
99,1,225000.0,0.0,25000.0,1,1,0,0,0,0,0,0,0,0,2,1,2,0,0,1,99,99,0,64,1,0,7,0,27,29,25000.0,14000.0,0.0,0,0.0,0.0,0.0,301.0,0,7,True,False,False,False,True,False,False,True,False,False,False,True,False,False,False,False,False,False,False,False,False,False,False,False,False,False,False,True,False,False,True,False,False,False,1
99,0,999999.0,875.0,21300.0,2,0,0,1,0,0,0,0,0,0,0,0,4,0,0,1,99,99,1,30,0,1,7,1,18,44,9000.0,9000.0,0.0,0,0.0,0.0,0.0,169.0,1,0,True,False,False,False,True,False,False,True,False,False,False,False,False,False,False,False,False,False,True,False,False,False,False,False,False,False,False,True,False,False,False,True,False,False,0
99,0,999999.0,362.0,66796.0,1,1,0,0,0,0,0,0,0,0,2,1,2,0,0,1,99,99,0,79,1,0,7,0,41,68,60100.0,60000.0,0.0,0,0.0,100.0,0.0,501.0,1,7,True,False,False,False,True,False,False,True,False,False,False,True,False,False,False,False,False,False,False,False,False,False,False,False,False,False,False,True,False,False,True,False,False,False,1
99,1,162500.0,0.0,83999.0,1,0,2,0,3,0,3,0,0,0,0,0,4,0,0,1,99,99,0,2,0,0,7,0,0,0,0.0,999999.0,999999.0,999999,99999.0,99999.0,99999.0,501.0,1,0,True,False,False,False,True,False,False,True,False,False,False,False,False,False,True,False,False,False,False,False,False,False,False,False,False,False,False,True,False,False,False,True,False,False,1
99,0,999999.0,512.0,19440.0,5,0,1,1,0,0,0,0,0,0,0,0,1,0,0,4,99,99,0,3,1,1,0,1,0,0,0.0,999999.0,999999.0,999999,99999.0,99999.0,99999.0,1.0,1,0,True,False,False,False,True,False,False,True,False,False,False,False,False,True,False,False,False,False,False,False,False,False,False,False,False,False,False,True,False,False,False,True,False,False,1
99,1,400000.0,0.0,147731.0,1,1,1,1,0,0,0,0,0,0,1,1,3,1,0,1,23,23,0,52,0,0,8,0,37,78,25000.0,25000.0,0.0,0,0.0,0.0,0.0,501.0,1,0,True,False,False,False,True,False,False,True,False,False,False,False,False,False,False,False,False,False,False,False,True,False,False,False,False,False,False,True,False,False,True,False,False,False,1
99,0,999999.0,675.0,24000.0,1,1,1,1,0,0,0,0,0,0,2,1,6,4,0,1,13,8,0,32,1,0,2,0,26,19,24000.0,24000.0,0.0,0,0.0,0.0,0.0,145.0,0,5,True,False,False,False,True,False,False,True,False,False,False,True,False,False,False,False,False,False,False,False,False,False,False,False,False,False,False,True,False,False,True,False,False,False,1
99,1,187500.0,0.0,44000.0,1,1,1,1,0,0,0,0,0,0,2,1,6,4,0,1,21,13,0,46,1,1,6,1,26,22,23000.0,23000.0,0.0,0,0.0,0.0,0.0,252.0,1,2,True,False,False,False,True,False,False,True,False,False,False,True,False,False,False,False,False,False,False,False,False,False,False,False,False,False,False,True,False,False,True,False,False,False,1
99,1,275000.0,0.0,40000.0,1,1,1,1,0,0,0,0,0,0,1,1,5,3,0,1,21,10,0,43,0,1,6,1,0,0,0.0,0.0,0.0,0,0.0,0.0,0.0,264.0,0,0,True,False,False,False,True,False,False,True,False,False,False,False,False,False,False,False,False,False,False,False,True,False,False,False,False,False,False,True,False,False,True,False,False,False,1
99,0,999999.0,237.0,19125.0,1,0,0,0,0,0,0,0,0,0,0,0,1,0,0,1,99,99,0,42,1,0,7,0,38,68,19125.0,18865.0,0.0,0,0.0,0.0,0.0,296.0,0,5,True,False,False,False,True,False,False,True,False,False,False,True,False,False,False,False,False,False,False,False,False,False,False,False,False,True,False,False,False,False,False,True,False,False,1
99,1,350000.0,0.0,233912.0,1,1,1,1,0,0,0,0,0,0,1,1,6,4,0,1,24,18,0,55,0,0,7,0,0,0,0.0,0.0,0.0,0,0.0,0.0,0.0,501.0,0,0,True,False,False,False,True,False,False,True,False,False,False,False,False,False,False,False,False,False,False,False,True,False,False,False,False,False,False,True,False,False,True,False,False,False,1
99,0,999999.0,437.0,7044.0,1,0,0,0,0,0,0,0,0,0,0,0,1,0,0,1,99,99,0,22,1,0,6,0,17,11,7044.0,0.0,0.0,0,5028.0,2016.0,0.0,109.0,1,1,True,False,False,False,True,False,False,True,False,False,False,True,False,False,False,False,False,False,False,False,False,False,True,False,False,False,False,False,False,False,False,True,False,False,1
99,0,999999.0,512.0,12000.0,1,1,1,1,0,0,0,0,0,0,1,1,3,1,0,1,8,8,0,28,0,0,6,0,14,26,0.0,0.0,0.0,0,0.0,0.0,0.0,120.0,1,0,True,False,False,False,True,False,False,True,False,False,False,False,False,False,False,False,False,False,False,False,True,False,True,False,False,False,False,False,False,False,True,False,False,False,0
99,0,999999.0,512.0,24600.0,1,1,1,1,1,0,1,2,0,1,0,0,3,0,0,1,99,99,0,7,1,1,1,1,0,0,0.0,999999.0,999999.0,999999,99999.0,99999.0,99999.0,246.0,0,0,True,False,False,False,True,False,False,True,True,False,False,False,False,False,False,False,False,False,False,False,False,False,False,True,False,False,False,False,False,False,False,True,False,False,1
99,0,999999.0,625.0,37500.0,2,0,1,1,0,0,0,0,0,0,0,0,2,1,0,2,7,7,0,27,0,0,6,0,30,44,17000.0,15600.0,0.0,0,0.0,0.0,0.0,199.0,1,0,True,False,False,False,True,False,False,True,False,False,False,False,False,False,False,False,False,True,False,False,False,False,False,False,False,False,False,True,True,False,False,False,False,False,1
99,1,275000.0,0.0,48856.0,1,1,1,1,2,0,1,1,0,1,0,0,4,0,0,1,99,99,1,9,1,1,1,2,0,0,0.0,999999.0,999999.0,999999,99999.0,99999.0,99999.0,389.0,0,0,True,False,False,False,True,False,False,True,True,False,False,False,False,False,False,False,False,False,False,False,False,False,True,False,False,False,False,False,False,False,False,True,False,False,1
99,0,999999.0,512.0,10000.0,2,0,0,0,0,0,0,0,0,0,0,0,1,0,0,2,99,99,0,41,1,0,3,0,33,44,0.0,0.0,0.0,0,0.0,0.0,0.0,1.0,0,0,True,False,False,False,True,False,False,True,False,False,False,False,False,True,False,False,False,False,False,False,False,False,True,False,False,False,False,False,False,True,False,False,False,False,1
99,0,999999.0,537.0,33000.0,2,0,0,0,0,0,0,0,0,0,0,0,1,0,0,1,99,99,0,38,0,0,8,0,19,46,33000.0,33000.0,0.0,0,0.0,0.0,0.0,501.0,1,1,True,False,False,False,True,False,False,True,False,False,False,True,False,False,False,False,False,False,False,False,False,False,False,False,False,True,False,False,False,False,False,True,False,False,1
99,0,999999.0,137.0,15000.0,1,0,0,0,0,0,0,0,0,0,0,0,1,0,0,1,99,99,0,77,0,0,6,0,14,26,15000.0,0.0,5200.0,0,5200.0,0.0,0.0,252.0,1,2,True,False,False,False,True,False,False,True,False,False,False,True,False,False,False,False,False,False,False,False,False,False,False,False,False,False,False,True,False,False,False,False,False,True,0
99,1,225000.0,0.0,36000.0,1,1,1,1,2,0,1,1,0,1,0,0,5,0,0,1,99,99,2,1,0,0,7,0,0,0,0.0,999999.0,999999.0,999999,99999.0,99999.0,99999.0,243.0,1,0,True,False,False,False,True,False,False,True,True,False,False,False,False,False,False,False,False,False,False,False,False,False,False,False,False,False,False,True,False,False,False,True,False,False,1
99,1,187500.0,0.0,28844.0,1,1,0,0,0,0,0,0,0,0,2,1,2,0,0,1,99,99,0,64,1,0,6,0,25,15,28844.0,0.0,0.0,0,8520.0,0.0,0.0,347.0,0,8,True,False,False,False,True,False,False,True,False,False,False,True,False,False,False,False,False,False,False,False,False,False,False,False,False,False,False,True,False,False,True,False,False,False,1
99,0,999999.0,575.0,12000.0,2,0,0,1,0,0,0,0,0,0,0,0,3,2,2,1,4,0,0,25,1,0,6,0,18,19,12000.0,12000.0,0.0,0,0.0,0.0,0.0,120.0,1,1,True,False,False,False,True,False,False,True,False,False,False,True,False,False,False,False,False,False,False,False,False,False,False,False,False,False,False,True,False,False,False,True,False,False,0
99,1,400000.0,0.0,97200.0,1,1,1,1,2,0,1,1,0,1,0,0,5,0,0,1,99,99,2,11,0,1,1,1,0,0,0.0,999999.0,999999.0,999999,99999.0,99999.0,99999.0,501.0,0,0,True,False,False,False,True,False,False,True,True,False,False,False,False,False,False,False,False,False,False,False,False,False,False,False,False,False,False,True,False,False,False,True,False,False,1
99,0,999999.0,625.0,35000.0,2,0,0,0,0,0,0,0,0,0,0,0,1,0,0,1,99,99,0,28,1,0,7,0,25,18,35000.0,35000.0,0.0,0,0.0,0.0,0.0,501.0,1,1,True,False,False,False,True,False,False,True,False,False,False,True,False,False,False,False,False,False,False,False,False,False,False,False,False,False,False,True,True,False,False,False,False,False,1
99,1,400000.0,0.0,125520.0,1,1,1,1,0,0,0,0,0,0,2,1,4,2,0,1,18,15,0,50,1,0,7,0,41,68,89000.0,85000.0,0.0,0,0.0,0.0,0.0,501.0,1,2,True,False,False,False,True,False,False,True,False,False,False,True,False,False,False,False,False,False,False,False,False,False,False,False,False,False,False,True,False,False,True,False,False,False,1
99,1,95000.0,0.0,28500.0,1,0,0,1,0,0,0,1,0,1,0,0,11,0,0,1,99,99,8,19,1,1,6,1,11,11,8000.0,8000.0,0.0,0,0.0,0.0,0.0,111.0,0,0,True,False,False,False,True,False,False,True,True,False,False,False,False,False,False,False,False,False,False,False,False,False,False,False,False,False,False,True,False,False,False,True,False,False,1
99,1,85000.0,0.0,47000.0,1,1,0,0,0,0,0,0,0,0,2,2,2,0,0,1,99,99,0,53,0,0,6,0,25,18,26000.0,0.0,0.0,0,0.0,0.0,0.0,501.0,1,5,True,False,False,False,True,False,False,True,False,False,False,True,False,False,False,False,False,False,False,False,False,False,True,False,False,False,False,False,False,False,True,False,False,False,1
99,1,400000.0,0.0,212284.0,1,1,0,0,0,0,0,0,0,0,1,1,2,0,0,1,99,99,0,63,0,0,6,0,0,0,0.0,0.0,0.0,0,0.0,0.0,0.0,501.0,0,0,True,False,False,False,True,False,False,True,False,False,False,False,False,False,False,False,False,False,False,False,True,False,False,False,False,False,False,True,False,False,True,False,False,False,1
99,1,275000.0,0.0,28000.0,1,1,1,1,0,0,0,0,0,0,2,1,3,1,0,1,13,13,0,42,1,0,6,0,24,47,28000.0,28000.0,0.0,0,0.0,0.0,0.0,281.0,0,6,True,False,False,False,True,False,False,True,False,False,False,True,False,False,False,False,False,False,False,False,False,False,False,False,False,False,False,True,False,False,True,False,False,False,1
99,0,999999.0,312.0,28400.0,1,1,1,1,0,0,0,0,0,0,0,0,4,0,0,1,99,99,0,20,1,0,0,0,26,22,12000.0,12000.0,0.0,0,0.0,0.0,0.0,218.0,0,0,True,False,False,False,True,False,False,True,False,False,False,False,False,False,True,False,False,False,False,False,False,False,False,False,False,False,False,True,False,False,False,True,False,False,1
99,1,350000.0,0.0,100000.0,1,1,0,0,0,0,0,0,0,0,2,1,2,0,0,1,99,99,0,40,1,0,8,0,61,93,30000.0,30000.0,0.0,0,0.0,0.0,0.0,501.0,1,2,True,False,False,False,True,False,False,True,False,False,False,True,False,False,False,False,False,False,False,False,False,False,False,False,False,False,False,True,False,False,True,False,False,False,0
99,0,999999.0,462.0,21522.0,1,0,0,1,0,0,0,1,0,1,0,0,2,0,0,1,99,99,0,35,1,0,7,0,20,52,6834.0,6760.0,0.0,0,0.0,0.0,0.0,259.0,0,0,True,False,False,False,True,False,False,True,True,False,False,False,False,False,False,False,False,False,False,False,False,False,True,False,False,False,False,False,False,False,False,True,False,False,1
99,0,999999.0,675.0,40000.0,2,0,0,0,0,0,0,0,0,0,0,0,1,0,0,1,99,99,0,30,1,0,8,0,41,72,40000.0,40000.0,0.0,0,0.0,0.0,0.0,501.0,1,1,True,False,False,False,True,False,False,True,False,False,False,True,False,False,False,False,False,False,False,False,False,False,False,False,False,False,False,True,False,True,False,False,False,False,1
99,1,137500.0,0.0,28000.0,2,0,0,1,0,0,0,0,0,0,0,0,1,0,0,2,99,99,0,31,0,1,7,2,25,48,10000.0,10000.0,0.0,0,0.0,0.0,0.0,155.0,1,0,True,False,False,False,True,False,False,True,False,False,False,False,False,False,False,False,False,True,False,False,False,False,False,False,False,False,False,True,False,False,False,True,False,False,1
99,1,187500.0,0.0,56295.0,1,0,0,0,0,0,0,0,0,0,0,0,5,0,0,1,99,99,3,44,0,0,7,0,17,13,46250.0,46000.0,0.0,0,0.0,0.0,0.0,365.0,1,1,True,False,False,False,True,False,False,True,False,False,False,True,False,False,False,False,False,False,False,False,False,False,False,False,False,True,False,False,False,False,False,True,False,False,1
99,0,999999.0,1000.0,300.0,4,0,0,0,0,0,0,0,0,0,0,0,1,0,0,1,99,99,0,22,1,1,7,2,22,10,300.0,300.0,0.0,0,0.0,0.0,0.0,5.0,1,1,True,False,False,False,True,False,False,True,False,False,False,True,False,False,False,False,False,False,False,False,False,False,False,False,False,True,False,False,False,False,False,True,False,False,1
99,0,999999.0,625.0,75048.0,1,1,0,0,0,0,0,0,0,0,1,1,2,0,0,1,99,99,0,27,0,1,8,1,25,52,18048.0,18000.0,0.0,0,0.0,0.0,0.0,501.0,1,0,True,False,False,False,True,False,False,True,False,False,False,False,False,False,False,False,False,False,False,False,True,False,False,False,False,False,False,True,False,False,True,False,False,False,1
99,1,400000.0,0.0,70000.0,1,1,1,1,0,0,0,0,0,0,1,2,3,1,0,1,11,11,0,47,1,0,7,0,0,0,0.0,0.0,0.0,0,0.0,0.0,0.0,501.0,0,0,True,False,False,False,True,False,False,True,False,False,False,False,False,False,False,False,False,False,False,False,True,False,False,False,False,False,False,True,False,False,True,False,False,False,1
99,0,999999.0,412.0,21560.0,1,0,1,0,0,0,0,0,0,0,0,0,3,2,0,1,53,39,0,85,0,0,1,0,0,0,7560.0,0.0,0.0,0,7560.0,0.0,0.0,222.0,0,5,True,False,False,False,True,False,False,True,False,False,False,True,False,False,False,False,False,False,False,False,False,False,False,False,False,False,False,True,False,False,False,False,False,True,1
99,0,999999.0,625.0,33000.0,1,0,0,0,0,0,0,0,0,0,0,0,1,0,0,1,99,99,0,27,0,1,8,1,23,45,33000.0,33000.0,0.0,0,0.0,0.0,0.0,501.0,0,1,True,False,False,False,True,False,False,True,False,False,False,True,False,False,False,False,False,False,False,False,False,False,True,False,False,False,False,False,False,False,False,True,False,False,1
99,0,999999.0,625.0,5000.0,2,0,1,0,1,0,1,0,0,0,0,0,3,0,0,1,99,99,1,2,1,0,7,0,0,0,0.0,999999.0,999999.0,999999,99999.0,99999.0,99999.0,50.0,1,0,True,False,False,False,True,False,False,True,True,False,False,False,False,False,False,False,False,False,False,False,False,False,False,False,False,False,False,True,False,False,False,True,False,False,1
99,0,999999.0,875.0,36000.0,1,1,1,1,0,0,0,0,0,0,1,1,4,2,0,1,7,5,0,30,0,0,7,0,0,0,0.0,0.0,0.0,0,0.0,0.0,0.0,286.0,1,0,True,False,False,False,True,False,False,True,False,False,False,False,False,False,False,False,False,False,False,False,True,False,False,False,False,True,False,False,False,False,True,False,False,False,1
99,0,999999.0,462.0,12800.0,2,0,0,0,0,0,0,0,0,0,0,0,1,0,0,2,99,99,0,34,0,1,2,1,25,15,0.0,0.0,0.0,0,0.0,0.0,0.0,1.0,1,0,True,False,False,False,True,False,False,True,False,False,False,False,False,False,False,False,False,True,False,False,False,False,False,False,False,False,False,True,False,False,False,True,False,False,0
99,0,999999.0,575.0,14000.0,2,0,0,0,0,0,0,0,0,0,0,0,1,0,0,2,99,99,0,35,0,0,2,0,25,18,18000.0,18000.0,0.0,0,0.0,0.0,0.0,279.0,0,0,True,False,False,False,True,False,False,True,False,False,False,False,False,False,False,False,False,True,False,False,False,False,False,False,False,False,False,True,False,False,False,True,False,False,1
99,0,999999.0,212.0,12666.0,1,0,1,0,1,0,1,0,0,0,0,0,2,0,0,1,99,99,0,32,1,0,6,0,24,44,7000.0,7000.0,0.0,0,0.0,0.0,0.0,153.0,1,0,True,False,False,False,True,False,False,True,True,False,False,False,False,False,False,False,False,False,False,False,False,False,True,False,False,False,False,False,False,False,False,True,False,False,1
99,0,999999.0,625.0,26000.0,1,1,0,0,0,0,0,0,0,0,2,1,2,0,0,1,99,99,0,59,1,0,2,0,20,9,26000.0,26000.0,0.0,0,0.0,0.0,0.0,313.0,1,2,True,False,False,False,True,False,False,True,False,False,False,True,False,False,False,False,False,False,False,False,False,False,False,False,False,False,False,True,False,False,True,False,False,False,1
99,0,999999.0,0.0,999999.0,1,0,0,0,0,0,0,0,0,0,0,0,1,0,0,1,99,99,0,69,1,0,8,0,15,56,3245.0,3245.0,0.0,0,0.0,0.0,0.0,0.0,0,0,False,True,False,True,False,False,False,True,False,False,False,False,True,False,False,False,False,False,False,False,False,False,False,False,False,False,False,True,False,False,False,True,False,False,1
99,0,999999.0,625.0,37000.0,3,1,1,1,0,0,0,0,0,0,0,0,1,0,0,3,99,99,0,23,1,0,6,0,22,18,14000.0,14000.0,0.0,0,0.0,0.0,0.0,217.0,0,0,True,False,False,False,True,False,False,True,False,False,False,False,False,False,False,False,False,True,False,False,False,False,False,False,False,False,False,True,False,False,False,True,False,False,1
99,1,275000.0,0.0,65000.0,2,1,1,1,0,0,0,0,0,0,2,1,5,3,0,1,18,9,0,40,1,0,7,0,25,15,35000.0,35000.0,0.0,0,0.0,0.0,0.0,429.0,0,5,True,False,False,False,True,False,False,True,False,False,False,True,False,False,False,False,False,False,False,False,False,False,False,False,False,False,False,True,False,False,True,False,False,False,1
99,0,999999.0,675.0,10000.0,1,0,1,0,1,0,1,0,0,0,0,0,4,0,0,1,99,99,2,13,1,1,2,1,0,0,0.0,999999.0,999999.0,999999,99999.0,99999.0,99999.0,79.0,0,0,True,False,False,False,True,False,False,True,True,False,False,False,False,False,False,False,False,False,False,False,False,False,True,False,False,False,False,False,False,False,False,True,False,False,1
99,0,999999.0,112.0,33068.0,1,1,3,1,0,0,0,0,0,0,1,1,6,2,0,1,22,20,0,45,0,0,4,0,0,0,8448.0,0.0,0.0,0,0.0,8448.0,0.0,190.0,0,0,True,False,False,False,True,False,False,True,False,False,False,False,False,False,False,False,False,False,False,False,True,False,False,False,False,False,False,True,False,False,True,False,False,False,1
99,1,225000.0,0.0,44000.0,1,1,1,1,0,0,0,0,0,0,2,1,3,1,0,1,30,30,0,53,1,0,4,0,24,19,12000.0,0.0,10000.0,0,0.0,0.0,0.0,454.0,0,6,True,False,False,False,True,False,False,True,False,False,False,True,False,False,False,False,False,False,False,False,False,False,False,False,False,False,False,True,False,False,True,False,False,False,1
99,1,162500.0,0.0,38000.0,1,1,0,0,0,0,0,0,0,0,1,1,2,0,0,1,99,99,0,56,0,0,2,0,0,0,0.0,0.0,0.0,0,0.0,0.0,0.0,458.0,1,0,True,False,False,False,True,False,False,True,False,False,False,False,False,False,False,False,False,False,False,False,True,False,False,False,False,False,False,True,False,False,True,False,False,False,1
99,0,999999.0,725.0,50800.0,1,1,1,1,0,0,0,0,0,0,0,0,7,0,0,1,99,99,3,20,1,0,2,0,11,11,9000.0,9000.0,0.0,0,0.0,0.0,0.0,253.0,1,0,True,False,False,False,True,False,False,True,False,False,False,False,False,False,False,False,False,False,True,False,False,False,False,False,False,False,False,True,False,False,False,True,False,False,1
99,1,162500.0,0.0,23733.0,1,0,1,1,0,0,0,1,0,1,0,0,4,0,0,1,99,99,0,22,1,0,7,0,18,44,9032.0,9032.0,0.0,0,0.0,0.0,0.0,186.0,0,0,True,False,False,False,True,False,False,True,True,False,False,False,False,False,False,False,False,False,False,False,False,False,False,False,False,False,False,True,False,False,False,True,False,False,1
99,1,112500.0,0.0,39614.0,1,1,0,0,0,0,0,0,0,0,2,1,2,0,0,1,99,99,0,72,1,0,6,0,24,47,36360.0,0.0,10000.0,0,8400.0,0.0,0.0,501.0,0,8,True,False,False,False,True,False,False,True,False,False,False,True,False,False,False,False,False,False,False,False,False,False,False,False,False,False,False,True,False,False,True,False,False,False,1
99,1,225000.0,0.0,66000.0,1,1,0,0,0,0,0,0,0,0,2,1,2,0,0,1,99,99,0,30,1,0,8,0,31,73,45000.0,45000.0,0.0,0,0.0,0.0,0.0,501.0,1,2,True,False,False,False,True,False,False,True,False,False,False,True,False,False,False,False,False,False,False,False,False,False,False,False,False,False,False,True,False,False,True,False,False,False,1
99,1,350000.0,0.0,25000.0,2,0,0,0,0,0,0,0,0,0,0,0,1,0,0,2,99,99,0,43,0,0,7,0,24,44,37500.0,35000.0,0.0,0,0.0,0.0,0.0,501.0,1,0,True,False,False,False,True,False,False,True,False,False,False,False,False,True,False,False,False,False,False,False,False,False,False,False,False,False,False,True,False,False,False,True,False,False,1
99,1,162500.0,0.0,33858.0,1,1,2,1,0,0,0,0,0,0,1,1,5,2,1,1,16,3,0,47,0,0,6,0,0,0,0.0,0.0,0.0,0,0.0,0.0,0.0,229.0,0,0,True,False,False,False,True,False,False,True,False,False,False,False,False,False,False,False,False,False,False,False,True,False,False,False,False,False,False,True,False,False,True,False,False,False,1
99,1,187500.0,0.0,35000.0,1,0,1,0,0,0,0,0,0,0,0,0,2,1,0,1,28,28,0,60,0,0,7,0,22,51,17000.0,17000.0,0.0,0,0.0,0.0,0.0,422.0,0,5,True,False,False,False,True,False,False,True,False,False,False,True,False,False,False,False,False,False,False,False,False,False,False,False,False,True,False,False,False,False,False,False,False,True,1
99,1,275000.0,0.0,63922.0,1,1,0,0,0,0,0,0,0,0,1,1,2,0,0,1,99,99,0,55,0,0,7,0,26,72,14622.0,14000.0,0.0,0,0.0,0.0,0.0,501.0,0,0,True,False,False,False,True,False,False,True,False,False,False,False,False,False,False,False,False,False,False,False,True,False,False,False,False,False,False,True,False,False,True,False,False,False,1
99,1,225000.0,0.0,33451.0,1,0,0,0,0,0,0,0,0,0,0,0,2,0,0,1,99,99,0,29,1,0,6,0,26,19,13000.0,0.0,13000.0,0,0.0,0.0,0.0,403.0,0,0,True,False,False,False,True,False,False,True,False,False,True,False,False,False,False,False,False,False,False,False,False,False,False,False,False,False,False,True,False,False,False,True,False,False,1
99,0,999999.0,312.0,46000.0,1,1,1,1,0,0,0,0,0,0,2,1,4,2,0,1,11,9,0,36,1,0,6,0,31,33,24000.0,24000.0,0.0,0,0.0,0.0,0.0,366.0,0,5,True,False,False,False,True,False,False,True,False,False,False,True,False,False,False,False,False,False,False,False,False,False,False,False,False,False,False,True,False,False,True,False,False,False,1
99,0,999999.0,537.0,66500.0,1,1,1,1,0,0,0,0,0,0,2,2,5,2,1,1,6,2,0,29,0,0,7,0,35,66,24500.0,22000.0,2500.0,0,0.0,0.0,0.0,438.0,0,2,True,False,False,False,True,False,False,True,False,False,False,True,False,False,False,False,False,False,False,False,False,False,False,False,False,False,False,True,False,False,True,False,False,False,1
99,0,999999.0,1000.0,47852.0,1,1,1,1,2,0,1,1,0,1,0,0,5,0,0,1,99,99,2,8,0,1,0,1,0,0,0.0,999999.0,999999.0,999999,99999.0,99999.0,99999.0,306.0,1,0,True,False,False,False,True,False,False,True,True,False,False,False,False,False,False,False,False,False,False,False,False,False,False,False,False,False,False,True,False,False,False,True,False,False,1
99,1,112500.0,0.0,5920.0,1,0,1,0,0,0,0,0,0,0,0,0,3,2,0,1,36,19,0,55,0,0,5,0,21,45,2460.0,2310.0,0.0,0,0.0,0.0,0.0,61.0,1,2,True,False,False,False,True,False,False,True,False,False,False,True,False,False,False,False,False,False,False,False,False,False,True,False,False,False,False,False,True,False,False,False,False,False,1
99,1,187500.0,0.0,71000.0,1,1,1,1,2,0,1,1,0,1,0,0,5,0,0,1,99,99,2,16,0,1,4,1,0,0,0.0,0.0,0.0,0,0.0,0.0,0.0,468.0,0,0,True,False,False,False,True,False,False,True,True,False,False,False,False,False,False,False,False,False,False,False,False,False,False,False,False,False,False,True,False,False,False,True,False,False,1
99,0,999999.0,437.0,16884.0,1,0,0,0,0,0,0,0,0,0,0,0,1,0,0,1,99,99,0,85,0,0,4,0,0,0,16884.0,0.0,0.0,0,7416.0,0.0,0.0,284.0,0,6,True,False,False,False,True,False,False,True,False,False,False,True,False,False,False,False,False,False,False,False,False,False,False,False,False,False,False,True,True,False,False,False,False,False,1
99,1,37500.0,0.0,9034.0,1,0,0,0,0,0,0,0,0,0,0,0,1,0,0,1,99,99,0,78,0,0,6,0,0,0,9034.0,0.0,0.0,0,9034.0,0.0,0.0,152.0,0,6,True,False,False,False,True,False,False,True,False,False,False,True,False,False,False,False,False,False,False,False,False,False,False,False,False,False,False,True,False,False,False,False,False,True,1
99,0,999999.0,625.0,15029.0,1,0,0,1,0,0,0,1,0,1,0,0,4,0,0,1,99,99,2,6,0,0,0,0,0,0,0.0,999999.0,999999.0,999999,99999.0,99999.0,99999.0,119.0,1,0,True,False,False,False,True,False,False,True,True,False,False,False,False,False,False,False,False,False,False,False,False,False,False,False,False,False,False,True,False,False,False,True,False,False,1
99,0,999999.0,725.0,22300.0,3,0,0,0,0,0,0,0,0,0,0,0,1,0,0,3,99,99,0,29,1,1,7,1,24,47,7000.0,7000.0,0.0,0,0.0,0.0,0.0,109.0,1,0,True,False,False,False,True,False,False,True,False,False,False,False,False,False,False,False,False,True,False,False,False,False,False,False,False,False,False,True,False,False,False,True,False,False,1
99,0,999999.0,462.0,138078.0,1,1,1,1,2,0,1,1,0,1,0,0,3,0,0,1,99,99,0,17,1,1,6,1,22,45,1264.0,350.0,0.0,0,0.0,0.0,0.0,501.0,0,0,True,False,False,False,True,False,False,True,True,False,False,False,False,False,False,False,False,False,False,False,False,False,False,False,False,False,False,True,False,False,False,True,False,False,1
99,1,162500.0,0.0,43400.0,1,1,1,1,0,0,0,0,0,0,1,1,5,3,1,1,13,1,0,35,0,0,7,0,0,0,0.0,0.0,0.0,0,0.0,0.0,0.0,293.0,0,0,True,False,False,False,True,False,False,True,False,False,False,False,False,False,False,False,False,False,False,False,True,False,True,False,False,False,False,False,False,False,True,False,False,False,1
99,0,999999.0,875.0,26500.0,1,0,1,0,0,0,0,0,0,0,0,0,2,1,0,1,24,24,0,51,0,0,8,0,41,68,1500.0,0.0,1500.0,0,0.0,0.0,0.0,319.0,1,0,True,False,False,False,True,False,False,True,False,False,False,False,False,False,False,True,False,False,False,False,False,False,False,False,False,True,False,False,False,True,False,False,False,False,1
99,1,187500.0,0.0,48110.0,1,1,2,1,0,0,0,0,0,0,2,1,7,3,0,1,22,18,0,43,1,0,7,0,23,18,13000.0,13000.0,0.0,0,0.0,0.0,0.0,239.0,1,6,True,False,False,False,True,False,False,True,False,False,False,True,False,False,False,False,False,False,False,False,False,False,False,False,False,False,False,True,False,False,True,False,False,False,0
99,0,999999.0,1.0,11371.0,1,0,0,0,0,0,0,0,0,0,0,0,3,0,0,1,99,99,2,23,0,0,6,0,24,44,11371.0,11371.0,0.0,0,0.0,0.0,0.0,114.0,1,1,True,False,False,False,True,False,False,True,False,False,False,True,False,False,False,False,False,False,False,False,False,False,False,False,False,False,False,True,False,False,False,True,False,False,1
99,0,999999.0,412.0,8904.0,2,0,1,0,0,0,0,0,0,0,0,0,1,0,0,2,99,99,0,40,1,0,6,0,0,0,0.0,0.0,0.0,0,0.0,0.0,0.0,1.0,1,0,True,False,False,False,True,False,False,True,False,False,False,False,False,False,False,False,False,True,False,False,False,False,True,False,False,False,False,False,True,False,False,False,False,False,1
99,1,225000.0,0.0,37000.0,1,1,0,0,0,0,0,0,0,0,2,1,2,0,0,1,99,99,0,67,1,0,7,0,35,62,25000.0,25000.0,0.0,0,0.0,0.0,0.0,494.0,0,7,True,False,False,False,True,False,False,True,False,False,False,True,False,False,False,False,False,False,False,False,False,False,False,False,False,False,False,True,False,False,True,False,False,False,1
99,0,999999.0,0.0,999999.0,1,0,0,0,0,0,0,0,0,0,0,0,1,0,0,1,99,99,0,31,1,0,6,0,20,8,6000.0,6000.0,0.0,0,0.0,0.0,0.0,0.0,1,0,False,True,False,True,False,False,False,True,False,False,False,False,True,False,False,False,False,False,False,False,False,False,False,False,False,False,False,True,False,False,False,True,False,False,1
99,0,999999.0,0.0,999999.0,1,0,0,0,0,0,0,0,0,0,0,0,1,0,0,1,99,99,0,24,0,0,6,0,17,13,5000.0,5000.0,0.0,0,0.0,0.0,0.0,0.0,1,0,False,True,False,True,False,False,False,True,False,False,False,False,True,False,False,False,False,False,False,False,False,False,True,False,False,False,False,False,False,False,False,True,False,False,1
99,0,999999.0,675.0,20000.0,2,0,1,0,0,0,0,0,0,0,0,0,3,2,2,1,2,2,0,25,0,0,7,0,11,11,20000.0,20000.0,0.0,0,0.0,0.0,0.0,200.0,1,1,True,False,False,False,True,False,False,True,False,False,False,True,False,False,False,False,False,False,False,False,False,False,False,False,False,True,False,False,False,False,False,True,False,False,1
99,0,999999.0,462.0,40000.0,1,1,2,1,2,0,1,1,0,1,0,0,6,0,0,1,99,99,2,1,1,0,7,0,0,0,0.0,999999.0,999999.0,999999,99999.0,99999.0,99999.0,234.0,1,0,True,False,False,False,True,False,False,True,True,False,False,False,False,False,False,False,False,False,False,False,False,False,False,False,False,False,False,True,False,False,False,True,False,False,1
99,0,999999.0,412.0,1450.0,1,0,0,1,0,0,0,1,0,1,0,0,2,0,0,1,99,99,0,1,1,0,7,0,0,0,0.0,999999.0,999999.0,999999,99999.0,99999.0,99999.0,17.0,1,0,True,False,False,False,True,False,False,True,True,False,False,False,False,False,False,False,False,False,False,False,False,False,True,False,False,False,False,False,False,False,False,True,False,False,1
99,1,162500.0,0.0,27935.0,1,2,2,2,0,0,0,0,0,0,2,1,11,1,1,1,0,0,1,26,1,0,6,0,26,22,14800.0,14800.0,0.0,0,0.0,0.0,0.0,106.0,1,1,True,False,False,False,True,False,False,True,False,False,False,True,False,False,False,False,False,False,False,False,False,False,False,False,False,False,False,True,False,False,True,False,False,False,1
99,1,67500.0,0.0,20800.0,1,0,0,0,0,0,0,0,0,0,0,0,1,0,0,1,99,99,0,63,1,0,7,0,31,53,20800.0,20000.0,0.0,0,0.0,0.0,0.0,322.0,0,5,True,False,False,False,True,False,False,True,False,False,False,True,False,False,False,False,False,False,False,False,False,False,False,False,False,False,False,True,False,False,False,True,False,False,1
99,1,225000.0,0.0,67140.0,2,1,3,1,0,0,0,0,0,0,1,1,9,2,1,1,13,3,0,37,0,1,7,1,22,61,25000.0,25000.0,0.0,0,0.0,0.0,0.0,249.0,0,0,True,False,False,False,True,False,False,True,False,False,False,False,False,False,False,False,False,False,False,False,True,False,False,False,False,True,False,False,False,False,True,False,False,False,1
99,1,112500.0,0.0,42000.0,1,1,1,1,0,0,0,0,0,0,1,1,6,4,1,1,14,4,0,34,0,0,6,0,0,0,0.0,0.0,0.0,0,0.0,0.0,0.0,253.0,1,0,True,False,False,False,True,False,False,True,False,False,False,False,False,False,False,False,False,False,False,False,True,False,False,False,False,False,False,True,False,False,True,False,False,False,1
99,0,999999.0,675.0,38000.0,1,0,1,0,0,0,0,0,0,0,0,0,7,0,0,1,99,99,2,30,1,0,8,0,0,0,0.0,0.0,0.0,0,0.0,0.0,0.0,198.0,1,0,True,False,False,False,True,False,False,True,False,False,False,False,False,False,False,False,False,False,True,False,False,False,True,False,False,False,False,False,False,False,False,True,False,False,1
99,0,999999.0,725.0,32500.0,1,1,0,0,0,0,0,0,0,0,2,2,2,0,0,1,99,99,0,24,0,0,7,0,23,45,12500.0,12500.0,0.0,0,0.0,0.0,0.0,391.0,1,2,True,False,False,False,True,False,False,True,False,False,False,True,False,False,False,False,False,False,False,False,False,False,False,False,False,False,False,True,False,False,True,False,False,False,1
99,1,225000.0,0.0,80000.0,1,1,1,1,0,0,0,0,0,0,2,1,3,1,0,1,21,21,0,46,1,0,7,0,24,44,50000.0,50000.0,0.0,0,0.0,0.0,0.0,501.0,0,7,True,False,False,False,True,False,False,True,False,False,False,True,False,False,False,False,False,False,False,False,False,False,False,False,False,False,False,True,False,False,True,False,False,False,1
99,0,999999.0,487.0,37000.0,1,1,1,1,0,0,0,0,0,0,0,0,4,0,0,1,99,99,1,34,1,0,6,0,14,17,0.0,0.0,0.0,0,0.0,0.0,0.0,285.0,1,0,True,False,False,False,True,False,False,True,False,False,False,False,False,False,False,False,False,False,True,False,False,False,False,False,False,False,False,True,False,True,False,False,False,False,1
99,1,225000.0,0.0,23832.0,1,1,0,0,0,0,0,0,0,0,1,1,2,0,0,1,99,99,0,70,0,0,7,0,22,61,14232.0,0.0,0.0,0,6732.0,0.0,0.0,318.0,0,0,True,False,False,False,True,False,False,True,False,False,False,False,False,False,False,False,False,False,False,False,True,False,False,False,False,False,False,True,False,False,True,False,False,False,1
99,0,999999.0,537.0,30000.0,1,1,1,1,2,0,1,1,0,1,0,0,7,0,0,1,99,99,4,19,1,1,6,1,23,18,8000.0,8000.0,0.0,0,0.0,0.0,0.0,152.0,1,0,True,False,False,False,True,False,False,True,True,False,False,False,False,False,False,False,False,False,False,False,False,False,False,False,False,False,False,True,False,False,False,True,False,False,1
99,1,162500.0,0.0,91873.0,1,1,1,1,2,0,1,1,0,1,0,0,3,0,0,1,99,99,0,17,0,1,5,2,16,15,2030.0,2000.0,0.0,0,0.0,0.0,0.0,501.0,0,0,True,False,False,False,True,False,False,True,True,False,False,False,False,False,False,False,False,False,False,False,False,False,False,False,False,False,False,True,False,False,False,True,False,False,1
99,1,400000.0,0.0,162000.0,1,1,0,0,0,0,0,0,0,0,1,1,2,0,0,1,99,99,0,29,0,0,7,0,31,53,71000.0,70000.0,-600.0,0,0.0,0.0,0.0,501.0,1,0,True,False,False,False,True,False,False,True,False,False,False,False,False,False,False,False,False,False,False,False,True,False,False,False,False,False,False,True,False,False,True,False,False,False,1
99,1,400000.0,0.0,136000.0,1,1,1,1,0,0,0,0,0,0,2,1,4,2,0,1,12,10,0,46,1,0,8,0,39,73,100000.0,95000.0,0.0,0,0.0,0.0,0.0,501.0,0,6,True,False,False,False,True,False,False,True,False,False,False,True,False,False,False,False,False,False,False,False,False,False,False,False,False,False,False,True,False,False,True,False,False,False,1
99,0,999999.0,875.0,35528.0,1,1,1,1,0,0,0,0,0,0,1,1,5,2,1,1,5,0,1,24,0,0,6,0,35,52,2500.0,2500.0,0.0,0,0.0,0.0,0.0,240.0,1,0,True,False,False,False,True,False,False,True,False,False,False,False,False,False,False,False,False,False,False,False,True,False,False,False,False,False,False,True,False,False,True,False,False,False,1
99,1,187500.0,0.0,92500.0,1,1,1,1,0,0,0,0,0,0,1,1,4,2,1,1,11,1,0,27,0,0,4,0,24,47,450.0,450.0,0.0,0,0.0,0.0,0.0,501.0,1,0,True,False,False,False,True,False,False,True,False,False,False,False,False,False,False,False,False,False,False,False,True,False,False,False,False,False,False,True,False,False,True,False,False,False,1
99,1,400000.0,0.0,238516.0,1,1,1,1,0,0,0,0,0,0,2,1,4,2,0,1,11,6,0,37,1,0,8,0,41,68,230516.0,195516.0,0.0,0,0.0,0.0,0.0,501.0,1,1,True,False,False,False,True,False,False,True,False,False,False,True,False,False,False,False,False,False,False,False,False,False,False,False,False,False,False,True,False,False,True,False,False,False,1
99,1,112500.0,0.0,59600.0,1,0,0,2,0,0,0,2,0,1,0,0,3,1,0,1,21,21,0,52,1,0,7,0,34,44,40000.0,40000.0,0.0,0,0.0,0.0,0.0,501.0,0,5,True,False,False,False,True,False,False,True,False,False,False,True,False,False,False,False,False,False,False,False,False,False,True,False,False,False,False,False,True,False,False,False,False,False,1
99,1,137500.0,0.0,52000.0,1,1,1,1,2,0,1,1,0,1,0,0,5,0,0,1,99,99,2,19,0,1,6,1,0,0,0.0,0.0,0.0,0,0.0,0.0,0.0,337.0,0,0,True,False,False,False,True,False,False,True,True,False,False,False,False,False,False,False,False,False,False,False,False,False,False,False,False,False,False,True,False,False,False,True,False,False,1
99,0,999999.0,875.0,23865.0,1,1,1,1,2,0,1,1,0,1,0,0,7,0,0,1,99,99,4,17,1,1,4,1,0,0,0.0,0.0,0.0,0,0.0,0.0,0.0,116.0,1,0,True,False,False,False,True,False,False,True,True,False,False,False,False,False,False,False,False,False,False,False,False,False,False,False,False,False,False,True,False,False,False,True,False,False,1
99,0,999999.0,282.0,34155.0,1,1,1,1,0,0,0,0,0,0,2,1,7,4,0,1,25,11,1,48,1,0,2,0,27,19,21939.0,21939.0,0.0,0,0.0,0.0,0.0,170.0,0,7,True,False,False,False,True,False,False,True,False,False,False,True,False,False,False,False,False,False,False,False,False,False,False,False,False,False,False,True,False,False,True,False,False,False,1
99,0,999999.0,537.0,66500.0,1,1,1,1,0,0,0,0,0,0,0,0,5,0,0,1,99,99,0,38,1,0,7,0,17,11,0.0,0.0,0.0,0,0.0,0.0,0.0,438.0,1,0,True,False,False,False,True,False,False,True,False,False,False,False,False,False,True,False,False,False,False,False,False,False,False,False,False,True,False,False,True,False,False,False,False,False,1
99,0,999999.0,875.0,30000.0,1,1,1,1,0,0,0,0,0,0,2,1,5,3,0,1,11,8,0,40,1,0,8,0,31,73,30000.0,30000.0,0.0,0,0.0,0.0,0.0,203.0,1,1,True,False,False,False,True,False,False,True,False,False,False,True,False,False,False,False,False,False,False,False,False,False,False,False,False,False,False,True,False,False,True,False,False,False,1
99,0,999999.0,512.0,16400.0,2,1,1,1,0,0,0,0,0,0,0,0,1,0,0,2,99,99,0,23,1,0,3,0,20,8,13000.0,13000.0,0.0,0,0.0,0.0,0.0,202.0,1,0,True,False,False,False,True,False,False,True,False,False,False,False,False,False,False,False,False,True,False,False,False,False,False,False,False,False,False,True,False,False,False,True,False,False,1
99,0,999999.0,512.0,10400.0,1,0,1,0,0,0,0,0,0,0,0,0,3,1,1,1,0,0,1,29,0,0,6,0,13,10,10400.0,10400.0,0.0,0,0.0,0.0,0.0,104.0,1,2,True,False,False,False,True,False,False,True,False,False,False,True,False,False,False,False,False,False,False,False,False,False,False,False,False,False,False,True,True,False,False,False,False,False,0
99,0,999999.0,725.0,29283.0,1,1,1,1,0,0,0,0,0,0,1,1,7,4,0,1,13,8,0,33,0,0,7,0,20,9,9947.0,9947.0,0.0,0,0.0,0.0,0.0,152.0,1,0,True,False,False,False,True,False,False,True,False,False,False,False,False,False,False,False,False,False,False,False,True,False,False,False,False,False,False,True,False,False,True,False,False,False,1
99,1,275000.0,0.0,33882.0,1,1,0,0,0,0,0,0,0,0,1,1,2,0,0,1,99,99,0,73,0,0,7,0,11,22,18356.0,0.0,0.0,0,10560.0,0.0,0.0,452.0,0,0,True,False,False,False,True,False,False,True,False,False,False,False,False,False,False,False,False,False,False,False,True,False,False,False,False,False,False,True,False,False,True,False,False,False,1
99,1,187500.0,0.0,40727.0,1,2,2,2,0,0,0,0,0,0,1,1,8,4,0,1,15,6,0,33,0,1,6,1,38,68,10479.0,10479.0,0.0,0,0.0,0.0,0.0,187.0,0,0,True,False,False,False,True,False,False,True,False,False,False,False,False,False,False,False,False,False,False,False,True,False,False,False,False,False,False,True,False,False,True,False,False,False,1
99,1,350000.0,0.0,70000.0,1,1,1,2,2,7,1,1,0,1,0,0,8,0,0,1,99,99,4,14,1,1,2,1,0,0,0.0,999999.0,999999.0,999999,99999.0,99999.0,99999.0,332.0,0,0,True,False,False,False,True,False,False,True,True,False,False,False,False,False,False,False,False,False,False,False,False,False,False,False,False,True,False,False,False,False,False,True,False,False,1
99,1,112500.0,0.0,33500.0,1,0,0,0,0,0,0,0,0,0,0,0,1,0,0,1,99,99,0,55,1,0,6,0,26,36,33500.0,33500.0,0.0,0,0.0,0.0,0.0,501.0,1,2,True,False,False,False,True,False,False,True,False,False,False,True,False,False,False,False,False,False,False,False,False,False,False,False,False,False,False,True,True,False,False,False,False,False,1
99,1,225000.0,0.0,59000.0,1,1,0,0,0,0,0,0,0,0,2,1,2,0,0,1,99,99,0,64,1,0,6,0,24,47,30000.0,18000.0,0.0,0,0.0,0.0,0.0,501.0,0,7,True,False,False,False,True,False,False,True,False,False,False,True,False,False,False,False,False,False,False,False,False,False,False,False,False,False,False,True,False,False,True,False,False,False,1
99,0,999999.0,412.0,18000.0,1,0,0,0,0,0,0,0,0,0,0,0,1,0,0,1,99,99,0,50,0,0,7,0,22,61,18000.0,18000.0,0.0,0,0.0,0.0,0.0,279.0,0,6,True,False,False,False,True,False,False,True,False,False,False,True,False,False,False,False,False,False,False,False,False,False,False,False,False,False,False,True,True,False,False,False,False,False,1
99,1,225000.0,0.0,64816.0,1,0,1,0,2,0,1,0,0,0,0,0,2,0,0,1,99,99,0,28,0,0,8,0,36,66,48000.0,0.0,45000.0,0,0.0,0.0,0.0,501.0,1,2,True,False,False,False,True,False,False,True,False,False,False,True,False,False,False,False,False,False,False,False,False,False,False,False,False,False,False,True,False,False,False,True,False,False,1
99,0,999999.0,875.0,30000.0,1,0,0,0,0,0,0,0,0,0,0,0,1,0,0,1,99,99,0,27,1,0,7,0,38,68,30000.0,30000.0,0.0,0,0.0,0.0,0.0,465.0,1,1,True,False,False,False,True,False,False,True,False,False,False,True,False,False,False,False,False,False,False,False,False,False,False,False,False,False,False,True,True,False,False,False,False,False,1
99,0,999999.0,675.0,16000.0,1,0,1,0,0,0,0,0,0,0,0,0,3,2,0,1,6,5,0,35,0,0,7,0,41,68,16000.0,16000.0,0.0,0,0.0,0.0,0.0,160.0,1,1,True,False,False,False,True,False,False,True,False,False,False,True,False,False,False,False,False,False,False,False,False,False,False,False,False,False,False,True,False,False,False,True,False,False,1
99,0,999999.0,675.0,30189.0,1,1,1,1,1,7,1,2,0,1,0,0,6,0,0,1,99,99,3,5,1,0,0,0,0,0,0.0,999999.0,999999.0,999999,99999.0,99999.0,99999.0,182.0,0,0,True,False,False,False,True,False,False,True,True,False,False,False,False,False,False,False,False,False,False,False,False,False,False,False,False,True,False,False,False,False,False,True,False,False,1
99,1,225000.0,0.0,22114.0,1,1,0,0,0,0,0,0,0,0,1,1,2,0,0,1,99,99,0,59,0,0,7,0,0,0,0.0,0.0,0.0,0,0.0,0.0,0.0,266.0,0,0,True,False,False,False,True,False,False,True,False,False,False,False,False,False,False,False,False,False,False,False,True,False,False,False,False,False,False,True,False,False,True,False,False,False,1
99,0,999999.0,675.0,58000.0,1,1,0,0,0,0,0,0,0,0,2,1,2,0,0,1,99,99,0,26,1,0,7,0,26,72,25000.0,25000.0,0.0,0,0.0,0.0,0.0,501.0,1,1,True,False,False,False,True,False,False,True,False,False,False,True,False,False,False,False,False,False,False,False,False,False,False,False,False,False,False,True,False,False,True,False,False,False,1
99,0,999999.0,487.0,10000.0,1,0,0,0,0,0,0,0,0,0,0,0,1,0,0,1,99,99,0,33,0,0,4,0,28,22,10000.0,10000.0,0.0,0,0.0,0.0,0.0,155.0,1,2,True,False,False,False,True,False,False,True,False,False,False,True,False,False,False,False,False,False,False,False,False,False,False,False,False,False,False,True,True,False,False,False,False,False,1
99,1,400000.0,0.0,190603.0,2,1,1,1,0,0,0,0,0,0,0,0,1,0,0,2,99,99,0,27,0,0,0,0,6,7,7800.0,7800.0,0.0,0,0.0,0.0,0.0,121.0,1,0,True,False,False,False,True,False,False,True,False,False,False,False,False,True,False,False,False,False,False,False,False,False,False,False,False,False,False,True,True,False,False,False,False,False,0
99,0,999999.0,487.0,11131.0,1,0,1,0,0,0,0,0,0,0,0,0,2,1,0,1,64,64,0,81,0,0,6,0,0,0,8316.0,0.0,0.0,0,5580.0,2736.0,0.0,149.0,0,6,True,False,False,False,True,False,False,True,False,False,False,True,False,False,False,False,False,False,False,False,False,False,False,False,False,False,False,True,False,False,False,False,False,True,1
99,0,999999.0,437.0,8000.0,1,1,1,1,2,2,7,3,0,3,0,0,8,0,0,1,99,99,3,13,1,1,2,1,0,0,0.0,999999.0,999999.0,999999,99999.0,99999.0,99999.0,37.0,1,0,True,False,False,False,True,False,False,True,False,False,False,False,False,False,True,False,False,False,False,False,False,False,False,False,False,False,False,True,False,False,False,True,False,False,1
99,1,400000.0,0.0,57911.0,1,1,0,0,0,0,0,0,0,0,2,1,2,0,0,1,99,99,0,64,1,0,8,0,38,68,47130.0,0.0,10006.0,0,3837.0,0.0,0.0,501.0,0,7,True,False,False,False,True,False,False,True,False,False,False,True,False,False,False,False,False,False,False,False,False,False,True,False,False,False,False,False,False,False,True,False,False,False,1
99,0,999999.0,337.0,627.0,2,0,0,0,0,0,0,0,0,0,0,0,1,0,0,2,99,99,0,19,0,1,7,2,22,61,4000.0,4000.0,0.0,0,0.0,0.0,0.0,62.0,1,0,True,False,False,False,True,False,False,True,False,False,False,False,False,False,False,False,False,True,False,False,False,False,False,False,False,False,False,True,False,False,False,True,False,False,0
99,1,162500.0,0.0,39000.0,2,0,0,0,0,0,0,0,0,0,0,0,1,0,0,1,99,99,0,39,1,0,7,0,21,66,39000.0,39000.0,0.0,0,0.0,0.0,0.0,501.0,1,1,True,False,False,False,True,False,False,True,False,False,False,True,False,False,False,False,False,False,False,False,False,False,False,False,False,False,False,True,False,False,False,True,False,False,1
99,1,162500.0,0.0,31000.0,3,0,0,0,0,0,0,0,0,0,0,0,1,0,0,1,99,99,0,45,1,0,7,0,25,44,31000.0,31000.0,0.0,0,0.0,0.0,0.0,481.0,0,6,True,False,False,False,True,False,False,True,False,False,False,True,False,False,False,False,False,False,False,False,False,False,True,False,False,False,False,False,False,False,False,True,False,False,1
99,1,162500.0,0.0,5250.0,1,1,0,0,0,0,0,0,0,0,1,1,2,0,0,1,99,99,0,69,0,0,8,0,0,0,4800.0,0.0,0.0,0,0.0,4800.0,0.0,70.0,0,0,True,False,False,False,True,False,False,True,False,False,False,False,False,False,False,False,False,False,False,False,True,False,False,False,False,False,False,True,False,False,True,False,False,False,1
99,0,999999.0,0.0,999999.0,1,0,0,0,0,0,0,0,0,0,0,0,1,0,0,1,99,99,0,45,1,0,3,0,0,0,0.0,0.0,0.0,0,0.0,0.0,0.0,0.0,1,0,False,False,True,False,False,True,False,True,False,False,False,False,False,True,False,False,False,False,False,False,False,False,True,False,False,False,False,False,False,False,False,True,False,False,1
99,1,225000.0,0.0,36000.0,1,0,0,0,0,0,0,0,0,0,0,0,1,0,0,1,99,99,0,34,1,0,7,0,42,64,36000.0,36000.0,0.0,0,0.0,0.0,0.0,501.0,0,6,True,False,False,False,True,False,False,True,False,False,False,True,False,False,False,False,False,False,False,False,False,False,False,False,False,False,False,True,False,False,False,True,False,False,1
99,1,225000.0,0.0,32000.0,1,1,0,0,0,0,0,0,0,0,2,1,2,0,0,1,99,99,0,73,1,0,6,0,0,0,20000.0,0.0,0.0,0,13000.0,0.0,0.0,427.0,0,8,True,False,False,False,True,False,False,True,False,False,False,True,False,False,False,False,False,False,False,False,False,False,False,False,False,False,False,True,False,False,True,False,False,False,1
99,0,999999.0,437.0,47280.0,1,1,1,1,2,0,1,1,0,1,0,0,5,0,0,1,99,99,2,16,1,1,3,1,0,0,0.0,0.0,0.0,0,0.0,0.0,0.0,302.0,1,0,True,False,False,False,True,False,False,True,True,False,False,False,False,False,False,False,False,False,False,False,False,False,False,False,False,False,False,True,False,False,False,True,False,False,1
99,1,162500.0,0.0,62794.0,1,1,1,1,0,0,0,0,0,0,1,1,3,1,0,1,24,24,0,42,0,0,7,0,35,66,26439.0,26439.0,0.0,0,0.0,0.0,0.0,501.0,1,0,True,False,False,False,True,False,False,True,False,False,False,False,False,False,False,False,False,False,False,False,True,False,True,False,False,False,False,False,False,False,True,False,False,False,1
99,1,350000.0,0.0,43350.0,1,0,0,1,0,0,0,1,0,1,0,0,5,0,0,1,99,99,2,9,1,1,1,1,0,0,0.0,999999.0,999999.0,999999,99999.0,99999.0,99999.0,293.0,0,0,True,False,False,False,True,False,False,True,True,False,False,False,False,False,False,False,False,False,False,False,False,False,False,False,False,True,False,False,False,False,False,True,False,False,1
99,0,999999.0,575.0,21260.0,1,1,2,1,2,0,1,1,0,1,0,0,5,0,0,1,99,99,1,3,0,0,0,0,0,0,0.0,999999.0,999999.0,999999,99999.0,99999.0,99999.0,140.0,1,0,True,False,False,False,True,False,False,True,True,False,False,False,False,False,False,False,False,False,False,False,False,False,False,False,False,True,False,False,False,False,False,True,False,False,1
99,0,999999.0,875.0,18720.0,2,1,1,1,0,0,0,0,0,0,2,1,5,2,1,1,6,2,0,26,1,0,0,0,27,39,9360.0,9360.0,0.0,0,0.0,0.0,0.0,123.0,1,1,True,False,False,False,True,False,False,True,False,False,False,True,False,False,False,False,False,False,False,False,False,False,False,False,False,False,False,True,False,False,True,False,False,False,1
99,0,999999.0,282.0,9400.0,1,0,1,0,0,0,0,0,0,0,0,0,2,1,0,1,18,18,0,38,0,0,6,0,18,44,8600.0,5000.0,0.0,0,0.0,3600.0,0.0,113.0,1,2,True,False,False,False,True,False,False,True,False,False,False,True,False,False,False,False,False,False,False,False,False,False,True,False,False,False,False,False,False,False,False,False,True,False,1
99,1,112500.0,0.0,55590.0,1,0,1,0,0,0,0,0,0,0,0,0,2,1,0,1,24,24,0,43,0,0,7,0,24,44,40790.0,40000.0,0.0,0,0.0,0.0,0.0,501.0,0,7,True,False,False,False,True,False,False,True,False,False,False,True,False,False,False,False,False,False,False,False,False,False,False,False,False,False,False,True,True,False,False,False,False,False,1
99,1,187500.0,0.0,53000.0,1,1,1,1,0,0,0,0,0,0,2,1,5,3,0,1,15,10,0,41,1,0,8,0,37,78,45000.0,43000.0,0.0,0,0.0,0.0,0.0,358.0,0,6,True,False,False,False,True,False,False,True,False,False,False,True,False,False,False,False,False,False,False,False,False,False,False,False,False,False,False,True,False,False,True,False,False,False,1
99,1,112500.0,0.0,58379.0,1,1,1,1,2,0,1,3,0,1,0,0,4,0,0,1,99,99,1,14,0,1,2,1,0,0,0.0,999999.0,999999.0,999999,99999.0,99999.0,99999.0,449.0,0,0,True,False,False,False,True,False,False,True,False,False,False,False,False,False,False,False,False,False,True,False,False,False,False,False,False,False,False,True,False,False,False,True,False,False,1
99,1,225000.0,0.0,76900.0,1,1,2,1,0,0,0,0,0,0,0,0,10,0,0,1,99,99,0,75,0,0,2,0,0,0,6500.0,0.0,0.0,0,0.0,6500.0,0.0,291.0,0,0,True,False,False,False,True,False,False,True,False,False,False,False,False,False,True,False,False,False,False,False,False,False,False,False,False,False,False,True,True,False,False,False,False,False,1
99,1,350000.0,0.0,153515.0,1,1,1,1,2,0,1,1,0,1,0,0,3,0,0,1,99,99,0,12,0,1,2,1,0,0,0.0,999999.0,999999.0,999999,99999.0,99999.0,99999.0,501.0,1,0,True,False,False,False,True,False,False,True,True,False,False,False,False,False,False,False,False,False,False,False,False,False,False,False,False,False,False,True,False,False,False,True,False,False,1
99,0,999999.0,625.0,12000.0,1,1,1,1,0,0,0,0,0,0,1,1,3,1,1,1,2,2,0,30,0,0,6,0,20,9,0.0,0.0,0.0,0,0.0,0.0,0.0,120.0,1,0,True,False,False,False,True,False,False,True,False,False,False,False,False,False,False,False,False,False,False,False,True,False,False,False,False,False,False,True,False,False,True,False,False,False,1
99,1,350000.0,0.0,74000.0,1,1,1,1,2,0,1,1,0,1,0,0,3,0,0,1,99,99,0,10,0,1,1,1,0,0,0.0,999999.0,999999.0,999999,99999.0,99999.0,99999.0,501.0,1,0,True,False,False,False,True,False,False,True,True,False,False,False,False,False,False,False,False,False,False,False,False,False,True,False,False,False,False,False,False,False,False,True,False,False,1
99,1,112500.0,0.0,39600.0,1,1,1,1,0,0,0,0,0,0,2,1,3,1,0,1,26,26,0,54,1,0,7,0,30,24,30000.0,30000.0,0.0,0,0.0,0.0,0.0,408.0,0,7,True,False,False,False,True,False,False,True,False,False,False,True,False,False,False,False,False,False,False,False,False,False,False,False,False,False,False,True,False,False,True,False,False,False,1
99,1,400000.0,0.0,113000.0,1,1,1,1,0,0,0,0,0,0,2,1,5,2,0,1,17,14,1,47,1,0,8,0,36,66,105000.0,50000.0,50000.0,0,0.0,0.0,0.0,501.0,1,5,True,False,False,False,True,False,False,True,False,False,False,True,False,False,False,False,False,False,False,False,False,False,False,False,False,False,False,True,False,False,True,False,False,False,1
99,0,999999.0,1000.0,167835.0,1,1,0,0,0,0,0,0,0,0,2,1,2,0,0,1,99,99,0,67,1,0,8,0,42,86,166429.0,52000.0,54950.0,0,0.0,0.0,876.0,501.0,1,2,True,False,False,False,True,False,False,True,False,False,False,True,False,False,False,False,False,False,False,False,False,False,False,False,False,False,False,True,False,False,True,False,False,False,0
99,1,187500.0,0.0,80943.0,1,1,1,1,0,0,0,0,0,0,2,1,6,3,0,1,27,9,1,50,1,0,7,0,31,33,39943.0,39943.0,0.0,0,0.0,0.0,0.0,464.0,0,5,True,False,False,False,True,False,False,True,False,False,False,True,False,False,False,False,False,False,False,False,False,False,False,False,False,False,False,True,False,False,True,False,False,False,1
99,1,225000.0,0.0,58000.0,1,1,1,1,2,0,1,1,0,1,0,0,4,0,0,1,99,99,1,7,0,1,1,2,0,0,0.0,999999.0,999999.0,999999,99999.0,99999.0,99999.0,461.0,0,0,True,False,False,False,True,False,False,True,True,False,False,False,False,False,False,False,False,False,False,False,False,False,False,False,False,False,False,True,False,False,False,True,False,False,1
99,1,350000.0,0.0,43000.0,1,1,0,0,0,0,0,0,0,0,1,1,2,0,0,1,99,99,0,72,0,0,6,0,0,0,0.0,0.0,0.0,0,0.0,0.0,0.0,501.0,0,0,True,False,False,False,True,False,False,True,False,False,False,False,False,False,False,False,False,False,False,False,True,False,False,False,False,False,False,True,False,False,True,False,False,False,1
99,0,999999.0,512.0,11000.0,7,0,0,0,0,0,0,0,0,0,0,0,1,0,0,2,99,99,0,26,1,0,3,0,10,19,3000.0,3000.0,0.0,0,0.0,0.0,0.0,47.0,1,0,True,False,False,False,True,False,False,True,False,False,False,False,False,False,False,False,False,True,False,False,False,False,False,False,False,False,False,True,False,False,False,True,False,False,0
99,0,999999.0,575.0,36700.0,1,0,0,0,0,0,0,0,0,0,0,0,1,0,0,1,99,99,0,29,1,0,8,0,31,65,36700.0,35000.0,0.0,0,0.0,0.0,1200.0,501.0,1,1,True,False,False,False,True,False,False,True,False,False,False,True,False,False,False,False,False,False,False,False,False,False,False,False,False,False,False,True,False,False,False,True,False,False,1
99,0,999999.0,512.0,14400.0,1,1,1,1,0,0,0,0,0,0,1,1,5,3,1,1,9,3,0,29,0,0,6,0,0,0,0.0,0.0,0.0,0,0.0,0.0,0.0,97.0,1,0,True,False,False,False,True,False,False,True,False,False,False,False,False,False,False,False,False,False,False,False,True,False,False,False,False,False,False,True,False,False,True,False,False,False,1
99,1,400000.0,0.0,35000.0,1,0,1,0,0,0,0,0,0,0,0,0,2,1,0,1,47,47,0,73,0,0,7,0,31,73,35000.0,20000.0,0.0,0,15000.0,0.0,0.0,467.0,0,7,True,False,False,False,True,False,False,True,False,False,False,True,False,False,False,False,False,False,False,False,False,False,False,False,False,False,False,True,False,False,False,False,False,True,1
99,1,225000.0,0.0,93406.0,1,2,1,1,0,0,0,0,0,0,0,0,7,0,0,1,99,99,0,80,1,0,6,0,0,0,7200.0,0.0,0.0,0,7200.0,0.0,0.0,464.0,1,0,True,False,False,False,True,False,False,True,False,False,False,False,False,False,True,False,False,False,False,False,False,False,False,True,False,False,False,False,False,False,False,False,False,True,1
99,1,350000.0,0.0,54698.0,1,0,0,0,0,0,0,0,0,0,0,0,2,0,0,1,99,99,0,34,1,0,7,0,32,49,51698.0,38000.0,0.0,0,0.0,0.0,0.0,501.0,1,2,True,False,False,False,True,False,False,True,False,False,False,True,False,False,False,False,False,False,False,False,False,False,True,False,False,False,False,False,False,False,False,True,False,False,1
99,0,999999.0,412.0,18300.0,1,0,1,0,1,0,1,0,0,0,0,0,3,0,0,1,99,99,0,11,1,1,2,1,0,0,0.0,999999.0,999999.0,999999,99999.0,99999.0,99999.0,183.0,0,0,True,False,False,False,True,False,False,True,True,False,False,False,False,False,False,False,False,False,False,False,False,False,False,False,False,False,False,True,False,False,False,True,False,False,1
99,0,999999.0,1000.0,24000.0,2,1,1,1,0,0,0,0,0,0,2,1,5,3,1,1,14,3,0,36,1,0,6,0,24,19,24000.0,0.0,24000.0,0,0.0,0.0,0.0,162.0,1,2,True,False,False,False,True,False,False,True,False,False,False,True,False,False,False,False,False,False,False,False,False,False,False,False,False,False,False,True,False,False,True,False,False,False,1
99,1,162500.0,0.0,42000.0,1,1,1,1,0,0,0,0,0,0,1,1,7,4,0,1,11,6,0,34,0,1,6,1,14,26,16000.0,0.0,16000.0,0,0.0,0.0,0.0,218.0,1,0,True,False,False,False,True,False,False,True,False,False,False,False,False,False,False,False,False,False,False,False,True,False,False,False,False,False,False,True,False,False,True,False,False,False,1
99,1,400000.0,0.0,77007.0,1,1,1,1,2,0,1,1,0,1,0,0,4,0,0,1,99,99,1,2,0,0,7,0,0,0,0.0,999999.0,999999.0,999999,99999.0,99999.0,99999.0,501.0,1,0,True,False,False,False,True,False,False,True,True,False,False,False,False,False,False,False,False,False,False,False,False,False,False,False,False,False,False,True,False,False,False,True,False,False,1
99,0,999999.0,462.0,52000.0,1,1,1,1,2,0,1,1,0,1,0,0,3,0,0,1,99,99,0,4,1,1,0,1,0,0,0.0,999999.0,999999.0,999999,99999.0,99999.0,99999.0,501.0,1,0,True,False,False,False,True,False,False,True,True,False,False,False,False,False,False,False,False,False,False,False,False,False,False,False,False,False,False,True,False,False,False,True,False,False,1
99,0,999999.0,337.0,19200.0,1,1,1,1,0,0,0,0,0,0,2,1,3,1,0,1,7,7,0,34,1,1,8,2,27,72,14400.0,13400.0,0.0,0,0.0,0.0,0.0,192.0,1,2,True,False,False,False,True,False,False,True,False,False,False,True,False,False,False,False,False,False,False,False,False,False,False,True,False,False,False,False,False,False,True,False,False,False,1
99,1,400000.0,0.0,165815.0,1,1,1,1,2,0,1,1,0,1,0,0,6,0,0,1,99,99,3,19,1,1,6,1,0,0,0.0,0.0,0.0,0,0.0,0.0,0.0,501.0,0,0,True,False,False,False,True,False,False,True,True,False,False,False,False,False,False,False,False,False,False,False,False,False,False,False,False,False,False,True,False,False,False,True,False,False,1
99,0,999999.0,1000.0,100000.0,1,1,1,1,2,1,1,1,0,1,0,0,5,0,0,1,99,99,1,8,0,1,1,1,0,0,0.0,999999.0,999999.0,999999,99999.0,99999.0,99999.0,501.0,1,0,True,False,False,False,True,False,False,True,True,False,False,False,False,False,False,False,False,False,False,False,False,False,False,False,False,True,False,False,False,False,False,True,False,False,1
99,0,999999.0,875.0,29100.0,2,0,0,0,0,0,0,0,0,0,0,0,1,0,0,2,99,99,0,25,0,1,8,2,29,72,3000.0,3000.0,0.0,0,0.0,0.0,0.0,47.0,1,0,True,False,False,False,True,False,False,True,False,False,False,False,False,False,False,False,False,True,False,False,False,False,False,False,False,False,False,True,False,False,False,True,False,False,1
99,1,137500.0,0.0,23420.0,1,0,2,0,1,0,1,0,0,0,0,0,5,0,0,1,99,99,1,16,1,1,3,1,17,11,700.0,700.0,0.0,0,0.0,0.0,0.0,154.0,0,0,True,False,False,False,True,False,False,True,True,False,False,False,False,False,False,False,False,False,False,False,False,False,False,False,False,False,False,True,False,False,False,True,False,False,1
99,1,350000.0,0.0,47300.0,1,1,1,1,0,0,0,0,0,0,2,1,4,2,2,1,3,3,0,33,1,0,7,0,37,49,33000.0,33000.0,0.0,0,0.0,0.0,0.0,376.0,0,1,True,False,False,False,True,False,False,True,False,False,False,True,False,False,False,False,False,False,False,False,False,False,False,False,False,False,False,True,False,False,True,False,False,False,1
99,0,999999.0,675.0,33300.0,1,1,1,1,2,0,1,1,0,1,0,0,5,0,0,1,99,99,2,12,1,1,2,1,0,0,0.0,999999.0,999999.0,999999,99999.0,99999.0,99999.0,225.0,0,0,True,False,False,False,True,False,False,True,True,False,False,False,False,False,False,False,False,False,False,False,False,False,False,False,False,False,False,True,False,False,False,True,False,False,1
99,0,999999.0,875.0,3129.0,1,0,1,0,1,0,1,0,0,0,0,0,3,0,0,1,99,99,1,16,1,0,4,0,20,9,2400.0,0.0,0.0,0,0.0,2400.0,0.0,31.0,1,0,True,False,False,False,True,False,False,True,True,False,False,False,False,False,False,False,False,False,False,False,False,False,False,False,False,False,False,True,False,False,False,True,False,False,1
99,0,999999.0,875.0,44000.0,1,0,1,0,1,0,1,0,0,0,0,0,6,0,0,1,99,99,1,32,0,0,7,0,31,65,23000.0,23000.0,0.0,0,0.0,0.0,0.0,257.0,1,0,True,False,False,False,True,False,False,True,True,False,False,False,False,False,False,False,False,False,False,False,False,False,True,False,False,False,False,False,False,False,False,False,True,False,0
99,1,27500.0,0.0,66882.0,1,2,2,2,6,0,2,3,0,2,0,0,6,0,0,1,99,99,1,5,0,1,0,1,0,0,0.0,999999.0,999999.0,999999,99999.0,99999.0,99999.0,383.0,0,0,True,False,False,False,True,False,False,True,False,False,True,False,False,False,False,False,False,False,False,False,False,False,False,False,False,True,False,False,False,False,False,True,False,False,1
99,1,275000.0,0.0,97407.0,1,1,1,1,0,0,0,0,0,0,1,1,3,1,0,1,29,29,0,53,0,0,6,0,11,22,0.0,0.0,0.0,0,0.0,0.0,0.0,501.0,0,0,True,False,False,False,True,False,False,True,False,False,False,False,False,False,False,False,False,False,False,False,True,False,False,False,False,False,False,True,False,False,True,False,False,False,1
99,0,999999.0,512.0,10620.0,1,0,1,1,0,0,0,0,0,0,0,0,4,2,0,1,52,32,0,75,0,0,3,0,0,0,620.0,0.0,0.0,0,0.0,620.0,0.0,82.0,0,5,True,False,False,False,True,False,False,True,False,False,False,True,False,False,False,False,False,False,False,False,False,False,False,False,False,False,False,True,False,False,False,False,False,True,1
99,1,225000.0,0.0,48550.0,1,1,1,1,0,0,0,0,0,0,2,1,3,1,1,1,1,1,0,27,1,0,7,0,32,37,46500.0,41000.0,5000.0,0,0.0,0.0,0.0,486.0,1,2,True,False,False,False,True,False,False,True,False,False,False,True,False,False,False,False,False,False,False,False,False,False,False,False,False,False,False,True,False,False,True,False,False,False,1
99,1,400000.0,0.0,58000.0,1,1,1,1,0,0,0,0,0,0,2,1,4,2,0,1,15,13,0,55,1,0,8,0,41,68,40000.0,35000.0,0.0,0,0.0,0.0,0.0,461.0,0,6,True,False,False,False,True,False,False,True,False,False,False,True,False,False,False,False,False,False,False,False,False,False,False,False,False,False,False,True,False,False,True,False,False,False,1
99,1,137500.0,0.0,12367.0,1,0,0,0,0,0,0,0,0,0,0,0,1,0,0,1,99,99,0,50,0,0,7,0,11,22,12367.0,600.0,0.0,0,0.0,0.0,0.0,192.0,1,2,True,False,False,False,True,False,False,True,False,False,False,True,False,False,False,False,False,False,False,False,False,False,False,False,False,False,False,True,True,False,False,False,False,False,1
99,1,77500.0,0.0,43500.0,3,1,1,1,2,0,1,1,0,1,0,0,5,0,0,1,99,99,2,0,1,0,7,0,0,0,0.0,999999.0,999999.0,999999,99999.0,99999.0,99999.0,294.0,1,0,True,False,False,False,True,False,False,True,True,False,False,False,False,False,False,False,False,False,False,False,False,False,False,False,False,False,False,True,False,False,False,True,False,False,1
99,1,32500.0,0.0,30000.0,1,0,1,0,1,0,1,0,0,0,0,0,2,0,0,1,99,99,0,6,0,0,0,0,0,0,0.0,999999.0,999999.0,999999,99999.0,99999.0,99999.0,351.0,1,0,True,False,False,False,True,False,False,True,True,False,False,False,False,False,False,False,False,False,False,False,False,False,True,False,False,False,False,False,False,False,False,True,False,False,1
99,0,999999.0,675.0,69000.0,1,1,0,0,0,0,0,0,0,0,2,1,2,0,0,1,99,99,0,34,1,0,8,0,31,53,38000.0,38000.0,0.0,0,0.0,0.0,0.0,501.0,1,2,True,False,False,False,True,False,False,True,False,False,False,True,False,False,False,False,False,False,False,False,False,False,False,False,False,False,False,True,False,False,True,False,False,False,1
99,0,999999.0,212.0,2214.0,1,1,0,0,0,0,0,0,0,0,1,1,3,0,0,1,99,99,0,24,0,0,6,0,24,47,1500.0,1500.0,0.0,0,0.0,0.0,0.0,22.0,1,0,True,False,False,False,True,False,False,True,False,False,False,False,False,False,False,False,False,False,False,False,True,False,True,False,False,False,False,False,False,False,True,False,False,False,1
99,0,999999.0,675.0,40000.0,1,0,0,1,0,0,0,0,0,0,0,0,3,2,0,1,9,9,0,38,1,1,8,1,27,64,40000.0,40000.0,0.0,0,0.0,0.0,0.0,400.0,1,2,True,False,False,False,True,False,False,True,False,False,False,True,False,False,False,False,False,False,False,False,False,False,True,False,False,False,False,False,True,False,False,False,False,False,1
99,0,999999.0,875.0,28066.0,1,1,1,1,2,0,1,1,0,1,0,0,6,0,0,1,99,99,3,7,0,1,1,1,0,0,0.0,999999.0,999999.0,999999,99999.0,99999.0,99999.0,169.0,1,0,True,False,False,False,True,False,False,True,True,False,False,False,False,False,False,False,False,False,False,False,False,False,False,False,False,True,False,False,False,False,False,True,False,False,1
99,1,400000.0,0.0,254119.0,4,0,0,0,0,0,0,0,0,0,0,0,1,0,0,4,99,99,0,50,0,0,8,0,6,7,9000.0,9000.0,0.0,0,0.0,0.0,0.0,140.0,1,0,True,False,False,False,True,False,False,True,False,False,False,False,False,True,False,False,False,False,False,False,False,False,False,False,False,False,False,True,True,False,False,False,False,False,0
99,1,187500.0,0.0,5700.0,1,1,0,0,0,0,0,0,0,0,1,1,2,0,0,1,99,99,0,54,0,0,6,0,24,44,5700.0,4500.0,0.0,0,0.0,0.0,0.0,69.0,0,0,True,False,False,False,True,False,False,True,False,False,False,False,False,False,False,False,False,False,False,False,True,False,False,False,False,False,False,True,False,False,True,False,False,False,1
99,1,187500.0,0.0,96334.0,1,1,0,0,0,0,0,0,0,0,1,1,2,0,0,1,99,99,0,58,0,0,1,0,0,0,0.0,0.0,0.0,0,0.0,0.0,0.0,501.0,0,0,True,False,False,False,True,False,False,True,False,False,False,False,False,False,False,False,False,False,False,False,True,False,False,True,False,False,False,False,False,False,True,False,False,False,1
99,0,999999.0,412.0,263768.0,1,0,0,0,0,0,0,0,0,0,0,0,1,0,0,1,99,99,0,67,1,0,7,0,26,47,263768.0,195516.0,0.0,0,9649.0,0.0,0.0,501.0,0,6,True,False,False,False,True,False,False,True,False,False,False,True,False,False,False,False,False,False,False,False,False,False,False,False,False,False,False,True,True,False,False,False,False,False,1
99,0,999999.0,412.0,9600.0,1,0,1,0,1,0,1,0,0,0,0,0,4,0,0,1,99,99,2,9,0,1,1,1,0,0,0.0,999999.0,999999.0,999999,99999.0,99999.0,99999.0,76.0,1,0,True,False,False,False,True,False,False,True,True,False,False,False,False,False,False,False,False,False,False,False,False,False,False,False,False,False,False,True,False,False,False,True,False,False,1
99,0,999999.0,1000.0,60000.0,1,1,0,0,0,0,0,0,0,0,2,1,2,0,0,1,99,99,0,34,1,0,7,0,37,49,35000.0,35000.0,0.0,0,0.0,0.0,0.0,501.0,1,2,True,False,False,False,True,False,False,True,False,False,False,True,False,False,False,False,False,False,False,False,False,False,False,False,False,False,False,True,False,False,True,False,False,False,1
99,1,400000.0,0.0,86000.0,1,1,0,0,0,0,0,0,0,0,1,1,2,0,0,1,99,99,0,53,0,0,8,0,19,46,36000.0,36000.0,0.0,0,0.0,0.0,0.0,501.0,1,0,True,False,False,False,True,False,False,True,False,False,False,False,False,False,False,False,False,False,False,False,True,False,False,False,False,False,False,True,False,False,True,False,False,False,1
99,0,999999.0,1000.0,82800.0,1,1,1,1,2,0,1,1,0,1,0,0,6,0,0,1,99,99,3,11,1,1,2,2,0,0,0.0,999999.0,999999.0,999999,99999.0,99999.0,99999.0,484.0,1,0,True,False,False,False,True,False,False,True,True,False,False,False,False,False,False,False,False,False,False,False,False,False,False,False,False,False,False,True,False,False,False,True,False,False,1
99,1,225000.0,0.0,31886.0,1,1,0,0,0,0,0,0,0,0,2,1,2,0,0,1,99,99,0,66,1,0,8,0,41,84,31886.0,0.0,0.0,0,10346.0,0.0,876.0,425.0,0,8,True,False,False,False,True,False,False,True,False,False,False,True,False,False,False,False,False,False,False,False,False,False,False,False,False,False,False,True,False,False,True,False,False,False,1
99,0,999999.0,462.0,13000.0,1,1,0,0,0,0,0,0,0,0,2,1,2,0,0,1,99,99,0,25,1,0,6,0,16,15,13000.0,0.0,0.0,0,0.0,0.0,13000.0,157.0,1,1,True,False,False,False,True,False,False,True,False,False,False,True,False,False,False,False,False,False,False,False,False,False,False,False,False,False,False,True,False,False,True,False,False,False,0
99,1,225000.0,0.0,49994.0,1,1,1,1,2,0,1,1,0,1,0,0,4,0,0,1,99,99,1,6,0,1,0,1,0,0,0.0,999999.0,999999.0,999999,99999.0,99999.0,99999.0,398.0,1,0,True,False,False,False,True,False,False,True,True,False,False,False,False,False,False,False,False,False,False,False,False,False,False,False,False,False,False,True,False,False,False,True,False,False,1
99,1,350000.0,0.0,70000.0,1,1,1,1,0,0,0,0,0,0,1,1,4,2,0,1,10,8,0,39,0,0,6,0,0,0,0.0,0.0,0.0,0,0.0,0.0,0.0,501.0,0,0,True,False,False,False,True,False,False,True,False,False,False,False,False,False,False,False,False,False,False,False,True,False,False,False,False,False,False,True,False,False,True,False,False,False,1
99,0,999999.0,675.0,45500.0,1,2,2,2,0,0,0,0,0,0,2,1,7,2,1,1,5,1,1,29,1,0,7,0,27,22,8000.0,8000.0,0.0,0,0.0,0.0,0.0,230.0,0,5,True,False,False,False,True,False,False,True,False,False,False,True,False,False,False,False,False,False,False,False,False,False,False,False,False,False,False,True,False,False,True,False,False,False,0
99,0,999999.0,312.0,36000.0,1,0,2,0,0,0,0,0,0,0,0,0,7,3,1,1,6,2,1,23,0,0,2,0,0,0,9600.0,0.0,0.0,0,0.0,9600.0,0.0,187.0,1,2,True,False,False,False,True,False,False,True,False,False,False,True,False,False,False,False,False,False,False,False,False,False,False,False,False,False,False,True,False,False,False,True,False,False,1
99,0,999999.0,362.0,23758.0,1,1,1,1,2,7,1,1,0,1,0,0,5,0,0,1,99,99,2,18,1,1,5,1,0,0,0.0,0.0,0.0,0,0.0,0.0,0.0,157.0,1,0,True,False,False,False,True,False,False,True,True,False,False,False,False,False,False,False,False,False,False,False,False,False,False,False,False,False,False,True,False,False,False,True,False,False,1
99,1,225000.0,0.0,57000.0,1,1,1,1,2,0,1,1,0,1,0,0,4,0,0,1,99,99,1,4,1,0,0,0,0,0,0.0,999999.0,999999.0,999999,99999.0,99999.0,99999.0,453.0,1,0,True,False,False,False,True,False,False,True,True,False,False,False,False,False,False,False,False,False,False,False,False,False,False,False,False,True,False,False,False,False,False,True,False,False,1
99,1,350000.0,0.0,25000.0,2,0,0,1,0,0,0,0,0,0,0,0,1,0,0,2,99,99,0,40,0,0,7,0,17,13,15000.0,15000.0,0.0,0,0.0,0.0,0.0,233.0,1,0,True,False,False,False,True,False,False,True,False,False,False,False,False,False,False,False,False,True,False,False,False,False,True,False,False,False,False,False,True,False,False,False,False,False,1
99,1,225000.0,0.0,71700.0,1,1,1,1,0,0,0,0,0,0,1,1,7,4,0,1,18,9,0,39,0,1,8,1,26,72,26000.0,26000.0,0.0,0,0.0,0.0,0.0,362.0,0,0,True,False,False,False,True,False,False,True,False,False,False,False,False,False,False,False,False,False,False,False,True,False,False,False,False,False,False,True,False,False,True,False,False,False,1
99,0,999999.0,0.0,999999.0,1,0,0,0,0,0,0,0,0,0,0,0,1,0,0,1,99,99,0,21,0,0,0,0,0,0,0.0,0.0,0.0,0,0.0,0.0,0.0,0.0,0,0,False,False,True,False,False,True,False,True,False,False,False,False,False,True,False,False,False,False,False,False,False,False,False,False,False,False,False,True,False,False,False,True,False,False,1
99,1,162500.0,0.0,159779.0,1,1,1,1,2,0,1,1,0,1,0,0,8,0,0,1,99,99,5,15,1,1,3,1,0,0,0.0,999999.0,999999.0,999999,0.0,0.0,0.0,501.0,1,0,True,False,False,False,True,False,False,True,True,False,False,False,False,False,False,False,False,False,False,False,False,False,False,False,False,True,False,False,False,False,False,True,False,False,1
99,0,999999.0,575.0,71000.0,1,0,1,0,1,0,1,0,0,0,0,0,4,0,0,1,99,99,2,24,0,0,8,0,31,65,15000.0,15000.0,0.0,0,0.0,0.0,0.0,501.0,0,0,True,False,False,False,True,False,False,True,True,False,False,False,False,False,False,False,False,False,False,False,False,False,True,False,False,False,False,False,False,False,False,True,False,False,1
99,1,137500.0,0.0,37749.0,1,1,1,1,0,0,0,0,0,0,2,1,3,1,0,1,22,22,0,58,1,0,1,0,0,0,7560.0,0.0,0.0,0,0.0,7560.0,0.0,389.0,0,6,True,False,False,False,True,False,False,True,False,False,False,True,False,False,False,False,False,False,False,False,False,False,False,False,False,False,False,True,False,False,True,False,False,False,1
99,1,137500.0,0.0,49050.0,1,1,1,1,0,0,0,0,0,0,1,1,3,1,1,1,0,0,0,23,0,1,6,1,41,68,16550.0,16000.0,0.0,500,0.0,0.0,0.0,491.0,1,0,True,False,False,False,True,False,False,True,False,False,False,False,False,False,False,False,False,False,False,False,True,False,False,False,False,False,False,True,False,False,True,False,False,False,1
99,1,400000.0,0.0,118000.0,1,1,1,1,2,0,1,1,0,1,0,0,3,0,0,1,99,99,0,1,1,0,7,0,0,0,0.0,999999.0,999999.0,999999,99999.0,99999.0,99999.0,501.0,1,0,True,False,False,False,True,False,False,True,True,False,False,False,False,False,False,False,False,False,False,False,False,False,False,False,False,False,False,True,False,False,False,True,False,False,1
99,1,275000.0,0.0,79600.0,1,1,1,1,0,0,0,0,0,0,2,1,3,1,0,1,25,25,0,53,1,0,6,0,29,27,29600.0,28000.0,0.0,0,0.0,0.0,0.0,501.0,0,6,True,False,False,False,True,False,False,True,False,False,False,True,False,False,False,False,False,False,False,False,False,False,False,False,False,False,False,True,False,False,True,False,False,False,1
99,1,225000.0,0.0,169331.0,1,1,1,1,2,0,1,1,0,1,0,0,4,0,0,1,99,99,1,26,1,0,8,0,41,68,17200.0,17000.0,0.0,0,0.0,0.0,0.0,501.0,0,0,True,False,False,False,True,False,False,True,True,False,False,False,False,False,False,False,False,False,False,False,False,False,False,False,False,False,False,True,False,False,False,True,False,False,1
99,1,225000.0,0.0,105000.0,1,1,1,1,2,0,1,1,0,1,0,0,4,0,0,1,99,99,1,27,1,0,8,0,46,84,40000.0,40000.0,0.0,0,0.0,0.0,0.0,501.0,0,0,True,False,False,False,True,False,False,True,True,False,False,False,False,False,False,False,False,False,False,False,False,False,False,False,True,False,False,False,False,False,False,True,False,False,1
99,1,275000.0,0.0,60000.0,1,1,1,1,0,0,0,0,0,0,2,1,5,3,1,1,6,2,0,33,1,0,7,0,24,47,38000.0,0.0,38000.0,0,0.0,0.0,0.0,405.0,1,1,True,False,False,False,True,False,False,True,False,False,False,True,False,False,False,False,False,False,False,False,False,False,False,False,False,False,False,True,False,False,True,False,False,False,1
99,0,999999.0,312.0,29000.0,1,1,1,0,3,0,1,0,0,0,2,1,3,0,0,1,99,99,0,28,1,0,6,0,22,18,15000.0,15000.0,0.0,0,0.0,0.0,0.0,299.0,0,5,True,False,False,False,True,False,False,True,False,False,False,True,False,False,False,False,False,False,False,False,False,False,False,False,False,False,False,True,False,False,True,False,False,False,1
99,0,999999.0,1000.0,179015.0,1,1,0,0,0,0,0,0,0,0,2,1,2,0,0,1,99,99,0,43,1,0,8,0,41,68,133515.0,0.0,123515.0,0,0.0,0.0,0.0,501.0,1,1,True,False,False,False,True,False,False,True,False,False,False,True,False,False,False,False,False,False,False,False,False,False,False,True,False,False,False,False,False,False,True,False,False,False,0
99,0,999999.0,675.0,25412.0,2,0,0,1,0,0,0,1,0,1,0,0,5,0,0,1,99,99,3,15,1,1,3,1,0,0,0.0,999999.0,999999.0,999999,0.0,0.0,0.0,174.0,1,0,True,False,False,False,True,False,False,True,True,False,False,False,False,False,False,False,False,False,False,False,False,False,False,False,False,False,False,True,False,True,False,False,False,False,1
99,0,999999.0,0.0,999999.0,1,0,0,0,0,0,0,0,0,0,0,0,1,0,0,1,99,99,0,45,1,0,2,0,33,60,14000.0,14000.0,0.0,0,0.0,0.0,0.0,0.0,1,0,False,False,True,False,False,True,False,True,False,False,False,False,False,True,False,False,False,False,False,False,False,False,True,False,False,False,False,False,False,False,False,True,False,False,1
99,0,999999.0,282.0,0.0,2,0,1,1,3,0,1,0,0,0,0,0,3,1,0,1,7,7,0,39,1,0,0,0,0,0,0.0,0.0,0.0,0,0.0,0.0,0.0,1.0,0,2,True,False,False,False,True,False,False,True,False,False,False,True,False,False,False,False,False,False,False,False,False,False,False,False,False,False,False,True,False,False,False,True,False,False,1
99,0,999999.0,875.0,18000.0,2,0,0,0,0,0,0,0,0,0,0,0,1,0,0,1,99,99,0,23,1,0,7,0,25,44,18000.0,18000.0,0.0,0,0.0,0.0,0.0,279.0,1,1,True,False,False,False,True,False,False,True,False,False,False,True,False,False,False,False,False,False,False,False,False,False,False,False,False,False,False,True,False,True,False,False,False,False,1
99,0,999999.0,362.0,42175.0,3,1,1,1,0,0,0,0,0,0,1,1,9,1,0,1,17,17,0,45,0,0,0,0,0,0,0.0,0.0,0.0,0,0.0,0.0,0.0,168.0,1,0,True,False,False,False,True,False,False,True,False,False,False,False,False,False,False,False,False,False,False,False,True,False,False,False,False,False,False,True,False,False,True,False,False,False,1
99,1,275000.0,0.0,42701.0,2,0,2,0,0,0,0,0,0,0,0,0,4,0,0,1,99,99,0,53,1,0,6,0,20,9,4300.0,3000.0,0.0,0,0.0,0.0,1300.0,328.0,1,0,True,False,False,False,True,False,False,True,False,False,False,False,False,False,True,False,False,False,False,False,False,False,False,False,False,False,False,True,False,False,False,False,True,False,1
99,1,137500.0,0.0,66000.0,1,2,2,2,0,0,0,0,0,0,4,1,7,2,1,1,10,4,0,26,0,0,6,0,0,0,0.0,0.0,0.0,0,0.0,0.0,0.0,333.0,0,0,True,False,False,False,True,False,False,True,False,False,False,False,False,False,False,False,False,False,False,True,False,False,False,False,False,False,False,True,False,False,True,False,False,False,1
99,0,999999.0,875.0,26241.0,2,0,0,0,0,0,0,0,0,0,0,0,1,0,0,2,99,99,0,29,0,1,8,2,31,53,27057.0,25000.0,0.0,0,0.0,0.0,0.0,419.0,1,0,True,False,False,False,True,False,False,True,False,False,False,False,False,False,False,False,False,True,False,False,False,False,False,False,False,False,False,True,False,False,False,True,False,False,1
99,0,999999.0,487.0,78830.0,1,1,1,1,2,0,1,1,3,1,0,0,5,0,0,1,99,99,2,18,0,1,6,1,0,0,0.0,0.0,0.0,0,0.0,0.0,0.0,501.0,0,0,True,False,False,False,True,False,False,True,True,False,False,False,False,False,False,False,False,False,False,False,False,False,True,False,False,False,False,False,False,False,False,True,False,False,1
99,1,225000.0,0.0,59186.0,1,1,1,1,2,0,1,1,0,1,0,0,4,0,0,1,99,99,1,17,1,1,5,1,14,17,651.0,651.0,0.0,0,0.0,0.0,0.0,455.0,0,0,True,False,False,False,True,False,False,True,True,False,False,False,False,False,False,False,False,False,False,False,False,False,False,False,False,False,False,True,False,False,False,True,False,False,1
99,0,999999.0,675.0,69500.0,1,1,1,1,1,0,1,2,0,1,0,0,3,0,0,1,99,99,0,0,0,0,7,0,0,0,0.0,999999.0,999999.0,999999,99999.0,99999.0,99999.0,501.0,1,0,True,False,False,False,True,False,False,True,True,False,False,False,False,False,False,False,False,False,False,False,False,False,False,False,False,False,False,True,False,False,False,True,False,False,1
99,0,999999.0,675.0,15000.0,1,0,1,0,1,0,1,0,0,0,0,0,3,0,0,1,99,99,1,10,0,1,2,1,0,0,0.0,999999.0,999999.0,999999,99999.0,99999.0,99999.0,150.0,1,0,True,False,False,False,True,False,False,True,True,False,False,False,False,False,False,False,False,False,False,False,False,False,True,False,False,False,False,False,False,False,False,True,False,False,1
99,0,999999.0,875.0,25000.0,3,0,0,0,0,0,0,0,0,0,0,0,1,0,0,3,99,99,0,67,0,0,2,0,0,0,7200.0,0.0,0.0,0,0.0,7200.0,0.0,121.0,1,0,True,False,False,False,True,False,False,True,False,False,False,False,False,True,False,False,False,False,False,False,False,False,False,False,False,False,False,True,False,False,False,True,False,False,1
99,0,999999.0,537.0,22000.0,2,0,0,0,0,0,0,0,0,0,0,0,1,0,0,2,99,99,0,23,0,0,8,0,41,72,15000.0,15000.0,0.0,0,0.0,0.0,0.0,233.0,1,0,True,False,False,False,True,False,False,True,False,False,False,False,False,False,False,False,False,True,False,False,False,False,False,False,False,False,False,True,False,False,False,True,False,False,1
99,0,999999.0,625.0,68600.0,1,1,2,1,4,0,1,0,0,0,2,1,4,1,1,1,4,4,0,26,1,0,6,0,34,47,34000.0,34000.0,0.0,0,0.0,0.0,0.0,501.0,1,2,True,False,False,False,True,False,False,True,False,False,False,True,False,False,False,False,False,False,False,False,False,False,False,False,False,False,False,True,False,False,True,False,False,False,1
99,1,225000.0,0.0,71204.0,1,1,1,1,1,0,1,2,0,1,0,0,4,0,0,1,99,99,1,7,0,1,1,1,0,0,0.0,999999.0,999999.0,999999,99999.0,99999.0,99999.0,501.0,1,0,True,False,False,False,True,False,False,True,True,False,False,False,False,False,False,False,False,False,False,False,False,False,False,False,False,False,False,True,False,False,False,True,False,False,1
99,0,999999.0,575.0,36864.0,1,0,0,0,0,0,0,0,0,0,0,0,2,0,0,1,99,99,0,28,0,1,7,1,19,46,4000.0,2000.0,0.0,0,0.0,0.0,2000.0,444.0,1,0,True,False,False,False,True,False,False,True,False,False,False,False,False,False,True,False,False,False,False,False,False,False,True,False,False,False,False,False,False,False,False,False,True,False,1
99,0,999999.0,1000.0,82800.0,1,1,1,1,2,0,1,1,0,1,0,0,6,0,0,1,99,99,3,12,0,1,2,2,0,0,0.0,999999.0,999999.0,999999,99999.0,99999.0,99999.0,484.0,1,0,True,False,False,False,True,False,False,True,True,False,False,False,False,False,False,False,False,False,False,False,False,False,False,False,False,False,False,True,False,False,False,True,False,False,1
99,0,999999.0,725.0,69228.0,1,2,1,1,2,0,1,1,0,1,0,0,11,0,0,1,99,99,2,4,1,0,0,0,0,0,0.0,999999.0,999999.0,999999,99999.0,99999.0,99999.0,269.0,1,0,True,False,False,False,True,False,False,True,True,False,False,False,False,False,False,False,False,False,False,False,False,False,False,True,False,False,False,False,False,False,False,True,False,False,1
99,0,999999.0,625.0,30000.0,1,1,1,1,0,0,0,0,0,0,1,1,4,2,1,1,6,1,0,29,0,0,6,0,0,0,0.0,0.0,0.0,0,0.0,0.0,0.0,239.0,1,0,True,False,False,False,True,False,False,True,False,False,False,False,False,False,False,False,False,False,False,False,True,False,False,False,False,False,False,True,False,False,True,False,False,False,1
99,0,999999.0,875.0,10080.0,1,0,1,1,0,0,0,3,0,2,0,0,4,0,0,1,99,99,0,3,0,0,0,0,0,0,0.0,999999.0,999999.0,999999,99999.0,99999.0,99999.0,78.0,1,0,True,False,False,False,True,False,False,True,False,False,True,False,False,False,False,False,False,False,False,False,False,False,False,False,False,False,False,True,False,False,False,True,False,False,1
99,0,999999.0,237.0,66257.0,1,0,0,0,0,0,0,0,0,0,0,0,1,0,0,1,99,99,0,79,1,1,6,1,0,0,66257.0,0.0,0.0,0,7654.0,0.0,0.0,501.0,0,8,True,False,False,False,True,False,False,True,False,False,False,True,False,False,False,False,False,False,False,False,False,False,False,False,False,False,False,True,False,False,False,True,False,False,1
99,0,999999.0,212.0,1689.0,1,0,1,0,1,0,1,0,0,0,0,0,5,0,0,1,99,99,3,15,0,1,4,1,0,0,0.0,999999.0,999999.0,999999,0.0,0.0,0.0,11.0,0,0,True,False,False,False,True,False,False,True,True,False,False,False,False,False,False,False,False,False,False,False,False,False,True,False,False,False,False,False,False,False,False,True,False,False,1
99,0,999999.0,512.0,16788.0,1,0,1,1,0,0,0,2,0,2,0,0,6,0,0,1,99,99,3,5,1,1,0,1,0,0,0.0,999999.0,999999.0,999999,99999.0,99999.0,99999.0,101.0,1,0,True,False,False,False,True,False,False,True,False,False,True,False,False,False,False,False,False,False,False,False,False,False,False,False,False,False,False,True,False,False,False,True,False,False,1
99,1,112500.0,0.0,44780.0,1,1,1,1,2,0,1,1,0,1,0,0,3,0,0,1,99,99,0,14,1,1,2,1,0,0,0.0,999999.0,999999.0,999999,99999.0,99999.0,99999.0,449.0,0,0,True,False,False,False,True,False,False,True,True,False,False,False,False,False,False,False,False,False,False,False,False,False,True,False,False,False,False,False,False,False,False,True,False,False,1
99,1,57500.0,0.0,6932.0,1,0,0,0,0,0,0,0,0,0,0,0,1,0,0,1,99,99,0,84,0,0,8,0,0,0,6932.0,0.0,0.0,0,4512.0,1620.0,800.0,117.0,0,8,True,False,False,False,True,False,False,True,False,False,False,True,False,False,False,False,False,False,False,False,False,False,False,False,False,False,False,True,False,False,False,False,False,True,1
99,1,275000.0,0.0,29578.0,1,0,1,1,0,0,0,0,0,0,0,0,5,2,0,1,34,31,0,63,1,0,6,0,41,68,12928.0,0.0,0.0,0,0.0,0.0,0.0,195.0,0,8,True,False,False,False,True,False,False,True,False,False,False,True,False,False,False,False,False,False,False,False,False,False,False,False,False,False,False,True,False,False,False,False,False,True,1
99,0,999999.0,362.0,37000.0,1,1,1,1,0,0,0,0,0,0,2,1,7,5,1,1,13,4,0,35,1,0,7,0,20,8,28500.0,28500.0,0.0,0,0.0,0.0,0.0,199.0,0,2,True,False,False,False,True,False,False,True,False,False,False,True,False,False,False,False,False,False,False,False,False,False,False,False,False,False,False,True,False,False,True,False,False,False,1
99,1,112500.0,0.0,25200.0,1,1,0,0,0,0,0,0,0,0,1,1,2,0,0,1,99,99,0,69,0,0,6,0,0,0,12800.0,0.0,0.0,0,7000.0,0.0,0.0,336.0,0,0,True,False,False,False,True,False,False,True,False,False,False,False,False,False,False,False,False,False,False,False,True,False,False,False,False,False,False,True,False,False,True,False,False,False,1
99,1,137500.0,0.0,46800.0,1,1,3,1,0,0,0,0,0,0,8,5,10,1,0,1,12,12,0,32,0,0,0,0,0,0,9600.0,0.0,0.0,0,0.0,9600.0,0.0,182.0,0,0,True,False,False,False,True,False,False,True,False,False,False,False,False,False,True,False,False,False,False,False,False,False,False,False,False,False,False,True,False,False,True,False,False,False,1
99,1,225000.0,0.0,15000.0,4,0,0,0,0,0,0,0,0,0,0,0,1,0,0,2,99,99,0,35,1,0,7,0,16,15,8160.0,8160.0,0.0,0,0.0,0.0,0.0,126.0,1,0,True,False,False,False,True,False,False,True,False,False,False,False,False,True,False,False,False,False,False,False,False,False,False,False,False,False,False,True,False,False,False,True,False,False,0
99,1,275000.0,0.0,67700.0,1,1,0,0,0,0,0,0,0,0,2,1,2,0,0,1,99,99,0,55,1,0,7,0,32,34,50000.0,50000.0,0.0,0,0.0,0.0,0.0,501.0,0,6,True,False,False,False,True,False,False,True,False,False,False,True,False,False,False,False,False,False,False,False,False,False,False,False,False,False,False,True,False,False,True,False,False,False,1
99,1,112500.0,0.0,30000.0,1,1,1,1,0,0,0,0,0,0,1,1,4,2,0,1,13,10,0,36,0,0,5,0,16,15,0.0,0.0,0.0,0,0.0,0.0,0.0,239.0,0,0,True,False,False,False,True,False,False,True,False,False,False,False,False,False,False,False,False,False,False,False,True,False,False,False,False,False,False,True,False,False,True,False,False,False,1
99,1,225000.0,0.0,5196.0,1,0,0,0,0,0,0,0,0,0,0,0,1,0,0,1,99,99,0,66,0,0,6,0,0,0,5196.0,0.0,0.0,0,5196.0,0.0,0.0,87.0,0,7,True,False,False,False,True,False,False,True,False,False,False,True,False,False,False,False,False,False,False,False,False,False,False,False,False,False,False,True,False,False,False,False,False,True,1
99,0,999999.0,512.0,11000.0,1,1,1,0,0,0,0,0,0,0,2,1,3,0,0,1,99,99,0,28,1,1,7,1,20,9,8000.0,8000.0,0.0,0,0.0,0.0,0.0,113.0,1,2,True,False,False,False,True,False,False,True,False,False,False,True,False,False,False,False,False,False,False,False,False,False,False,False,False,False,False,True,False,False,True,False,False,False,1
99,1,350000.0,0.0,102019.0,1,1,1,1,0,0,0,0,0,0,2,1,5,3,0,1,18,13,0,46,1,0,8,0,35,62,89300.0,60000.0,0.0,0,0.0,0.0,4300.0,501.0,0,5,True,False,False,False,True,False,False,True,False,False,False,True,False,False,False,False,False,False,False,False,False,False,False,False,True,False,False,False,False,False,True,False,False,False,1
99,0,999999.0,875.0,28322.0,2,1,1,2,0,0,0,0,0,0,0,0,1,0,0,2,99,99,0,32,0,0,4,0,0,0,0.0,0.0,0.0,0,0.0,0.0,0.0,1.0,0,0,True,False,False,False,True,False,False,True,False,False,False,False,False,False,False,False,False,True,False,False,False,False,False,False,False,False,False,True,False,False,False,True,False,False,1
99,0,999999.0,575.0,30800.0,1,1,1,1,2,0,1,1,0,1,0,0,3,0,0,1,99,99,0,1,1,0,7,0,0,0,0.0,999999.0,999999.0,999999,99999.0,99999.0,99999.0,309.0,1,0,True,False,False,False,True,False,False,True,True,False,False,False,False,False,False,False,False,False,False,False,False,False,False,False,False,True,False,False,False,False,False,True,False,False,1
99,0,999999.0,337.0,19600.0,1,1,1,1,2,0,1,1,0,1,0,0,4,0,0,1,99,99,1,9,1,1,1,1,0,0,0.0,999999.0,999999.0,999999,99999.0,99999.0,99999.0,156.0,0,0,True,False,False,False,True,False,False,True,True,False,False,False,False,False,False,False,False,False,False,False,False,False,False,False,False,False,False,True,False,False,False,True,False,False,1
99,0,999999.0,537.0,15000.0,1,0,0,0,0,0,0,0,0,0,0,0,1,0,0,1,99,99,0,62,1,0,6,0,41,68,15000.0,15000.0,0.0,0,0.0,0.0,0.0,233.0,1,2,True,False,False,False,True,False,False,True,False,False,False,True,False,False,False,False,False,False,False,False,False,False,False,False,False,False,False,True,False,False,False,True,False,False,1
99,0,999999.0,1000.0,82150.0,2,0,0,0,0,0,0,0,0,0,0,0,1,0,0,1,99,99,0,55,0,0,7,0,41,68,82150.0,79750.0,0.0,0,0.0,0.0,0.0,501.0,1,1,True,False,False,False,True,False,False,True,False,False,False,True,False,False,False,False,False,False,False,False,False,False,False,False,False,False,False,True,True,False,False,False,False,False,1
99,1,225000.0,0.0,79010.0,1,1,1,1,0,0,0,0,0,0,1,1,4,2,0,1,16,15,0,43,0,0,7,0,29,72,23000.0,23000.0,0.0,0,0.0,0.0,0.0,501.0,1,0,True,False,False,False,True,False,False,True,False,False,False,False,False,False,False,False,False,False,False,False,True,False,False,False,False,False,False,True,False,False,True,False,False,False,1
99,0,999999.0,487.0,7500.0,3,0,0,0,0,0,0,0,0,0,0,0,1,0,0,2,99,99,0,29,1,1,6,2,20,8,13000.0,13000.0,0.0,0,0.0,0.0,0.0,202.0,1,0,True,False,False,False,True,False,False,True,False,False,False,False,False,True,False,False,False,False,False,False,False,False,False,False,False,False,False,True,False,False,False,True,False,False,1
99,1,187500.0,0.0,17000.0,1,1,1,1,2,0,1,1,0,1,0,0,5,0,0,1,99,99,2,11,0,1,2,1,0,0,0.0,999999.0,999999.0,999999,99999.0,99999.0,99999.0,115.0,1,0,True,False,False,False,True,False,False,True,True,False,False,False,False,False,False,False,False,False,False,False,False,False,False,False,False,False,False,True,False,False,False,True,False,False,1
99,1,187500.0,0.0,16079.0,1,1,1,1,2,0,1,3,0,1,0,0,3,0,0,1,99,99,0,64,0,0,7,0,0,0,4100.0,0.0,0.0,0,3751.0,0.0,0.0,166.0,0,8,True,False,False,False,True,False,False,True,False,False,False,True,False,False,False,False,False,False,False,False,False,False,False,False,False,False,False,True,False,False,False,False,False,True,1
99,0,999999.0,875.0,12746.0,1,1,0,0,0,0,0,0,0,0,2,2,2,0,0,1,99,99,0,82,0,0,7,0,0,0,7562.0,0.0,0.0,0,7562.0,0.0,0.0,170.0,1,2,True,False,False,False,True,False,False,True,False,False,False,True,False,False,False,False,False,False,False,False,False,False,True,False,False,False,False,False,False,False,True,False,False,False,1
99,0,999999.0,575.0,45567.0,1,1,1,1,1,0,1,2,0,1,0,0,5,0,0,1,99,99,2,16,1,1,4,1,0,0,15189.0,0.0,0.0,0,0.0,15189.0,0.0,308.0,0,0,True,False,False,False,True,False,False,True,True,False,False,False,False,False,False,False,False,False,False,False,False,False,False,False,False,False,False,True,False,False,False,True,False,False,1
99,1,400000.0,0.0,85000.0,1,1,1,1,2,0,1,1,0,1,0,0,6,0,0,1,99,99,3,11,1,1,2,2,0,0,0.0,999999.0,999999.0,999999,99999.0,99999.0,99999.0,501.0,0,0,True,False,False,False,True,False,False,True,True,False,False,False,False,False,False,False,False,False,False,False,False,False,False,False,False,False,False,True,False,False,False,True,False,False,1
99,0,999999.0,262.0,1564.0,1,0,2,0,2,0,2,0,0,0,0,0,4,0,0,1,99,99,1,4,0,1,0,1,0,0,0.0,999999.0,999999.0,999999,99999.0,99999.0,99999.0,12.0,1,0,True,False,False,False,True,False,False,True,False,False,True,False,False,False,False,False,False,False,False,False,False,False,False,False,False,False,False,True,False,False,False,True,False,False,1
99,0,999999.0,575.0,43000.0,1,0,1,0,0,0,0,0,0,0,0,0,4,2,1,1,8,3,0,29,0,0,7,0,22,61,7000.0,6500.0,0.0,0,0.0,0.0,500.0,342.0,1,1,True,False,False,False,True,False,False,True,False,False,False,True,False,False,False,False,False,False,False,False,False,False,True,False,False,False,False,False,True,False,False,False,False,False,1
99,0,999999.0,625.0,59500.0,2,0,0,1,0,0,0,0,0,0,0,0,8,0,0,1,99,99,1,31,1,0,2,0,11,11,9000.0,9000.0,0.0,0,0.0,0.0,0.0,261.0,1,0,True,False,False,False,True,False,False,True,False,False,False,False,False,False,False,False,False,False,True,False,False,False,False,False,False,False,False,True,False,True,False,False,False,False,1
99,0,999999.0,875.0,40596.0,1,1,1,1,0,0,0,0,0,0,2,1,5,3,0,1,21,11,0,42,1,0,7,0,35,62,5990.0,3500.0,0.0,0,0.0,0.0,2490.0,259.0,1,2,True,False,False,False,True,False,False,True,False,False,False,True,False,False,False,False,False,False,False,False,False,False,False,False,False,False,False,True,False,False,True,False,False,False,1
99,0,999999.0,537.0,17000.0,2,0,0,0,0,0,0,0,0,0,0,0,1,0,0,2,99,99,0,21,1,0,6,0,24,47,7000.0,7000.0,0.0,0,0.0,0.0,0.0,109.0,1,0,True,False,False,False,True,False,False,True,False,False,False,False,False,False,False,False,False,True,False,False,False,False,True,False,False,False,False,False,False,False,False,True,False,False,1
99,0,999999.0,1000.0,40000.0,2,0,0,0,0,0,0,0,0,0,0,0,1,0,0,1,99,99,0,29,1,1,7,1,41,68,40000.0,40000.0,0.0,0,0.0,0.0,0.0,501.0,1,1,True,False,False,False,True,False,False,True,False,False,False,True,False,False,False,False,False,False,False,False,False,False,False,False,False,False,False,True,False,False,False,True,False,False,1
99,0,999999.0,387.0,5112.0,1,0,0,0,0,0,0,0,0,0,0,0,2,0,0,1,99,99,0,68,0,0,6,0,0,0,4800.0,0.0,0.0,0,4800.0,0.0,0.0,68.0,0,2,True,False,False,False,True,False,False,True,False,False,False,True,False,False,False,False,False,False,False,False,False,False,True,False,False,False,False,False,False,False,False,False,False,True,1
99,0,999999.0,875.0,5709.0,2,1,1,1,0,0,0,0,0,0,2,1,3,1,1,1,3,3,0,34,1,1,8,2,25,52,5709.0,0.0,5709.0,0,0.0,0.0,0.0,57.0,1,2,True,False,False,False,True,False,False,True,False,False,False,True,False,False,False,False,False,False,False,False,False,False,False,False,False,False,False,True,False,False,True,False,False,False,1
99,1,162500.0,0.0,32000.0,1,1,1,1,2,0,1,1,0,1,0,0,4,0,0,1,99,99,1,6,0,1,0,1,0,0,0.0,999999.0,999999.0,999999,99999.0,99999.0,99999.0,254.0,0,0,True,False,False,False,True,False,False,True,True,False,False,False,False,False,False,False,False,False,False,False,False,False,False,False,False,False,False,True,False,False,False,True,False,False,1
99,1,137500.0,0.0,47704.0,1,1,1,1,0,0,0,0,0,0,1,1,5,2,1,1,7,2,0,27,0,1,7,1,42,84,8550.0,8500.0,0.0,0,0.0,0.0,0.0,322.0,1,0,True,False,False,False,True,False,False,True,False,False,False,False,False,False,False,False,False,False,False,False,True,False,False,False,False,False,False,True,False,False,True,False,False,False,1
99,1,350000.0,0.0,6704.0,1,1,1,1,1,0,1,2,0,1,0,0,3,0,0,1,99,99,0,8,1,1,1,1,0,0,0.0,999999.0,999999.0,999999,99999.0,99999.0,99999.0,67.0,1,0,True,False,False,False,True,False,False,True,True,False,False,False,False,False,False,False,False,False,False,False,False,False,False,False,False,True,False,False,False,False,False,True,False,False,1
99,1,187500.0,0.0,36500.0,1,1,1,1,0,0,0,0,0,0,1,1,6,4,0,1,16,7,0,44,0,0,6,0,22,51,0.0,0.0,0.0,0,0.0,0.0,0.0,220.0,0,0,True,False,False,False,True,False,False,True,False,False,False,False,False,False,False,False,False,False,False,False,True,False,False,False,False,False,False,True,False,False,True,False,False,False,1
99,1,400000.0,0.0,264000.0,1,1,2,1,2,0,1,1,0,1,0,0,8,0,0,1,99,99,2,3,1,0,0,0,0,0,0.0,999999.0,999999.0,999999,99999.0,99999.0,99999.0,501.0,1,0,True,False,False,False,True,False,False,True,True,False,False,False,False,False,False,False,False,False,False,False,False,False,False,False,False,True,False,False,False,False,False,True,False,False,1
99,1,187500.0,0.0,122200.0,1,1,1,1,2,0,1,1,0,1,0,0,4,0,0,1,99,99,1,13,1,1,2,1,0,0,0.0,999999.0,999999.0,999999,99999.0,99999.0,99999.0,501.0,0,0,True,False,False,False,True,False,False,True,True,False,False,False,False,False,False,False,False,False,False,False,False,False,False,False,False,True,False,False,False,False,False,True,False,False,1
99,1,137500.0,0.0,50000.0,1,1,1,1,2,0,1,1,0,1,0,0,4,0,0,1,99,99,1,13,1,1,2,1,0,0,0.0,999999.0,999999.0,999999,99999.0,99999.0,99999.0,398.0,0,0,True,False,False,False,True,False,False,True,True,False,False,False,False,False,False,False,False,False,False,False,False,False,False,False,False,False,False,True,False,False,False,True,False,False,1
99,0,999999.0,312.0,28000.0,1,1,1,1,0,0,0,0,0,0,1,1,4,2,0,1,18,16,0,42,0,0,2,0,35,44,14000.0,14000.0,0.0,0,0.0,0.0,0.0,215.0,0,0,True,False,False,False,True,False,False,True,False,False,False,False,False,False,False,False,False,False,False,False,True,False,False,False,False,False,False,True,False,False,True,False,False,False,1
99,0,999999.0,875.0,23000.0,2,1,1,1,2,0,1,1,0,1,0,0,4,0,0,1,99,99,1,4,0,1,0,1,0,0,0.0,999999.0,999999.0,999999,99999.0,99999.0,99999.0,183.0,1,0,True,False,False,False,True,False,False,True,True,False,False,False,False,False,False,False,False,False,False,False,False,False,False,False,False,False,False,True,False,False,False,True,False,False,1
99,0,999999.0,0.0,999999.0,1,0,0,0,0,0,0,0,0,0,0,0,1,0,0,1,99,99,0,22,1,0,6,0,11,18,8400.0,8400.0,0.0,0,0.0,0.0,0.0,0.0,1,0,False,False,True,False,False,True,False,True,False,False,False,False,False,True,False,False,False,False,False,False,False,False,False,False,False,False,False,True,False,False,False,True,False,False,0
99,1,400000.0,0.0,30000.0,1,0,1,0,1,0,1,0,0,0,0,0,3,0,0,1,99,99,1,13,0,1,2,1,0,0,0.0,999999.0,999999.0,999999,99999.0,99999.0,99999.0,300.0,0,0,True,False,False,False,True,False,False,True,True,False,False,False,False,False,False,False,False,False,False,False,False,False,False,False,False,False,False,True,False,False,False,True,False,False,1
99,1,137500.0,0.0,22778.0,1,1,1,1,2,0,1,1,0,1,0,0,4,0,0,1,99,99,1,3,0,0,0,0,0,0,0.0,999999.0,999999.0,999999,99999.0,99999.0,99999.0,181.0,1,0,True,False,False,False,True,False,False,True,True,False,False,False,False,False,False,False,False,False,False,False,False,False,True,False,False,False,False,False,False,False,False,True,False,False,1
99,0,999999.0,725.0,13550.0,2,0,1,0,1,0,1,0,0,0,0,0,2,0,0,1,99,99,0,12,0,0,2,0,0,0,0.0,999999.0,999999.0,999999,99999.0,99999.0,99999.0,159.0,0,0,True,False,False,False,True,False,False,True,True,False,False,False,False,False,False,False,False,False,False,False,False,False,False,False,False,False,False,True,False,False,False,True,False,False,1
99,1,112500.0,0.0,36576.0,1,0,0,0,0,0,0,0,0,0,0,0,2,0,0,1,99,99,0,74,0,0,5,0,0,0,21512.0,0.0,0.0,0,6768.0,0.0,0.0,488.0,0,8,True,False,False,False,True,False,False,True,False,False,False,True,False,False,False,False,False,False,False,False,False,False,False,False,False,False,False,True,False,False,False,False,False,True,1
99,0,999999.0,212.0,0.0,1,1,1,1,2,0,1,1,0,1,0,0,6,0,0,1,99,99,3,13,0,1,2,1,0,0,0.0,999999.0,999999.0,999999,99999.0,99999.0,99999.0,1.0,0,0,True,False,False,False,True,False,False,True,True,False,False,False,False,False,False,False,False,False,False,False,False,False,False,False,False,False,False,True,False,False,False,True,False,False,1
99,1,187500.0,0.0,47260.0,1,1,0,0,0,0,0,0,0,0,1,1,2,0,0,1,99,99,0,22,0,0,7,0,41,68,22200.0,22000.0,0.0,0,0.0,0.0,0.0,501.0,0,0,True,False,False,False,True,False,False,True,False,False,False,False,False,False,False,False,False,False,False,False,True,False,False,False,False,False,False,True,False,False,True,False,False,False,1
99,0,999999.0,0.0,999999.0,1,0,0,0,0,0,0,0,0,0,0,0,1,0,0,1,99,99,0,15,1,1,2,1,0,0,0.0,999999.0,999999.0,999999,0.0,0.0,0.0,0.0,1,0,False,True,False,True,False,False,False,True,False,False,False,False,True,False,False,False,False,False,False,False,False,False,False,False,False,False,False,True,False,False,False,True,False,False,1
99,0,999999.0,337.0,19600.0,1,1,1,1,0,0,0,0,0,0,1,1,4,2,1,1,9,1,0,29,0,0,6,0,19,17,10000.0,10000.0,0.0,0,0.0,0.0,0.0,156.0,0,0,True,False,False,False,True,False,False,True,False,False,False,False,False,False,False,False,False,False,False,False,True,False,False,False,False,False,False,True,False,False,True,False,False,False,1
99,0,999999.0,337.0,7000.0,1,0,0,0,0,0,0,0,0,0,0,0,1,0,0,1,99,99,0,64,0,0,1,0,0,0,7000.0,0.0,0.0,0,0.0,7000.0,0.0,109.0,0,6,True,False,False,False,True,False,False,True,False,False,False,True,False,False,False,False,False,False,False,False,False,False,False,False,False,False,False,True,True,False,False,False,False,False,1
99,0,999999.0,537.0,12000.0,1,0,1,0,1,0,1,0,0,0,0,0,2,0,0,1,99,99,0,12,1,1,2,1,0,0,0.0,999999.0,999999.0,999999,99999.0,99999.0,99999.0,140.0,1,0,True,False,False,False,True,False,False,True,True,False,False,False,False,False,False,False,False,False,False,False,False,False,False,False,False,False,False,True,False,False,False,True,False,False,1
99,1,275000.0,0.0,52012.0,1,1,1,1,0,0,0,0,0,0,2,1,3,1,1,1,2,2,0,42,1,0,6,0,29,27,52012.0,57418.0,0.0,0,0.0,0.0,0.0,501.0,0,5,True,False,False,False,True,False,False,True,False,False,False,True,False,False,False,False,False,False,False,False,False,False,False,False,False,False,False,True,False,False,True,False,False,False,1
99,0,999999.0,537.0,8328.0,2,0,1,0,1,0,1,0,0,0,0,0,6,0,0,1,99,99,4,7,1,1,1,1,0,0,0.0,999999.0,999999.0,999999,99999.0,99999.0,99999.0,51.0,1,0,True,False,False,False,True,False,False,True,True,False,False,False,False,False,False,False,False,False,False,False,False,False,False,False,False,False,False,True,False,False,False,True,False,False,1
99,1,225000.0,0.0,88500.0,1,1,1,1,2,0,1,1,0,1,0,0,4,0,0,1,99,99,1,10,1,1,2,1,0,0,0.0,999999.0,999999.0,999999,99999.0,99999.0,99999.0,501.0,0,0,True,False,False,False,True,False,False,True,True,False,False,False,False,False,False,False,False,False,False,False,False,False,False,False,False,False,False,True,False,False,False,True,False,False,1
99,1,137500.0,0.0,47704.0,1,1,1,1,0,0,0,0,0,0,2,1,5,2,1,1,7,2,0,33,1,0,6,0,41,68,35050.0,35000.0,0.0,0,0.0,0.0,0.0,322.0,1,1,True,False,False,False,True,False,False,True,False,False,False,True,False,False,False,False,False,False,False,False,False,False,False,False,False,False,False,True,False,False,True,False,False,False,1
99,0,999999.0,337.0,18000.0,1,1,0,0,0,0,0,0,0,0,2,1,2,0,0,1,99,99,0,56,1,0,2,0,25,44,11000.0,11000.0,0.0,0,0.0,0.0,0.0,217.0,1,1,True,False,False,False,True,False,False,True,False,False,False,True,False,False,False,False,False,False,False,False,False,False,False,False,False,False,False,True,False,False,True,False,False,False,1
99,0,999999.0,875.0,25690.0,6,0,0,0,0,0,0,0,0,0,0,0,1,0,0,1,99,99,0,45,1,1,2,1,20,9,25690.0,6366.0,0.0,0,0.0,0.0,0.0,398.0,0,2,True,False,False,False,True,False,False,True,False,False,False,True,False,False,False,False,False,False,False,False,False,False,False,False,False,False,False,True,False,False,False,True,False,False,1
99,1,162500.0,0.0,34500.0,1,1,1,1,0,0,0,0,0,0,2,1,5,3,1,1,10,3,0,30,1,0,6,0,31,65,27000.0,27000.0,0.0,0,0.0,0.0,0.0,233.0,1,2,True,False,False,False,True,False,False,True,False,False,False,True,False,False,False,False,False,False,False,False,False,False,True,False,False,False,False,False,False,False,True,False,False,False,1
99,1,350000.0,0.0,38750.0,1,1,1,1,0,0,0,0,0,0,1,1,3,1,0,1,19,19,0,47,0,0,6,0,41,77,23450.0,23450.0,0.0,0,0.0,0.0,0.0,400.0,0,0,True,False,False,False,True,False,False,True,False,False,False,False,False,False,False,False,False,False,False,False,True,False,False,False,False,False,False,True,False,False,True,False,False,False,1
99,0,999999.0,387.0,15000.0,1,0,0,0,0,0,0,0,0,0,0,0,1,0,0,1,99,99,0,49,0,0,7,0,25,44,15000.0,15000.0,0.0,0,0.0,0.0,0.0,233.0,0,5,True,False,False,False,True,False,False,True,False,False,False,True,False,False,False,False,False,False,False,False,False,False,False,False,False,False,False,True,True,False,False,False,False,False,1
99,0,999999.0,625.0,0.0,2,0,0,0,0,0,0,0,0,0,0,0,1,0,0,1,99,99,0,18,0,0,6,0,11,16,0.0,0.0,0.0,0,0.0,0.0,0.0,1.0,1,1,True,False,False,False,True,False,False,True,False,False,False,True,False,False,False,False,False,False,False,False,False,False,False,False,False,False,False,True,False,False,False,True,False,False,1
99,1,137500.0,0.0,10850.0,2,0,0,0,0,0,0,0,0,0,0,0,1,0,0,2,99,99,0,71,1,0,7,0,26,47,19500.0,7500.0,0.0,0,12000.0,0.0,0.0,328.0,1,0,True,False,False,False,True,False,False,True,False,False,False,False,False,False,False,False,False,True,False,False,False,False,True,False,False,False,False,False,True,False,False,False,False,False,1
99,0,999999.0,1000.0,36140.0,2,0,0,0,0,0,0,0,0,0,0,0,1,0,0,1,99,99,0,34,1,0,8,0,42,86,36140.0,26000.0,10000.0,0,0.0,0.0,0.0,501.0,1,6,True,False,False,False,True,False,False,True,False,False,False,True,False,False,False,False,False,False,False,False,False,False,False,False,False,False,False,True,False,False,False,True,False,False,1
99,1,225000.0,0.0,63000.0,1,1,1,1,2,0,1,1,0,1,0,0,4,0,0,1,99,99,1,2,1,0,7,0,0,0,0.0,999999.0,999999.0,999999,99999.0,99999.0,99999.0,501.0,1,0,True,False,False,False,True,False,False,True,True,False,False,False,False,False,False,False,False,False,False,False,False,False,False,False,False,False,False,True,False,False,False,True,False,False,1
99,1,275000.0,0.0,15450.0,1,0,0,0,0,0,0,0,0,0,0,0,1,0,0,1,99,99,0,69,0,0,6,0,0,0,15450.0,0.0,0.0,0,7450.0,0.0,0.0,260.0,0,8,True,False,False,False,True,False,False,True,False,False,False,True,False,False,False,False,False,False,False,False,False,False,False,False,False,False,False,True,False,False,False,False,False,True,1
99,0,999999.0,875.0,10557.0,1,0,1,0,1,0,1,0,0,0,0,0,9,0,0,1,99,99,6,16,1,1,5,1,0,0,0.0,0.0,0.0,0,0.0,0.0,0.0,44.0,0,0,True,False,False,False,True,False,False,True,True,False,False,False,False,False,False,False,False,False,False,False,False,False,False,False,False,False,False,True,False,False,False,True,False,False,1
99,0,999999.0,312.0,6000.0,1,0,1,0,1,0,1,0,0,0,0,0,2,0,0,1,99,99,0,2,1,0,7,0,0,0,0.0,999999.0,999999.0,999999,99999.0,99999.0,99999.0,70.0,1,0,True,False,False,False,True,False,False,True,True,False,False,False,False,False,False,False,False,False,False,False,False,False,False,False,False,False,False,True,False,False,False,True,False,False,1
99,0,999999.0,875.0,43300.0,3,0,0,0,0,0,0,0,0,0,0,0,1,0,0,1,99,99,0,27,1,1,7,1,27,29,43300.0,43000.0,0.0,0,0.0,0.0,300.0,501.0,0,1,True,False,False,False,True,False,False,True,False,False,False,True,False,False,False,False,False,False,False,False,False,False,False,False,False,False,False,True,False,False,False,True,False,False,1
99,0,999999.0,487.0,8000.0,3,0,0,0,0,0,0,0,0,0,0,0,3,0,0,1,99,99,1,23,0,0,0,0,23,18,0.0,0.0,0.0,0,0.0,0.0,0.0,82.0,1,0,True,False,False,False,True,False,False,True,False,False,False,False,False,False,False,False,False,False,True,False,False,False,False,False,False,False,False,True,False,True,False,False,False,False,1
99,0,999999.0,575.0,28512.0,1,1,2,1,9,7,1,0,0,0,1,1,11,5,0,1,20,12,1,42,0,0,1,0,6,7,6240.0,6240.0,0.0,0,0.0,0.0,0.0,111.0,1,0,True,False,False,False,True,False,False,True,False,False,False,False,False,False,False,False,False,False,False,False,True,False,False,False,False,False,False,True,False,False,True,False,False,False,1
99,1,400000.0,0.0,94820.0,1,1,1,1,0,0,0,0,0,0,2,1,5,3,0,1,22,14,0,52,1,0,8,0,25,44,32200.0,32000.0,0.0,0,200.0,0.0,0.0,501.0,1,6,True,False,False,False,True,False,False,True,False,False,False,True,False,False,False,False,False,False,False,False,False,False,False,False,False,True,False,False,False,False,True,False,False,False,1
99,1,112500.0,0.0,49699.0,1,1,0,0,0,0,0,0,0,0,2,1,2,0,0,1,99,99,0,66,1,0,8,0,0,0,11220.0,0.0,0.0,0,3720.0,0.0,0.0,501.0,0,7,True,False,False,False,True,False,False,True,False,False,False,True,False,False,False,False,False,False,False,False,False,False,False,False,False,False,False,True,False,False,True,False,False,False,1
99,1,62500.0,0.0,79885.0,2,0,0,0,0,0,0,0,0,0,0,0,1,0,0,1,99,99,0,40,0,0,8,0,38,68,79885.0,76283.0,2726.0,0,0.0,0.0,0.0,501.0,1,2,True,False,False,False,True,False,False,True,False,False,False,True,False,False,False,False,False,False,False,False,False,False,False,True,False,False,False,False,True,False,False,False,False,False,1
99,1,95000.0,0.0,65000.0,1,1,1,1,0,0,0,0,0,0,1,1,3,1,0,1,9,9,0,34,0,1,8,1,30,44,25000.0,25000.0,0.0,0,0.0,0.0,0.0,501.0,1,0,True,False,False,False,True,False,False,True,False,False,False,False,False,False,False,False,False,False,False,False,True,False,True,False,False,False,False,False,False,False,True,False,False,False,1
99,1,187500.0,0.0,73000.0,1,1,0,0,0,0,0,0,0,0,1,2,2,0,0,1,99,99,0,62,1,0,6,0,23,18,27000.0,27000.0,0.0,0,0.0,0.0,0.0,501.0,0,0,True,False,False,False,True,False,False,True,False,False,False,False,False,False,False,False,False,False,False,False,True,False,True,False,False,False,False,False,False,False,True,False,False,False,1
99,0,999999.0,875.0,50000.0,2,0,0,0,0,0,0,0,0,0,0,0,1,0,0,1,99,99,0,38,1,0,8,0,35,68,50000.0,50000.0,0.0,0,0.0,0.0,0.0,501.0,1,2,True,False,False,False,True,False,False,True,False,False,False,True,False,False,False,False,False,False,False,False,False,False,False,False,False,False,False,True,True,False,False,False,False,False,1
99,0,999999.0,412.0,14500.0,1,1,1,1,2,0,1,1,0,1,0,0,5,0,0,1,99,99,2,2,1,0,7,0,0,0,0.0,999999.0,999999.0,999999,99999.0,99999.0,99999.0,98.0,1,0,True,False,False,False,True,False,False,True,True,False,False,False,False,False,False,False,False,False,False,False,False,False,False,False,False,False,False,True,False,False,False,True,False,False,1
99,1,225000.0,0.0,58505.0,1,1,1,1,0,0,0,0,0,0,1,1,4,2,0,1,12,10,0,36,0,0,8,0,26,72,40000.0,40000.0,0.0,0,0.0,0.0,0.0,465.0,0,0,True,False,False,False,True,False,False,True,False,False,False,False,False,False,False,False,False,False,False,False,True,False,False,False,False,False,False,True,False,False,True,False,False,False,1
99,1,112500.0,0.0,26627.0,1,1,0,0,0,0,0,0,0,0,1,1,2,0,0,1,99,99,0,76,0,0,7,0,0,0,0.0,0.0,0.0,0,0.0,0.0,0.0,355.0,0,0,True,False,False,False,True,False,False,True,False,False,False,False,False,False,False,False,False,False,False,False,True,False,False,False,False,False,False,True,False,False,True,False,False,False,1
99,1,162500.0,0.0,46650.0,1,0,0,0,0,0,0,0,0,0,0,0,3,0,0,1,99,99,1,27,1,0,8,0,26,72,8000.0,8000.0,0.0,0,0.0,0.0,0.0,481.0,0,0,True,False,False,False,True,False,False,True,False,False,False,False,False,False,False,False,False,False,True,False,False,False,False,False,False,False,False,True,False,False,False,True,False,False,1
99,0,999999.0,412.0,10000.0,1,1,1,1,2,0,1,1,0,1,0,0,7,0,0,1,99,99,4,15,1,1,2,1,0,0,0.0,999999.0,999999.0,999999,0.0,0.0,0.0,54.0,1,0,True,False,False,False,True,False,False,True,True,False,False,False,False,False,False,False,False,False,False,False,False,False,False,False,False,False,False,True,False,False,False,True,False,False,1
99,0,999999.0,575.0,10725.0,1,1,1,1,0,0,0,0,0,0,2,1,4,1,0,1,7,7,0,31,1,0,7,0,11,11,7800.0,7800.0,0.0,0,0.0,0.0,0.0,83.0,0,1,True,False,False,False,True,False,False,True,False,False,False,True,False,False,False,False,False,False,False,False,False,False,False,False,False,False,False,True,False,False,True,False,False,False,1
99,1,400000.0,0.0,124690.0,1,1,1,1,2,0,1,1,0,1,0,0,4,0,0,1,99,99,1,9,0,1,1,1,0,0,0.0,999999.0,999999.0,999999,99999.0,99999.0,99999.0,501.0,1,0,True,False,False,False,True,False,False,True,True,False,False,False,False,False,False,False,False,False,False,False,False,False,False,False,False,False,False,True,False,False,False,True,False,False,1
99,0,999999.0,625.0,17000.0,1,0,0,0,0,0,0,0,0,0,0,0,1,0,0,1,99,99,0,26,1,0,8,0,39,82,17000.0,12000.0,0.0,0,0.0,0.0,0.0,264.0,1,1,True,False,False,False,True,False,False,True,False,False,False,True,False,False,False,False,False,False,False,False,False,False,False,False,False,False,False,True,False,False,False,True,False,False,1
99,1,275000.0,0.0,58000.0,1,1,1,1,2,0,1,1,3,1,0,0,3,0,0,1,99,99,0,16,1,1,4,1,0,0,0.0,0.0,0.0,0,0.0,0.0,0.0,501.0,1,0,True,False,False,False,True,False,False,True,True,False,False,False,False,False,False,False,False,False,False,False,False,False,False,True,False,False,False,False,False,False,False,True,False,False,1
99,0,999999.0,875.0,50000.0,2,0,0,0,0,0,0,0,0,0,0,0,1,0,0,2,99,99,0,33,0,0,8,0,29,48,21200.0,21000.0,0.0,0,0.0,0.0,0.0,329.0,1,0,True,False,False,False,True,False,False,True,False,False,False,False,False,False,False,False,False,True,False,False,False,False,False,False,False,False,False,True,False,False,False,True,False,False,1
99,0,999999.0,462.0,9800.0,1,0,1,0,1,0,1,0,0,0,0,0,4,0,0,1,99,99,2,7,1,1,1,1,0,0,0.0,999999.0,999999.0,999999,99999.0,99999.0,99999.0,78.0,0,0,True,False,False,False,True,False,False,True,True,False,False,False,False,False,False,False,False,False,False,False,False,True,False,False,False,False,False,False,False,False,False,True,False,False,1
99,1,275000.0,0.0,80960.0,1,1,1,2,0,0,0,0,0,0,0,0,7,2,0,1,57,31,0,68,1,0,6,0,42,84,16958.0,0.0,0.0,0,5400.0,6196.0,0.0,409.0,1,0,True,False,False,False,True,False,False,True,False,False,False,False,False,False,False,False,True,False,False,False,False,False,False,True,False,False,False,False,False,True,False,False,False,False,1
99,0,999999.0,875.0,37720.0,1,0,1,0,0,0,0,0,0,0,0,0,4,3,0,1,17,12,0,45,0,0,6,0,29,72,35000.0,35000.0,0.0,0,0.0,0.0,0.0,299.0,1,2,True,False,False,False,True,False,False,True,False,False,False,True,False,False,False,False,False,False,False,False,False,False,False,False,False,False,False,True,True,False,False,False,False,False,1
99,1,187500.0,0.0,28775.0,1,1,0,0,0,0,0,0,0,0,2,1,2,0,0,1,99,99,0,84,1,0,2,0,0,0,14745.0,0.0,0.0,0,7883.0,0.0,0.0,384.0,0,8,True,False,False,False,True,False,False,True,False,False,False,True,False,False,False,False,False,False,False,False,False,False,False,False,False,False,False,True,False,False,True,False,False,False,1
99,0,999999.0,537.0,19752.0,2,1,1,1,0,0,0,0,0,0,0,0,1,0,0,2,99,99,0,38,0,0,0,0,0,0,0.0,0.0,0.0,0,0.0,0.0,0.0,1.0,1,0,True,False,False,False,True,False,False,True,False,False,False,False,False,False,False,False,False,True,False,False,False,False,False,False,False,True,False,False,False,False,False,False,False,True,1
99,1,350000.0,0.0,83025.0,1,1,1,1,0,0,0,0,0,0,1,1,4,2,0,1,17,13,0,40,0,0,8,0,26,72,18000.0,18000.0,0.0,0,0.0,0.0,0.0,501.0,1,0,True,False,False,False,True,False,False,True,False,False,False,False,False,False,False,False,False,False,False,False,True,False,False,False,False,False,False,True,False,False,True,False,False,False,1
99,0,999999.0,625.0,36500.0,1,1,0,0,0,0,0,0,0,0,0,0,4,0,0,1,99,99,0,24,1,0,6,0,28,25,8000.0,0.0,0.0,0,0.0,0.0,8000.0,285.0,0,0,True,False,False,False,True,False,False,True,False,False,False,False,False,False,True,False,False,False,False,False,False,False,False,False,False,False,False,True,False,False,False,True,False,False,1
99,1,350000.0,0.0,89800.0,1,1,2,1,0,0,0,0,0,0,1,1,4,1,1,1,2,2,0,32,0,0,8,0,48,87,35000.0,35000.0,0.0,0,0.0,0.0,0.0,501.0,1,0,True,False,False,False,True,False,False,True,False,False,False,False,False,False,False,False,False,False,False,False,True,False,False,True,False,False,False,False,False,False,True,False,False,False,1
99,1,275000.0,0.0,47000.0,2,0,0,1,0,0,0,0,0,0,0,0,1,0,0,2,99,99,0,29,0,0,7,0,22,51,20000.0,20000.0,0.0,0,0.0,0.0,0.0,310.0,1,0,True,False,False,False,True,False,False,True,False,False,False,False,False,False,False,False,False,True,False,False,False,False,False,False,False,False,False,True,True,False,False,False,False,False,1
99,1,162500.0,0.0,17000.0,4,0,0,0,0,0,0,0,0,0,0,0,1,0,0,3,99,99,0,84,1,0,6,0,41,68,0.0,0.0,0.0,0,0.0,0.0,0.0,1.0,0,0,True,False,False,False,True,False,False,True,False,False,False,False,False,False,False,False,False,True,False,False,False,False,True,False,False,False,False,False,False,False,False,True,False,False,1
99,0,999999.0,1000.0,40000.0,1,1,0,0,0,0,0,0,0,0,2,1,2,0,0,1,99,99,0,41,1,0,8,0,41,68,40000.0,38000.0,0.0,0,0.0,0.0,0.0,482.0,1,2,True,False,False,False,True,False,False,True,False,False,False,True,False,False,False,False,False,False,False,False,False,False,False,False,True,False,False,False,False,False,True,False,False,False,1
99,1,162500.0,0.0,7900.0,1,1,0,0,0,0,0,0,0,0,2,1,2,0,0,1,99,99,0,77,1,0,3,0,36,50,7900.0,0.0,0.0,0,7900.0,0.0,0.0,105.0,0,7,True,False,False,False,True,False,False,True,False,False,False,True,False,False,False,False,False,False,False,False,False,False,False,False,False,False,False,True,False,False,True,False,False,False,1
99,0,999999.0,337.0,24000.0,1,0,0,0,0,0,0,0,0,0,0,0,1,0,0,1,99,99,0,58,0,0,7,0,24,47,24000.0,24000.0,0.0,0,0.0,0.0,0.0,372.0,1,2,True,False,False,False,True,False,False,True,False,False,False,True,False,False,False,False,False,False,False,False,False,False,False,False,False,False,False,True,True,False,False,False,False,False,1
99,0,999999.0,337.0,17011.0,1,2,2,2,0,0,0,0,0,0,5,4,9,1,1,1,4,4,0,23,0,1,6,1,0,0,0.0,0.0,0.0,0,0.0,0.0,0.0,64.0,1,0,True,False,False,False,True,False,False,True,False,False,False,False,False,False,True,False,False,False,False,False,False,False,False,False,False,False,False,True,False,False,True,False,False,False,1
99,1,162500.0,0.0,14300.0,1,0,0,0,0,0,0,0,0,0,0,0,2,0,0,1,99,99,1,41,1,0,7,0,0,0,5600.0,0.0,0.0,0,5200.0,0.0,0.0,172.0,0,8,True,False,False,False,True,False,False,True,False,False,False,True,False,False,False,False,False,False,False,False,False,False,False,False,False,False,False,True,False,False,False,True,False,False,1
99,1,137500.0,0.0,22230.0,7,1,2,1,0,0,0,0,0,0,0,0,5,1,0,1,31,31,0,62,0,0,1,0,0,0,0.0,0.0,0.0,0,0.0,0.0,0.0,147.0,0,6,True,False,False,False,True,False,False,True,False,False,False,True,False,False,False,False,False,False,False,False,False,False,False,False,False,False,False,True,False,True,False,False,False,False,1
99,0,999999.0,337.0,500.0,3,0,1,0,0,0,0,0,0,0,0,0,1,0,0,2,99,99,0,27,1,0,6,0,25,44,0.0,0.0,0.0,0,0.0,0.0,0.0,1.0,1,0,True,False,False,False,True,False,False,True,False,False,False,False,False,True,False,False,False,False,False,False,False,False,False,False,False,False,False,True,False,False,False,True,False,False,1
99,0,999999.0,625.0,37345.0,1,1,0,0,0,0,0,0,0,0,1,1,2,0,0,1,99,99,0,38,0,0,8,0,22,51,14000.0,14000.0,0.0,0,0.0,0.0,0.0,450.0,1,0,True,False,False,False,True,False,False,True,False,False,False,False,False,False,False,False,False,False,False,False,True,False,False,False,False,False,False,True,False,False,True,False,False,False,1
99,1,112500.0,0.0,17060.0,1,0,0,0,0,0,0,0,0,0,0,0,1,0,0,1,99,99,0,76,0,0,6,0,0,0,17060.0,0.0,0.0,0,6700.0,0.0,0.0,287.0,0,7,True,False,False,False,True,False,False,True,False,False,False,True,False,False,False,False,False,False,False,False,False,False,False,False,False,False,False,True,False,False,False,False,False,True,1
99,1,187500.0,0.0,43038.0,1,1,2,1,2,0,1,1,0,1,0,0,6,0,0,1,99,99,1,31,1,0,6,0,22,18,3000.0,0.0,0.0,0,0.0,3000.0,0.0,247.0,0,0,True,False,False,False,True,False,False,True,True,False,False,False,False,False,False,False,False,False,False,False,False,False,True,False,False,False,False,False,False,True,False,False,False,False,1
99,1,275000.0,0.0,105401.0,1,1,1,1,0,0,0,0,0,0,2,1,3,1,0,1,23,23,0,54,1,0,6,0,32,62,52871.0,49171.0,0.0,0,0.0,0.0,0.0,501.0,0,6,True,False,False,False,True,False,False,True,False,False,False,True,False,False,False,False,False,False,False,False,False,False,False,False,False,False,False,True,False,False,True,False,False,False,1
99,0,999999.0,487.0,30000.0,1,1,1,1,0,0,0,0,0,0,2,1,4,2,0,1,7,5,0,31,1,1,2,1,18,8,21000.0,21000.0,0.0,0,0.0,0.0,0.0,239.0,0,5,True,False,False,False,True,False,False,True,False,False,False,True,False,False,False,False,False,False,False,False,False,False,False,False,False,False,False,True,False,False,True,False,False,False,1
99,1,77500.0,0.0,56992.0,1,2,1,1,0,0,0,0,0,0,6,1,13,0,0,1,99,99,0,29,1,0,3,0,25,15,22000.0,22000.0,0.0,0,0.0,0.0,0.0,227.0,0,0,True,False,False,False,True,False,False,True,False,False,False,False,False,False,True,False,False,False,False,False,False,False,False,False,False,False,False,True,False,False,True,False,False,False,1
99,1,350000.0,0.0,35336.0,1,0,0,0,0,0,0,0,0,0,0,0,1,0,0,1,99,99,0,74,0,0,7,0,27,39,35336.0,26000.0,0.0,0,9336.0,0.0,0.0,501.0,0,7,True,False,False,False,True,False,False,True,False,False,False,True,False,False,False,False,False,False,False,False,False,False,False,False,False,False,False,True,False,False,False,False,False,True,1
99,1,225000.0,0.0,40600.0,2,0,0,1,0,0,0,1,0,1,0,0,6,0,0,1,99,99,4,7,1,1,1,1,0,0,0.0,999999.0,999999.0,999999,99999.0,99999.0,99999.0,250.0,0,0,True,False,False,False,True,False,False,True,True,False,False,False,False,False,False,False,False,False,False,False,False,False,False,False,False,False,False,True,False,False,False,True,False,False,1
99,1,187500.0,0.0,23375.0,2,1,1,1,0,0,0,0,0,0,0,0,6,0,0,1,99,99,0,39,0,0,2,0,23,18,19000.0,14000.0,0.0,0,0.0,0.0,0.0,132.0,0,0,True,False,False,False,True,False,False,True,False,False,True,False,False,False,False,False,False,False,False,False,False,False,False,False,False,False,False,True,False,False,False,True,False,False,0
99,1,350000.0,0.0,58500.0,1,1,1,1,0,0,0,0,0,0,2,1,3,1,0,1,17,17,0,59,1,1,8,1,30,44,40500.0,40000.0,0.0,0,0.0,0.0,0.0,501.0,0,7,True,False,False,False,True,False,False,True,False,False,False,True,False,False,False,False,False,False,False,False,False,False,False,False,False,False,False,True,False,False,True,False,False,False,1
99,0,999999.0,112.0,693.0,1,0,1,0,1,0,1,0,0,0,0,0,3,0,0,1,99,99,1,1,1,0,7,0,0,0,0.0,999999.0,999999.0,999999,99999.0,99999.0,99999.0,7.0,1,0,True,False,False,False,True,False,False,True,True,False,False,False,False,False,False,False,False,False,False,False,False,False,True,False,False,False,False,False,False,False,False,True,False,False,1
99,0,999999.0,625.0,7500.0,2,0,1,0,1,0,1,0,0,0,0,0,3,0,0,1,99,99,1,21,1,1,6,1,23,18,5000.0,5000.0,0.0,0,0.0,0.0,0.0,77.0,1,0,True,False,False,False,True,False,False,True,True,False,False,False,False,False,False,False,False,False,False,False,False,False,False,False,False,False,False,True,False,False,False,True,False,False,0
99,0,999999.0,875.0,20000.0,2,0,0,0,0,0,0,0,0,0,0,0,1,0,0,2,99,99,0,22,0,0,8,0,39,73,1200.0,1200.0,0.0,0,0.0,0.0,0.0,19.0,1,0,True,False,False,False,True,False,False,True,False,False,False,False,False,False,False,False,False,True,False,False,False,False,False,False,False,False,False,True,False,False,False,True,False,False,1
99,0,999999.0,575.0,19195.0,1,1,0,0,0,0,0,0,0,0,1,1,2,0,0,1,99,99,0,34,0,0,7,0,11,11,4195.0,4095.0,0.0,0,0.0,0.0,0.0,231.0,1,0,True,False,False,False,True,False,False,True,False,False,False,False,False,False,False,False,False,False,False,False,True,False,False,False,False,False,False,True,False,False,True,False,False,False,0
99,0,999999.0,412.0,21000.0,1,1,1,1,2,0,1,1,0,1,0,0,5,0,0,1,99,99,2,13,1,1,2,1,0,0,0.0,999999.0,999999.0,999999,99999.0,99999.0,99999.0,142.0,0,0,True,False,False,False,True,False,False,True,True,False,False,False,False,False,False,False,False,False,False,False,False,False,False,False,False,False,False,True,False,False,False,True,False,False,1
99,0,999999.0,1000.0,25000.0,2,0,0,0,0,0,0,0,0,0,0,0,1,0,0,2,99,99,0,27,1,0,7,0,24,44,25000.0,25000.0,0.0,0,0.0,0.0,0.0,388.0,1,0,True,False,False,False,True,False,False,True,False,False,False,False,False,False,False,False,False,True,False,False,False,False,False,False,False,False,False,True,False,False,False,True,False,False,0
99,0,999999.0,875.0,60000.0,1,1,1,1,2,0,1,1,0,1,0,0,4,0,0,1,99,99,1,1,1,0,7,0,0,0,0.0,999999.0,999999.0,999999,99999.0,99999.0,99999.0,477.0,1,0,True,False,False,False,True,False,False,True,True,False,False,False,False,False,False,False,False,False,False,False,False,False,False,False,False,False,False,True,False,False,False,True,False,False,1
99,1,187500.0,0.0,25000.0,1,0,0,0,0,0,0,0,0,0,0,0,1,0,0,1,99,99,0,55,0,0,7,0,36,66,25000.0,25000.0,0.0,0,0.0,0.0,0.0,388.0,0,6,True,False,False,False,True,False,False,True,False,False,False,True,False,False,False,False,False,False,False,False,False,False,False,False,False,False,False,True,False,False,False,False,False,True,1
99,0,999999.0,462.0,13000.0,1,1,2,1,6,0,1,0,0,0,1,1,6,3,2,1,5,2,0,25,0,0,6,0,0,0,0.0,0.0,0.0,0,0.0,0.0,0.0,76.0,1,0,True,False,False,False,True,False,False,True,False,False,False,False,False,False,False,False,False,False,False,False,True,False,False,False,False,False,False,True,False,False,True,False,False,False,1
99,1,275000.0,0.0,34305.0,1,1,1,1,0,0,0,0,0,0,2,1,4,2,0,1,20,17,0,45,1,0,6,0,35,50,25808.0,25808.0,0.0,0,0.0,0.0,0.0,264.0,1,2,True,False,False,False,True,False,False,True,False,False,False,True,False,False,False,False,False,False,False,False,False,False,False,False,False,False,False,True,False,False,True,False,False,False,1
99,0,999999.0,162.0,13560.0,1,1,0,0,0,0,0,0,0,0,1,1,2,0,0,1,99,99,0,64,0,0,2,0,18,44,6000.0,6000.0,0.0,0,0.0,0.0,0.0,163.0,0,0,True,False,False,False,True,False,False,True,False,False,False,False,False,False,False,False,False,False,False,False,True,False,False,False,False,True,False,False,False,False,True,False,False,False,0
99,0,999999.0,487.0,53920.0,1,1,1,1,0,0,0,0,0,0,2,1,5,3,0,1,19,15,0,40,1,0,6,0,20,9,20000.0,20000.0,0.0,0,0.0,0.0,0.0,345.0,0,6,True,False,False,False,True,False,False,True,False,False,False,True,False,False,False,False,False,False,False,False,False,False,True,False,False,False,False,False,False,False,True,False,False,False,1
99,0,999999.0,462.0,44035.0,1,1,1,1,2,0,1,1,0,1,0,0,4,0,0,1,99,99,1,3,1,1,0,1,0,0,0.0,999999.0,999999.0,999999,99999.0,99999.0,99999.0,350.0,1,0,True,False,False,False,True,False,False,True,True,False,False,False,False,False,False,False,False,False,False,False,False,False,False,False,False,False,False,True,False,False,False,True,False,False,1
99,0,999999.0,575.0,18198.0,1,2,1,1,0,0,0,0,0,0,2,1,6,3,0,1,18,14,0,52,1,0,0,0,22,18,13500.0,13500.0,0.0,0,0.0,0.0,0.0,104.0,1,2,True,False,False,False,True,False,False,True,False,False,False,True,False,False,False,False,False,False,False,False,False,False,False,False,False,False,False,True,False,False,True,False,False,False,0
99,0,999999.0,675.0,13000.0,1,0,1,0,1,0,1,0,0,0,0,0,6,0,0,1,99,99,4,15,1,1,4,1,0,0,0.0,999999.0,999999.0,999999,0.0,0.0,0.0,80.0,1,0,True,False,False,False,True,False,False,True,True,False,False,False,False,False,False,False,False,False,False,False,False,False,False,False,False,False,False,True,False,False,False,True,False,False,1
99,0,999999.0,575.0,52696.0,1,1,2,1,0,0,0,0,0,0,1,1,4,1,0,1,21,21,0,46,0,0,7,0,22,61,12536.0,11855.0,0.0,0,0.0,0.0,681.0,405.0,1,0,True,False,False,False,True,False,False,True,False,False,False,False,False,False,False,False,False,False,False,False,True,False,False,False,False,False,False,True,False,False,True,False,False,False,1
99,0,999999.0,512.0,55600.0,1,0,0,0,0,0,0,0,0,0,0,0,1,0,0,1,99,99,0,33,1,0,8,0,32,42,55600.0,55000.0,0.0,0,0.0,0.0,0.0,501.0,1,2,True,False,False,False,True,False,False,True,False,False,False,True,False,False,False,False,False,False,False,False,False,False,False,False,False,False,False,True,False,False,False,True,False,False,1
99,0,999999.0,312.0,21480.0,1,1,1,2,0,0,0,0,0,0,2,2,9,3,2,1,5,1,1,24,0,0,2,0,0,0,0.0,0.0,0.0,0,0.0,0.0,0.0,80.0,1,1,True,False,False,False,True,False,False,True,False,False,False,True,False,False,False,False,False,False,False,False,False,False,False,False,False,False,False,True,False,False,True,False,False,False,1
99,1,400000.0,0.0,43570.0,1,1,1,1,0,0,0,0,0,0,2,1,4,2,0,1,25,20,0,59,1,0,8,0,32,42,27000.0,27000.0,0.0,0,0.0,0.0,0.0,341.0,1,2,True,False,False,False,True,False,False,True,False,False,False,True,False,False,False,False,False,False,False,False,False,False,False,False,False,False,False,True,False,False,True,False,False,False,1
99,0,999999.0,575.0,10702.0,1,0,1,0,1,3,1,0,0,0,0,0,3,0,0,1,99,99,1,14,1,1,2,1,0,0,0.0,999999.0,999999.0,999999,99999.0,99999.0,99999.0,107.0,1,0,True,False,False,False,True,False,False,True,True,False,False,False,False,False,False,False,False,False,False,False,False,False,False,True,False,False,False,False,False,False,False,True,False,False,1
99,0,999999.0,412.0,15328.0,1,0,1,1,0,0,0,0,0,0,0,0,7,1,0,1,39,39,0,68,1,0,0,0,23,18,2400.0,0.0,0.0,0,2400.0,0.0,0.0,80.0,1,0,True,False,False,False,True,False,False,True,False,False,False,False,False,False,False,True,False,False,False,False,False,False,False,False,False,False,False,True,False,True,False,False,False,False,1
99,1,95000.0,0.0,53243.0,1,0,0,1,0,0,0,1,0,1,0,0,3,0,0,1,99,99,1,50,1,0,6,0,24,19,46823.0,46024.0,0.0,0,0.0,0.0,0.0,501.0,0,0,True,False,False,False,True,False,False,True,True,False,False,False,False,False,False,False,False,False,False,False,False,False,False,False,False,False,False,True,False,True,False,False,False,False,1
99,0,999999.0,625.0,2000.0,1,0,1,0,1,0,1,0,0,0,0,0,3,0,0,1,99,99,1,13,1,1,2,1,0,0,0.0,999999.0,999999.0,999999,99999.0,99999.0,99999.0,20.0,1,0,True,False,False,False,True,False,False,True,True,False,False,False,False,False,False,False,False,False,False,False,False,False,False,False,False,False,False,True,False,False,False,True,False,False,1
99,0,999999.0,875.0,38010.0,1,1,0,0,0,0,0,0,0,0,1,1,2,0,0,1,99,99,0,61,0,0,7,0,42,84,22010.0,22000.0,0.0,0,0.0,0.0,10.0,458.0,1,0,True,False,False,False,True,False,False,True,False,False,False,False,False,False,False,False,False,False,False,False,True,False,False,False,False,False,False,True,False,False,True,False,False,False,1
99,1,225000.0,0.0,37397.0,1,1,1,1,0,0,0,0,0,0,2,1,3,1,1,1,1,1,0,23,1,0,7,0,28,19,20812.0,20812.0,0.0,0,0.0,0.0,0.0,375.0,1,1,True,False,False,False,True,False,False,True,False,False,False,True,False,False,False,False,False,False,False,False,False,False,False,False,False,False,False,True,False,False,True,False,False,False,1
99,1,112500.0,0.0,39369.0,1,0,2,0,3,0,2,0,0,0,0,0,7,0,0,1,99,99,3,6,0,1,0,1,0,0,0.0,999999.0,999999.0,999999,99999.0,99999.0,99999.0,205.0,0,0,True,False,False,False,True,False,False,True,False,False,True,False,False,False,False,False,False,False,False,False,False,False,True,False,False,False,False,False,False,False,False,True,False,False,1
99,0,999999.0,337.0,15000.0,1,0,1,0,1,0,1,0,0,0,0,0,2,0,0,1,99,99,0,17,0,1,6,1,25,44,0.0,0.0,0.0,0,0.0,0.0,0.0,176.0,1,0,True,False,False,False,True,False,False,True,True,False,False,False,False,False,False,False,False,False,False,False,False,False,True,False,False,False,False,False,False,False,False,True,False,False,1
99,1,187500.0,0.0,45000.0,2,0,0,1,0,0,0,0,0,0,0,0,2,1,0,1,9,9,0,38,1,0,8,0,27,64,45000.0,45000.0,0.0,0,0.0,0.0,0.0,501.0,0,5,True,False,False,False,True,False,False,True,False,False,False,True,False,False,False,False,False,False,False,False,False,False,True,False,False,False,False,False,False,False,False,True,False,False,1
99,1,225000.0,0.0,87000.0,1,1,0,0,0,0,0,0,0,0,1,1,2,0,0,1,99,99,0,46,0,0,6,0,41,68,17000.0,17000.0,0.0,0,0.0,0.0,0.0,501.0,1,0,True,False,False,False,True,False,False,True,False,False,False,False,False,False,False,False,False,False,False,False,True,False,False,False,False,False,False,True,False,False,True,False,False,False,1
99,0,999999.0,875.0,33000.0,1,1,1,1,0,0,0,0,0,0,2,1,4,2,0,1,10,9,0,37,1,0,6,0,41,68,14000.0,14000.0,0.0,0,0.0,0.0,0.0,262.0,0,2,True,False,False,False,True,False,False,True,False,False,False,True,False,False,False,False,False,False,False,False,False,False,True,False,False,False,False,False,False,False,True,False,False,False,1
99,1,95000.0,0.0,22460.0,1,1,2,1,3,0,2,0,0,0,0,0,6,0,0,1,99,99,0,8,0,1,1,1,0,0,0.0,999999.0,999999.0,999999,99999.0,99999.0,99999.0,126.0,1,0,True,False,False,False,True,False,False,True,False,False,True,False,False,False,False,False,False,False,False,False,False,False,True,False,False,False,False,False,False,False,False,True,False,False,1
99,1,95000.0,0.0,80430.0,1,1,1,0,0,0,0,0,0,0,2,1,4,0,0,1,99,99,1,38,1,0,6,0,25,15,47320.0,47320.0,0.0,0,0.0,0.0,0.0,501.0,0,5,True,False,False,False,True,False,False,True,False,False,False,True,False,False,False,False,False,False,False,False,False,False,False,False,False,False,False,True,False,False,True,False,False,False,1
99,0,999999.0,875.0,38000.0,2,0,1,0,2,0,3,0,0,0,0,0,3,0,0,2,99,99,1,8,0,1,1,1,0,0,0.0,999999.0,999999.0,999999,99999.0,99999.0,99999.0,1.0,0,0,True,False,False,False,True,False,False,True,False,False,False,False,False,True,False,False,False,False,False,False,False,False,False,False,False,False,False,True,False,False,False,True,False,False,1
99,0,999999.0,875.0,62400.0,1,1,1,1,2,0,1,1,0,1,0,0,4,0,0,1,99,99,1,24,0,0,6,0,41,68,14400.0,14400.0,0.0,0,0.0,0.0,0.0,480.0,1,0,True,False,False,False,True,False,False,True,True,False,False,False,False,False,False,False,False,False,False,False,False,False,False,False,False,False,False,True,False,False,False,True,False,False,1
99,1,275000.0,0.0,29719.0,1,0,0,0,0,0,0,0,0,0,0,0,1,0,0,1,99,99,0,69,1,0,6,0,0,0,29719.0,0.0,0.0,0,7463.0,0.0,0.0,500.0,0,7,True,False,False,False,True,False,False,True,False,False,False,True,False,False,False,False,False,False,False,False,False,False,False,False,False,False,False,True,False,False,False,False,False,True,1
99,0,999999.0,875.0,49500.0,1,1,1,1,2,0,1,1,0,1,0,0,4,0,0,1,99,99,1,8,0,1,1,2,0,0,0.0,999999.0,999999.0,999999,99999.0,99999.0,99999.0,394.0,1,0,True,False,False,False,True,False,False,True,True,False,False,False,False,False,False,False,False,False,False,False,False,False,False,False,False,True,False,False,False,False,False,True,False,False,1
99,1,400000.0,0.0,66000.0,1,0,1,0,0,0,0,0,0,0,0,0,3,2,0,1,12,11,0,35,0,1,8,1,31,65,66000.0,42000.0,0.0,0,0.0,0.0,6000.0,501.0,0,6,True,False,False,False,True,False,False,True,False,False,False,True,False,False,False,False,False,False,False,False,False,False,False,False,False,False,False,True,False,False,False,False,True,False,1
99,0,999999.0,512.0,51749.0,1,1,2,1,0,0,0,0,0,0,2,2,8,2,0,1,9,7,2,28,0,0,2,0,22,18,6500.0,6500.0,0.0,0,0.0,0.0,0.0,233.0,1,1,True,False,False,False,True,False,False,True,False,False,False,True,False,False,False,False,False,False,False,False,False,False,False,False,False,False,False,True,False,False,True,False,False,False,1
99,0,999999.0,725.0,9000.0,2,0,0,0,0,0,0,0,0,0,0,0,1,0,0,2,99,99,0,26,0,1,4,1,20,8,0.0,0.0,0.0,0,0.0,0.0,0.0,1.0,0,0,True,False,False,False,True,False,False,True,False,False,False,False,False,False,False,False,False,True,False,False,False,False,False,False,False,False,False,True,False,False,False,False,True,False,1
99,0,999999.0,875.0,28300.0,2,0,2,0,3,0,2,0,0,0,0,0,6,0,0,1,99,99,1,4,0,0,0,0,0,0,0.0,999999.0,999999.0,999999,99999.0,99999.0,99999.0,162.0,1,0,True,False,False,False,True,False,False,True,False,False,True,False,False,False,False,False,False,False,False,False,False,False,False,False,False,False,False,True,False,False,False,True,False,False,1
99,0,999999.0,675.0,28000.0,1,1,1,1,0,0,0,0,0,0,1,1,6,4,1,1,23,3,0,39,0,0,6,0,22,61,0.0,0.0,0.0,0,0.0,0.0,0.0,164.0,0,0,True,False,False,False,True,False,False,True,False,False,False,False,False,False,False,False,False,False,False,False,True,False,False,False,False,False,False,True,False,False,True,False,False,False,1
99,1,112500.0,0.0,42600.0,1,1,1,1,0,0,0,0,0,0,2,1,4,2,0,1,15,10,0,39,1,0,5,0,35,49,35400.0,35400.0,0.0,0,0.0,0.0,0.0,339.0,0,5,True,False,False,False,True,False,False,True,False,False,False,True,False,False,False,False,False,False,False,False,False,False,False,False,False,False,False,True,False,False,True,False,False,False,1
99,1,137500.0,0.0,28500.0,1,1,1,1,0,0,0,0,0,0,2,2,3,1,0,1,12,12,0,43,0,0,7,0,25,44,17000.0,17000.0,0.0,0,0.0,0.0,0.0,286.0,0,6,True,False,False,False,True,False,False,True,False,False,False,True,False,False,False,False,False,False,False,False,False,False,False,False,False,False,False,True,False,False,True,False,False,False,1
99,1,77500.0,0.0,29105.0,1,1,1,1,2,0,1,1,0,1,0,0,7,0,0,1,99,99,4,15,0,1,4,1,0,0,0.0,999999.0,999999.0,999999,0.0,0.0,0.0,157.0,0,0,True,False,False,False,True,False,False,True,True,False,False,False,False,False,False,False,False,False,False,False,False,False,False,False,False,False,False,True,False,False,False,True,False,False,1
99,1,85000.0,0.0,67364.0,1,1,2,1,2,0,1,1,0,1,0,0,7,3,0,1,7,5,1,29,0,0,7,0,37,78,25404.0,20304.0,0.0,0,0.0,0.0,5100.0,340.0,1,0,True,False,False,False,True,False,False,True,True,False,False,False,False,False,False,False,False,False,False,False,False,False,False,False,False,False,False,True,True,False,False,False,False,False,1
99,1,350000.0,0.0,62999.0,1,1,1,1,0,0,0,0,0,0,1,1,4,2,2,1,4,1,0,37,0,0,8,0,39,82,12391.0,11665.0,0.0,0,0.0,0.0,0.0,501.0,0,0,True,False,False,False,True,False,False,True,False,False,False,False,False,False,False,False,False,False,False,False,True,False,False,True,False,False,False,False,False,False,True,False,False,False,1
99,1,112500.0,0.0,54748.0,1,2,2,2,0,0,0,0,0,0,4,2,5,1,0,1,21,21,0,31,1,0,2,0,25,15,25000.0,25000.0,0.0,0,0.0,0.0,0.0,355.0,0,0,True,False,False,False,True,False,False,True,False,True,False,False,False,False,False,False,False,False,False,False,False,False,False,False,False,False,False,True,False,False,True,False,False,False,1
99,1,350000.0,0.0,93716.0,1,1,1,1,0,0,0,0,0,0,1,1,4,2,0,1,24,21,0,51,0,0,8,0,26,44,30000.0,30000.0,0.0,0,0.0,0.0,0.0,501.0,0,0,True,False,False,False,True,False,False,True,False,False,False,False,False,False,False,False,False,False,False,False,True,False,False,False,False,False,False,True,False,False,True,False,False,False,1
99,0,999999.0,725.0,42475.0,1,1,1,1,0,0,0,0,0,0,0,0,7,0,0,1,99,99,1,22,0,1,7,2,23,18,4475.0,4475.0,0.0,0,0.0,0.0,0.0,221.0,1,0,True,False,False,False,True,False,False,True,False,False,False,False,False,False,False,False,False,False,False,True,False,False,False,False,False,False,False,True,False,False,False,True,False,False,1
99,1,400000.0,0.0,72000.0,1,1,1,1,0,0,0,0,0,0,1,1,4,2,2,1,1,1,0,40,0,0,8,0,31,73,-7000.0,0.0,-7000.0,0,0.0,0.0,0.0,501.0,1,0,True,False,False,False,True,False,False,True,False,False,False,False,False,False,False,False,False,False,False,False,True,False,False,False,False,False,False,True,False,False,True,False,False,False,1
99,1,112500.0,0.0,47000.0,1,1,1,1,2,0,1,1,0,1,0,0,3,0,0,1,99,99,0,26,1,1,7,1,38,68,15000.0,15000.0,0.0,0,0.0,0.0,0.0,485.0,0,0,True,False,False,False,True,False,False,True,True,False,False,False,False,False,False,False,False,False,False,False,False,False,False,False,False,False,False,True,False,False,False,True,False,False,1
99,1,32500.0,0.0,30000.0,1,1,0,0,0,0,0,0,0,0,2,1,2,0,0,1,99,99,0,33,1,0,6,0,34,47,30000.0,0.0,30000.0,0,0.0,0.0,0.0,361.0,1,5,True,False,False,False,True,False,False,True,False,False,False,True,False,False,False,False,False,False,False,False,False,False,False,False,False,False,False,True,False,False,True,False,False,False,1
99,1,400000.0,0.0,255516.0,1,1,1,1,2,0,1,1,0,1,0,0,4,0,0,1,99,99,1,13,0,1,2,1,0,0,0.0,999999.0,999999.0,999999,99999.0,99999.0,99999.0,501.0,1,0,True,False,False,False,True,False,False,True,True,False,False,False,False,False,False,False,False,False,False,False,False,False,False,True,False,False,False,False,False,False,False,True,False,False,1
99,0,999999.0,462.0,11000.0,1,1,1,1,0,0,0,0,0,0,2,1,4,2,2,1,4,2,0,27,1,0,6,0,22,15,5500.0,5500.0,0.0,0,0.0,0.0,0.0,87.0,1,1,True,False,False,False,True,False,False,True,False,False,False,True,False,False,False,False,False,False,False,False,False,True,False,False,False,False,False,False,False,False,True,False,False,False,1
99,1,112500.0,0.0,46588.0,1,0,2,0,0,0,0,0,0,0,0,0,5,3,0,1,35,27,0,57,0,0,7,0,0,0,0.0,0.0,0.0,0,0.0,0.0,0.0,298.0,1,0,True,False,False,False,True,False,False,True,False,False,False,False,False,False,False,True,False,False,False,False,False,False,True,False,False,False,False,False,True,False,False,False,False,False,1
99,0,999999.0,675.0,25440.0,3,0,0,1,0,0,0,0,0,0,0,0,6,3,3,1,4,0,0,26,1,0,1,0,32,34,13440.0,13440.0,0.0,0,0.0,0.0,0.0,154.0,1,1,True,False,False,False,True,False,False,True,False,False,False,True,False,False,False,False,False,False,False,False,False,False,False,False,False,False,False,True,False,False,False,True,False,False,1
99,1,85000.0,0.0,19500.0,1,1,1,1,0,0,0,0,0,0,2,1,5,3,0,1,21,8,0,42,1,0,6,0,19,17,6500.0,6500.0,0.0,0,0.0,0.0,0.0,129.0,1,2,True,False,False,False,True,False,False,True,False,False,False,True,False,False,False,False,False,False,False,False,False,False,False,False,False,False,False,True,False,False,True,False,False,False,1
99,1,95000.0,0.0,37000.0,1,1,2,1,2,0,1,1,0,1,0,0,8,0,0,1,99,99,4,21,0,0,6,0,30,65,6500.0,6500.0,0.0,0,0.0,0.0,0.0,166.0,1,0,True,False,False,False,True,False,False,True,True,False,False,False,False,False,False,False,False,False,False,False,False,False,False,False,False,False,False,True,False,False,False,True,False,False,1
99,1,225000.0,0.0,70750.0,1,1,1,1,2,0,1,1,0,1,0,0,6,0,0,1,99,99,3,17,0,1,5,1,16,15,3500.0,3500.0,0.0,0,0.0,0.0,0.0,414.0,0,0,True,False,False,False,True,False,False,True,True,False,False,False,False,False,False,False,False,False,False,False,False,False,False,False,False,False,False,True,False,False,False,True,False,False,1
99,0,999999.0,575.0,14300.0,1,1,1,1,0,0,0,0,0,0,2,2,4,1,1,1,1,1,1,24,0,0,2,0,24,47,0.0,0.0,0.0,0,0.0,0.0,0.0,114.0,1,2,True,False,False,False,True,False,False,True,False,False,False,True,False,False,False,False,False,False,False,False,False,False,False,False,False,False,False,True,False,False,True,False,False,False,1
99,0,999999.0,262.0,12000.0,1,0,0,0,0,0,0,0,0,0,0,0,2,0,0,1,99,99,0,44,0,0,0,0,22,18,12000.0,12000.0,0.0,0,0.0,0.0,0.0,140.0,0,5,True,False,False,False,True,False,False,True,False,False,False,True,False,False,False,False,False,False,False,False,False,False,False,False,False,False,False,True,False,False,False,True,False,False,1
99,1,72500.0,0.0,70000.0,1,1,0,0,0,0,0,0,0,0,2,1,2,0,0,1,99,99,0,54,1,0,5,0,33,44,35000.0,35000.0,0.0,0,0.0,0.0,0.0,501.0,0,5,True,False,False,False,True,False,False,True,False,False,False,True,False,False,False,False,False,False,False,False,False,False,False,False,False,False,False,True,False,False,True,False,False,False,1
99,0,999999.0,1000.0,51296.0,1,1,1,1,2,0,1,1,0,1,0,0,3,0,0,1,99,99,0,23,0,0,4,0,0,0,7296.0,0.0,0.0,0,0.0,7296.0,0.0,501.0,1,0,True,False,False,False,True,False,False,True,True,False,False,False,False,False,False,False,False,False,False,False,False,False,False,False,False,False,False,True,False,False,False,True,False,False,1
99,0,999999.0,625.0,44000.0,1,1,1,1,2,0,1,1,0,1,0,0,3,0,0,1,99,99,0,11,1,1,2,1,0,0,0.0,999999.0,999999.0,999999,99999.0,99999.0,99999.0,441.0,1,0,True,False,False,False,True,False,False,True,True,False,False,False,False,False,False,False,False,False,False,False,False,False,False,False,False,False,False,True,False,False,False,True,False,False,1
99,0,999999.0,875.0,58603.0,1,0,0,0,0,0,0,0,0,0,0,0,1,0,0,1,99,99,0,61,1,0,8,0,0,0,58603.0,0.0,0.0,0,0.0,0.0,0.0,501.0,0,6,True,False,False,False,True,False,False,True,False,False,False,True,False,False,False,False,False,False,False,False,False,False,False,False,False,False,False,True,False,False,False,True,False,False,1
99,0,999999.0,875.0,0.0,1,2,2,2,4,0,2,3,0,2,0,0,7,0,0,1,99,99,2,1,0,0,7,0,0,0,0.0,999999.0,999999.0,999999,99999.0,99999.0,99999.0,1.0,1,0,True,False,False,False,True,False,False,True,False,False,True,False,False,False,False,False,False,False,False,False,False,False,False,False,False,False,False,True,False,False,False,True,False,False,1
99,0,999999.0,1000.0,42000.0,3,1,1,1,2,7,1,1,0,1,0,0,4,0,0,1,99,99,1,3,0,0,0,0,0,0,0.0,999999.0,999999.0,999999,99999.0,99999.0,99999.0,334.0,1,0,True,False,False,False,True,False,False,True,True,False,False,False,False,False,False,False,False,False,False,False,False,False,False,False,False,False,False,True,False,False,False,True,False,False,1
99,1,162500.0,0.0,19800.0,1,0,0,0,0,0,0,0,0,0,0,0,1,0,0,1,99,99,0,79,0,0,7,0,35,62,19800.0,0.0,0.0,0,7800.0,0.0,0.0,333.0,0,8,True,False,False,False,True,False,False,True,False,False,False,True,False,False,False,False,False,False,False,False,False,False,False,False,False,False,False,True,False,False,False,False,False,True,1
99,0,999999.0,875.0,18000.0,1,1,1,1,0,0,0,0,0,0,1,1,6,4,1,1,14,4,0,33,0,0,6,0,0,0,0.0,0.0,0.0,0,0.0,0.0,0.0,109.0,1,0,True,False,False,False,True,False,False,True,False,False,False,False,False,False,False,False,False,False,False,False,True,False,False,False,False,False,False,True,False,False,True,False,False,False,1
99,1,275000.0,0.0,44270.0,1,1,1,1,2,0,1,1,3,1,0,0,6,0,0,1,99,99,3,15,0,1,4,1,0,0,0.0,999999.0,999999.0,999999,0.0,0.0,0.0,267.0,0,0,True,False,False,False,True,False,False,True,True,False,False,False,False,False,False,False,False,False,False,False,False,False,False,False,False,False,False,True,False,False,False,True,False,False,1
99,0,999999.0,537.0,17696.0,1,0,1,1,0,0,0,0,0,0,0,0,4,2,0,1,39,32,0,57,0,0,5,0,20,9,2696.0,2000.0,0.0,0,0.0,0.0,0.0,136.0,0,7,True,False,False,False,True,False,False,True,False,False,False,True,False,False,False,False,False,False,False,False,False,False,True,False,False,False,False,False,False,False,False,False,True,False,1
99,1,225000.0,0.0,42900.0,1,1,1,1,0,0,0,0,0,0,2,1,3,1,1,1,1,1,0,36,1,0,7,0,41,68,35350.0,34900.0,0.0,0,0.0,0.0,0.0,430.0,1,2,True,False,False,False,True,False,False,True,False,False,False,True,False,False,False,False,False,False,False,False,False,False,False,False,False,False,False,True,False,False,True,False,False,False,1
99,0,999999.0,875.0,42738.0,1,0,1,0,0,0,0,0,0,0,0,0,3,2,0,1,22,19,0,56,0,0,7,0,19,46,29052.0,29000.0,0.0,0,0.0,0.0,0.0,441.0,1,1,True,False,False,False,True,False,False,True,False,False,False,True,False,False,False,False,False,False,False,False,False,False,False,False,False,False,False,True,True,False,False,False,False,False,1
99,0,999999.0,362.0,63000.0,1,1,1,1,0,0,0,0,0,0,2,1,7,3,1,1,11,1,0,39,1,0,8,0,22,18,18000.0,18000.0,0.0,0,0.0,0.0,0.0,318.0,0,5,True,False,False,False,True,False,False,True,False,False,False,True,False,False,False,False,False,False,False,False,False,False,False,False,False,False,False,True,False,False,True,False,False,False,0
99,1,187500.0,0.0,23470.0,1,1,1,1,0,0,0,0,0,0,1,1,3,1,0,1,25,25,0,60,0,0,0,0,0,0,0.0,0.0,0.0,0,0.0,0.0,0.0,242.0,1,0,True,False,False,False,True,False,False,True,False,False,False,False,False,False,False,False,False,False,False,False,True,False,False,True,False,False,False,False,False,False,True,False,False,False,1
99,1,350000.0,0.0,13000.0,1,1,1,1,0,0,0,0,0,0,1,1,3,1,1,1,1,1,0,22,0,0,6,0,0,0,0.0,0.0,0.0,0,0.0,0.0,0.0,130.0,1,0,True,False,False,False,True,False,False,True,False,False,False,False,False,False,False,False,False,False,False,False,True,False,False,False,False,False,False,True,False,False,True,False,False,False,1
99,1,137500.0,0.0,36464.0,1,0,0,1,0,0,0,1,0,1,0,0,3,0,0,1,99,99,0,0,1,0,7,0,0,0,0.0,999999.0,999999.0,999999,99999.0,99999.0,99999.0,365.0,1,0,True,False,False,False,True,False,False,True,True,False,False,False,False,False,False,False,False,False,False,False,False,False,False,False,False,False,False,True,False,False,False,True,False,False,1
99,0,999999.0,575.0,23340.0,1,1,1,1,0,0,0,0,0,0,2,1,5,3,0,1,24,18,0,48,1,0,2,0,20,9,12000.0,12000.0,0.0,0,0.0,0.0,0.0,151.0,1,1,True,False,False,False,True,False,False,True,False,False,False,True,False,False,False,False,False,False,False,False,False,False,False,False,False,False,False,True,False,False,True,False,False,False,0
99,1,400000.0,0.0,125520.0,1,1,1,1,2,0,1,1,3,1,0,0,4,0,0,1,99,99,1,18,1,1,6,1,20,9,3000.0,3000.0,0.0,0,0.0,0.0,0.0,501.0,1,0,True,False,False,False,True,False,False,True,True,False,False,False,False,False,False,False,False,False,False,False,False,False,False,False,False,False,False,True,False,False,False,True,False,False,1
99,1,350000.0,0.0,30260.0,1,1,1,1,0,0,0,0,0,0,2,1,3,1,0,1,24,24,0,62,1,0,7,0,32,37,24260.0,0.0,0.0,0,0.0,0.0,0.0,312.0,0,6,True,False,False,False,True,False,False,True,False,False,False,True,False,False,False,False,False,False,False,False,False,False,False,False,False,False,False,True,False,False,True,False,False,False,1
99,0,999999.0,462.0,18888.0,1,1,1,1,0,0,0,0,0,0,1,2,7,5,2,1,15,0,0,25,1,0,6,0,20,9,9000.0,9000.0,0.0,0,0.0,0.0,0.0,102.0,1,0,True,False,False,False,True,False,False,True,False,False,False,False,False,False,False,False,False,False,False,False,True,False,True,False,False,False,False,False,False,False,True,False,False,False,0
99,0,999999.0,875.0,40000.0,1,1,1,1,0,0,0,0,0,0,2,1,4,2,1,1,6,3,0,35,1,0,6,0,20,52,40000.0,40000.0,0.0,0,0.0,0.0,0.0,318.0,1,2,True,False,False,False,True,False,False,True,False,False,False,True,False,False,False,False,False,False,False,False,False,False,False,False,False,False,False,True,False,False,True,False,False,False,1
99,0,999999.0,675.0,50000.0,1,1,1,1,2,0,1,1,0,1,0,0,5,0,0,1,99,99,2,3,1,0,0,0,0,0,0.0,999999.0,999999.0,999999,99999.0,99999.0,99999.0,338.0,1,0,True,False,False,False,True,False,False,True,True,False,False,False,False,False,False,False,False,False,False,False,False,False,False,False,False,False,False,True,False,False,False,True,False,False,1
99,1,275000.0,0.0,123515.0,1,0,0,0,0,0,0,0,0,0,0,0,1,0,0,1,99,99,0,53,1,0,8,0,41,68,123515.0,0.0,123515.0,0,0.0,0.0,0.0,501.0,1,6,True,False,False,False,True,False,False,True,False,False,False,True,False,False,False,False,False,False,False,False,False,False,False,False,False,True,False,False,False,True,False,False,False,False,1
99,0,999999.0,437.0,17000.0,1,0,1,0,1,0,1,0,0,0,0,0,3,0,0,1,99,99,1,2,0,0,7,0,0,0,0.0,999999.0,999999.0,999999,99999.0,99999.0,99999.0,170.0,1,0,True,False,False,False,True,False,False,True,True,False,False,False,False,False,False,False,False,False,False,False,False,False,True,False,False,False,False,False,False,False,False,True,False,False,1
99,1,350000.0,0.0,2064.0,2,0,0,1,0,0,0,0,0,0,0,0,1,0,0,1,99,99,0,59,1,0,6,0,20,52,2064.0,0.0,2064.0,0,0.0,0.0,0.0,32.0,0,6,True,False,False,False,True,False,False,True,False,False,False,True,False,False,False,False,False,False,False,False,False,False,False,False,False,False,False,True,False,True,False,False,False,False,1
99,0,999999.0,437.0,17500.0,2,1,1,1,2,0,1,1,0,1,0,0,9,0,0,1,99,99,5,6,0,1,1,1,0,0,0.0,999999.0,999999.0,999999,99999.0,99999.0,99999.0,70.0,0,0,True,False,False,False,True,False,False,True,True,False,False,False,False,False,False,False,False,False,False,False,False,False,False,False,False,False,False,True,False,False,False,True,False,False,1
99,1,47500.0,0.0,12400.0,1,0,0,0,0,0,0,0,0,0,0,0,1,0,0,1,99,99,0,66,0,0,6,0,0,0,12400.0,0.0,0.0,0,10000.0,0.0,0.0,209.0,0,5,True,False,False,False,True,False,False,True,False,False,False,True,False,False,False,False,False,False,False,False,False,False,False,False,False,False,False,True,False,False,False,False,False,True,1
99,1,225000.0,0.0,116200.0,1,1,1,2,2,0,1,1,0,1,0,0,7,0,0,1,99,99,3,7,0,1,1,1,0,0,0.0,999999.0,999999.0,999999,99999.0,99999.0,99999.0,501.0,0,0,True,False,False,False,True,False,False,True,True,False,False,False,False,False,False,False,False,False,False,False,False,False,False,False,False,False,False,True,False,False,False,True,False,False,1
99,1,275000.0,0.0,12500.0,1,1,0,0,0,0,0,0,0,0,1,1,2,0,0,1,99,99,0,39,0,0,7,0,0,0,0.0,0.0,0.0,0,0.0,0.0,0.0,151.0,1,0,True,False,False,False,True,False,False,True,False,False,False,False,False,False,False,False,False,False,False,False,True,False,False,True,False,False,False,False,False,False,True,False,False,False,1
99,1,225000.0,0.0,38000.0,1,1,1,1,0,0,0,0,0,0,1,1,5,3,0,1,11,5,0,36,0,0,2,0,0,0,0.0,0.0,0.0,0,0.0,0.0,0.0,257.0,0,0,True,False,False,False,True,False,False,True,False,False,False,False,False,False,False,False,False,False,False,False,True,False,False,False,False,False,False,True,False,False,True,False,False,False,1
99,0,999999.0,725.0,57200.0,1,1,1,1,2,0,1,1,0,1,0,0,6,0,0,1,99,99,2,3,1,0,0,0,0,0,0.0,999999.0,999999.0,999999,99999.0,99999.0,99999.0,335.0,1,0,True,False,False,False,True,False,False,True,True,False,False,False,False,False,False,False,False,False,False,False,False,False,False,False,False,False,False,True,False,False,False,True,False,False,1
99,1,400000.0,0.0,6000.0,1,0,0,0,0,0,0,0,0,0,0,0,1,0,0,1,99,99,0,90,0,0,8,0,0,0,6000.0,0.0,0.0,0,6000.0,0.0,0.0,101.0,0,8,True,False,False,False,True,False,False,True,False,False,False,True,False,False,False,False,False,False,False,False,False,False,False,False,False,False,False,True,False,False,False,False,False,True,1
99,0,999999.0,1000.0,100000.0,1,1,1,1,2,0,1,1,0,1,0,0,4,0,0,1,99,99,1,11,1,1,2,1,0,0,0.0,999999.0,999999.0,999999,99999.0,99999.0,99999.0,501.0,1,0,True,False,False,False,True,False,False,True,True,False,False,False,False,False,False,False,False,False,False,False,False,False,False,False,True,False,False,False,False,False,False,True,False,False,1
99,0,999999.0,1000.0,26000.0,3,0,0,0,0,0,0,0,0,0,0,0,1,0,0,2,99,99,0,51,1,0,7,0,41,68,31000.0,31000.0,0.0,0,0.0,0.0,0.0,481.0,0,0,True,False,False,False,True,False,False,True,False,False,False,False,False,False,False,False,False,True,False,False,False,False,False,False,False,False,False,True,False,False,False,True,False,False,1
99,1,137500.0,0.0,33106.0,1,1,1,1,0,0,0,0,0,0,1,1,3,1,1,1,1,1,0,25,0,0,7,0,24,44,8056.0,6200.0,0.0,0,0.0,0.0,0.0,332.0,1,0,True,False,False,False,True,False,False,True,False,False,False,False,False,False,False,False,False,False,False,False,True,False,False,False,False,False,False,True,False,False,True,False,False,False,1
99,1,400000.0,0.0,153603.0,1,1,1,1,0,0,0,0,0,0,1,1,3,1,1,1,2,2,0,32,0,0,7,0,35,68,83603.0,25000.0,0.0,0,0.0,0.0,0.0,501.0,1,0,True,False,False,False,True,False,False,True,False,False,False,False,False,False,False,False,False,False,False,False,True,False,False,False,False,False,False,True,False,False,True,False,False,False,1
99,0,999999.0,875.0,15000.0,3,0,0,0,0,0,0,0,0,0,0,0,1,0,0,3,99,99,0,34,1,0,1,0,0,0,8376.0,0.0,0.0,0,8376.0,0.0,0.0,130.0,0,0,True,False,False,False,True,False,False,True,False,False,False,False,False,True,False,False,False,False,False,False,False,False,False,False,False,False,False,True,False,False,False,True,False,False,1
99,0,999999.0,675.0,50400.0,1,0,1,0,0,0,0,0,0,0,0,0,4,2,0,1,37,21,0,64,0,0,2,0,21,18,0.0,0.0,0.0,0,0.0,0.0,0.0,394.0,1,0,True,False,False,False,True,False,False,True,False,False,False,False,False,False,False,True,False,False,False,False,False,False,False,False,False,False,False,True,False,False,False,False,False,True,1
99,0,999999.0,1000.0,9600.0,2,2,1,1,0,0,0,0,0,0,9,4,2,0,0,2,99,99,0,17,0,1,5,1,0,0,0.0,0.0,0.0,0,0.0,0.0,0.0,108.0,1,0,True,False,False,False,True,False,False,True,False,False,False,False,False,True,False,False,False,False,False,False,False,False,False,False,False,False,False,True,False,False,True,False,False,False,1
99,0,999999.0,512.0,2400.0,1,0,1,0,0,0,0,0,0,0,0,0,3,2,1,1,6,1,0,41,0,0,2,0,22,18,2400.0,2400.0,0.0,0,0.0,0.0,0.0,24.0,1,1,True,False,False,False,True,False,False,True,False,False,False,True,False,False,False,False,False,False,False,False,False,False,False,False,False,False,False,True,True,False,False,False,False,False,1
99,0,999999.0,575.0,10000.0,1,0,0,0,0,0,0,0,0,0,0,0,1,0,0,1,99,99,0,20,1,1,6,1,31,65,10000.0,10000.0,0.0,0,0.0,0.0,0.0,155.0,0,1,True,False,False,False,True,False,False,True,False,False,False,True,False,False,False,False,False,False,False,False,False,False,True,False,False,False,False,False,False,False,False,True,False,False,1
99,0,999999.0,625.0,25000.0,2,0,1,0,1,0,1,0,0,0,0,0,2,0,0,1,99,99,0,15,1,1,3,1,0,0,0.0,999999.0,999999.0,999999,0.0,0.0,0.0,293.0,1,0,True,False,False,False,True,False,False,True,True,False,False,False,False,False,False,False,False,False,False,False,False,False,False,False,False,False,False,True,False,False,False,True,False,False,1
99,1,12500.0,0.0,46913.0,1,1,2,1,2,7,1,1,0,1,0,0,5,0,0,1,99,99,1,19,0,1,7,1,22,45,3415.0,3415.0,0.0,0,0.0,0.0,0.0,300.0,1,0,True,False,False,False,True,False,False,True,True,False,False,False,False,False,False,False,False,False,False,False,False,False,False,True,False,False,False,False,False,False,False,True,False,False,1
99,0,999999.0,1000.0,141691.0,1,1,2,2,2,0,1,1,0,1,0,0,10,0,0,1,99,99,1,7,0,1,1,2,0,0,0.0,999999.0,999999.0,999999,99999.0,99999.0,99999.0,501.0,1,0,True,False,False,False,True,False,False,True,True,False,False,False,False,False,False,False,False,False,False,False,False,False,False,False,False,False,False,True,False,False,False,True,False,False,1
99,0,999999.0,0.0,999999.0,1,0,0,0,0,0,0,0,0,0,0,0,1,0,0,1,99,99,0,21,0,0,7,0,11,18,12000.0,12000.0,0.0,0,0.0,0.0,0.0,0.0,1,0,False,False,True,False,False,True,False,True,False,False,False,False,False,True,False,False,False,False,False,False,False,False,False,False,False,False,False,True,False,False,False,True,False,False,0
99,0,999999.0,362.0,51450.0,5,0,1,0,0,0,0,0,0,0,0,0,4,2,0,1,36,25,0,64,0,0,2,0,0,0,0.0,0.0,0.0,0,0.0,0.0,0.0,402.0,0,0,True,False,False,False,True,False,False,True,False,False,False,False,False,False,False,True,False,False,False,False,False,False,False,False,False,False,False,True,False,False,False,False,False,True,1
99,1,350000.0,0.0,67435.0,1,2,2,2,0,0,0,0,0,0,1,1,5,1,0,1,22,22,0,42,0,0,7,0,25,44,28000.0,28000.0,0.0,0,0.0,0.0,0.0,431.0,0,0,True,False,False,False,True,False,False,True,False,False,False,False,False,False,False,False,False,False,False,False,True,False,False,False,False,False,False,True,False,False,True,False,False,False,1
99,0,999999.0,512.0,32000.0,1,0,0,0,0,0,0,0,0,0,0,0,1,0,0,1,99,99,0,34,1,0,7,0,41,72,32000.0,32000.0,0.0,0,0.0,0.0,0.0,496.0,1,1,True,False,False,False,True,False,False,True,False,False,False,True,False,False,False,False,False,False,False,False,False,False,False,False,False,False,False,True,False,True,False,False,False,False,1
99,1,350000.0,0.0,122200.0,1,0,1,1,4,0,1,0,0,0,0,0,4,2,0,1,30,15,0,54,1,0,7,0,22,18,64000.0,0.0,64000.0,0,0.0,0.0,0.0,501.0,0,8,True,False,False,False,True,False,False,True,False,False,False,True,False,False,False,False,False,False,False,False,False,False,False,False,False,False,False,True,False,False,False,False,True,False,0
99,1,137500.0,0.0,40250.0,2,1,1,1,0,0,0,0,0,0,1,1,6,2,1,1,6,4,0,25,0,0,2,0,22,18,6250.0,5500.0,0.0,0,0.0,0.0,750.0,231.0,1,0,True,False,False,False,True,False,False,True,False,False,False,False,False,False,False,False,False,False,False,False,True,False,False,False,False,False,False,True,False,False,True,False,False,False,1
99,0,999999.0,437.0,10440.0,2,0,1,0,3,0,3,0,0,0,0,0,6,0,0,1,99,99,2,9,1,0,0,0,0,0,0.0,999999.0,999999.0,999999,99999.0,99999.0,99999.0,61.0,1,0,True,False,False,False,True,False,False,True,False,False,False,False,False,False,True,False,False,False,False,False,False,False,False,False,False,False,False,True,False,False,False,True,False,False,1
99,0,999999.0,625.0,17180.0,1,1,1,1,2,0,1,1,0,1,0,0,6,0,0,1,99,99,3,6,0,1,0,2,0,0,0.0,999999.0,999999.0,999999,99999.0,99999.0,99999.0,104.0,1,0,True,False,False,False,True,False,False,True,True,False,False,False,False,False,False,False,False,False,False,False,False,False,False,False,False,False,False,True,False,False,False,True,False,False,1
99,0,999999.0,1000.0,215516.0,1,0,0,0,0,0,0,0,0,0,0,0,1,0,0,1,99,99,0,42,1,0,8,0,39,73,215516.0,195516.0,0.0,0,0.0,0.0,0.0,501.0,1,2,True,False,False,False,True,False,False,True,False,False,False,True,False,False,False,False,False,False,False,False,False,False,False,False,False,False,False,True,False,False,False,True,False,False,1
99,0,999999.0,575.0,27000.0,1,1,1,1,2,0,1,1,0,1,0,0,4,0,0,1,99,99,0,21,1,0,2,0,17,11,6000.0,6000.0,0.0,0,0.0,0.0,0.0,211.0,0,0,True,False,False,False,True,False,False,True,True,False,False,False,False,False,False,False,False,False,False,False,False,False,False,False,False,False,False,True,False,False,False,True,False,False,1
99,1,400000.0,0.0,60000.0,1,1,0,0,0,0,0,0,0,0,1,1,2,0,0,1,99,99,0,60,0,0,8,0,25,31,20000.0,20000.0,0.0,0,0.0,0.0,0.0,501.0,0,0,True,False,False,False,True,False,False,True,False,False,False,False,False,False,False,False,False,False,False,False,True,False,False,False,False,False,False,True,False,False,True,False,False,False,1
99,1,187500.0,0.0,82258.0,1,1,0,1,0,0,0,3,0,1,0,0,5,0,0,1,99,99,2,23,0,0,6,0,11,11,0.0,0.0,0.0,0,0.0,0.0,0.0,501.0,0,0,True,False,False,False,True,False,False,True,False,False,False,False,False,False,False,False,False,False,True,False,False,False,True,False,False,False,False,False,False,False,False,True,False,False,1
99,1,225000.0,0.0,58000.0,1,1,1,1,2,0,1,1,0,1,0,0,4,0,0,1,99,99,1,2,1,0,7,0,0,0,0.0,999999.0,999999.0,999999,99999.0,99999.0,99999.0,461.0,1,0,True,False,False,False,True,False,False,True,True,False,False,False,False,False,False,False,False,False,False,False,False,False,False,False,False,False,False,True,False,False,False,True,False,False,1
99,0,999999.0,675.0,60000.0,1,1,1,1,0,0,0,0,0,0,2,1,4,2,1,1,12,3,0,34,1,0,6,0,25,15,40000.0,40000.0,0.0,0,0.0,0.0,0.0,477.0,1,1,True,False,False,False,True,False,False,True,False,False,False,True,False,False,False,False,False,False,False,False,False,False,False,False,False,False,False,True,False,False,True,False,False,False,1
99,0,999999.0,725.0,49393.0,1,1,0,0,0,0,0,0,0,0,1,1,2,0,0,1,99,99,0,44,0,0,7,0,22,51,22498.0,22498.0,0.0,0,0.0,0.0,0.0,501.0,1,0,True,False,False,False,True,False,False,True,False,False,False,False,False,False,False,False,False,False,False,False,True,False,False,False,False,False,False,True,False,False,True,False,False,False,1
99,1,400000.0,0.0,42000.0,1,1,1,1,0,0,0,0,0,0,1,1,3,1,0,1,16,16,0,41,0,0,7,0,25,48,12000.0,12000.0,0.0,0,0.0,0.0,0.0,421.0,0,0,True,False,False,False,True,False,False,True,False,False,False,False,False,False,False,False,False,False,False,False,True,False,False,False,False,False,False,True,False,False,True,False,False,False,1
99,1,275000.0,0.0,130000.0,1,1,2,1,0,0,0,0,0,0,1,1,7,1,0,1,34,34,0,59,0,0,8,0,40,77,35000.0,35000.0,0.0,0,0.0,0.0,0.0,501.0,0,0,True,False,False,False,True,False,False,True,False,False,False,False,False,False,False,False,False,False,False,False,True,False,False,False,False,True,False,False,False,False,True,False,False,False,1
99,1,350000.0,0.0,121100.0,1,1,1,1,0,0,0,0,0,0,1,1,3,1,1,1,4,4,0,39,0,1,8,1,37,78,49100.0,49000.0,0.0,0,0.0,0.0,0.0,501.0,0,0,True,False,False,False,True,False,False,True,False,False,False,False,False,False,False,False,False,False,False,False,True,False,False,False,True,False,False,False,False,False,True,False,False,False,1
99,1,275000.0,0.0,25242.0,1,0,0,0,0,0,0,0,0,0,0,0,1,0,0,1,99,99,0,83,1,0,6,0,0,0,25242.0,0.0,0.0,0,2650.0,0.0,0.0,424.0,0,8,True,False,False,False,True,False,False,True,False,False,False,True,False,False,False,False,False,False,False,False,False,False,False,False,False,False,False,True,False,False,False,True,False,False,1
99,1,400000.0,0.0,62000.0,1,1,0,0,0,0,0,0,0,0,2,2,2,0,0,1,99,99,0,36,0,0,8,0,41,68,2000.0,2000.0,0.0,0,0.0,0.0,0.0,501.0,1,2,True,False,False,False,True,False,False,True,False,False,False,True,False,False,False,False,False,False,False,False,False,False,False,False,False,False,False,True,False,False,True,False,False,False,1
99,1,137500.0,0.0,33000.0,1,1,1,1,2,0,1,1,0,1,0,0,6,0,0,1,99,99,3,1,1,0,7,0,0,0,0.0,999999.0,999999.0,999999,99999.0,99999.0,99999.0,193.0,1,0,True,False,False,False,True,False,False,True,True,False,False,False,False,False,False,False,False,False,False,False,False,False,False,False,False,False,False,True,False,False,False,True,False,False,1
99,1,162500.0,0.0,14432.0,1,1,0,0,0,0,0,0,0,0,2,1,2,0,0,1,99,99,0,78,1,0,1,0,0,0,7548.0,0.0,0.0,0,7548.0,0.0,0.0,193.0,0,6,True,False,False,False,True,False,False,True,False,False,False,True,False,False,False,False,False,False,False,False,False,False,False,False,False,False,False,True,False,False,True,False,False,False,1
99,0,999999.0,675.0,24000.0,1,1,1,1,2,0,1,1,0,1,0,0,3,0,0,1,99,99,0,1,1,0,7,0,0,0,0.0,999999.0,999999.0,999999,99999.0,99999.0,99999.0,240.0,1,0,True,False,False,False,True,False,False,True,True,False,False,False,False,False,False,False,False,False,False,False,False,False,False,False,False,False,False,True,False,False,False,True,False,False,1
99,1,350000.0,0.0,23000.0,1,1,2,1,2,0,1,1,3,1,0,0,5,2,1,1,5,3,0,20,0,1,6,2,0,0,0.0,0.0,0.0,0,0.0,0.0,0.0,152.0,0,0,True,False,False,False,True,False,False,True,True,False,False,False,False,False,False,False,False,False,False,False,False,False,False,False,False,False,False,True,False,True,False,False,False,False,1
99,1,162500.0,0.0,51000.0,1,1,1,1,1,0,1,2,0,1,0,0,4,0,0,1,99,99,1,11,0,1,2,1,0,0,0.0,999999.0,999999.0,999999,99999.0,99999.0,99999.0,406.0,1,0,True,False,False,False,True,False,False,True,True,False,False,False,False,False,False,False,False,False,False,False,False,False,False,False,False,False,False,True,False,False,False,True,False,False,1
99,1,95000.0,0.0,60000.0,1,1,2,1,7,0,5,0,0,0,0,0,8,0,0,1,99,99,0,2,1,0,7,0,0,0,0.0,999999.0,999999.0,999999,99999.0,99999.0,99999.0,276.0,1,0,True,False,False,False,True,False,False,True,False,False,True,False,False,False,False,False,False,False,False,False,False,False,False,False,False,False,False,True,False,False,False,True,False,False,1
99,1,400000.0,0.0,160201.0,1,1,0,0,0,0,0,0,0,0,2,1,2,0,0,1,99,99,0,46,1,0,8,0,41,68,150000.0,80000.0,40000.0,0,0.0,0.0,0.0,501.0,0,5,True,False,False,False,True,False,False,True,False,False,False,True,False,False,False,False,False,False,False,False,False,False,False,False,False,False,False,True,False,False,True,False,False,False,1
99,1,350000.0,0.0,61800.0,1,1,1,1,0,0,0,0,0,0,1,1,4,2,0,1,12,8,0,36,0,0,7,0,24,44,32000.0,32000.0,0.0,0,0.0,0.0,0.0,491.0,0,0,True,False,False,False,True,False,False,True,False,False,False,False,False,False,False,False,False,False,False,False,True,False,False,False,False,False,False,True,False,False,True,False,False,False,1
99,0,999999.0,1.0,130000.0,1,1,1,1,0,0,0,0,0,0,1,2,4,2,0,1,10,8,0,32,1,0,8,0,41,68,100000.0,100000.0,0.0,0,0.0,0.0,0.0,501.0,0,0,True,False,False,False,True,False,False,True,False,False,False,False,False,False,False,False,False,False,False,False,True,False,False,False,False,False,False,True,False,False,True,False,False,False,1
99,1,162500.0,0.0,49857.0,2,0,2,0,0,0,0,0,0,0,0,0,3,1,0,1,42,42,0,68,0,0,6,0,24,47,8857.0,0.0,0.0,0,5724.0,0.0,0.0,500.0,0,8,True,False,False,False,True,False,False,True,False,False,False,True,False,False,False,False,False,False,False,False,False,False,False,False,False,False,False,True,True,False,False,False,False,False,1
99,1,275000.0,0.0,93000.0,2,0,0,0,0,0,0,0,0,0,0,0,1,0,0,1,99,99,0,53,0,0,8,0,21,66,93000.0,93000.0,0.0,0,0.0,0.0,0.0,501.0,0,6,True,False,False,False,True,False,False,True,False,False,False,True,False,False,False,False,False,False,False,False,False,False,False,False,False,False,False,True,False,False,False,True,False,False,1
99,0,999999.0,237.0,12000.0,1,0,1,0,0,0,0,0,0,0,0,0,3,2,0,1,15,10,0,35,0,0,7,0,24,47,12000.0,12000.0,0.0,0,0.0,0.0,0.0,120.0,0,6,True,False,False,False,True,False,False,True,False,False,False,True,False,False,False,False,False,False,False,False,False,False,False,False,False,False,False,True,False,True,False,False,False,False,1
99,1,85000.0,0.0,10000.0,1,0,0,0,0,0,0,0,0,0,0,0,2,0,0,1,99,99,0,68,0,0,2,0,18,44,0.0,0.0,0.0,0,0.0,0.0,0.0,133.0,1,0,True,False,False,False,True,False,False,True,False,False,False,False,False,False,True,False,False,False,False,False,False,False,True,False,False,False,False,False,False,True,False,False,False,False,0
99,0,999999.0,437.0,34000.0,1,1,1,1,2,0,1,1,0,1,0,0,9,0,0,1,99,99,5,14,0,1,3,1,0,0,0.0,999999.0,999999.0,999999,99999.0,99999.0,99999.0,136.0,1,0,True,False,False,False,True,False,False,True,True,False,False,False,False,False,False,False,False,False,False,False,False,False,False,False,False,False,False,True,False,False,False,True,False,False,1
99,0,999999.0,282.0,24820.0,1,0,2,0,1,0,1,0,0,0,0,0,5,0,0,1,99,99,1,18,0,1,5,1,24,47,4500.0,4500.0,0.0,0,0.0,0.0,0.0,164.0,0,0,True,False,False,False,True,False,False,True,True,False,False,False,False,False,False,False,False,False,False,False,False,False,True,False,False,False,False,False,False,False,False,True,False,False,1
99,1,162500.0,0.0,50000.0,1,0,1,0,0,0,0,0,0,0,0,0,2,1,0,1,8,8,0,34,0,0,7,0,31,73,50000.0,50000.0,0.0,0,0.0,0.0,0.0,501.0,1,1,True,False,False,False,True,False,False,True,False,False,False,True,False,False,False,False,False,False,False,False,False,False,True,False,False,False,False,False,False,False,False,False,False,True,1
99,0,999999.0,675.0,41707.0,1,1,0,0,0,0,0,0,0,0,1,1,3,0,0,1,99,99,1,41,0,1,6,1,22,51,17240.0,17000.0,0.0,0,0.0,0.0,0.0,430.0,1,0,True,False,False,False,True,False,False,True,False,False,False,False,False,False,False,False,False,False,False,False,True,False,False,False,False,False,False,True,False,False,True,False,False,False,1
99,1,187500.0,0.0,30000.0,2,2,1,1,0,0,0,0,0,0,7,4,2,0,0,2,99,99,0,35,1,1,8,1,41,68,38540.0,39890.0,-1000.0,0,0.0,0.0,0.0,501.0,1,0,True,False,False,False,True,False,False,True,False,False,False,False,False,True,False,False,False,False,False,False,False,False,False,False,False,True,False,False,False,False,True,False,False,False,1
99,1,112500.0,0.0,22000.0,1,0,0,0,0,0,0,0,0,0,0,0,1,0,0,1,99,99,0,63,1,0,7,0,0,0,22000.0,0.0,0.0,0,0.0,0.0,0.0,341.0,0,7,True,False,False,False,True,False,False,True,False,False,False,True,False,False,False,False,False,False,False,False,False,False,True,False,False,False,False,False,False,False,False,False,False,True,1
99,1,162500.0,0.0,68198.0,1,1,1,1,0,0,0,0,0,0,2,1,4,2,1,1,5,3,0,29,1,0,5,0,34,44,64450.0,64350.0,0.0,0,0.0,0.0,0.0,501.0,1,2,True,False,False,False,True,False,False,True,False,False,False,True,False,False,False,False,False,False,False,False,False,False,False,False,False,False,False,True,False,False,True,False,False,False,1
99,1,400000.0,0.0,136708.0,1,1,1,1,0,0,0,0,0,0,1,1,4,2,2,1,2,0,0,38,0,0,8,0,41,72,52500.0,52500.0,0.0,0,0.0,0.0,0.0,501.0,1,0,True,False,False,False,True,False,False,True,False,False,False,False,False,False,False,False,False,False,False,False,True,False,False,False,False,False,False,True,False,False,True,False,False,False,1
99,0,999999.0,512.0,37000.0,1,0,0,0,0,0,0,0,0,0,0,0,1,0,0,1,99,99,0,24,0,0,7,0,41,68,37000.0,37000.0,0.0,0,0.0,0.0,0.0,501.0,1,2,True,False,False,False,True,False,False,True,False,False,False,True,False,False,False,False,False,False,False,False,False,False,False,False,False,False,False,True,True,False,False,False,False,False,1
99,0,999999.0,625.0,14000.0,1,1,1,1,2,0,1,1,0,1,0,0,6,0,0,1,99,99,3,13,0,1,2,1,0,0,0.0,999999.0,999999.0,999999,99999.0,99999.0,99999.0,84.0,1,0,True,False,False,False,True,False,False,True,True,False,False,False,False,False,False,False,False,False,False,False,False,False,False,False,False,False,False,True,False,False,False,True,False,False,1
99,0,999999.0,0.0,999999.0,1,0,0,0,0,0,0,0,0,0,0,0,1,0,0,1,99,99,0,20,1,1,5,1,0,0,0.0,0.0,0.0,0,0.0,0.0,0.0,0.0,1,0,False,True,False,True,False,False,False,True,False,False,False,False,True,False,False,False,False,False,False,False,False,False,False,False,False,False,False,True,False,False,False,True,False,False,1
99,1,27500.0,0.0,96200.0,1,1,2,1,0,0,0,0,0,0,1,1,6,2,0,1,10,9,0,33,0,0,0,0,18,44,45000.0,0.0,40000.0,0,0.0,0.0,5000.0,501.0,0,0,True,False,False,False,True,False,False,True,False,False,False,False,False,False,False,False,False,False,False,False,True,False,False,True,False,False,False,False,False,False,True,False,False,False,1
99,0,999999.0,412.0,7800.0,2,0,0,0,0,0,0,0,0,0,0,0,1,0,0,2,99,99,0,72,0,0,0,0,6,19,7800.0,0.0,0.0,0,7800.0,0.0,0.0,131.0,1,0,True,False,False,False,True,False,False,True,False,False,False,False,False,False,False,False,False,True,False,False,False,False,False,False,False,False,False,True,False,False,False,False,False,True,1
99,1,350000.0,0.0,12000.0,2,0,1,1,0,0,0,0,0,0,0,0,2,1,0,2,6,6,0,28,0,0,7,0,34,53,18000.0,18000.0,0.0,0,0.0,0.0,0.0,211.0,1,0,True,False,False,False,True,False,False,True,False,False,False,False,False,False,False,False,False,True,False,False,False,False,False,False,False,False,False,True,True,False,False,False,False,False,1
99,1,350000.0,0.0,77250.0,1,1,1,1,1,0,1,2,0,1,0,0,4,0,0,1,99,99,1,14,0,1,2,1,0,0,0.0,999999.0,999999.0,999999,99999.0,99999.0,99999.0,501.0,1,0,True,False,False,False,True,False,False,True,True,False,False,False,False,False,False,False,False,False,False,False,False,False,False,False,False,False,False,True,False,False,False,True,False,False,1
99,0,999999.0,875.0,0.0,2,0,0,1,0,0,0,1,0,1,0,0,5,0,0,1,99,99,3,26,1,0,7,0,24,47,0.0,0.0,0.0,0,0.0,0.0,0.0,1.0,1,0,True,False,False,False,True,False,False,True,True,False,False,False,False,False,False,False,False,False,False,False,False,False,False,True,False,False,False,False,False,False,False,True,False,False,1
99,1,137500.0,0.0,69700.0,1,1,0,0,0,0,0,0,0,0,1,1,2,0,0,1,99,99,0,43,0,0,7,0,22,61,14700.0,14700.0,0.0,0,0.0,0.0,0.0,501.0,1,0,True,False,False,False,True,False,False,True,False,False,False,False,False,False,False,False,False,False,False,False,True,False,False,False,False,False,False,True,False,False,True,False,False,False,1
99,1,400000.0,0.0,57566.0,1,1,0,0,0,0,0,0,0,0,2,1,2,0,0,1,99,99,0,64,1,0,5,0,18,44,33716.0,32416.0,0.0,0,0.0,0.0,0.0,501.0,0,6,True,False,False,False,True,False,False,True,False,False,False,True,False,False,False,False,False,False,False,False,False,False,False,False,False,False,False,True,False,False,True,False,False,False,1
99,0,999999.0,875.0,55800.0,1,1,1,1,0,0,0,0,0,0,1,2,5,2,2,1,4,1,0,24,1,0,7,0,25,15,20000.0,20000.0,0.0,0,0.0,0.0,0.0,368.0,1,0,True,False,False,False,True,False,False,True,False,False,False,False,False,False,False,False,False,False,False,False,True,False,False,False,False,False,False,True,False,False,True,False,False,False,0
99,1,137500.0,0.0,51000.0,1,1,1,1,2,0,1,1,0,1,0,0,6,0,0,1,99,99,3,11,0,1,2,1,0,0,0.0,999999.0,999999.0,999999,99999.0,99999.0,99999.0,308.0,0,0,True,False,False,False,True,False,False,True,True,False,False,False,False,False,False,False,False,False,False,False,False,False,False,False,False,False,False,True,False,False,False,True,False,False,1
99,0,999999.0,437.0,24000.0,1,1,1,1,2,0,1,1,0,1,0,0,6,0,0,1,99,99,3,8,0,1,1,1,0,0,0.0,999999.0,999999.0,999999,99999.0,99999.0,99999.0,145.0,1,0,True,False,False,False,True,False,False,True,True,False,False,False,False,False,False,False,False,False,False,False,False,False,False,False,False,False,False,True,False,False,False,True,False,False,1
99,0,999999.0,537.0,46000.0,1,1,1,1,0,0,0,0,0,0,2,1,6,4,3,1,7,1,0,33,1,0,7,0,25,15,46000.0,46000.0,0.0,0,0.0,0.0,0.0,278.0,0,2,True,False,False,False,True,False,False,True,False,False,False,True,False,False,False,False,False,False,False,False,False,False,False,False,False,False,False,True,False,False,True,False,False,False,1
99,1,225000.0,0.0,39400.0,1,1,1,1,2,0,1,1,0,1,0,0,4,0,0,1,99,99,1,13,0,1,2,1,0,0,0.0,999999.0,999999.0,999999,99999.0,99999.0,99999.0,313.0,0,0,True,False,False,False,True,False,False,True,True,False,False,False,False,False,False,False,False,False,False,False,False,False,False,False,False,False,False,True,False,False,False,True,False,False,1
99,1,137500.0,0.0,4000.0,1,1,1,1,2,0,1,1,0,1,0,0,5,0,0,1,99,99,2,16,1,1,4,1,0,0,0.0,0.0,0.0,0,0.0,0.0,0.0,26.0,0,0,True,False,False,False,True,False,False,True,True,False,False,False,False,False,False,False,False,False,False,False,False,False,False,False,False,True,False,False,False,False,False,True,False,False,1
99,0,999999.0,512.0,63522.0,1,1,0,0,0,0,0,0,0,0,1,1,2,0,0,1,99,99,0,30,0,0,7,0,33,60,23897.0,23897.0,0.0,0,0.0,0.0,0.0,501.0,1,0,True,False,False,False,True,False,False,True,False,False,False,False,False,False,False,False,False,False,False,False,True,False,False,False,False,True,False,False,False,False,True,False,False,False,1
99,0,999999.0,137.0,0.0,1,0,1,0,0,0,0,0,0,0,0,0,4,0,0,1,99,99,2,27,0,0,6,0,0,0,0.0,0.0,0.0,0,0.0,0.0,0.0,1.0,0,0,True,False,False,False,True,False,False,True,False,False,False,False,False,False,False,False,False,False,True,False,False,False,True,False,False,False,False,False,False,False,False,True,False,False,1
99,1,400000.0,0.0,322000.0,1,1,2,1,4,0,1,0,0,0,0,0,6,0,0,1,99,99,2,42,1,0,7,0,29,39,39000.0,26500.0,12500.0,0,0.0,0.0,0.0,501.0,1,0,True,False,False,False,True,False,False,True,False,False,False,False,False,False,False,False,False,False,True,False,False,False,False,False,False,False,False,True,False,False,False,True,False,False,1
99,1,85000.0,0.0,16564.0,1,1,1,1,0,0,0,0,0,0,1,1,3,1,1,1,3,3,0,29,0,0,0,0,25,22,0.0,0.0,0.0,0,0.0,0.0,0.0,166.0,1,0,True,False,False,False,True,False,False,True,False,False,False,False,False,False,False,False,False,False,False,False,True,False,False,False,False,False,False,True,False,False,True,False,False,False,1
99,0,999999.0,675.0,46530.0,1,0,1,0,1,0,1,0,0,0,0,0,3,0,0,1,99,99,1,21,1,0,5,0,18,44,11000.0,11000.0,0.0,0,0.0,0.0,0.0,466.0,1,0,True,False,False,False,True,False,False,True,True,False,False,False,False,False,False,False,False,False,False,False,False,False,False,False,False,False,False,True,False,False,False,True,False,False,1
99,0,999999.0,162.0,14777.0,1,0,0,0,0,0,0,0,0,0,0,0,1,0,0,1,99,99,0,69,1,0,8,0,0,0,14777.0,0.0,0.0,0,5062.0,0.0,0.0,248.0,1,2,True,False,False,False,True,False,False,True,False,False,False,True,False,False,False,False,False,False,False,False,False,False,False,False,False,False,False,True,False,False,False,True,False,False,1
99,0,999999.0,212.0,21500.0,1,0,0,0,0,0,0,0,0,0,0,0,1,0,0,1,99,99,0,45,1,0,7,0,32,62,21500.0,19400.0,0.0,0,0.0,0.0,0.0,333.0,0,7,True,False,False,False,True,False,False,True,False,False,False,True,False,False,False,False,False,False,False,False,False,False,False,False,False,False,False,True,False,False,False,True,False,False,1
99,1,187500.0,0.0,68540.0,1,1,2,1,2,0,1,1,0,1,0,0,9,0,0,1,99,99,3,38,1,0,7,0,25,44,6000.0,6000.0,0.0,0,0.0,0.0,0.0,252.0,0,0,True,False,False,False,True,False,False,True,True,False,False,False,False,False,False,False,False,False,False,False,False,False,False,False,False,True,False,False,True,False,False,False,False,False,1
99,0,999999.0,675.0,14800.0,1,0,1,0,1,0,1,0,0,0,0,0,3,0,0,1,99,99,1,19,1,0,6,0,18,44,4000.0,4000.0,0.0,0,0.0,0.0,0.0,148.0,0,0,True,False,False,False,True,False,False,True,True,False,False,False,False,False,False,False,False,False,False,False,False,False,False,False,False,False,False,True,False,False,False,True,False,False,0
99,0,999999.0,1000.0,0.0,1,1,1,1,2,0,1,1,0,1,0,0,4,0,0,1,99,99,1,22,1,1,6,2,0,0,0.0,0.0,0.0,0,0.0,0.0,0.0,1.0,1,0,True,False,False,False,True,False,False,True,True,False,False,False,False,False,False,False,False,False,False,False,False,False,False,False,False,False,False,True,False,False,False,True,False,False,1
99,0,999999.0,512.0,9600.0,1,0,0,0,0,0,0,0,0,0,0,0,1,0,0,1,99,99,0,34,0,0,0,0,25,15,9600.0,9600.0,0.0,0,0.0,0.0,0.0,149.0,1,2,True,False,False,False,True,False,False,True,False,False,False,True,False,False,False,False,False,False,False,False,False,False,False,False,False,False,False,True,False,False,False,True,False,False,1
99,1,400000.0,0.0,75000.0,1,1,1,1,2,0,1,1,0,1,0,0,4,0,0,1,99,99,1,37,1,0,7,0,33,48,20000.0,20000.0,0.0,0,0.0,0.0,0.0,501.0,1,0,True,False,False,False,True,False,False,True,True,False,False,False,False,False,False,False,False,False,False,False,False,False,False,False,False,False,False,True,False,False,False,False,True,False,1
99,1,162500.0,0.0,102400.0,1,1,1,1,2,0,1,1,0,1,0,0,4,0,0,1,99,99,1,11,0,1,2,2,0,0,0.0,999999.0,999999.0,999999,99999.0,99999.0,99999.0,501.0,0,0,True,False,False,False,True,False,False,True,True,False,False,False,False,False,False,False,False,False,False,False,False,False,False,False,False,False,False,True,False,False,False,True,False,False,1
99,1,225000.0,0.0,33998.0,1,1,0,0,0,0,0,0,0,0,1,1,2,0,0,1,99,99,0,66,0,0,6,0,0,0,6282.0,0.0,0.0,0,5760.0,0.0,0.0,454.0,0,0,True,False,False,False,True,False,False,True,False,False,False,False,False,False,False,False,False,False,False,False,True,False,False,False,False,False,False,True,False,False,True,False,False,False,1
99,0,999999.0,462.0,17640.0,1,1,2,1,0,0,0,0,0,0,2,1,5,1,0,1,33,33,0,76,1,0,0,0,0,0,3600.0,0.0,0.0,0,0.0,0.0,0.0,116.0,1,1,True,False,False,False,True,False,False,True,False,False,False,True,False,False,False,False,False,False,False,False,False,False,False,False,False,False,False,True,False,False,True,False,False,False,1
99,1,225000.0,0.0,34716.0,1,1,1,1,0,0,0,0,0,0,2,1,3,1,0,1,45,45,0,70,1,1,8,1,17,8,20532.0,7238.0,0.0,0,13057.0,0.0,0.0,358.0,0,8,True,False,False,False,True,False,False,True,False,False,False,True,False,False,False,False,False,False,False,False,False,False,False,False,False,False,False,True,False,False,True,False,False,False,1
99,1,137500.0,0.0,64800.0,1,1,1,1,2,0,1,1,0,1,0,0,4,0,0,1,99,99,1,4,0,1,0,2,0,0,0.0,999999.0,999999.0,999999,99999.0,99999.0,99999.0,501.0,1,0,True,False,False,False,True,False,False,True,True,False,False,False,False,False,False,False,False,False,False,False,False,False,True,False,False,False,False,False,False,False,False,True,False,False,1
99,0,999999.0,437.0,21926.0,1,0,0,0,0,0,0,0,0,0,0,0,2,0,0,1,99,99,1,32,1,0,3,0,23,23,7000.0,7000.0,0.0,0,0.0,0.0,0.0,264.0,0,5,True,False,False,False,True,False,False,True,False,False,False,True,False,False,False,False,False,False,False,False,False,False,False,False,False,False,False,True,False,False,False,True,False,False,1
99,0,999999.0,675.0,54900.0,1,1,1,1,0,0,0,0,0,0,2,1,3,1,1,1,0,0,0,30,1,0,8,0,46,84,42300.0,42000.0,0.0,0,0.0,0.0,0.0,501.0,1,1,True,False,False,False,True,False,False,True,False,False,False,True,False,False,False,False,False,False,False,False,False,False,False,False,False,False,False,True,False,False,True,False,False,False,1
99,1,400000.0,0.0,58600.0,1,1,1,1,2,0,1,1,3,1,0,0,4,0,0,1,99,99,1,21,0,1,7,1,22,51,12000.0,12000.0,0.0,0,0.0,0.0,0.0,451.0,1,0,True,False,False,False,True,False,False,True,True,False,False,False,False,False,False,False,False,False,False,False,False,False,False,False,False,False,False,True,True,False,False,False,False,False,1
99,0,999999.0,575.0,39700.0,1,1,1,1,0,0,0,0,0,0,0,0,6,0,0,1,99,99,3,31,0,0,4,0,35,66,23000.0,23000.0,0.0,0,0.0,0.0,0.0,223.0,1,0,True,False,False,False,True,False,False,True,False,False,False,False,False,False,False,False,False,False,True,False,False,False,False,False,False,False,False,True,False,False,False,True,False,False,0
99,1,275000.0,0.0,17808.0,1,1,0,0,0,0,0,0,0,0,1,1,2,0,0,1,99,99,0,70,0,0,7,0,0,0,4270.0,0.0,0.0,0,4270.0,0.0,0.0,238.0,0,0,True,False,False,False,True,False,False,True,False,False,False,False,False,False,False,False,False,False,False,False,True,False,False,False,False,False,False,True,False,False,True,False,False,False,1
99,0,999999.0,625.0,30000.0,1,0,2,0,2,0,1,0,0,0,0,0,3,1,0,1,6,6,0,41,0,0,8,0,30,53,30000.0,0.0,30000.0,0,0.0,0.0,0.0,301.0,1,2,True,False,False,False,True,False,False,True,False,False,False,True,False,False,False,False,False,False,False,False,False,False,False,False,False,False,True,False,True,False,False,False,False,False,0
99,1,350000.0,0.0,20248.0,1,1,0,0,0,0,0,0,0,0,1,1,2,0,0,1,99,99,0,67,0,0,6,0,0,0,5998.0,0.0,0.0,0,5998.0,0.0,0.0,270.0,0,0,True,False,False,False,True,False,False,True,False,False,False,False,False,False,False,False,False,False,False,False,True,False,False,False,False,False,False,True,False,False,True,False,False,False,1
99,1,137500.0,0.0,33000.0,1,1,1,1,0,0,0,0,0,0,1,1,5,2,0,1,13,7,1,36,0,0,6,0,17,13,6000.0,6000.0,0.0,0,0.0,0.0,0.0,218.0,1,0,True,False,False,False,True,False,False,True,False,False,False,False,False,False,False,False,False,False,False,False,True,False,False,False,False,False,False,True,False,False,True,False,False,False,1
99,0,999999.0,1.0,64958.0,1,1,1,1,2,0,1,1,3,1,0,0,4,0,0,1,99,99,1,11,1,0,2,0,0,0,0.0,999999.0,999999.0,999999,99999.0,99999.0,99999.0,501.0,1,0,True,False,False,False,True,False,False,True,True,False,False,False,False,False,False,False,False,False,False,False,False,False,False,False,False,False,False,True,False,False,False,True,False,False,1
99,1,57500.0,0.0,54000.0,1,0,0,0,0,0,0,0,0,0,0,0,1,0,0,1,99,99,0,50,1,0,7,0,24,47,54000.0,54000.0,0.0,0,0.0,0.0,0.0,501.0,1,2,True,False,False,False,True,False,False,True,False,False,False,True,False,False,False,False,False,False,False,False,False,False,False,False,False,False,False,True,True,False,False,False,False,False,1
99,1,225000.0,0.0,67000.0,1,1,1,0,1,0,1,0,0,0,3,4,4,0,0,1,99,99,0,22,1,0,6,0,37,49,29000.0,29000.0,0.0,0,0.0,0.0,0.0,501.0,0,0,True,False,False,False,True,False,False,True,True,False,False,False,False,False,False,False,False,False,False,False,False,False,False,False,False,False,False,True,False,False,True,False,False,False,1
99,0,999999.0,625.0,13000.0,2,0,0,0,0,0,0,0,0,0,0,0,1,0,0,2,99,99,0,28,1,0,8,0,11,16,17000.0,17000.0,0.0,0,0.0,0.0,0.0,264.0,1,0,True,False,False,False,True,False,False,True,False,False,False,False,False,False,False,False,False,True,False,False,False,False,False,False,False,False,False,True,False,False,False,True,False,False,1
99,1,72500.0,0.0,17000.0,1,1,1,1,2,0,1,1,0,1,0,0,6,0,0,1,99,99,2,7,1,1,1,1,0,0,0.0,999999.0,999999.0,999999,99999.0,99999.0,99999.0,99.0,0,0,True,False,False,False,True,False,False,True,True,False,False,False,False,False,False,False,False,False,False,False,False,False,False,False,False,False,False,True,False,False,False,True,False,False,1
99,0,999999.0,625.0,35500.0,1,1,1,1,2,0,1,1,3,1,0,0,4,0,0,1,99,99,1,21,1,0,6,0,25,18,12000.0,12000.0,0.0,0,0.0,0.0,0.0,278.0,1,0,True,False,False,False,True,False,False,True,True,False,False,False,False,False,False,False,False,False,False,False,False,False,True,False,False,False,False,False,False,False,False,True,False,False,1
99,0,999999.0,875.0,33000.0,1,0,1,0,1,0,1,0,0,0,0,0,3,0,0,1,99,99,1,19,1,1,5,1,16,15,3000.0,3000.0,0.0,0,0.0,0.0,0.0,331.0,0,0,True,False,False,False,True,False,False,True,True,False,False,False,False,False,False,False,False,False,False,False,False,False,False,False,False,False,False,True,False,False,False,True,False,False,1
99,1,350000.0,0.0,16698.0,1,1,0,0,0,0,0,0,0,0,1,1,2,0,0,1,99,99,0,71,0,0,4,0,0,0,3649.0,0.0,0.0,0,3347.0,0.0,0.0,223.0,0,0,True,False,False,False,True,False,False,True,False,False,False,False,False,False,False,False,False,False,False,False,True,False,False,False,False,False,False,True,False,False,True,False,False,False,1
99,1,225000.0,0.0,88000.0,1,1,1,1,2,0,1,1,0,1,0,0,4,0,0,1,99,99,1,12,0,1,2,1,0,0,0.0,999999.0,999999.0,999999,99999.0,99999.0,99999.0,501.0,1,0,True,False,False,False,True,False,False,True,True,False,False,False,False,False,False,False,False,False,False,False,False,False,False,False,False,False,False,True,False,False,False,True,False,False,1
99,1,225000.0,0.0,51000.0,1,1,1,1,2,0,1,1,0,1,0,0,5,0,0,1,99,99,2,11,1,1,2,1,0,0,0.0,999999.0,999999.0,999999,99999.0,99999.0,99999.0,345.0,0,0,True,False,False,False,True,False,False,True,True,False,False,False,False,False,False,False,False,False,False,False,False,False,False,False,False,False,False,True,False,False,False,True,False,False,1
99,0,999999.0,412.0,8400.0,1,1,0,0,0,0,0,0,0,0,2,1,2,0,0,1,99,99,0,70,1,0,1,0,0,0,0.0,0.0,0.0,0,0.0,0.0,0.0,112.0,1,1,True,False,False,False,True,False,False,True,False,False,False,True,False,False,False,False,False,False,False,False,False,False,False,False,False,False,False,True,False,False,True,False,False,False,1
99,1,137500.0,0.0,4500.0,1,0,0,0,0,0,0,0,0,0,0,0,1,0,0,1,99,99,0,81,0,0,2,0,0,0,4500.0,0.0,0.0,0,4500.0,0.0,0.0,76.0,0,8,True,False,False,False,True,False,False,True,False,False,False,True,False,False,False,False,False,False,False,False,False,False,True,False,False,False,False,False,False,False,False,False,False,True,1
99,1,275000.0,0.0,13620.0,1,0,0,0,0,0,0,0,0,0,0,0,1,0,0,1,99,99,0,78,0,0,0,0,0,0,13620.0,0.0,0.0,0,6694.0,0.0,0.0,229.0,0,8,True,False,False,False,True,False,False,True,False,False,False,True,False,False,False,False,False,False,False,False,False,False,False,False,False,False,False,True,False,False,False,False,False,True,1
99,0,999999.0,575.0,32000.0,1,0,0,0,0,0,0,0,0,0,0,0,1,0,0,1,99,99,0,50,1,0,7,0,20,8,32000.0,32000.0,0.0,0,0.0,0.0,0.0,496.0,0,2,True,False,False,False,True,False,False,True,False,False,False,True,False,False,False,False,False,False,False,False,False,False,False,False,False,False,False,True,True,False,False,False,False,False,1
99,1,350000.0,0.0,37400.0,1,1,1,1,0,0,0,0,0,0,1,1,3,1,0,1,23,23,0,45,0,0,7,0,37,78,20000.0,20000.0,0.0,0,0.0,0.0,0.0,386.0,0,0,True,False,False,False,True,False,False,True,False,False,False,False,False,False,False,False,False,False,False,False,True,False,True,False,False,False,False,False,False,False,True,False,False,False,1
99,1,275000.0,0.0,59000.0,1,1,1,1,0,0,0,0,0,0,2,1,5,3,0,1,16,7,0,40,1,0,7,0,24,44,54000.0,54000.0,0.0,0,0.0,0.0,0.0,399.0,0,6,True,False,False,False,True,False,False,True,False,False,False,True,False,False,False,False,False,False,False,False,False,False,False,False,False,False,False,True,False,False,True,False,False,False,1
99,1,225000.0,0.0,51223.0,1,1,1,1,0,0,0,0,0,0,1,1,3,1,0,1,17,17,0,44,0,0,7,0,30,65,6900.0,6900.0,0.0,0,0.0,0.0,0.0,501.0,0,0,True,False,False,False,True,False,False,True,False,False,False,False,False,False,False,False,False,False,False,False,True,False,False,False,False,False,False,True,False,False,True,False,False,False,1
99,1,275000.0,0.0,90000.0,1,1,1,1,0,0,0,0,0,0,1,1,5,3,1,1,10,2,0,37,0,0,7,0,0,0,0.0,0.0,0.0,0,0.0,0.0,0.0,501.0,0,0,True,False,False,False,True,False,False,True,False,False,False,False,False,False,False,False,False,False,False,False,True,False,False,False,False,False,False,True,False,False,True,False,False,False,1
99,0,999999.0,462.0,25797.0,1,1,1,1,1,0,1,2,0,1,0,0,5,0,0,1,99,99,2,4,1,0,0,0,0,0,0.0,999999.0,999999.0,999999,99999.0,99999.0,99999.0,174.0,1,0,True,False,False,False,True,False,False,True,True,False,False,False,False,False,False,False,False,False,False,False,False,False,False,False,False,False,False,True,False,False,False,True,False,False,1
99,0,999999.0,625.0,45595.0,1,1,1,1,2,0,1,1,0,1,0,0,4,0,0,1,99,99,1,2,1,0,7,0,0,0,0.0,999999.0,999999.0,999999,99999.0,99999.0,99999.0,363.0,1,0,True,False,False,False,True,False,False,True,True,False,False,False,False,False,False,False,False,False,False,False,False,False,False,False,False,False,False,True,False,False,False,True,False,False,1
99,0,999999.0,1000.0,12000.0,1,0,1,0,0,0,0,0,0,0,0,0,2,1,1,1,3,3,0,21,0,1,7,1,22,61,12000.0,3000.0,0.0,0,0.0,0.0,9000.0,140.0,1,2,True,False,False,False,True,False,False,True,False,False,False,True,False,False,False,False,False,False,False,False,False,False,False,False,False,False,False,True,True,False,False,False,False,False,1
99,1,350000.0,0.0,65600.0,1,0,1,0,0,0,0,0,0,0,0,0,2,1,0,1,43,43,0,67,0,0,6,0,0,0,29600.0,0.0,0.0,0,9600.0,0.0,0.0,501.0,0,6,True,False,False,False,True,False,False,True,False,False,False,True,False,False,False,False,False,False,False,False,False,False,False,False,False,False,False,True,False,False,False,False,False,True,1
99,0,999999.0,487.0,6000.0,1,1,1,1,2,0,1,1,3,1,0,0,5,0,0,1,99,99,2,3,1,0,0,0,0,0,0.0,999999.0,999999.0,999999,99999.0,99999.0,99999.0,41.0,1,0,True,False,False,False,True,False,False,True,True,False,False,False,False,False,False,False,False,False,False,False,False,False,False,False,False,False,False,True,False,False,False,True,False,False,1
99,0,999999.0,875.0,36000.0,3,0,0,0,0,0,0,0,0,0,0,0,1,0,0,3,99,99,0,18,1,1,7,1,0,0,0.0,0.0,0.0,0,0.0,0.0,0.0,1.0,1,0,True,False,False,False,True,False,False,True,False,False,False,False,False,False,False,False,False,True,False,False,False,False,False,False,False,False,False,True,False,False,False,True,False,False,1
99,1,85000.0,0.0,27000.0,1,0,1,0,1,0,1,0,0,0,0,0,4,0,0,1,99,99,2,6,0,1,0,2,0,0,0.0,999999.0,999999.0,999999,99999.0,99999.0,99999.0,214.0,0,0,True,False,False,False,True,False,False,True,True,False,False,False,False,False,False,False,False,False,False,False,False,False,False,False,False,False,False,True,False,False,False,True,False,False,1
99,1,162500.0,0.0,61844.0,1,0,1,0,0,0,0,0,0,0,0,0,5,0,0,1,99,99,0,31,1,0,7,0,41,68,24944.0,24744.0,0.0,0,0.0,0.0,0.0,408.0,1,0,True,False,False,False,True,False,False,True,False,False,False,False,False,False,False,False,True,False,False,False,False,False,False,False,False,False,False,True,False,False,False,True,False,False,1
99,1,162500.0,0.0,45000.0,1,1,1,1,2,0,1,1,0,1,0,0,7,0,0,1,99,99,4,20,0,0,5,0,0,0,0.0,0.0,0.0,0,0.0,0.0,0.0,219.0,0,0,True,False,False,False,True,False,False,True,True,False,False,False,False,False,False,False,False,False,False,False,False,False,False,False,False,False,False,True,False,False,False,True,False,False,1
99,0,999999.0,537.0,3600.0,1,0,1,0,1,0,1,0,0,0,0,0,4,0,0,1,99,99,1,13,1,1,2,1,0,0,0.0,999999.0,999999.0,999999,99999.0,99999.0,99999.0,29.0,1,0,True,False,False,False,True,False,False,True,True,False,False,False,False,False,False,False,False,False,False,False,False,False,False,False,False,False,False,True,False,False,False,True,False,False,1
99,0,999999.0,675.0,61159.0,1,1,1,1,2,0,1,1,0,1,0,0,4,0,0,1,99,99,1,4,0,1,0,2,0,0,0.0,999999.0,999999.0,999999,99999.0,99999.0,99999.0,486.0,1,0,True,False,False,False,True,False,False,True,True,False,False,False,False,False,False,False,False,False,False,False,False,False,False,False,False,True,False,False,False,False,False,True,False,False,1
99,1,400000.0,0.0,118000.0,1,1,2,1,3,0,1,0,0,0,2,1,5,2,0,1,14,7,0,42,1,0,8,0,41,68,111000.0,110000.0,0.0,0,0.0,0.0,0.0,501.0,1,2,True,False,False,False,True,False,False,True,False,False,False,True,False,False,False,False,False,False,False,False,False,False,False,True,False,False,False,False,False,False,True,False,False,False,1
99,0,999999.0,1000.0,40000.0,2,0,1,0,2,0,3,0,0,0,0,0,2,0,0,2,99,99,0,11,1,1,2,1,0,0,0.0,999999.0,999999.0,999999,99999.0,99999.0,99999.0,304.0,1,0,True,False,False,False,True,False,False,True,False,False,False,False,False,False,False,False,False,True,False,False,False,False,False,False,False,False,False,True,False,False,False,True,False,False,1
99,0,999999.0,237.0,14400.0,1,1,1,1,0,0,0,0,0,0,1,1,4,2,0,1,13,5,0,36,0,0,2,0,0,0,0.0,0.0,0.0,0,0.0,0.0,0.0,115.0,0,0,True,False,False,False,True,False,False,True,False,False,False,False,False,False,False,False,False,False,False,False,True,False,False,False,False,False,False,True,False,False,True,False,False,False,1
99,0,999999.0,512.0,12500.0,1,1,1,1,2,0,1,1,0,1,0,0,3,0,0,1,99,99,0,2,0,0,7,0,0,0,0.0,999999.0,999999.0,999999,99999.0,99999.0,99999.0,125.0,1,0,True,False,False,False,True,False,False,True,True,False,False,False,False,False,False,False,False,False,False,False,False,False,True,False,False,False,False,False,False,False,False,True,False,False,1
99,0,999999.0,875.0,26000.0,1,2,2,1,5,0,3,0,0,0,0,0,11,0,0,1,99,99,1,4,0,0,0,0,0,0,0.0,999999.0,999999.0,999999,99999.0,99999.0,99999.0,101.0,1,0,True,False,False,False,True,False,False,True,False,False,False,False,False,False,True,False,False,False,False,False,False,False,False,False,False,False,False,True,False,False,False,True,False,False,1
99,0,999999.0,512.0,172746.0,1,1,1,1,0,0,0,0,0,0,2,1,5,2,2,1,2,0,1,34,1,0,2,0,17,11,4500.0,4500.0,0.0,0,0.0,0.0,0.0,501.0,0,2,True,False,False,False,True,False,False,True,False,False,False,True,False,False,False,False,False,False,False,False,False,False,False,False,False,False,False,True,False,False,True,False,False,False,1
99,0,999999.0,875.0,48446.0,1,0,0,0,0,0,0,0,0,0,0,0,1,0,0,1,99,99,0,29,1,0,8,0,31,65,48446.0,25952.0,21494.0,0,0.0,0.0,0.0,501.0,1,2,True,False,False,False,True,False,False,True,False,False,False,True,False,False,False,False,False,False,False,False,False,False,False,False,False,False,False,True,False,False,False,True,False,False,1
99,0,999999.0,675.0,38000.0,1,1,1,1,2,0,1,1,0,1,0,0,3,0,0,1,99,99,0,5,1,1,0,1,0,0,0.0,999999.0,999999.0,999999,99999.0,99999.0,99999.0,381.0,1,0,True,False,False,False,True,False,False,True,True,False,False,False,False,False,False,False,False,False,False,False,False,False,False,False,False,True,False,False,False,False,False,True,False,False,1
99,1,350000.0,0.0,84000.0,1,1,1,1,2,0,1,1,3,1,0,0,3,0,0,1,99,99,0,18,1,1,7,1,11,16,4000.0,4000.0,0.0,0,0.0,0.0,0.0,501.0,0,0,True,False,False,False,True,False,False,True,True,False,False,False,False,False,False,False,False,False,False,False,False,True,False,False,False,False,False,False,False,False,False,True,False,False,1
99,1,350000.0,0.0,145403.0,1,1,1,1,2,0,1,1,0,1,0,0,4,0,0,1,99,99,1,22,0,1,7,1,14,26,1800.0,1800.0,0.0,0,0.0,0.0,0.0,501.0,0,0,True,False,False,False,True,False,False,True,True,False,False,False,False,False,False,False,False,False,False,False,False,False,False,False,False,False,False,True,False,False,False,True,False,False,1
99,0,999999.0,487.0,17000.0,1,1,1,1,2,0,1,1,3,1,0,0,7,0,0,1,99,99,4,11,0,1,1,1,0,0,0.0,999999.0,999999.0,999999,99999.0,99999.0,99999.0,92.0,1,0,True,False,False,False,True,False,False,True,True,False,False,False,False,False,False,False,False,False,False,False,False,False,False,False,False,False,False,True,False,False,False,True,False,False,1
99,0,999999.0,725.0,63000.0,1,1,0,0,0,0,0,0,0,0,2,2,3,0,0,1,99,99,0,20,0,0,6,0,27,29,23000.0,23000.0,0.0,0,0.0,0.0,0.0,501.0,1,1,True,False,False,False,True,False,False,True,False,False,False,True,False,False,False,False,False,False,False,False,False,False,False,False,False,False,False,True,False,False,True,False,False,False,1
99,0,999999.0,462.0,44000.0,1,0,3,0,5,0,1,0,0,0,0,0,5,1,0,1,5,5,1,24,0,0,6,0,22,18,12000.0,12000.0,0.0,0,0.0,0.0,0.0,290.0,1,0,True,False,False,False,True,False,False,True,False,False,False,False,False,False,False,False,False,False,True,False,False,False,True,False,False,False,False,False,False,False,False,True,False,False,0
99,0,999999.0,625.0,35500.0,1,1,1,1,0,0,0,0,0,0,2,1,4,2,0,1,24,21,0,42,1,0,4,0,25,18,13500.0,13500.0,0.0,0,0.0,0.0,0.0,278.0,1,1,True,False,False,False,True,False,False,True,False,False,False,True,False,False,False,False,False,False,False,False,False,False,True,False,False,False,False,False,False,False,True,False,False,False,1
99,0,999999.0,312.0,30000.0,1,1,1,1,0,0,0,0,0,0,1,1,4,1,0,1,37,37,0,60,0,0,4,0,0,0,0.0,0.0,0.0,0,0.0,0.0,0.0,231.0,0,0,True,False,False,False,True,False,False,True,False,False,False,False,False,False,False,False,False,False,False,False,True,False,False,False,False,False,False,True,False,False,True,False,False,False,1
99,0,999999.0,675.0,11001.0,1,1,1,1,2,0,1,1,0,1,0,0,4,0,0,1,99,99,1,3,0,0,0,0,0,0,0.0,999999.0,999999.0,999999,99999.0,99999.0,99999.0,87.0,1,0,True,False,False,False,True,False,False,True,True,False,False,False,False,False,False,False,False,False,False,False,False,False,False,False,False,True,False,False,False,False,False,True,False,False,1
99,1,400000.0,0.0,90500.0,1,1,1,1,2,0,1,1,0,1,0,0,4,0,0,1,99,99,1,5,1,1,0,2,0,0,0.0,999999.0,999999.0,999999,99999.0,99999.0,99999.0,501.0,1,0,True,False,False,False,True,False,False,True,True,False,False,False,False,False,False,False,False,False,False,False,False,False,False,False,False,False,False,True,False,False,False,True,False,False,1
99,1,350000.0,0.0,68676.0,1,1,1,1,0,0,0,0,0,0,2,1,3,1,0,1,13,13,0,44,1,0,8,0,35,66,62676.0,52000.0,0.0,0,0.0,0.0,9876.0,501.0,0,6,True,False,False,False,True,False,False,True,False,False,False,True,False,False,False,False,False,False,False,False,False,False,False,False,False,False,False,True,False,False,True,False,False,False,1
99,1,275000.0,0.0,36500.0,1,1,0,0,0,0,0,0,0,0,1,1,2,0,0,1,99,99,0,65,0,0,8,0,0,0,17500.0,0.0,0.0,0,2500.0,0.0,0.0,487.0,0,0,True,False,False,False,True,False,False,True,False,False,False,False,False,False,False,False,False,False,False,False,True,False,False,False,False,False,False,True,False,False,True,False,False,False,1
99,0,999999.0,725.0,69300.0,1,0,2,0,0,0,0,0,0,0,0,0,4,2,0,1,27,12,0,47,0,0,6,0,41,68,53300.0,52000.0,0.0,0,0.0,0.0,0.0,501.0,0,6,True,False,False,False,True,False,False,True,False,False,False,True,False,False,False,False,False,False,False,False,False,False,False,False,False,False,False,True,True,False,False,False,False,False,1
99,0,999999.0,0.0,999999.0,1,0,0,0,0,0,0,0,0,0,0,0,1,0,0,1,99,99,0,40,1,0,4,0,32,34,0.0,0.0,0.0,0,0.0,0.0,0.0,0.0,0,0,False,True,False,True,False,False,False,True,False,False,False,False,True,False,False,False,False,False,False,False,False,False,True,False,False,False,False,False,True,False,False,False,False,False,1
99,1,187500.0,0.0,19000.0,4,1,0,0,0,0,0,0,0,0,0,0,1,0,0,2,99,99,0,48,0,0,0,0,20,8,20840.0,20000.0,0.0,0,0.0,840.0,0.0,323.0,1,0,True,False,False,False,True,False,False,True,False,False,False,False,False,True,False,False,False,False,False,False,False,False,False,False,False,False,False,True,False,False,False,True,False,False,1
99,1,137500.0,0.0,57985.0,1,1,1,1,0,0,0,0,0,0,1,1,4,2,0,1,19,17,0,60,0,0,6,0,0,0,0.0,0.0,0.0,0,0.0,0.0,0.0,446.0,1,0,True,False,False,False,True,False,False,True,False,False,False,False,False,False,False,False,False,False,False,False,True,False,False,False,False,False,False,True,False,False,True,False,False,False,1
99,1,275000.0,0.0,1000.0,1,0,1,0,1,0,1,0,0,0,0,0,4,0,0,1,99,99,2,15,1,1,2,1,0,0,0.0,999999.0,999999.0,999999,0.0,0.0,0.0,8.0,1,0,True,False,False,False,True,False,False,True,True,False,False,False,False,False,False,False,False,False,False,False,False,False,False,False,False,False,False,True,False,False,False,True,False,False,1
99,1,137500.0,0.0,83043.0,1,0,1,0,1,0,1,0,0,0,0,0,6,0,0,1,99,99,3,35,1,0,6,0,20,9,26000.0,26000.0,0.0,0,0.0,0.0,0.0,466.0,0,0,True,False,False,False,True,False,False,True,True,False,False,False,False,False,False,False,False,False,False,False,False,False,True,False,False,False,False,False,False,False,False,True,False,False,0
99,1,77500.0,0.0,16000.0,1,1,1,1,0,0,0,0,0,0,1,1,3,1,0,1,23,23,0,55,0,0,3,0,0,0,0.0,0.0,0.0,0,0.0,0.0,0.0,165.0,0,0,True,False,False,False,True,False,False,True,False,False,False,False,False,False,False,False,False,False,False,False,True,False,False,False,False,False,False,True,False,False,True,False,False,False,1
99,0,999999.0,1000.0,1800.0,3,0,0,0,0,0,0,0,0,0,0,0,1,0,0,1,99,99,0,19,0,1,7,1,24,47,1800.0,1800.0,0.0,0,0.0,0.0,0.0,28.0,1,1,True,False,False,False,True,False,False,True,False,False,False,True,False,False,False,False,False,False,False,False,False,False,False,False,False,False,False,True,False,False,False,True,False,False,1
99,0,999999.0,675.0,24026.0,1,1,1,1,0,0,0,0,0,0,1,1,8,2,1,1,5,0,0,28,0,0,2,0,0,0,0.0,0.0,0.0,0,0.0,0.0,0.0,106.0,0,0,True,False,False,False,True,False,False,True,False,False,False,False,False,False,False,False,False,False,False,False,True,False,False,False,False,False,False,True,False,False,True,False,False,False,1
99,0,999999.0,1.0,27350.0,1,1,1,1,0,0,0,0,0,0,1,1,4,2,1,1,14,4,0,37,0,0,7,0,0,0,0.0,0.0,0.0,0,0.0,0.0,0.0,217.0,0,0,True,False,False,False,True,False,False,True,False,False,False,False,False,False,False,False,False,False,False,False,True,False,False,False,True,False,False,False,False,False,True,False,False,False,1
99,0,999999.0,387.0,7680.0,1,0,1,0,1,0,1,0,0,0,0,0,3,0,0,1,99,99,1,13,1,1,2,1,0,0,0.0,999999.0,999999.0,999999,99999.0,99999.0,99999.0,77.0,1,0,True,False,False,False,True,False,False,True,True,False,False,False,False,False,False,False,False,False,False,False,False,False,True,False,False,False,False,False,False,False,False,True,False,False,1
99,1,400000.0,0.0,23699.0,2,1,0,0,0,0,0,0,0,0,0,0,1,0,0,2,99,99,0,50,1,0,5,0,23,18,14000.0,14000.0,0.0,0,0.0,0.0,0.0,217.0,1,0,True,False,False,False,True,False,False,True,False,False,False,False,False,True,False,False,False,False,False,False,False,False,True,False,False,False,False,False,True,False,False,False,False,False,1
99,0,999999.0,875.0,12748.0,1,1,1,1,2,0,1,1,0,1,0,0,4,0,0,1,99,99,1,4,1,0,0,0,0,0,0.0,999999.0,999999.0,999999,99999.0,99999.0,99999.0,101.0,1,0,True,False,False,False,True,False,False,True,True,False,False,False,False,False,False,False,False,False,False,False,False,False,False,False,False,False,False,True,False,False,False,True,False,False,1
99,1,275000.0,0.0,86000.0,1,1,0,0,0,0,0,0,0,0,1,1,2,0,0,1,99,99,0,51,0,0,7,0,22,61,36000.0,33000.0,0.0,0,0.0,0.0,0.0,501.0,0,0,True,False,False,False,True,False,False,True,False,False,False,False,False,False,False,False,False,False,False,False,True,False,False,False,False,False,False,True,False,False,True,False,False,False,0
99,0,999999.0,1.0,52950.0,1,1,1,1,2,0,1,1,0,1,0,0,5,0,0,1,99,99,2,10,1,1,1,1,0,0,0.0,999999.0,999999.0,999999,99999.0,99999.0,99999.0,358.0,1,0,True,False,False,False,True,False,False,True,True,False,False,False,False,False,False,False,False,False,False,False,False,False,False,False,False,False,False,True,False,False,False,True,False,False,1
99,0,999999.0,237.0,13920.0,1,1,1,1,2,0,1,1,0,1,0,0,5,0,0,1,99,99,2,15,0,1,4,1,0,0,0.0,999999.0,999999.0,999999,0.0,0.0,0.0,92.0,0,0,True,False,False,False,True,False,False,True,True,False,False,False,False,False,False,False,False,False,False,False,False,False,False,False,False,False,False,True,False,False,False,True,False,False,1
99,1,350000.0,0.0,20400.0,1,0,0,0,0,0,0,0,0,0,0,0,2,0,0,1,99,99,1,29,0,0,8,0,24,44,12000.0,12000.0,0.0,0,0.0,0.0,0.0,246.0,1,1,True,False,False,False,True,False,False,True,False,False,False,True,False,False,False,False,False,False,False,False,False,False,False,True,False,False,False,False,False,False,False,True,False,False,1
99,0,999999.0,575.0,20800.0,1,1,1,1,0,0,0,0,0,0,1,1,6,4,0,1,14,8,0,34,0,0,6,0,24,44,10000.0,10000.0,0.0,0,0.0,0.0,0.0,126.0,0,0,True,False,False,False,True,False,False,True,False,False,False,False,False,False,False,False,False,False,False,False,True,False,True,False,False,False,False,False,False,False,True,False,False,False,1
99,1,350000.0,0.0,34200.0,1,1,1,1,0,0,0,0,0,0,1,1,4,2,0,1,9,5,0,33,0,0,7,0,22,61,9600.0,9000.0,0.0,0,0.0,0.0,0.0,272.0,0,0,True,False,False,False,True,False,False,True,False,False,False,False,False,False,False,False,False,False,False,False,True,False,False,False,False,False,False,True,False,False,True,False,False,False,1
99,0,999999.0,512.0,24637.0,1,0,0,0,0,0,0,0,0,0,0,0,1,0,0,1,99,99,0,59,1,0,7,0,26,22,24637.0,23837.0,0.0,0,0.0,0.0,0.0,382.0,1,1,True,False,False,False,True,False,False,True,False,False,False,True,False,False,False,False,False,False,False,False,False,False,False,False,False,False,False,True,False,False,False,True,False,False,1
99,1,225000.0,0.0,69000.0,1,1,1,1,0,0,0,0,0,0,1,1,4,2,2,1,4,2,0,35,0,0,8,0,63,96,18000.0,18000.0,0.0,0,0.0,0.0,0.0,501.0,1,0,True,False,False,False,True,False,False,True,False,False,False,False,False,False,False,False,False,False,False,False,True,False,False,False,False,False,False,True,False,False,True,False,False,False,1
99,0,999999.0,512.0,55450.0,1,1,1,1,2,0,1,1,0,1,0,0,6,0,0,1,99,99,3,18,0,1,5,1,26,22,3650.0,3500.0,0.0,0,0.0,0.0,0.0,311.0,0,0,True,False,False,False,True,False,False,True,True,False,False,False,False,False,False,False,False,False,False,False,False,False,False,False,False,False,False,True,False,False,False,True,False,False,1
99,0,999999.0,337.0,11759.0,1,1,1,1,0,0,0,0,0,0,2,1,3,1,1,1,3,3,0,34,1,0,6,0,31,73,11759.0,11759.0,0.0,0,0.0,0.0,0.0,118.0,1,2,True,False,False,False,True,False,False,True,False,False,False,True,False,False,False,False,False,False,False,False,False,False,False,False,False,True,False,False,False,False,True,False,False,False,1
99,1,225000.0,0.0,83000.0,1,1,1,1,2,0,1,1,0,1,0,0,6,0,0,1,99,99,3,18,1,1,6,1,0,0,0.0,0.0,0.0,0,0.0,0.0,0.0,468.0,1,0,True,False,False,False,True,False,False,True,True,False,False,False,False,False,False,False,False,False,False,False,False,False,False,False,False,False,False,True,False,False,False,True,False,False,1
99,0,999999.0,462.0,77040.0,1,1,1,1,0,0,0,0,0,0,2,1,7,3,1,1,9,0,0,32,1,0,7,0,37,49,45150.0,45000.0,0.0,0,0.0,0.0,0.0,389.0,0,5,True,False,False,False,True,False,False,True,False,False,False,True,False,False,False,False,False,False,False,False,False,False,False,False,False,False,False,True,False,False,True,False,False,False,1
99,1,400000.0,0.0,225000.0,1,1,1,1,0,0,0,0,0,0,2,1,3,1,1,1,1,1,0,32,1,0,7,0,35,62,225000.0,130000.0,85000.0,0,0.0,0.0,0.0,501.0,0,2,True,False,False,False,True,False,False,True,False,False,False,True,False,False,False,False,False,False,False,False,False,False,False,False,False,False,False,True,False,False,True,False,False,False,1
99,0,999999.0,1000.0,70850.0,1,1,1,1,0,0,0,0,0,0,1,1,3,1,0,1,24,24,0,46,0,0,8,0,24,52,2400.0,2400.0,0.0,0,0.0,0.0,0.0,501.0,1,0,True,False,False,False,True,False,False,True,False,False,False,False,False,False,False,False,False,False,False,False,True,False,False,False,False,False,False,True,False,False,True,False,False,False,1
99,0,999999.0,387.0,19800.0,2,0,1,0,1,0,1,0,0,0,0,0,5,0,0,1,99,99,2,10,1,1,1,1,0,0,0.0,999999.0,999999.0,999999,99999.0,99999.0,99999.0,134.0,1,0,True,False,False,False,True,False,False,True,True,False,False,False,False,False,False,False,False,False,False,False,False,False,False,False,False,False,False,True,False,False,False,True,False,False,1
99,0,999999.0,512.0,15189.0,1,1,1,1,0,0,0,0,0,0,1,1,4,2,1,1,6,2,0,23,0,0,6,0,18,44,15189.0,0.0,0.0,0,0.0,15189.0,0.0,121.0,1,0,True,False,False,False,True,False,False,True,False,False,False,False,False,False,False,False,False,False,False,False,True,False,False,False,False,False,False,True,False,False,True,False,False,False,1
99,0,999999.0,875.0,41000.0,1,1,1,1,0,0,0,0,0,0,2,1,3,1,1,1,4,4,0,44,1,0,8,0,35,46,41000.0,41000.0,0.0,0,0.0,0.0,0.0,411.0,1,1,True,False,False,False,True,False,False,True,False,False,False,True,False,False,False,False,False,False,False,False,False,False,False,False,False,False,False,True,False,False,True,False,False,False,1
99,1,275000.0,0.0,232646.0,1,1,1,1,0,0,0,0,0,0,2,1,4,2,0,1,20,18,0,40,1,0,7,0,41,68,195516.0,195516.0,0.0,0,0.0,0.0,0.0,501.0,0,6,True,False,False,False,True,False,False,True,False,False,False,True,False,False,False,False,False,False,False,False,False,False,False,False,False,False,False,True,False,False,True,False,False,False,1
99,0,999999.0,725.0,14400.0,2,0,1,1,0,0,0,0,0,0,0,0,2,1,0,2,25,25,0,41,1,1,7,1,23,16,9600.0,9600.0,0.0,0,0.0,0.0,0.0,116.0,1,0,True,False,False,False,True,False,False,True,False,False,False,False,False,False,False,False,False,True,False,False,False,False,False,False,False,False,False,True,False,False,False,False,True,False,0
99,0,999999.0,725.0,44500.0,3,0,0,0,0,0,0,0,0,0,0,0,6,0,0,1,99,99,0,0,0,0,7,0,0,0,0.0,999999.0,999999.0,999999,99999.0,99999.0,99999.0,250.0,1,0,True,False,False,False,True,False,False,True,False,False,False,False,False,False,True,False,False,False,False,False,False,False,True,False,False,False,False,False,False,False,False,True,False,False,1
99,1,162500.0,0.0,31150.0,1,0,1,0,0,0,0,0,0,0,0,0,2,1,0,1,58,58,0,79,0,0,6,0,0,0,8150.0,0.0,0.0,0,8150.0,0.0,0.0,416.0,1,1,True,False,False,False,True,False,False,True,False,False,False,True,False,False,False,False,False,False,False,False,False,False,False,False,False,False,False,True,False,False,False,False,False,True,1
99,1,137500.0,0.0,44400.0,1,1,1,1,2,0,1,1,0,1,0,0,3,0,0,1,99,99,0,23,0,0,6,0,24,47,14400.0,14400.0,0.0,0,0.0,0.0,0.0,458.0,0,0,True,False,False,False,True,False,False,True,True,False,False,False,False,False,False,False,False,False,False,False,False,False,False,False,False,False,False,True,False,False,False,True,False,False,1
99,1,225000.0,0.0,32800.0,1,1,0,0,0,0,0,0,0,0,1,1,2,0,0,1,99,99,0,41,0,0,7,0,41,68,2800.0,2800.0,0.0,0,0.0,0.0,0.0,395.0,0,0,True,False,False,False,True,False,False,True,False,False,False,False,False,False,False,False,False,False,False,False,True,False,False,False,False,False,False,True,False,False,True,False,False,False,1
99,0,999999.0,512.0,24473.0,1,2,2,2,0,0,0,0,0,0,4,1,9,3,0,1,22,12,0,41,0,0,7,0,25,44,13.0,0.0,0.0,0,0.0,0.0,0.0,91.0,1,0,True,False,False,False,True,False,False,True,False,False,False,False,False,False,False,True,False,False,False,False,False,False,False,False,False,False,False,True,False,False,True,False,False,False,1
99,1,400000.0,0.0,142500.0,1,1,0,0,0,0,0,0,0,0,2,1,2,0,0,1,99,99,0,46,1,0,8,0,35,46,92500.0,87500.0,0.0,0,0.0,0.0,0.0,501.0,1,1,True,False,False,False,True,False,False,True,False,False,False,True,False,False,False,False,False,False,False,False,False,False,False,False,False,False,False,True,False,False,True,False,False,False,1
99,0,999999.0,625.0,195516.0,2,0,1,0,1,0,1,0,0,0,0,0,2,0,0,1,99,99,0,9,1,1,1,1,0,0,0.0,999999.0,999999.0,999999,99999.0,99999.0,99999.0,501.0,0,0,True,False,False,False,True,False,False,True,True,False,False,False,False,False,False,False,False,False,False,False,False,False,False,False,False,False,False,True,False,False,False,True,False,False,1
99,1,112500.0,0.0,35282.0,1,1,1,1,2,0,1,1,0,1,0,0,5,0,0,1,99,99,2,10,0,1,1,1,0,0,0.0,999999.0,999999.0,999999,99999.0,99999.0,99999.0,238.0,0,0,True,False,False,False,True,False,False,True,True,False,False,False,False,False,False,False,False,False,False,False,False,False,False,False,False,False,False,True,False,False,False,True,False,False,1
99,0,999999.0,875.0,3212.0,1,1,1,1,2,0,1,1,0,1,0,0,10,0,0,1,99,99,7,23,0,0,1,0,0,0,341.0,0.0,0.0,0,0.0,341.0,0.0,12.0,1,0,True,False,False,False,True,False,False,True,True,False,False,False,False,False,False,False,False,False,False,False,False,False,False,True,False,False,False,False,False,False,False,True,False,False,1
99,1,350000.0,0.0,151320.0,1,1,1,1,1,0,1,2,0,1,0,0,3,0,0,1,99,99,0,22,1,1,7,1,30,44,11947.0,11947.0,0.0,0,0.0,0.0,0.0,501.0,0,0,True,False,False,False,True,False,False,True,True,False,False,False,False,False,False,False,False,False,False,False,False,False,False,False,False,False,False,True,False,False,False,True,False,False,1
99,0,999999.0,725.0,58649.0,1,0,0,0,0,0,0,0,0,0,0,0,1,0,0,1,99,99,0,33,1,0,8,0,61,93,58649.0,58286.0,0.0,0,0.0,0.0,0.0,501.0,1,2,True,False,False,False,True,False,False,True,False,False,False,True,False,False,False,False,False,False,False,False,False,False,False,False,False,False,False,True,False,False,False,True,False,False,1
99,0,999999.0,1000.0,85975.0,1,1,1,1,0,0,0,0,0,0,2,1,3,1,0,1,11,11,0,51,1,1,6,2,15,56,34000.0,34000.0,0.0,0,0.0,0.0,0.0,501.0,1,2,True,False,False,False,True,False,False,True,False,False,False,True,False,False,False,False,False,False,False,False,False,False,False,False,False,False,False,True,False,False,True,False,False,False,1
99,0,999999.0,875.0,44210.0,1,1,1,1,1,0,1,2,0,1,0,0,5,0,0,1,99,99,2,13,1,1,2,1,0,0,0.0,999999.0,999999.0,999999,99999.0,99999.0,99999.0,299.0,1,0,True,False,False,False,True,False,False,True,True,False,False,False,False,False,False,False,False,False,False,False,False,False,True,False,False,False,False,False,False,False,False,True,False,False,1
99,0,999999.0,575.0,39000.0,1,1,1,1,0,0,0,0,0,0,2,1,5,3,0,1,13,5,0,41,1,0,7,0,41,68,26000.0,26000.0,0.0,0,0.0,0.0,0.0,264.0,0,5,True,False,False,False,True,False,False,True,False,False,False,True,False,False,False,False,False,False,False,False,False,False,False,False,False,False,False,True,False,False,True,False,False,False,1
99,1,137500.0,0.0,32748.0,1,1,1,1,0,0,0,0,0,0,2,2,3,1,0,1,33,33,0,64,0,0,5,0,17,13,15102.0,2400.0,0.0,0,5352.0,0.0,0.0,338.0,0,6,True,False,False,False,True,False,False,True,False,False,False,True,False,False,False,False,False,False,False,False,False,False,True,False,False,False,False,False,False,False,True,False,False,False,1
99,0,999999.0,537.0,41000.0,1,1,1,1,2,0,1,1,0,1,0,0,7,0,0,1,99,99,4,1,0,0,7,0,0,0,0.0,999999.0,999999.0,999999,99999.0,99999.0,99999.0,221.0,1,0,True,False,False,False,True,False,False,True,True,False,False,False,False,False,False,False,False,False,False,False,False,False,False,False,False,False,False,True,False,False,False,True,False,False,1
99,1,350000.0,0.0,0.0,1,0,0,0,0,0,0,0,0,0,0,0,2,0,0,1,99,99,1,23,1,1,8,2,0,0,0.0,0.0,0.0,0,0.0,0.0,0.0,1.0,1,1,True,False,False,False,True,False,False,True,False,False,False,True,False,False,False,False,False,False,False,False,False,False,False,True,False,False,False,False,False,False,False,True,False,False,1
99,0,999999.0,675.0,8000.0,4,0,0,1,0,0,0,0,0,0,0,0,1,0,0,3,99,99,0,22,1,1,5,1,0,0,0.0,0.0,0.0,0,0.0,0.0,0.0,1.0,1,0,True,False,False,False,True,False,False,True,False,False,False,False,False,True,False,False,False,False,False,False,False,False,False,False,False,False,False,True,False,False,False,True,False,False,1
99,0,999999.0,537.0,5000.0,1,0,0,0,0,0,0,0,0,0,0,0,1,0,0,1,99,99,0,23,1,1,7,1,26,22,5000.0,5000.0,0.0,0,0.0,0.0,0.0,78.0,1,2,True,False,False,False,True,False,False,True,False,False,False,True,False,False,False,False,False,False,False,False,False,False,False,False,False,False,False,True,False,False,False,True,False,False,1
99,0,999999.0,875.0,23000.0,2,1,1,1,0,0,0,0,0,0,2,1,4,2,2,1,4,3,0,36,1,0,6,0,37,49,11000.0,11000.0,0.0,0,0.0,0.0,0.0,183.0,1,2,True,False,False,False,True,False,False,True,False,False,False,True,False,False,False,False,False,False,False,False,False,False,False,False,False,False,False,True,False,False,True,False,False,False,1
99,0,999999.0,0.0,999999.0,1,0,0,0,0,0,0,0,0,0,0,0,1,0,0,1,99,99,0,33,0,1,7,1,19,46,5000.0,5000.0,0.0,0,0.0,0.0,0.0,0.0,1,0,False,False,True,False,False,True,False,True,False,False,False,False,False,True,False,False,False,False,False,False,False,False,False,False,False,False,False,True,False,False,False,True,False,False,0
99,1,400000.0,0.0,9810.0,2,0,1,0,0,0,0,0,0,0,0,0,5,3,0,1,21,16,0,78,0,0,6,0,0,0,700.0,0.0,0.0,0,0.0,0.0,0.0,63.0,0,6,True,False,False,False,True,False,False,True,False,False,False,True,False,False,False,False,False,False,False,False,False,False,False,True,False,False,False,False,False,True,False,False,False,False,1
99,1,225000.0,0.0,45000.0,1,1,1,1,2,0,1,1,0,1,0,0,3,0,0,1,99,99,0,26,1,1,7,1,34,67,15000.0,15000.0,0.0,0,0.0,0.0,0.0,464.0,0,0,True,False,False,False,True,False,False,True,True,False,False,False,False,False,False,False,False,False,False,False,False,False,False,False,False,False,False,True,False,False,False,True,False,False,1
99,0,999999.0,487.0,9000.0,1,1,0,0,0,0,0,0,0,0,2,1,2,0,0,1,99,99,0,26,1,0,2,0,17,15,5000.0,5000.0,0.0,0,0.0,0.0,0.0,108.0,1,1,True,False,False,False,True,False,False,True,False,False,False,True,False,False,False,False,False,False,False,False,False,False,False,False,False,False,False,True,False,False,True,False,False,False,0
99,1,400000.0,0.0,127974.0,1,1,1,1,2,0,1,1,0,1,0,0,3,0,0,1,99,99,0,16,1,1,4,1,20,8,5009.0,5009.0,0.0,0,0.0,0.0,0.0,501.0,0,0,True,False,False,False,True,False,False,True,True,False,False,False,False,False,False,False,False,False,False,False,False,False,False,False,False,False,False,True,False,False,False,True,False,False,1
99,1,137500.0,0.0,47371.0,1,1,1,1,2,0,1,1,0,1,0,0,5,0,0,1,99,99,1,8,0,1,1,1,0,0,0.0,999999.0,999999.0,999999,99999.0,99999.0,99999.0,320.0,0,0,True,False,False,False,True,False,False,True,True,False,False,False,False,False,False,False,False,False,False,False,False,False,False,False,False,False,False,True,False,False,False,True,False,False,1
99,0,999999.0,625.0,19101.0,1,0,0,0,0,0,0,0,0,0,0,0,1,0,0,1,99,99,0,48,0,0,8,0,24,44,19101.0,17617.0,0.0,0,0.0,0.0,1328.0,296.0,1,2,True,False,False,False,True,False,False,True,False,False,False,True,False,False,False,False,False,False,False,False,False,False,False,False,False,False,False,True,False,False,False,True,False,False,1
99,1,350000.0,0.0,86500.0,1,1,1,1,0,0,0,0,0,0,2,1,4,2,0,1,24,16,0,50,1,0,2,0,25,15,41000.0,41000.0,0.0,0,0.0,0.0,0.0,501.0,0,6,True,False,False,False,True,False,False,True,False,False,False,True,False,False,False,False,False,False,False,False,False,False,False,False,False,False,False,True,False,False,True,False,False,False,1
99,0,999999.0,875.0,30100.0,3,0,0,0,0,0,0,0,0,0,0,0,1,0,0,3,99,99,0,24,0,1,7,1,42,84,16952.0,16952.0,0.0,0,0.0,0.0,0.0,263.0,1,0,True,False,False,False,True,False,False,True,False,False,False,False,False,False,False,False,False,True,False,False,False,False,False,False,False,False,False,True,False,False,False,True,False,False,1
99,0,999999.0,0.0,999999.0,1,0,0,0,0,0,0,0,0,0,0,0,1,0,0,1,99,99,0,20,1,1,7,2,39,73,1590.0,1500.0,0.0,0,0.0,0.0,0.0,0.0,1,0,False,False,True,False,False,True,False,True,False,False,False,False,False,True,False,False,False,False,False,False,False,False,False,False,False,False,False,True,False,False,False,True,False,False,1
99,1,275000.0,0.0,90000.0,1,1,1,1,2,0,1,1,0,1,0,0,5,0,0,1,99,99,2,10,0,1,1,2,0,0,0.0,999999.0,999999.0,999999,99999.0,99999.0,99999.0,501.0,0,0,True,False,False,False,True,False,False,True,True,False,False,False,False,False,False,False,False,False,False,False,False,False,False,False,False,False,False,True,False,False,False,True,False,False,1
99,1,137500.0,0.0,14000.0,2,1,2,1,5,0,1,0,0,0,0,0,6,0,0,1,99,99,1,52,0,0,2,0,0,0,0.0,0.0,0.0,0,0.0,0.0,0.0,80.0,0,0,True,False,False,False,True,False,False,True,False,False,False,False,False,False,False,False,False,False,True,False,False,False,False,False,False,False,False,True,True,False,False,False,False,False,1
99,0,999999.0,512.0,1022.0,1,1,1,1,2,0,1,1,0,1,0,0,6,0,0,1,99,99,3,15,0,1,3,1,0,0,0.0,999999.0,999999.0,999999,0.0,0.0,0.0,6.0,1,0,True,False,False,False,True,False,False,True,True,False,False,False,False,False,False,False,False,False,False,False,False,False,False,False,False,False,False,True,False,False,False,True,False,False,1
99,0,999999.0,575.0,15000.0,3,0,1,0,2,0,6,0,0,0,0,0,2,0,0,2,99,99,0,3,0,0,0,0,0,0,0.0,999999.0,999999.0,999999,99999.0,99999.0,99999.0,1.0,1,0,True,False,False,False,True,False,False,True,False,False,False,False,False,False,False,False,False,True,False,False,False,False,False,False,False,False,False,True,False,False,False,True,False,False,1
99,1,137500.0,0.0,55756.0,1,1,2,0,1,0,1,0,0,0,0,0,5,0,0,1,99,99,1,20,0,0,7,0,24,44,11000.0,11000.0,0.0,0,0.0,0.0,0.0,361.0,0,0,True,False,False,False,True,False,False,True,True,False,False,False,False,False,False,False,False,False,False,False,False,False,False,False,False,False,False,True,False,False,False,True,False,False,1
99,0,999999.0,675.0,10000.0,1,1,1,1,2,0,1,1,0,1,0,0,4,0,0,1,99,99,1,6,0,1,0,1,0,0,0.0,999999.0,999999.0,999999,99999.0,99999.0,99999.0,80.0,1,0,True,False,False,False,True,False,False,True,True,False,False,False,False,False,False,False,False,False,False,False,False,False,False,False,False,False,False,True,False,False,False,True,False,False,1
99,1,350000.0,0.0,20200.0,1,0,0,0,0,0,0,0,0,0,0,0,1,0,0,1,99,99,0,42,0,0,6,0,25,44,20200.0,19000.0,0.0,0,0.0,0.0,0.0,313.0,0,7,True,False,False,False,True,False,False,True,False,False,False,True,False,False,False,False,False,False,False,False,False,False,False,False,False,False,False,True,True,False,False,False,False,False,1
99,1,112500.0,0.0,36365.0,1,1,1,1,0,0,0,0,0,0,1,1,5,3,0,1,27,21,0,58,0,0,6,0,0,0,0.0,0.0,0.0,0,0.0,0.0,0.0,236.0,0,0,True,False,False,False,True,False,False,True,False,False,False,False,False,False,False,False,False,False,False,False,True,False,False,False,False,False,False,True,False,False,True,False,False,False,1
99,1,350000.0,0.0,67000.0,1,0,1,0,0,0,0,0,0,0,0,0,3,2,0,1,28,22,0,50,0,0,7,0,30,44,24000.0,24000.0,0.0,0,0.0,0.0,0.0,501.0,0,7,True,False,False,False,True,False,False,True,False,False,False,True,False,False,False,False,False,False,False,False,False,False,False,False,False,False,False,True,True,False,False,False,False,False,1
99,0,999999.0,875.0,36000.0,2,2,2,2,0,0,0,0,0,0,2,1,4,2,1,1,6,2,0,30,1,0,6,0,32,62,36000.0,36000.0,0.0,0,0.0,0.0,0.0,286.0,0,2,True,False,False,False,True,False,False,True,False,False,False,True,False,False,False,False,False,False,False,False,False,False,False,False,False,False,False,True,False,False,True,False,False,False,1
99,1,137500.0,0.0,39500.0,1,1,0,0,0,0,0,0,0,0,2,1,2,0,0,1,99,99,0,73,1,0,6,0,0,0,35500.0,0.0,0.0,0,9000.0,0.0,0.0,501.0,0,8,True,False,False,False,True,False,False,True,False,False,False,True,False,False,False,False,False,False,False,False,False,False,False,False,False,False,False,True,False,False,True,False,False,False,1
99,0,999999.0,575.0,6240.0,1,0,1,0,1,0,1,0,0,0,0,0,3,0,0,1,99,99,1,7,1,1,1,1,0,0,0.0,999999.0,999999.0,999999,99999.0,99999.0,99999.0,62.0,1,0,True,False,False,False,True,False,False,True,True,False,False,False,False,False,False,False,False,False,False,False,False,False,False,False,False,False,False,True,False,False,False,True,False,False,1
99,1,112500.0,0.0,39000.0,1,0,2,0,2,0,2,0,0,0,0,0,4,0,0,1,99,99,1,4,1,0,0,0,0,0,0.0,999999.0,999999.0,999999,99999.0,99999.0,99999.0,310.0,1,0,True,False,False,False,True,False,False,True,False,False,True,False,False,False,False,False,False,False,False,False,False,False,False,False,False,False,False,True,False,False,False,True,False,False,1
99,1,225000.0,0.0,12770.0,1,1,0,0,0,0,0,0,0,0,2,1,2,0,0,1,99,99,0,68,1,0,7,0,0,0,12770.0,0.0,0.0,0,12770.0,0.0,0.0,170.0,0,8,True,False,False,False,True,False,False,True,False,False,False,True,False,False,False,False,False,False,False,False,False,False,False,False,False,False,False,True,False,False,True,False,False,False,1
99,1,225000.0,0.0,13236.0,1,0,0,0,0,0,0,0,0,0,0,0,1,0,0,1,99,99,0,74,0,0,6,0,0,0,13236.0,0.0,0.0,0,6816.0,0.0,0.0,223.0,0,8,True,False,False,False,True,False,False,True,False,False,False,True,False,False,False,False,False,False,False,False,False,False,False,False,False,False,False,True,False,False,False,False,False,True,1
99,1,85000.0,0.0,35000.0,1,0,1,0,0,0,0,0,0,0,0,0,3,2,0,1,36,34,0,56,0,0,6,0,25,44,35000.0,0.0,35000.0,0,0.0,0.0,0.0,361.0,0,8,True,False,False,False,True,False,False,True,False,False,False,True,False,False,False,False,False,False,False,False,False,False,True,False,False,False,False,False,True,False,False,False,False,False,1
99,0,999999.0,487.0,7464.0,1,0,0,0,0,0,0,0,0,0,0,0,1,0,0,1,99,99,0,80,1,0,6,0,0,0,7464.0,0.0,0.0,0,2268.0,5196.0,0.0,126.0,0,5,True,False,False,False,True,False,False,True,False,False,False,True,False,False,False,False,False,False,False,False,False,False,False,False,False,False,False,True,False,False,False,True,False,False,1
99,0,999999.0,537.0,40600.0,5,0,0,1,0,0,0,0,0,0,0,0,1,0,0,3,99,99,0,46,0,0,0,0,18,44,10000.0,10000.0,0.0,0,0.0,0.0,0.0,155.0,1,0,True,False,False,False,True,False,False,True,False,False,False,False,False,False,False,False,False,True,False,False,False,False,False,False,False,False,False,True,False,False,False,True,False,False,0
99,0,999999.0,462.0,15000.0,1,0,0,0,0,0,0,0,0,0,0,0,1,0,0,1,99,99,0,25,1,0,6,0,23,45,15000.0,15000.0,0.0,0,0.0,0.0,0.0,233.0,1,5,True,False,False,False,True,False,False,True,False,False,False,True,False,False,False,False,False,False,False,False,False,False,False,False,False,False,False,True,False,False,False,True,False,False,1
99,0,999999.0,0.0,999999.0,1,0,0,0,0,0,0,0,0,0,0,0,1,0,0,1,99,99,0,20,1,0,6,0,11,18,10400.0,10000.0,0.0,0,0.0,0.0,0.0,0.0,1,0,False,False,True,False,False,True,False,True,False,False,False,False,False,True,False,False,False,False,False,False,False,False,False,False,False,False,False,True,False,False,False,True,False,False,1
99,1,112500.0,0.0,32000.0,1,1,1,1,2,0,1,1,0,1,0,0,4,0,0,1,99,99,1,12,0,1,2,1,0,0,0.0,999999.0,999999.0,999999,99999.0,99999.0,99999.0,254.0,0,0,True,False,False,False,True,False,False,True,True,False,False,False,False,False,False,False,False,False,False,False,False,False,False,False,False,False,False,True,False,False,False,True,False,False,1
99,0,999999.0,675.0,23400.0,1,1,0,0,0,0,0,0,0,0,1,1,2,0,0,1,99,99,0,23,0,1,7,1,37,78,1400.0,1400.0,0.0,0,0.0,0.0,0.0,282.0,1,0,True,False,False,False,True,False,False,True,False,False,False,False,False,False,False,False,False,False,False,False,True,False,False,False,False,False,False,True,False,False,True,False,False,False,1
99,1,187500.0,0.0,11000.0,2,0,1,0,1,0,1,0,0,0,0,0,3,0,0,1,99,99,0,19,1,1,6,2,26,22,11000.0,11000.0,0.0,0,0.0,0.0,0.0,110.0,0,0,True,False,False,False,True,False,False,True,True,False,False,False,False,False,False,False,False,False,False,False,False,False,False,False,False,True,False,False,False,False,False,True,False,False,1
99,1,137500.0,0.0,37000.0,1,1,1,1,0,0,0,0,0,0,0,0,5,0,0,1,99,99,0,15,1,0,2,0,0,0,0.0,999999.0,999999.0,999999,0.0,0.0,0.0,250.0,1,0,True,False,False,False,True,False,False,True,False,False,False,False,False,False,True,False,False,False,False,False,False,False,False,False,False,False,False,True,False,False,False,True,False,False,1
99,1,85000.0,0.0,21000.0,1,0,0,0,0,0,0,0,0,0,0,0,1,0,0,1,99,99,0,44,0,0,6,0,22,61,21000.0,21000.0,0.0,0,0.0,0.0,0.0,326.0,0,6,True,False,False,False,True,False,False,True,False,False,False,True,False,False,False,False,False,False,False,False,False,False,True,False,False,False,False,False,False,False,False,True,False,False,1
99,0,999999.0,462.0,4000.0,3,0,0,0,0,0,0,0,0,0,0,0,1,0,0,1,99,99,0,40,1,0,6,0,23,18,4000.0,4000.0,0.0,0,0.0,0.0,0.0,62.0,1,1,True,False,False,False,True,False,False,True,False,False,False,True,False,False,False,False,False,False,False,False,False,False,False,False,False,False,False,True,False,True,False,False,False,False,0
99,1,350000.0,0.0,0.0,1,1,0,0,0,0,0,0,0,0,1,1,2,0,0,1,99,99,0,26,0,0,8,0,61,93,0.0,0.0,0.0,0,0.0,0.0,0.0,1.0,1,0,True,False,False,False,True,False,False,True,False,False,False,False,False,False,False,False,False,False,False,False,True,False,False,False,False,False,False,True,False,False,True,False,False,False,1
99,0,999999.0,625.0,23775.0,3,1,1,1,0,0,0,0,0,0,0,0,1,0,0,2,99,99,0,8,0,1,1,1,0,0,0.0,999999.0,999999.0,999999,99999.0,99999.0,99999.0,1.0,0,0,True,False,False,False,True,False,False,True,False,False,False,False,False,False,False,False,False,True,False,False,False,False,False,False,False,False,False,True,False,False,False,True,False,False,1
99,1,275000.0,0.0,44440.0,1,1,1,1,2,0,1,1,0,1,0,0,4,0,0,1,99,99,1,10,1,1,1,2,0,0,0.0,999999.0,999999.0,999999,99999.0,99999.0,99999.0,353.0,0,0,True,False,False,False,True,False,False,True,True,False,False,False,False,False,False,False,False,False,False,False,False,False,False,False,False,False,False,True,False,False,False,True,False,False,1
99,0,999999.0,625.0,10500.0,2,0,1,0,0,0,0,0,0,0,0,0,2,1,0,1,17,17,0,34,0,0,1,0,17,13,9000.0,9000.0,0.0,0,0.0,0.0,0.0,123.0,1,1,True,False,False,False,True,False,False,True,False,False,False,True,False,False,False,False,False,False,False,False,False,False,False,False,False,False,False,True,False,False,False,True,False,False,0
99,1,225000.0,0.0,65200.0,2,1,1,2,0,0,0,0,0,0,0,0,1,0,0,2,99,99,0,34,0,0,7,0,24,44,12000.0,10000.0,0.0,0,0.0,0.0,2000.0,186.0,1,0,True,False,False,False,True,False,False,True,False,False,False,False,False,True,False,False,False,False,False,False,False,False,True,False,False,False,False,False,False,False,False,True,False,False,1
99,1,275000.0,0.0,52000.0,1,1,1,1,0,0,0,0,0,0,2,1,4,2,0,1,27,25,0,52,1,0,6,0,37,49,30000.0,30000.0,0.0,0,0.0,0.0,0.0,407.0,0,6,True,False,False,False,True,False,False,True,False,False,False,True,False,False,False,False,False,False,False,False,False,False,True,False,False,False,False,False,False,False,True,False,False,False,1
99,0,999999.0,725.0,0.0,1,0,1,0,1,0,1,0,0,0,0,0,2,0,0,1,99,99,0,7,1,1,1,1,0,0,0.0,999999.0,999999.0,999999,99999.0,99999.0,99999.0,1.0,1,0,True,False,False,False,True,False,False,True,True,False,False,False,False,False,False,False,False,False,False,False,False,False,False,False,False,False,False,True,False,False,False,True,False,False,1
99,1,85000.0,0.0,45894.0,1,0,1,0,0,0,0,0,0,0,0,0,3,2,0,1,59,51,0,71,0,0,3,0,0,0,6924.0,0.0,0.0,0,4000.0,2924.0,0.0,473.0,0,0,True,False,False,False,True,False,False,True,False,False,False,False,False,False,False,True,False,False,False,False,False,False,False,False,False,False,False,True,False,False,False,True,False,False,1
99,0,999999.0,875.0,84485.0,1,1,1,1,2,0,1,1,3,1,0,0,6,0,0,1,99,99,3,18,1,1,7,1,24,44,16485.0,12000.0,0.0,0,0.0,0.0,4485.0,494.0,0,0,True,False,False,False,True,False,False,True,True,False,False,False,False,False,False,False,False,False,False,False,False,False,False,False,False,False,False,True,False,False,False,True,False,False,1
99,1,225000.0,0.0,20000.0,1,1,1,1,2,0,1,1,0,1,0,0,7,0,0,1,99,99,4,9,1,1,1,1,0,0,0.0,999999.0,999999.0,999999,99999.0,99999.0,99999.0,108.0,1,0,True,False,False,False,True,False,False,True,True,False,False,False,False,False,False,False,False,False,False,False,False,False,False,False,False,False,False,True,False,False,False,True,False,False,1
99,0,999999.0,362.0,6720.0,1,1,1,1,1,0,1,2,0,1,0,0,4,0,0,1,99,99,1,10,0,1,1,1,0,0,0.0,999999.0,999999.0,999999,99999.0,99999.0,99999.0,53.0,1,0,True,False,False,False,True,False,False,True,True,False,False,False,False,False,False,False,False,False,False,False,False,False,False,False,False,False,False,True,False,False,False,True,False,False,1
99,0,999999.0,675.0,8328.0,1,0,1,0,0,0,0,0,0,0,0,0,3,2,2,1,3,1,0,18,0,0,5,0,42,84,8328.0,0.0,0.0,0,0.0,8328.0,0.0,83.0,1,1,True,False,False,False,True,False,False,True,False,False,False,True,False,False,False,False,False,False,False,False,False,False,True,False,False,False,False,False,False,False,False,True,False,False,1
99,0,999999.0,462.0,35000.0,5,0,0,0,0,0,0,0,0,0,0,0,1,0,0,3,99,99,0,31,1,1,7,1,26,19,2000.0,0.0,2000.0,0,0.0,0.0,0.0,31.0,0,0,True,False,False,False,True,False,False,True,False,False,False,False,False,False,False,False,False,True,False,False,False,False,False,False,False,True,False,False,False,False,False,True,False,False,1
99,1,85000.0,0.0,30370.0,1,1,1,1,2,0,1,1,0,1,0,0,5,0,0,1,99,99,1,22,1,0,3,0,25,18,0.0,0.0,0.0,0,0.0,0.0,0.0,194.0,0,0,True,False,False,False,True,False,False,True,True,False,False,False,False,False,False,False,False,False,False,False,False,False,False,False,False,False,False,True,False,False,False,True,False,False,1
99,1,72500.0,0.0,34000.0,2,0,1,1,1,0,1,0,0,0,0,0,4,1,0,1,16,16,1,37,1,0,4,0,0,0,0.0,0.0,0.0,0,0.0,0.0,0.0,262.0,0,0,True,False,False,False,True,False,False,True,True,False,False,False,False,False,False,False,False,False,False,False,False,False,True,False,False,False,False,False,False,False,False,False,False,True,1
99,0,999999.0,625.0,8400.0,1,1,1,1,0,0,0,0,0,0,1,2,5,3,1,1,7,2,0,41,1,0,5,0,41,68,1400.0,1400.0,0.0,0,0.0,0.0,0.0,57.0,1,0,True,False,False,False,True,False,False,True,False,False,False,False,False,False,False,False,False,False,False,False,True,False,True,False,False,False,False,False,False,False,True,False,False,False,0
99,1,187500.0,0.0,63803.0,1,1,1,1,0,0,0,0,0,0,2,1,5,3,0,1,19,16,0,43,1,0,1,0,23,18,45338.0,24413.0,0.0,0,0.0,0.0,0.0,408.0,1,2,True,False,False,False,True,False,False,True,False,False,False,True,False,False,False,False,False,False,False,False,False,False,False,False,False,False,False,True,False,False,True,False,False,False,1
99,0,999999.0,412.0,13550.0,1,1,1,1,0,0,0,0,0,0,2,1,4,1,0,1,5,5,0,27,1,0,0,0,30,67,4400.0,4000.0,0.0,0,0.0,400.0,0.0,104.0,1,2,True,False,False,False,True,False,False,True,False,False,False,True,False,False,False,False,False,False,False,False,False,False,False,False,False,False,False,True,False,False,True,False,False,False,0
99,0,999999.0,487.0,23724.0,1,0,0,0,0,0,0,0,0,0,0,0,1,0,0,1,99,99,0,39,0,0,6,0,33,60,23724.0,23724.0,0.0,0,0.0,0.0,0.0,368.0,1,2,True,False,False,False,True,False,False,True,False,False,False,True,False,False,False,False,False,False,False,False,False,False,False,False,True,False,False,False,True,False,False,False,False,False,1
99,1,225000.0,0.0,45800.0,3,0,1,0,2,0,3,0,0,0,0,0,2,0,0,2,99,99,0,11,0,1,1,1,0,0,0.0,999999.0,999999.0,999999,99999.0,99999.0,99999.0,206.0,1,0,True,False,False,False,True,False,False,True,False,False,False,False,False,True,False,False,False,False,False,False,False,False,False,False,False,False,False,True,False,False,False,True,False,False,1
99,0,999999.0,512.0,23700.0,1,1,1,1,2,7,1,1,0,1,0,0,8,0,0,1,99,99,3,7,0,0,1,0,0,0,0.0,999999.0,999999.0,999999,99999.0,99999.0,99999.0,112.0,1,0,True,False,False,False,True,False,False,True,True,False,False,False,False,False,False,False,False,False,False,False,False,False,False,False,False,False,False,True,False,False,False,True,False,False,1
99,0,999999.0,675.0,54307.0,1,1,1,1,2,0,1,1,0,1,0,0,6,0,0,1,99,99,2,20,1,0,1,0,23,18,9600.0,9600.0,0.0,0,0.0,0.0,0.0,306.0,1,0,True,False,False,False,True,False,False,True,True,False,False,False,False,False,False,False,False,False,False,False,False,False,False,False,False,False,False,True,False,False,False,True,False,False,1
99,1,137500.0,0.0,81000.0,1,1,1,1,0,0,0,0,0,0,2,1,4,2,0,1,15,15,0,35,1,1,8,2,41,68,35000.0,35000.0,0.0,0,0.0,0.0,0.0,501.0,0,5,True,False,False,False,True,False,False,True,False,False,False,True,False,False,False,False,False,False,False,False,False,False,False,False,False,False,False,True,False,False,True,False,False,False,1
99,0,999999.0,675.0,61760.0,1,0,1,0,1,0,1,0,0,0,0,0,2,0,0,1,99,99,0,20,1,0,6,0,20,8,800.0,800.0,0.0,0,0.0,0.0,0.0,501.0,0,0,True,False,False,False,True,False,False,True,True,False,False,False,False,False,False,False,False,False,False,False,False,False,False,False,False,False,False,True,False,False,False,True,False,False,1
99,1,275000.0,0.0,103327.0,1,1,0,0,0,0,0,0,0,0,2,1,2,0,0,1,99,99,0,31,1,0,8,0,48,87,72517.0,62400.0,5196.0,0,0.0,0.0,0.0,501.0,1,2,True,False,False,False,True,False,False,True,False,False,False,True,False,False,False,False,False,False,False,False,False,False,False,False,False,False,False,True,False,False,True,False,False,False,1
99,0,999999.0,312.0,11670.0,1,1,1,1,0,0,0,0,0,0,2,1,7,5,3,1,7,1,0,28,1,0,1,0,22,18,11670.0,11040.0,0.0,0,0.0,0.0,0.0,63.0,1,1,True,False,False,False,True,False,False,True,False,False,False,True,False,False,False,False,False,False,False,False,False,False,False,False,False,False,False,True,False,False,True,False,False,False,1
99,1,162500.0,0.0,31057.0,1,1,1,1,0,0,0,0,0,0,1,1,3,1,0,1,33,33,0,68,0,0,1,0,0,0,0.0,0.0,0.0,0,0.0,0.0,0.0,320.0,0,0,True,False,False,False,True,False,False,True,False,False,False,False,False,False,False,False,False,False,False,False,True,False,False,False,False,False,False,True,False,False,True,False,False,False,1
99,0,999999.0,462.0,52000.0,1,1,1,1,0,0,0,0,0,0,1,1,3,1,1,1,4,4,0,39,0,0,6,0,41,68,22000.0,22000.0,0.0,0,0.0,0.0,0.0,501.0,1,0,True,False,False,False,True,False,False,True,False,False,False,False,False,False,False,False,False,False,False,False,True,False,False,False,False,False,False,True,False,False,True,False,False,False,1
99,0,999999.0,337.0,13092.0,1,1,0,0,0,0,0,0,0,0,1,1,2,0,0,1,99,99,0,54,0,0,5,0,0,0,4296.0,0.0,0.0,0,4296.0,0.0,0.0,158.0,0,0,True,False,False,False,True,False,False,True,False,False,False,False,False,False,False,False,False,False,False,False,True,False,True,False,False,False,False,False,False,False,True,False,False,False,1
99,1,350000.0,0.0,32430.0,1,2,1,1,0,0,0,0,0,0,4,1,4,1,0,1,30,30,0,65,1,0,8,0,0,0,186.0,0.0,0.0,0,0.0,0.0,0.0,254.0,1,0,True,False,False,False,True,False,False,True,False,False,False,False,False,False,False,True,False,False,False,False,False,False,False,True,False,False,False,False,False,False,True,False,False,False,1
99,0,999999.0,0.0,999999.0,1,0,0,0,0,0,0,0,0,0,0,0,1,0,0,1,99,99,0,22,1,1,7,2,46,84,18000.0,12000.0,0.0,0,0.0,0.0,0.0,0.0,1,0,False,False,True,False,False,True,False,True,False,False,False,False,False,True,False,False,False,False,False,False,False,False,False,False,False,False,False,True,False,False,False,True,False,False,1
99,1,400000.0,0.0,0.0,1,1,0,0,0,0,0,0,0,0,2,1,2,0,0,1,99,99,0,64,1,0,8,0,41,68,0.0,0.0,0.0,0,0.0,0.0,0.0,1.0,0,2,True,False,False,False,True,False,False,True,False,False,False,True,False,False,False,False,False,False,False,False,False,False,False,False,False,False,False,True,False,False,True,False,False,False,1
99,0,999999.0,675.0,36034.0,1,2,1,1,2,0,1,3,0,1,0,0,7,0,0,1,99,99,3,27,0,0,0,0,18,44,4000.0,4000.0,0.0,0,0.0,0.0,0.0,179.0,0,0,True,False,False,False,True,False,False,True,False,False,False,False,False,False,False,False,False,False,True,False,False,False,False,True,False,False,False,False,False,False,False,True,False,False,0
99,0,999999.0,487.0,23157.0,1,0,0,0,0,0,0,0,0,0,0,0,1,0,0,1,99,99,0,28,0,0,8,0,31,65,23157.0,23103.0,0.0,0,0.0,0.0,0.0,359.0,1,1,True,False,False,False,True,False,False,True,False,False,False,True,False,False,False,False,False,False,False,False,False,False,False,False,False,False,False,True,False,False,False,True,False,False,0
99,1,400000.0,0.0,90200.0,1,1,1,1,0,0,0,0,0,0,2,1,4,2,2,1,4,0,0,42,1,0,8,0,31,65,48200.0,48000.0,0.0,0,0.0,0.0,0.0,501.0,1,2,True,False,False,False,True,False,False,True,False,False,False,True,False,False,False,False,False,False,False,False,False,False,False,False,False,False,False,True,False,False,True,False,False,False,0
99,1,5000.0,0.0,39475.0,1,0,0,0,0,0,0,0,0,0,0,0,1,0,0,1,99,99,0,47,1,0,6,0,22,20,39475.0,39030.0,0.0,0,0.0,0.0,0.0,501.0,1,1,True,False,False,False,True,False,False,True,False,False,False,True,False,False,False,False,False,False,False,False,False,False,False,False,False,False,False,True,True,False,False,False,False,False,1
99,1,400000.0,0.0,100000.0,1,0,0,0,0,0,0,0,0,0,0,0,1,0,0,1,99,99,0,28,0,0,6,0,35,68,100000.0,100000.0,0.0,0,0.0,0.0,0.0,501.0,1,1,True,False,False,False,True,False,False,True,False,False,False,True,False,False,False,False,False,False,False,False,False,False,False,False,False,False,False,True,False,False,False,True,False,False,1
99,1,67500.0,0.0,33989.0,1,1,1,1,0,0,0,0,0,0,0,0,5,0,0,1,99,99,0,6,1,1,1,1,0,0,0.0,999999.0,999999.0,999999,99999.0,99999.0,99999.0,224.0,1,0,True,False,False,False,True,False,False,True,False,False,True,False,False,False,False,False,False,False,False,False,False,False,False,False,False,False,False,True,False,False,False,True,False,False,1
99,0,999999.0,362.0,7120.0,1,0,0,0,0,0,0,0,0,0,0,0,1,0,0,1,99,99,0,67,0,0,6,0,0,0,7120.0,0.0,0.0,0,6000.0,720.0,0.0,120.0,1,1,True,False,False,False,True,False,False,True,False,False,False,True,False,False,False,False,False,False,False,False,False,False,False,False,False,False,False,True,True,False,False,False,False,False,1
99,0,999999.0,625.0,18000.0,1,1,1,1,2,0,1,1,0,1,0,0,6,0,0,1,99,99,3,7,0,1,1,1,0,0,0.0,999999.0,999999.0,999999,99999.0,99999.0,99999.0,109.0,0,0,True,False,False,False,True,False,False,True,True,False,False,False,False,False,False,False,False,False,False,False,False,False,False,False,False,False,False,True,False,False,False,True,False,False,1
99,1,275000.0,0.0,23000.0,1,1,1,1,0,0,0,0,0,0,1,1,5,3,2,1,5,2,0,39,0,0,7,0,41,68,0.0,0.0,0.0,0,0.0,0.0,0.0,155.0,0,0,True,False,False,False,True,False,False,True,False,False,False,False,False,False,False,False,False,False,False,False,True,False,False,False,False,False,False,True,False,False,True,False,False,False,1
99,0,999999.0,1000.0,83000.0,1,1,1,1,2,7,1,1,0,1,0,0,4,0,0,1,99,99,0,7,0,0,0,0,0,0,0.0,999999.0,999999.0,999999,99999.0,99999.0,99999.0,501.0,1,0,True,False,False,False,True,False,False,True,True,False,False,False,False,False,False,False,False,False,False,False,False,False,False,False,False,False,False,True,False,False,False,True,False,False,1
99,0,999999.0,412.0,21000.0,1,0,2,0,0,0,0,0,0,0,0,0,4,1,0,1,40,40,0,60,0,0,0,0,0,0,0.0,0.0,0.0,0,0.0,0.0,0.0,167.0,1,0,True,False,False,False,True,False,False,True,False,False,False,False,False,False,False,True,False,False,False,False,False,False,False,False,False,False,False,True,False,False,False,False,False,True,1
99,0,999999.0,1000.0,22387.0,1,1,1,1,0,0,0,0,0,0,2,1,4,2,0,1,13,11,0,43,1,0,8,0,31,65,22387.0,22387.0,0.0,0,0.0,0.0,0.0,178.0,1,1,True,False,False,False,True,False,False,True,False,False,False,True,False,False,False,False,False,False,False,False,False,False,False,False,True,False,False,False,False,False,True,False,False,False,1
99,0,999999.0,625.0,25920.0,2,2,0,0,0,0,0,0,0,0,4,5,2,0,0,2,99,99,0,63,0,0,0,0,24,10,10000.0,10000.0,0.0,0,0.0,0.0,0.0,313.0,1,0,True,False,False,False,True,False,False,True,False,False,False,False,False,False,False,False,False,True,False,False,False,False,False,False,False,False,False,True,False,False,True,False,False,False,1
99,1,225000.0,0.0,0.0,1,1,1,1,2,0,1,1,0,1,0,0,4,0,0,1,99,99,1,4,0,0,0,0,0,0,0.0,999999.0,999999.0,999999,99999.0,99999.0,99999.0,1.0,1,0,True,False,False,False,True,False,False,True,True,False,False,False,False,False,False,False,False,False,False,False,False,False,False,False,False,False,False,True,False,False,False,True,False,False,1
99,1,350000.0,0.0,85000.0,1,1,1,1,2,0,1,1,0,1,0,0,4,0,0,1,99,99,1,13,1,1,2,1,0,0,0.0,999999.0,999999.0,999999,99999.0,99999.0,99999.0,501.0,1,0,True,False,False,False,True,False,False,True,True,False,False,False,False,False,False,False,False,False,False,False,False,False,False,False,False,False,False,True,False,False,False,True,False,False,1
99,0,999999.0,1000.0,17400.0,1,1,1,1,0,0,0,0,0,0,2,1,3,1,1,1,1,1,0,27,1,0,8,0,61,93,17400.0,15000.0,0.0,0,0.0,0.0,0.0,174.0,1,1,True,False,False,False,True,False,False,True,False,False,False,True,False,False,False,False,False,False,False,False,False,False,False,False,False,False,False,True,False,False,True,False,False,False,1
99,1,137500.0,0.0,46400.0,1,1,1,1,2,0,1,1,0,1,0,0,6,0,0,1,99,99,3,12,1,1,2,1,0,0,0.0,999999.0,999999.0,999999,99999.0,99999.0,99999.0,271.0,0,0,True,False,False,False,True,False,False,True,True,False,False,False,False,False,False,False,False,False,False,False,False,False,False,False,False,False,False,True,False,False,False,True,False,False,1
99,0,999999.0,487.0,35292.0,1,0,1,1,0,0,0,0,0,0,0,0,5,1,0,1,17,17,2,38,1,0,2,0,13,10,600.0,600.0,0.0,0,0.0,0.0,0.0,233.0,1,0,True,False,False,False,True,False,False,True,False,False,False,False,False,False,False,False,False,False,True,False,False,False,False,False,False,False,False,True,False,True,False,False,False,False,0
99,0,999999.0,675.0,19385.0,1,1,1,1,0,0,0,0,0,0,2,1,3,1,1,1,1,1,0,29,1,1,8,2,24,47,385.0,385.0,0.0,0,0.0,0.0,0.0,194.0,1,1,True,False,False,False,True,False,False,True,False,False,False,True,False,False,False,False,False,False,False,False,False,False,False,False,True,False,False,False,False,False,True,False,False,False,1
99,0,999999.0,537.0,8500.0,1,0,2,0,0,0,0,0,0,0,0,0,7,5,1,1,17,0,0,38,0,0,1,0,20,9,8500.0,5000.0,0.0,0,0.0,3500.0,0.0,48.0,0,5,True,False,False,False,True,False,False,True,False,False,False,True,False,False,False,False,False,False,False,False,False,False,False,False,False,False,False,True,False,False,False,False,True,False,1
99,0,999999.0,387.0,20826.0,1,1,1,1,1,7,1,2,0,1,0,0,4,0,0,1,99,99,1,9,0,1,1,1,0,0,0.0,999999.0,999999.0,999999,99999.0,99999.0,99999.0,166.0,1,0,True,False,False,False,True,False,False,True,True,False,False,False,False,False,False,False,False,False,False,False,False,False,False,False,False,False,False,True,False,False,False,True,False,False,1
99,1,275000.0,0.0,75973.0,1,1,0,0,0,0,0,0,0,0,2,1,2,0,0,1,99,99,0,64,1,0,8,0,28,48,59100.0,58000.0,0.0,0,0.0,0.0,0.0,501.0,0,6,True,False,False,False,True,False,False,True,False,False,False,True,False,False,False,False,False,False,False,False,False,False,False,False,False,False,False,True,False,False,True,False,False,False,1
99,0,999999.0,625.0,18000.0,1,1,1,1,0,0,0,0,0,0,1,1,5,3,2,1,10,1,0,29,0,0,0,0,22,18,9000.0,9000.0,0.0,0,0.0,0.0,0.0,122.0,0,0,True,False,False,False,True,False,False,True,False,False,False,False,False,False,False,False,False,False,False,False,True,False,False,False,False,False,False,True,False,False,True,False,False,False,1
99,0,999999.0,462.0,38118.0,1,0,3,0,4,0,1,0,0,0,0,0,9,0,0,1,99,99,1,24,1,0,7,0,18,44,2700.0,1200.0,0.0,0,0.0,1500.0,0.0,142.0,0,0,True,False,False,False,True,False,False,True,False,False,False,False,False,False,False,False,False,False,True,False,False,False,True,False,False,False,False,False,False,True,False,False,False,False,1
99,1,187500.0,0.0,15210.0,2,0,2,0,0,0,0,0,0,0,0,0,6,0,0,1,99,99,0,12,1,1,1,1,0,0,0.0,999999.0,999999.0,999999,99999.0,99999.0,99999.0,92.0,1,0,True,False,False,False,True,False,False,True,False,False,False,False,False,False,True,False,False,False,False,False,False,False,False,False,False,False,False,True,False,False,False,True,False,False,1
99,0,999999.0,0.0,999999.0,1,0,0,0,0,0,0,0,0,0,0,0,1,0,0,1,99,99,0,26,0,0,7,0,37,78,2580.0,2580.0,0.0,0,0.0,0.0,0.0,0.0,1,0,False,False,True,False,False,True,False,True,False,False,False,False,False,True,False,False,False,False,False,False,False,False,False,False,False,False,False,True,False,False,False,True,False,False,1
99,1,162500.0,0.0,40138.0,1,1,2,1,2,0,1,1,0,1,0,0,5,0,0,1,99,99,1,6,1,1,0,1,0,0,0.0,999999.0,999999.0,999999,99999.0,99999.0,99999.0,265.0,0,0,True,False,False,False,True,False,False,True,True,False,False,False,False,False,False,False,False,False,False,False,False,False,False,False,False,False,False,True,False,False,False,True,False,False,1
99,1,400000.0,0.0,120000.0,1,1,1,1,2,0,1,1,0,1,0,0,5,0,0,1,99,99,2,0,0,0,7,0,0,0,0.0,999999.0,999999.0,999999,99999.0,99999.0,99999.0,501.0,1,0,True,False,False,False,True,False,False,True,True,False,False,False,False,False,False,False,False,False,False,False,False,False,False,False,False,False,False,True,False,False,False,True,False,False,1
99,0,999999.0,0.0,999999.0,1,0,0,0,0,0,0,0,0,0,0,0,1,0,0,1,99,99,0,38,0,0,7,0,11,22,32000.0,32000.0,0.0,0,0.0,0.0,0.0,0.0,0,0,False,False,True,False,False,True,False,True,False,False,False,False,False,True,False,False,False,False,False,False,False,False,True,False,False,False,False,False,True,False,False,False,False,False,1
99,0,999999.0,625.0,56030.0,1,1,0,0,0,0,0,0,0,0,1,1,2,0,0,1,99,99,0,34,0,0,7,0,42,84,26015.0,26000.0,0.0,0,0.0,0.0,0.0,501.0,1,0,True,False,False,False,True,False,False,True,False,False,False,False,False,False,False,False,False,False,False,False,True,False,False,False,False,False,False,True,False,False,True,False,False,False,1
99,0,999999.0,575.0,58300.0,1,1,1,1,2,0,1,1,0,1,0,0,6,0,0,1,99,99,3,7,1,1,1,2,0,0,0.0,999999.0,999999.0,999999,99999.0,99999.0,99999.0,352.0,1,0,True,False,False,False,True,False,False,True,True,False,False,False,False,False,False,False,False,False,False,False,False,False,False,False,False,True,False,False,False,False,False,True,False,False,1
99,0,999999.0,437.0,17000.0,1,1,1,1,2,0,1,1,0,1,0,0,5,0,0,1,99,99,2,3,1,0,0,0,0,0,0.0,999999.0,999999.0,999999,99999.0,99999.0,99999.0,115.0,1,0,True,False,False,False,True,False,False,True,True,False,False,False,False,False,False,False,False,False,False,False,False,False,False,False,False,False,False,True,False,False,False,True,False,False,1
99,0,999999.0,875.0,37000.0,1,0,1,0,1,0,1,0,0,0,0,0,7,0,0,1,99,99,3,36,0,0,8,0,61,93,10000.0,10000.0,0.0,0,0.0,0.0,0.0,184.0,1,0,True,False,False,False,True,False,False,True,True,False,False,False,False,False,False,False,False,False,False,False,False,False,False,False,False,False,False,True,False,False,False,True,False,False,1
99,0,999999.0,312.0,20000.0,1,0,1,0,1,0,1,0,0,0,0,0,4,0,0,1,99,99,2,3,0,0,0,0,0,0,0.0,999999.0,999999.0,999999,99999.0,99999.0,99999.0,158.0,1,0,True,False,False,False,True,False,False,True,True,False,False,False,False,False,False,False,False,False,False,False,False,False,True,False,False,False,False,False,False,False,False,True,False,False,1
99,0,999999.0,875.0,38000.0,1,1,1,1,2,1,1,1,0,1,0,0,4,0,0,1,99,99,1,10,1,1,1,1,0,0,0.0,999999.0,999999.0,999999,99999.0,99999.0,99999.0,302.0,1,0,True,False,False,False,True,False,False,True,True,False,False,False,False,False,False,False,False,False,False,False,False,False,False,False,False,False,False,True,False,False,False,True,False,False,1
99,1,162500.0,0.0,33000.0,1,1,0,0,0,0,0,0,0,0,1,1,3,0,0,1,99,99,0,35,0,0,3,0,24,47,13000.0,13000.0,0.0,0,0.0,0.0,0.0,331.0,1,0,True,False,False,False,True,False,False,True,False,False,False,False,False,False,False,False,False,False,False,False,True,False,False,False,False,False,False,True,False,False,True,False,False,False,1
99,1,275000.0,0.0,7740.0,1,0,0,0,0,0,0,0,0,0,0,0,1,0,0,1,99,99,0,80,0,0,2,0,0,0,7740.0,0.0,0.0,0,0.0,0.0,7200.0,130.0,0,6,True,False,False,False,True,False,False,True,False,False,False,True,False,False,False,False,False,False,False,False,False,False,False,False,False,False,False,True,False,False,False,False,False,True,1
99,0,999999.0,725.0,6400.0,1,1,1,1,0,0,0,0,0,0,1,1,4,2,1,1,11,0,0,30,0,0,7,0,22,61,3400.0,0.0,0.0,0,0.0,0.0,3400.0,51.0,1,0,True,False,False,False,True,False,False,True,False,False,False,False,False,False,False,False,False,False,False,False,True,False,False,False,False,False,False,True,False,False,True,False,False,False,1
99,1,187500.0,0.0,75010.0,1,1,0,0,0,0,0,0,0,0,1,1,2,0,0,1,99,99,0,34,0,0,7,0,41,68,45005.0,45000.0,0.0,0,0.0,0.0,0.0,501.0,1,0,True,False,False,False,True,False,False,True,False,False,False,False,False,False,False,False,False,False,False,False,True,False,False,False,False,False,False,True,False,False,True,False,False,False,1
99,0,999999.0,875.0,62454.0,1,1,1,1,0,0,0,0,0,0,2,1,4,1,0,1,5,5,0,39,1,0,7,0,46,84,42654.0,42654.0,0.0,0,0.0,0.0,0.0,480.0,0,5,True,False,False,False,True,False,False,True,False,False,False,True,False,False,False,False,False,False,False,False,False,False,False,False,False,False,False,True,False,False,True,False,False,False,0
99,1,112500.0,0.0,75000.0,1,1,1,2,2,0,1,1,0,1,0,0,5,0,0,1,99,99,1,21,0,1,7,2,22,51,3000.0,3000.0,0.0,0,0.0,0.0,0.0,479.0,0,0,True,False,False,False,True,False,False,True,True,False,False,False,False,False,False,False,False,False,False,False,False,False,True,False,False,False,False,False,False,False,False,True,False,False,1
99,0,999999.0,625.0,13000.0,1,0,1,0,3,0,1,0,0,0,0,0,3,0,0,1,99,99,1,27,0,0,0,0,23,18,13000.0,13000.0,0.0,0,0.0,0.0,0.0,130.0,0,2,True,False,False,False,True,False,False,True,False,False,False,True,False,False,False,False,False,False,False,False,False,False,False,False,False,False,False,True,False,False,False,True,False,False,0
99,1,275000.0,0.0,41000.0,1,1,0,0,0,0,0,0,0,0,2,1,2,0,0,1,99,99,0,60,1,0,7,0,37,49,41000.0,41000.0,0.0,0,0.0,0.0,0.0,494.0,0,8,True,False,False,False,True,False,False,True,False,False,False,True,False,False,False,False,False,False,False,False,False,False,False,False,False,False,False,True,False,False,True,False,False,False,1
99,0,999999.0,675.0,30250.0,2,0,1,0,1,0,1,0,0,0,0,0,2,0,0,1,99,99,0,7,0,1,1,1,0,0,0.0,999999.0,999999.0,999999,99999.0,99999.0,99999.0,354.0,1,0,True,False,False,False,True,False,False,True,True,False,False,False,False,False,False,False,False,False,False,False,False,False,False,False,False,False,False,True,False,False,False,True,False,False,1
99,0,999999.0,512.0,22534.0,1,1,1,1,0,0,0,0,0,0,2,1,5,3,1,1,8,2,0,31,1,0,2,0,20,8,22534.0,22534.0,0.0,0,0.0,0.0,0.0,152.0,0,2,True,False,False,False,True,False,False,True,False,False,False,True,False,False,False,False,False,False,False,False,False,False,False,False,False,False,False,True,False,False,True,False,False,False,1
99,0,999999.0,875.0,36000.0,1,1,1,1,2,0,1,1,0,1,0,0,4,0,0,1,99,99,1,23,1,0,6,0,25,18,8000.0,8000.0,0.0,0,0.0,0.0,0.0,281.0,1,0,True,False,False,False,True,False,False,True,True,False,False,False,False,False,False,False,False,False,False,False,False,False,True,False,False,False,False,False,False,False,False,True,False,False,1
99,0,999999.0,337.0,50500.0,1,1,1,1,0,0,0,0,0,0,1,1,5,3,1,1,19,4,0,37,0,0,7,0,41,68,33000.0,33000.0,0.0,0,0.0,0.0,0.0,333.0,0,0,True,False,False,False,True,False,False,True,False,False,False,False,False,False,False,False,False,False,False,False,True,False,False,False,False,False,False,True,False,False,True,False,False,False,1
99,0,999999.0,112.0,1310.0,2,0,1,0,0,0,0,0,0,0,0,0,1,0,0,2,99,99,0,50,1,0,7,0,21,66,8918.0,6918.0,0.0,0,0.0,0.0,2000.0,138.0,0,0,True,False,False,False,True,False,False,True,False,False,False,False,False,True,False,False,False,False,False,False,False,False,True,False,False,False,False,False,True,False,False,False,False,False,0
99,0,999999.0,575.0,13885.0,1,1,0,0,0,0,0,0,0,0,1,1,2,0,0,1,99,99,0,65,0,0,1,0,20,9,4800.0,4800.0,0.0,0,0.0,0.0,0.0,185.0,1,0,True,False,False,False,True,False,False,True,False,False,False,False,False,False,False,False,False,False,False,False,True,False,False,False,False,False,False,True,False,False,True,False,False,False,1
99,1,275000.0,0.0,41000.0,2,1,0,0,0,0,0,0,0,0,1,1,2,0,0,1,99,99,0,62,0,0,6,0,23,18,10000.0,0.0,10000.0,0,0.0,0.0,0.0,494.0,0,0,True,False,False,False,True,False,False,True,False,False,False,False,False,False,False,False,False,False,False,False,True,False,False,True,False,False,False,False,False,False,True,False,False,False,1
99,1,187500.0,0.0,96509.0,1,1,2,1,2,0,1,1,0,1,0,0,9,0,0,1,99,99,3,21,1,0,5,0,24,44,22000.0,22000.0,0.0,0,0.0,0.0,0.0,350.0,1,0,True,False,False,False,True,False,False,True,True,False,False,False,False,False,False,False,False,False,False,False,False,False,False,False,False,False,False,True,False,False,False,True,False,False,1
99,1,275000.0,0.0,11268.0,1,0,0,0,0,0,0,0,0,0,0,0,1,0,0,1,99,99,0,88,0,0,4,0,0,0,11268.0,0.0,0.0,0,2268.0,0.0,0.0,189.0,0,8,True,False,False,False,True,False,False,True,False,False,False,True,False,False,False,False,False,False,False,False,False,False,False,False,False,False,False,True,False,False,False,False,False,True,1
99,0,999999.0,625.0,30000.0,1,0,1,0,1,7,1,0,0,0,0,0,3,0,0,1,99,99,1,10,1,1,1,1,0,0,0.0,999999.0,999999.0,999999,99999.0,99999.0,99999.0,300.0,1,0,True,False,False,False,True,False,False,True,True,False,False,False,False,False,False,False,False,False,False,False,False,False,False,False,False,False,False,True,False,False,False,True,False,False,1
99,1,187500.0,0.0,47565.0,1,1,0,0,0,0,0,0,0,0,1,1,2,0,0,1,99,99,0,65,0,0,5,0,20,9,12565.0,10000.0,0.0,0,2500.0,0.0,0.0,501.0,0,0,True,False,False,False,True,False,False,True,False,False,False,False,False,False,False,False,False,False,False,False,True,False,False,False,False,False,False,True,False,False,True,False,False,False,1
99,0,999999.0,1000.0,106010.0,1,1,1,1,1,7,1,2,0,1,0,0,4,0,0,1,99,99,1,19,1,1,6,1,0,0,1010.0,0.0,0.0,0,1010.0,0.0,0.0,501.0,1,0,True,False,False,False,True,False,False,True,True,False,False,False,False,False,False,False,False,False,False,False,False,False,True,False,False,False,False,False,False,False,False,True,False,False,1
99,0,999999.0,487.0,29000.0,1,0,1,0,1,0,1,0,0,0,0,0,2,0,0,1,99,99,0,2,0,0,7,0,0,0,0.0,999999.0,999999.0,999999,99999.0,99999.0,99999.0,339.0,1,0,True,False,False,False,True,False,False,True,True,False,False,False,False,False,False,False,False,False,False,False,False,False,False,False,False,False,False,True,False,False,False,True,False,False,1
99,1,275000.0,0.0,39818.0,1,0,0,0,0,0,0,0,0,0,0,0,2,0,0,1,99,99,0,78,0,0,6,0,0,0,19818.0,0.0,0.0,0,8232.0,0.0,0.0,501.0,0,8,True,False,False,False,True,False,False,True,False,False,False,True,False,False,False,False,False,False,False,False,False,False,False,False,False,False,False,True,False,False,False,False,False,True,1
99,0,999999.0,725.0,8000.0,2,0,0,0,0,0,0,0,0,0,0,0,1,0,0,2,99,99,0,26,0,1,8,2,24,47,28000.0,28000.0,0.0,0,0.0,0.0,0.0,434.0,1,0,True,False,False,False,True,False,False,True,False,False,False,False,False,False,False,False,False,True,False,False,False,False,False,False,False,True,False,False,False,False,False,True,False,False,1
99,0,999999.0,875.0,56000.0,1,1,1,1,2,0,1,1,0,1,0,0,3,0,0,1,99,99,0,2,0,0,7,0,0,0,0.0,999999.0,999999.0,999999,99999.0,99999.0,99999.0,501.0,1,0,True,False,False,False,True,False,False,True,True,False,False,False,False,False,False,False,False,False,False,False,False,False,False,False,False,False,False,True,False,False,False,True,False,False,1
99,0,999999.0,875.0,75001.0,1,1,0,0,0,0,0,0,0,0,1,1,2,0,0,1,99,99,0,33,0,0,7,0,25,44,30000.0,0.0,30000.0,0,0.0,0.0,0.0,501.0,1,0,True,False,False,False,True,False,False,True,False,False,False,False,False,False,False,False,False,False,False,False,True,False,False,False,False,False,False,True,False,False,True,False,False,False,1
99,1,162500.0,0.0,5600.0,1,1,1,1,2,0,1,1,0,1,0,0,4,0,0,1,99,99,1,2,0,0,7,0,0,0,0.0,999999.0,999999.0,999999,99999.0,99999.0,99999.0,45.0,1,0,True,False,False,False,True,False,False,True,True,False,False,False,False,False,False,False,False,False,False,False,False,False,False,False,False,False,False,True,False,False,False,True,False,False,1
99,1,400000.0,0.0,66000.0,1,1,1,1,2,0,1,1,0,1,0,0,5,0,0,1,99,99,2,13,1,1,2,1,0,0,0.0,999999.0,999999.0,999999,99999.0,99999.0,99999.0,422.0,0,0,True,False,False,False,True,False,False,True,True,False,False,False,False,False,False,False,False,False,False,False,False,False,False,False,False,False,False,True,False,False,False,True,False,False,1
99,0,999999.0,875.0,7400.0,2,0,1,0,0,0,0,0,0,0,0,0,1,0,0,2,99,99,0,51,1,0,6,0,30,24,39000.0,39000.0,0.0,0,0.0,0.0,0.0,501.0,1,0,True,False,False,False,True,False,False,True,False,False,False,False,False,False,False,False,False,True,False,False,False,False,True,False,False,False,False,False,False,False,False,False,True,False,1
99,0,999999.0,512.0,28764.0,1,1,1,1,0,0,0,0,0,0,2,1,7,5,0,1,37,10,0,64,1,0,0,0,0,0,4764.0,0.0,0.0,0,4284.0,480.0,0.0,143.0,0,6,True,False,False,False,True,False,False,True,False,False,False,True,False,False,False,False,False,False,False,False,False,False,False,False,False,False,False,True,False,False,True,False,False,False,1
99,1,162500.0,0.0,50531.0,1,1,1,1,0,0,0,0,0,0,1,1,5,3,0,1,13,8,0,40,0,0,8,0,22,51,19031.0,18700.0,0.0,0,0.0,0.0,0.0,341.0,1,0,True,False,False,False,True,False,False,True,False,False,False,False,False,False,False,False,False,False,False,False,True,False,False,False,False,True,False,False,False,False,True,False,False,False,1
99,1,137500.0,0.0,39000.0,1,0,0,0,0,0,0,0,0,0,0,0,1,0,0,1,99,99,0,42,1,1,8,1,32,49,39000.0,39000.0,0.0,0,0.0,0.0,0.0,501.0,1,2,True,False,False,False,True,False,False,True,False,False,False,True,False,False,False,False,False,False,False,False,False,False,False,False,False,False,False,True,False,False,False,True,False,False,1
99,0,999999.0,462.0,30000.0,1,1,1,1,0,0,0,0,0,0,2,1,3,1,0,1,9,9,0,45,1,0,8,0,11,16,12000.0,12000.0,0.0,0,0.0,0.0,0.0,301.0,0,5,True,False,False,False,True,False,False,True,False,False,False,True,False,False,False,False,False,False,False,False,False,False,False,False,False,False,False,True,False,False,True,False,False,False,1
99,0,999999.0,575.0,27111.0,2,1,1,1,0,0,0,0,0,0,1,1,6,3,2,1,10,1,0,34,0,0,1,0,0,0,0.0,0.0,0.0,0,0.0,0.0,0.0,159.0,0,0,True,False,False,False,True,False,False,True,False,False,False,False,False,False,False,False,False,False,False,False,True,False,False,False,False,False,False,True,False,False,True,False,False,False,1
99,1,137500.0,0.0,72650.0,1,1,1,1,2,0,1,1,0,1,0,0,6,0,0,1,99,99,3,15,0,1,2,2,0,0,150.0,999999.0,999999.0,999999,0.0,0.0,50.0,425.0,0,0,True,False,False,False,True,False,False,True,True,False,False,False,False,False,False,False,False,False,False,False,False,False,False,True,False,False,False,False,False,False,False,True,False,False,1
99,1,400000.0,0.0,205916.0,1,1,1,1,2,0,1,1,0,1,0,0,4,0,0,1,99,99,1,7,0,1,1,1,0,0,0.0,999999.0,999999.0,999999,99999.0,99999.0,99999.0,501.0,1,0,True,False,False,False,True,False,False,True,True,False,False,False,False,False,False,False,False,False,False,False,False,False,False,False,False,False,False,True,False,False,False,True,False,False,1
99,0,999999.0,875.0,29800.0,2,1,1,1,0,0,0,0,0,0,0,0,1,0,0,2,99,99,0,22,0,0,2,0,0,0,0.0,0.0,0.0,0,0.0,0.0,0.0,1.0,1,0,True,False,False,False,True,False,False,True,False,False,False,False,False,False,False,False,False,True,False,False,False,False,False,False,False,False,False,True,False,True,False,False,False,False,1
99,1,162500.0,0.0,22096.0,1,1,1,2,2,0,1,1,0,1,0,0,9,0,0,1,99,99,5,16,1,1,3,1,0,0,0.0,0.0,0.0,0,0.0,0.0,0.0,86.0,0,0,True,False,False,False,True,False,False,True,True,False,False,False,False,False,False,False,False,False,False,False,False,False,False,False,False,False,False,True,False,False,False,True,False,False,1
99,0,999999.0,875.0,15189.0,1,0,1,0,0,0,0,0,0,0,0,0,6,5,2,1,13,1,0,30,0,0,5,0,0,0,15189.0,0.0,0.0,0,0.0,15189.0,0.0,93.0,1,1,True,False,False,False,True,False,False,True,False,False,False,True,False,False,False,False,False,False,False,False,False,False,True,False,False,False,False,False,False,False,False,True,False,False,1
99,1,400000.0,0.0,242117.0,1,1,0,0,0,0,0,0,0,0,1,1,2,0,0,1,99,99,0,69,0,0,8,0,0,0,8268.0,0.0,0.0,0,8268.0,0.0,0.0,501.0,0,0,True,False,False,False,True,False,False,True,False,False,False,False,False,False,False,False,False,False,False,False,True,False,False,False,False,False,False,True,False,False,True,False,False,False,1
99,0,999999.0,282.0,14000.0,1,1,1,1,0,0,0,0,0,0,2,2,4,2,2,1,1,0,0,40,0,0,2,0,22,18,0.0,0.0,0.0,0,0.0,0.0,0.0,111.0,0,8,True,False,False,False,True,False,False,True,False,False,False,True,False,False,False,False,False,False,False,False,False,False,False,False,False,False,False,True,False,False,True,False,False,False,1
99,1,112500.0,0.0,37000.0,2,1,1,1,0,0,0,0,0,0,4,4,4,2,2,2,4,2,0,38,1,0,0,0,15,15,14500.0,14500.0,0.0,0,0.0,0.0,0.0,338.0,0,0,True,False,False,False,True,False,False,True,False,False,False,False,False,True,False,False,False,False,False,False,False,False,False,False,False,False,False,True,False,False,True,False,False,False,1
99,1,400000.0,0.0,115000.0,1,0,0,0,0,0,0,0,0,0,0,0,1,0,0,1,99,99,0,52,1,1,8,2,31,65,115000.0,95000.0,15000.0,0,0.0,0.0,0.0,501.0,0,6,True,False,False,False,True,False,False,True,False,False,False,True,False,False,False,False,False,False,False,False,False,False,False,False,False,False,False,True,True,False,False,False,False,False,1
99,1,350000.0,0.0,77500.0,1,1,1,1,0,0,0,0,0,0,1,1,3,1,0,1,6,6,0,35,0,0,5,0,22,61,15000.0,15000.0,0.0,0,0.0,0.0,0.0,501.0,1,0,True,False,False,False,True,False,False,True,False,False,False,False,False,False,False,False,False,False,False,False,True,False,False,False,False,False,False,True,False,False,True,False,False,False,1
99,0,999999.0,675.0,13100.0,1,1,1,1,2,0,1,1,0,1,0,0,7,0,0,1,99,99,4,10,0,1,1,1,0,0,0.0,999999.0,999999.0,999999,99999.0,99999.0,99999.0,71.0,1,0,True,False,False,False,True,False,False,True,True,False,False,False,False,False,False,False,False,False,False,False,False,False,False,False,False,False,False,True,False,False,False,True,False,False,1
99,0,999999.0,675.0,41000.0,1,0,0,0,0,0,0,0,0,0,0,0,1,0,0,1,99,99,0,44,1,0,8,0,37,78,41000.0,38000.0,0.0,0,0.0,0.0,0.0,501.0,1,1,True,False,False,False,True,False,False,True,False,False,False,True,False,False,False,False,False,False,False,False,False,False,False,True,False,False,False,False,True,False,False,False,False,False,1
99,1,187500.0,0.0,50000.0,1,1,1,1,2,0,1,1,0,1,0,0,4,0,0,1,99,99,1,15,0,1,3,1,0,0,0.0,999999.0,999999.0,999999,0.0,0.0,0.0,398.0,0,0,True,False,False,False,True,False,False,True,True,False,False,False,False,False,False,False,False,False,False,False,False,False,False,False,False,False,False,True,False,False,False,True,False,False,1
99,0,999999.0,575.0,58600.0,1,1,0,0,0,0,0,0,0,0,2,2,2,0,0,1,99,99,0,29,0,0,8,0,42,84,27600.0,22000.0,0.0,0,0.0,0.0,2600.0,501.0,1,2,True,False,False,False,True,False,False,True,False,False,False,True,False,False,False,False,False,False,False,False,False,False,False,False,False,False,False,True,False,False,True,False,False,False,1
99,1,225000.0,0.0,58600.0,1,1,1,1,0,0,0,0,0,0,2,1,3,1,1,1,1,1,0,42,1,0,8,0,25,18,54600.0,54000.0,0.0,0,0.0,0.0,0.0,501.0,1,2,True,False,False,False,True,False,False,True,False,False,False,True,False,False,False,False,False,False,False,False,False,False,False,False,False,False,False,True,False,False,True,False,False,False,1
99,0,999999.0,575.0,42834.0,1,1,2,1,2,0,1,1,0,1,0,0,7,0,0,1,99,99,2,22,0,0,7,0,18,44,2834.0,2834.0,0.0,0,0.0,0.0,0.0,213.0,0,0,True,False,False,False,True,False,False,True,True,False,False,False,False,False,False,False,False,False,False,False,False,False,True,False,False,False,False,False,False,False,False,True,False,False,1
99,0,999999.0,575.0,23648.0,1,1,1,1,2,0,1,1,0,1,0,0,3,0,0,1,99,99,0,0,1,0,7,0,0,0,0.0,999999.0,999999.0,999999,99999.0,99999.0,99999.0,237.0,1,0,True,False,False,False,True,False,False,True,True,False,False,False,False,False,False,False,False,False,False,False,False,False,True,False,False,False,False,False,False,False,False,True,False,False,1
99,1,350000.0,0.0,74000.0,1,1,1,1,2,0,1,1,0,1,0,0,3,0,0,1,99,99,0,2,0,0,7,0,0,0,0.0,999999.0,999999.0,999999,99999.0,99999.0,99999.0,501.0,1,0,True,False,False,False,True,False,False,True,True,False,False,False,False,False,False,False,False,False,False,False,False,False,False,False,False,False,False,True,False,False,False,True,False,False,1
99,1,400000.0,0.0,254119.0,2,1,1,1,2,0,1,1,0,1,0,0,4,0,0,1,99,99,1,8,0,1,0,1,0,0,0.0,999999.0,999999.0,999999,99999.0,99999.0,99999.0,501.0,0,0,True,False,False,False,True,False,False,True,True,False,False,False,False,False,False,False,False,False,False,False,False,False,False,False,False,False,False,True,False,False,False,True,False,False,1
99,0,999999.0,512.0,23148.0,1,1,1,1,2,0,1,1,0,1,0,0,4,0,0,1,99,99,1,21,0,1,7,1,26,72,6039.0,6039.0,0.0,0,0.0,0.0,0.0,178.0,1,0,True,False,False,False,True,False,False,True,True,False,False,False,False,False,False,False,False,False,False,False,False,False,False,False,False,False,False,True,False,False,False,True,False,False,1
99,0,999999.0,575.0,21600.0,1,1,1,1,2,0,1,1,0,1,0,0,3,0,0,1,99,99,0,1,1,0,7,0,0,0,0.0,999999.0,999999.0,999999,99999.0,99999.0,99999.0,216.0,1,0,True,False,False,False,True,False,False,True,True,False,False,False,False,False,False,False,False,False,False,False,False,False,False,False,False,False,False,True,False,False,False,True,False,False,1
99,0,999999.0,875.0,50540.0,1,1,0,0,0,0,0,0,0,0,1,1,2,0,0,1,99,99,0,74,0,0,6,0,0,0,4295.0,0.0,0.0,0,4295.0,0.0,0.0,501.0,0,0,True,False,False,False,True,False,False,True,False,False,False,False,False,False,False,False,False,False,False,False,True,False,False,False,True,False,False,False,False,False,True,False,False,False,1
99,1,400000.0,0.0,151103.0,1,1,1,1,0,0,0,0,0,0,2,1,5,3,0,1,22,7,0,47,1,0,8,0,35,68,76000.0,0.0,76000.0,0,0.0,0.0,0.0,501.0,0,6,True,False,False,False,True,False,False,True,False,False,False,True,False,False,False,False,False,False,False,False,False,False,False,False,False,False,False,True,False,False,True,False,False,False,0
99,1,225000.0,0.0,81500.0,1,1,1,1,0,0,0,0,0,0,2,1,4,2,0,1,26,20,0,57,1,0,7,0,34,53,36000.0,36000.0,0.0,0,0.0,0.0,0.0,501.0,0,6,True,False,False,False,True,False,False,True,False,False,False,True,False,False,False,False,False,False,False,False,False,False,True,False,False,False,False,False,False,False,True,False,False,False,1
99,1,400000.0,0.0,18000.0,1,1,1,1,0,0,0,0,0,0,2,1,5,3,0,1,9,5,0,60,1,0,8,0,33,48,0.0,0.0,0.0,0,0.0,0.0,0.0,122.0,0,5,True,False,False,False,True,False,False,True,False,False,False,True,False,False,False,False,False,False,False,False,False,False,True,False,False,False,False,False,False,False,True,False,False,False,1
99,0,999999.0,625.0,83874.0,1,1,1,1,0,0,0,0,0,0,2,1,4,2,0,1,27,25,0,55,1,0,1,0,20,9,38374.0,19127.0,0.0,0,0.0,0.0,19187.0,501.0,0,6,True,False,False,False,True,False,False,True,False,False,False,True,False,False,False,False,False,False,False,False,False,False,False,False,True,False,False,False,False,False,True,False,False,False,1
99,1,112500.0,0.0,66800.0,1,1,1,1,2,0,1,1,3,1,0,0,4,0,0,1,99,99,1,15,1,1,2,1,0,0,400.0,999999.0,999999.0,999999,0.0,0.0,400.0,501.0,1,0,True,False,False,False,True,False,False,True,True,False,False,False,False,False,False,False,False,False,False,False,False,False,False,False,False,False,False,True,False,False,False,True,False,False,1
99,1,400000.0,0.0,109600.0,1,1,1,1,0,0,0,0,0,0,1,1,4,2,0,1,22,17,0,44,0,0,7,0,22,61,2000.0,2000.0,0.0,0,0.0,0.0,0.0,501.0,1,0,True,False,False,False,True,False,False,True,False,False,False,False,False,False,False,False,False,False,False,False,True,False,False,False,False,False,False,True,False,False,True,False,False,False,1
99,0,999999.0,725.0,41420.0,1,1,2,1,2,0,1,1,0,1,0,0,10,0,0,1,99,99,4,11,0,1,1,1,0,0,0.0,999999.0,999999.0,999999,99999.0,99999.0,99999.0,161.0,1,0,True,False,False,False,True,False,False,True,True,False,False,False,False,False,False,False,False,False,False,False,False,False,False,False,False,False,False,True,False,False,False,True,False,False,1
99,0,999999.0,875.0,29000.0,3,1,1,0,0,0,0,0,0,0,1,1,6,0,0,1,99,99,0,28,0,0,6,0,0,0,0.0,0.0,0.0,0,0.0,0.0,0.0,166.0,1,0,True,False,False,False,True,False,False,True,False,False,False,False,False,False,False,False,False,False,False,False,True,False,False,False,False,False,False,True,False,False,True,False,False,False,1
99,0,999999.0,337.0,12000.0,2,0,2,0,1,0,1,0,0,0,0,0,6,0,0,1,99,99,2,22,1,1,7,1,0,0,0.0,0.0,0.0,0,0.0,0.0,0.0,67.0,1,0,True,False,False,False,True,False,False,True,True,False,False,False,False,False,False,False,False,False,False,False,False,False,False,False,False,True,False,False,False,False,False,True,False,False,1
99,1,225000.0,0.0,16145.0,1,0,0,0,0,0,0,0,0,0,0,0,1,0,0,1,99,99,0,36,0,0,7,0,15,28,16145.0,6737.0,0.0,0,0.0,0.0,0.0,250.0,0,5,True,False,False,False,True,False,False,True,False,False,False,True,False,False,False,False,False,False,False,False,False,False,False,False,False,False,False,True,False,False,False,True,False,False,1
99,1,187500.0,0.0,18122.0,1,0,0,0,0,0,0,0,0,0,0,0,1,0,0,1,99,99,0,65,0,0,6,0,0,0,18122.0,0.0,0.0,0,4369.0,0.0,0.0,305.0,0,8,True,False,False,False,True,False,False,True,False,False,False,True,False,False,False,False,False,False,False,False,False,False,False,False,False,False,False,True,False,False,False,False,False,True,1
99,0,999999.0,537.0,26500.0,1,1,2,1,2,0,1,1,0,1,0,0,6,0,0,1,99,99,2,20,1,1,7,1,17,11,2000.0,0.0,0.0,0,0.0,0.0,0.0,149.0,0,0,True,False,False,False,True,False,False,True,True,False,False,False,False,False,False,False,False,False,False,False,False,False,False,True,False,False,False,False,False,False,False,True,False,False,1
99,0,999999.0,675.0,7464.0,1,1,1,1,0,0,0,0,0,0,2,1,4,2,0,1,6,5,0,40,1,0,6,0,0,0,0.0,0.0,0.0,0,0.0,0.0,0.0,59.0,1,2,True,False,False,False,True,False,False,True,False,False,False,True,False,False,False,False,False,False,False,False,False,False,False,False,False,False,False,True,False,False,True,False,False,False,1
99,0,999999.0,0.0,999999.0,1,0,0,0,0,0,0,0,0,0,0,0,1,0,0,1,99,99,0,90,0,0,3,0,0,0,0.0,0.0,0.0,0,0.0,0.0,0.0,0.0,0,0,False,True,False,True,False,False,False,True,False,False,False,False,True,False,False,False,False,False,False,False,False,False,False,False,False,False,False,True,False,False,False,False,False,True,1
99,1,95000.0,0.0,12518.0,1,0,0,0,0,0,0,0,0,0,0,0,1,0,0,1,99,99,0,78,1,0,6,0,0,0,12518.0,0.0,0.0,0,7786.0,0.0,0.0,210.0,0,8,True,False,False,False,True,False,False,True,False,False,False,True,False,False,False,False,False,False,False,False,False,False,False,False,False,False,False,True,False,False,False,True,False,False,1
99,1,187500.0,0.0,21300.0,1,0,1,0,1,0,1,0,0,0,0,0,3,0,0,1,99,99,1,19,0,1,6,1,18,44,2300.0,2300.0,0.0,0,0.0,0.0,0.0,213.0,0,0,True,False,False,False,True,False,False,True,True,False,False,False,False,False,False,False,False,False,False,False,False,False,False,False,False,False,False,True,False,False,False,True,False,False,1
99,0,999999.0,575.0,7200.0,1,1,0,0,0,0,0,0,0,0,1,1,2,0,0,1,99,99,0,28,0,0,8,0,31,73,5200.0,5000.0,0.0,0,0.0,0.0,0.0,87.0,1,0,True,False,False,False,True,False,False,True,False,False,False,False,False,False,False,False,False,False,False,False,True,False,False,False,False,True,False,False,False,False,True,False,False,False,1
99,0,999999.0,725.0,30000.0,3,1,1,1,0,0,0,0,0,0,0,0,1,0,0,3,99,99,0,14,1,0,2,0,0,0,0.0,999999.0,999999.0,999999,99999.0,99999.0,99999.0,1.0,1,0,True,False,False,False,True,False,False,True,False,False,False,False,False,False,False,False,False,True,False,False,False,False,False,False,False,False,False,True,False,False,False,True,False,False,1
99,1,137500.0,0.0,7500.0,1,1,1,1,2,0,1,1,0,1,0,0,4,0,0,1,99,99,1,8,1,1,1,1,0,0,0.0,999999.0,999999.0,999999,99999.0,99999.0,99999.0,60.0,1,0,True,False,False,False,True,False,False,True,True,False,False,False,False,False,False,False,False,False,False,False,False,False,False,False,False,False,False,True,False,False,False,True,False,False,1
99,1,225000.0,0.0,86000.0,1,1,1,1,0,0,0,0,0,0,1,1,5,3,3,1,4,2,0,22,0,0,6,0,25,44,0.0,0.0,0.0,0,0.0,0.0,0.0,501.0,1,0,True,False,False,False,True,False,False,True,False,False,False,False,False,False,False,False,False,False,False,False,True,False,False,False,False,False,False,True,False,False,True,False,False,False,1
99,1,162500.0,0.0,57100.0,1,1,1,1,0,0,0,0,0,0,0,0,6,0,0,1,99,99,1,35,0,1,7,2,24,44,16000.0,16000.0,0.0,0,0.0,0.0,0.0,334.0,0,0,True,False,False,False,True,False,False,True,False,False,False,False,False,False,False,False,False,False,False,True,False,False,False,False,False,True,False,False,False,False,False,True,False,False,1
99,0,999999.0,412.0,61000.0,2,1,1,3,0,0,0,0,0,0,0,0,4,3,0,2,23,7,0,54,1,0,5,0,22,18,0.0,0.0,0.0,0,0.0,0.0,0.0,135.0,1,0,True,False,False,False,True,False,False,True,False,False,False,False,False,False,False,False,False,True,False,False,False,False,False,False,False,False,False,True,True,False,False,False,False,False,1
99,1,350000.0,0.0,67921.0,1,1,1,1,2,0,1,1,0,1,0,0,4,0,0,1,99,99,1,1,1,0,7,0,0,0,0.0,999999.0,999999.0,999999,99999.0,99999.0,99999.0,501.0,1,0,True,False,False,False,True,False,False,True,True,False,False,False,False,False,False,False,False,False,False,False,False,False,False,False,False,False,False,True,False,False,False,True,False,False,1
99,0,999999.0,675.0,17517.0,1,1,2,1,2,0,1,1,0,1,0,0,5,0,0,1,99,99,1,26,1,0,0,0,0,0,0.0,0.0,0.0,0,0.0,0.0,0.0,112.0,1,0,True,False,False,False,True,False,False,True,True,False,False,False,False,False,False,False,False,False,False,False,False,False,False,False,False,False,False,True,False,False,False,True,False,False,1
99,0,999999.0,625.0,0.0,1,1,1,1,2,0,1,1,0,1,0,0,5,0,0,1,99,99,2,13,0,0,2,0,0,0,0.0,999999.0,999999.0,999999,99999.0,99999.0,99999.0,1.0,1,0,True,False,False,False,True,False,False,True,True,False,False,False,False,False,False,False,False,False,False,False,False,False,False,False,False,False,False,True,False,False,False,True,False,False,1
99,1,85000.0,0.0,40930.0,1,1,1,1,0,0,0,0,0,0,2,1,6,4,0,1,20,11,0,38,1,0,6,0,30,44,10800.0,0.0,10800.0,0,0.0,0.0,0.0,235.0,0,6,True,False,False,False,True,False,False,True,False,False,False,True,False,False,False,False,False,False,False,False,False,False,True,False,False,False,False,False,False,False,True,False,False,False,1
99,0,999999.0,875.0,13500.0,1,1,0,0,0,0,0,0,0,0,1,2,2,0,0,1,99,99,0,26,1,0,6,0,0,0,0.0,0.0,0.0,0,0.0,0.0,0.0,163.0,1,0,True,False,False,False,True,False,False,True,False,False,False,False,False,False,False,False,False,False,False,False,True,False,False,False,False,False,False,True,False,False,True,False,False,False,1
99,0,999999.0,875.0,19750.0,1,1,1,1,0,0,0,0,0,0,1,1,3,1,0,1,15,15,0,47,0,0,7,0,22,61,19650.0,14400.0,0.0,0,0.0,0.0,5000.0,198.0,1,0,True,False,False,False,True,False,False,True,False,False,False,False,False,False,False,False,False,False,False,False,True,False,False,True,False,False,False,False,False,False,True,False,False,False,1
99,0,999999.0,0.0,999999.0,1,0,0,0,0,0,0,0,0,0,0,0,1,0,0,1,99,99,0,74,1,0,4,0,0,0,8628.0,0.0,0.0,0,3960.0,4668.0,0.0,0.0,1,0,False,True,False,True,False,False,False,True,False,False,False,False,True,False,False,False,False,False,False,False,False,False,False,False,False,False,False,True,False,False,False,False,True,False,1
99,0,999999.0,675.0,42403.0,1,3,3,3,0,0,0,0,0,0,2,1,13,6,0,1,23,7,0,44,1,0,1,0,27,17,12772.0,12772.0,0.0,0,0.0,0.0,0.0,169.0,1,2,True,False,False,False,True,False,False,True,False,False,False,True,False,False,False,False,False,False,False,False,False,False,False,False,False,False,False,True,False,False,True,False,False,False,1
99,0,999999.0,462.0,19624.0,2,1,1,1,0,0,0,0,0,0,0,0,1,0,0,2,99,99,0,26,0,0,4,0,15,15,0.0,0.0,0.0,0,0.0,0.0,0.0,1.0,1,0,True,False,False,False,True,False,False,True,False,False,False,False,False,True,False,False,False,False,False,False,False,False,False,False,False,False,False,True,False,False,False,True,False,False,1
99,0,999999.0,262.0,15000.0,1,1,1,1,2,0,1,1,0,1,0,0,3,0,0,1,99,99,0,1,0,0,7,0,0,0,0.0,999999.0,999999.0,999999,99999.0,99999.0,99999.0,150.0,1,0,True,False,False,False,True,False,False,True,True,False,False,False,False,False,False,False,False,False,False,False,False,False,False,True,False,False,False,False,False,False,False,True,False,False,1
99,1,162500.0,0.0,48332.0,1,1,1,1,2,0,1,1,0,1,0,0,7,0,0,1,99,99,4,8,1,1,1,1,0,0,0.0,999999.0,999999.0,999999,99999.0,99999.0,99999.0,244.0,0,0,True,False,False,False,True,False,False,True,True,False,False,False,False,False,False,False,False,False,False,False,False,False,False,False,False,False,False,True,False,False,False,True,False,False,1
99,1,400000.0,0.0,140020.0,2,1,1,1,0,0,0,0,0,0,0,0,1,0,0,2,99,99,0,17,1,1,5,1,0,0,0.0,0.0,0.0,0,0.0,0.0,0.0,1.0,1,0,True,False,False,False,True,False,False,True,False,False,False,False,False,True,False,False,False,False,False,False,False,False,False,False,False,False,False,True,False,False,False,True,False,False,1
99,0,999999.0,537.0,30000.0,1,1,1,1,0,0,0,0,0,0,2,1,4,2,0,1,13,10,0,38,1,1,7,1,25,18,30000.0,30000.0,0.0,0,0.0,0.0,0.0,239.0,0,6,True,False,False,False,True,False,False,True,False,False,False,True,False,False,False,False,False,False,False,False,False,False,False,False,False,False,False,True,False,False,True,False,False,False,1
99,0,999999.0,237.0,24622.0,1,0,1,0,2,0,1,0,0,0,0,0,3,0,0,1,99,99,1,19,1,0,6,0,26,22,6480.0,0.0,0.0,0,6480.0,0.0,0.0,254.0,1,0,True,False,False,False,True,False,False,True,False,False,False,False,False,False,False,False,False,False,True,False,False,False,False,False,False,False,False,True,False,False,False,True,False,False,1
99,1,162500.0,0.0,46000.0,1,1,1,1,0,0,0,0,0,0,2,1,4,2,0,1,21,20,0,43,1,0,7,0,33,48,46000.0,46000.0,0.0,0,0.0,0.0,0.0,360.0,0,6,True,False,False,False,True,False,False,True,False,False,False,True,False,False,False,False,False,False,False,False,False,False,True,False,False,False,False,False,False,False,True,False,False,False,1
99,0,999999.0,537.0,34800.0,1,1,0,0,0,0,0,0,0,0,0,0,3,0,0,1,99,99,1,68,1,0,6,0,37,49,7800.0,0.0,0.0,0,6360.0,1440.0,0.0,359.0,1,0,True,False,False,False,True,False,False,True,False,False,False,False,False,False,False,False,False,False,False,True,False,False,False,False,False,False,False,True,False,False,False,True,False,False,1
99,0,999999.0,675.0,20320.0,2,1,1,2,3,2,7,2,0,2,0,0,5,0,0,1,99,99,0,1,1,0,7,0,0,0,0.0,999999.0,999999.0,999999,99999.0,99999.0,99999.0,134.0,1,0,True,False,False,False,True,False,False,True,False,False,True,False,False,False,False,False,False,False,False,False,False,False,False,False,False,False,False,True,False,False,False,True,False,False,1
99,1,137500.0,0.0,48900.0,1,1,1,1,0,0,0,0,0,0,1,1,3,1,0,1,15,15,0,35,0,0,8,0,26,72,1900.0,1900.0,0.0,0,0.0,0.0,0.0,490.0,1,0,True,False,False,False,True,False,False,True,False,False,False,False,False,False,False,False,False,False,False,False,True,False,True,False,False,False,False,False,False,False,True,False,False,False,1
99,0,999999.0,725.0,18600.0,2,1,1,1,2,0,1,1,0,1,0,0,5,0,0,1,99,99,2,7,0,1,1,1,0,0,0.0,999999.0,999999.0,999999,99999.0,99999.0,99999.0,126.0,1,0,True,False,False,False,True,False,False,True,True,False,False,False,False,False,False,False,False,False,False,False,False,False,False,False,False,False,False,True,False,False,False,True,False,False,1
99,0,999999.0,412.0,18000.0,1,0,0,0,0,0,0,0,0,0,0,0,2,0,0,1,99,99,0,29,0,0,2,0,26,22,9000.0,9000.0,0.0,0,0.0,0.0,0.0,217.0,1,0,True,False,False,False,True,False,False,True,False,False,False,False,False,False,True,False,False,False,False,False,False,False,False,False,False,False,False,True,False,False,False,True,False,False,1
99,0,999999.0,512.0,53922.0,1,1,1,1,2,0,1,1,0,1,0,0,5,0,0,1,99,99,1,13,0,1,2,1,0,0,0.0,999999.0,999999.0,999999,99999.0,99999.0,99999.0,355.0,1,0,True,False,False,False,True,False,False,True,True,False,False,False,False,False,False,False,False,False,False,False,False,False,False,False,False,False,False,True,False,False,False,True,False,False,1
99,1,350000.0,0.0,49300.0,1,1,1,1,0,0,0,0,0,0,1,1,3,1,0,1,20,20,0,43,0,1,8,1,22,60,300.0,300.0,0.0,0,0.0,0.0,0.0,501.0,1,0,True,False,False,False,True,False,False,True,False,False,False,False,False,False,False,False,False,False,False,False,True,False,False,False,True,False,False,False,False,False,True,False,False,False,1
99,0,999999.0,1000.0,18000.0,3,0,0,0,0,0,0,0,0,0,0,0,1,0,0,3,99,99,0,32,0,0,8,0,40,77,8500.0,8500.0,0.0,0,0.0,0.0,0.0,132.0,1,0,True,False,False,False,True,False,False,True,False,False,False,False,False,False,False,False,False,True,False,False,False,False,False,False,False,False,False,True,False,False,False,True,False,False,1
99,1,95000.0,0.0,7836.0,1,1,0,0,0,0,0,0,0,0,2,1,2,0,0,1,99,99,0,83,1,0,2,0,0,0,3000.0,0.0,0.0,0,3000.0,0.0,0.0,105.0,0,7,True,False,False,False,True,False,False,True,False,False,False,True,False,False,False,False,False,False,False,False,False,False,True,False,False,False,False,False,False,False,True,False,False,False,1
99,0,999999.0,1000.0,58603.0,2,0,0,0,0,0,0,0,0,0,0,0,1,0,0,1,99,99,0,24,1,1,8,2,21,66,58603.0,0.0,0.0,0,0.0,0.0,0.0,501.0,1,2,True,False,False,False,True,False,False,True,False,False,False,True,False,False,False,False,False,False,False,False,False,False,False,False,False,False,False,True,False,False,False,True,False,False,1
99,0,999999.0,875.0,39000.0,1,1,1,1,2,0,1,1,0,1,0,0,5,0,0,1,99,99,2,3,1,0,0,0,0,0,0.0,999999.0,999999.0,999999,99999.0,99999.0,99999.0,264.0,1,0,True,False,False,False,True,False,False,True,True,False,False,False,False,False,False,False,False,False,False,False,False,False,False,False,False,False,False,True,False,False,False,True,False,False,1
99,1,400000.0,0.0,195516.0,1,1,0,0,0,0,0,0,0,0,1,1,2,0,0,1,99,99,0,40,0,0,8,0,38,68,0.0,0.0,0.0,0,0.0,0.0,0.0,501.0,1,0,True,False,False,False,True,False,False,True,False,False,False,False,False,False,False,False,False,False,False,False,True,False,False,False,True,False,False,False,False,False,True,False,False,False,1
99,0,999999.0,0.0,999999.0,1,0,0,0,0,0,0,0,0,0,0,0,1,0,0,1,99,99,0,83,0,0,6,0,0,0,8375.0,0.0,0.0,0,3780.0,4595.0,0.0,0.0,0,0,False,True,False,True,False,False,False,True,False,False,False,False,True,False,False,False,False,False,False,False,False,False,False,False,False,False,False,True,False,False,False,False,False,True,1
99,0,999999.0,725.0,43000.0,1,0,0,0,0,0,0,0,0,0,0,0,1,0,0,1,99,99,0,45,1,0,7,0,24,47,43000.0,43000.0,0.0,0,0.0,0.0,0.0,501.0,1,2,True,False,False,False,True,False,False,True,False,False,False,True,False,False,False,False,False,False,False,False,False,False,True,False,False,False,False,False,False,False,False,False,True,False,1
99,0,999999.0,1000.0,59567.0,1,0,1,0,3,0,1,0,0,0,0,0,3,0,0,1,99,99,0,38,1,0,6,0,23,18,30000.0,30000.0,0.0,0,0.0,0.0,0.0,501.0,0,5,True,False,False,False,True,False,False,True,False,False,False,True,False,False,False,False,False,False,False,False,False,False,True,False,False,False,False,False,True,False,False,False,False,False,1
99,0,999999.0,387.0,30000.0,1,0,1,0,1,0,1,0,0,0,0,0,3,0,0,1,99,99,1,19,0,0,6,0,41,68,7000.0,7000.0,0.0,0,0.0,0.0,0.0,301.0,1,0,True,False,False,False,True,False,False,True,True,False,False,False,False,False,False,False,False,False,False,False,False,False,False,False,False,False,False,True,False,False,False,True,False,False,1
99,0,999999.0,625.0,15000.0,1,1,1,1,0,0,0,0,0,0,2,1,4,2,2,1,4,0,0,44,1,0,6,0,24,47,15000.0,0.0,15000.0,0,0.0,0.0,0.0,119.0,0,2,True,False,False,False,True,False,False,True,False,False,False,True,False,False,False,False,False,False,False,False,False,False,False,False,False,True,False,False,False,False,True,False,False,False,1
99,1,275000.0,0.0,49200.0,1,1,1,1,2,0,1,1,3,1,0,0,5,0,0,1,99,99,2,18,0,1,5,1,14,26,2800.0,2800.0,0.0,0,0.0,0.0,0.0,324.0,0,0,True,False,False,False,True,False,False,True,True,False,False,False,False,False,False,False,False,False,False,False,False,False,False,False,False,False,False,True,False,False,False,True,False,False,1
99,1,225000.0,0.0,169331.0,1,1,1,1,2,0,1,1,0,1,0,0,4,0,0,1,99,99,1,21,0,1,7,1,24,47,5200.0,5000.0,0.0,0,0.0,0.0,0.0,501.0,0,0,True,False,False,False,True,False,False,True,True,False,False,False,False,False,False,False,False,False,False,False,False,False,False,False,False,False,False,True,False,False,False,True,False,False,1
99,0,999999.0,675.0,28500.0,3,2,2,2,0,0,0,0,0,0,4,1,10,2,1,1,8,4,0,27,1,0,1,0,23,18,3000.0,3000.0,0.0,0,0.0,0.0,0.0,114.0,1,0,True,False,False,False,True,False,False,True,False,False,False,False,False,False,True,False,False,False,False,False,False,False,False,False,False,False,False,True,False,False,True,False,False,False,1
99,0,999999.0,625.0,31712.0,1,0,0,0,0,0,0,0,0,0,0,0,1,0,0,1,99,99,0,64,0,0,7,0,21,9,31712.0,31712.0,0.0,0,0.0,0.0,0.0,492.0,0,6,True,False,False,False,True,False,False,True,False,False,False,True,False,False,False,False,False,False,False,False,False,False,False,False,False,False,False,True,True,False,False,False,False,False,1
99,0,999999.0,625.0,8700.0,1,0,1,0,0,0,0,0,0,0,0,0,3,2,0,1,18,13,0,34,0,0,8,0,30,44,8700.0,8700.0,0.0,0,0.0,0.0,0.0,87.0,1,2,True,False,False,False,True,False,False,True,False,False,False,True,False,False,False,False,False,False,False,False,False,False,True,False,False,False,False,False,True,False,False,False,False,False,1
99,0,999999.0,575.0,32840.0,1,1,1,1,0,0,0,0,0,0,1,1,3,1,0,1,12,12,0,28,0,0,2,0,23,18,840.0,840.0,0.0,0,0.0,0.0,0.0,329.0,1,0,True,False,False,False,True,False,False,True,False,False,False,False,False,False,False,False,False,False,False,False,True,False,False,False,False,True,False,False,False,False,True,False,False,False,1
99,0,999999.0,575.0,35560.0,1,0,1,0,1,0,1,0,0,0,0,0,2,0,0,1,99,99,0,3,0,0,0,0,0,0,0.0,999999.0,999999.0,999999,99999.0,99999.0,99999.0,416.0,1,0,True,False,False,False,True,False,False,True,True,False,False,False,False,False,False,False,False,False,False,False,False,False,False,False,False,False,False,True,False,False,False,True,False,False,1
99,0,999999.0,625.0,27000.0,2,0,0,1,0,0,0,0,0,0,0,0,5,3,1,1,11,4,1,27,1,0,7,0,19,17,12000.0,12000.0,0.0,0,0.0,0.0,0.0,182.0,1,1,True,False,False,False,True,False,False,True,False,False,False,True,False,False,False,False,False,False,False,False,False,False,False,False,False,False,False,True,True,False,False,False,False,False,1
99,1,162500.0,0.0,34034.0,1,0,0,0,0,0,0,0,0,0,0,0,1,0,0,1,99,99,0,58,0,0,8,0,24,44,34034.0,23000.0,0.0,0,0.0,0.0,9600.0,501.0,0,5,True,False,False,False,True,False,False,True,False,False,False,True,False,False,False,False,False,False,False,False,False,False,False,False,False,False,False,True,True,False,False,False,False,False,1
99,0,999999.0,212.0,47000.0,1,0,1,0,0,0,0,0,0,0,0,0,4,0,0,1,99,99,0,9,1,1,1,1,0,0,0.0,999999.0,999999.0,999999,99999.0,99999.0,99999.0,362.0,1,0,True,False,False,False,True,False,False,True,False,False,True,False,False,False,False,False,False,False,False,False,False,False,True,False,False,False,False,False,False,False,False,True,False,False,1
99,1,225000.0,0.0,44440.0,1,0,1,0,1,0,1,0,0,0,0,0,2,0,0,1,99,99,0,63,0,0,8,0,22,51,37720.0,10447.0,0.0,0,5512.0,0.0,0.0,501.0,0,0,True,False,False,False,True,False,False,True,True,False,False,False,False,False,False,False,False,False,False,False,False,False,False,False,False,False,False,True,False,False,False,True,False,False,1
99,1,225000.0,0.0,47000.0,1,1,1,1,0,0,0,0,0,0,2,1,4,2,0,1,9,7,0,38,1,0,7,0,30,27,27000.0,0.0,27000.0,0,0.0,0.0,0.0,374.0,1,2,True,False,False,False,True,False,False,True,False,False,False,True,False,False,False,False,False,False,False,False,False,False,False,False,False,False,False,True,False,False,True,False,False,False,1
99,1,162500.0,0.0,38214.0,1,1,0,0,0,0,0,0,0,0,2,2,2,0,0,1,99,99,0,64,0,0,2,0,22,18,24976.0,7015.0,0.0,0,0.0,0.0,701.0,460.0,0,8,True,False,False,False,True,False,False,True,False,False,False,True,False,False,False,False,False,False,False,False,False,False,False,True,False,False,False,False,False,False,True,False,False,False,0
99,0,999999.0,1000.0,94000.0,1,1,1,1,2,7,1,1,0,1,0,0,4,0,0,1,99,99,0,11,1,1,2,2,0,0,0.0,999999.0,999999.0,999999,99999.0,99999.0,99999.0,501.0,1,0,True,False,False,False,True,False,False,True,True,False,False,False,False,False,False,False,False,False,False,False,False,False,False,False,False,False,False,True,False,False,False,True,False,False,1
99,0,999999.0,437.0,12000.0,1,0,1,0,0,0,0,0,0,0,0,0,2,1,0,1,56,56,0,71,0,0,1,0,0,0,0.0,0.0,0.0,0,0.0,0.0,0.0,160.0,0,0,True,False,False,False,True,False,False,True,False,False,False,False,False,False,False,True,False,False,False,False,False,False,False,False,False,False,False,True,False,False,False,False,True,False,1
99,1,112500.0,0.0,8688.0,2,0,0,1,0,0,0,0,0,0,0,0,6,0,0,1,99,99,0,1,1,0,7,0,0,0,0.0,999999.0,999999.0,999999,99999.0,99999.0,99999.0,51.0,1,0,True,False,False,False,True,False,False,True,False,False,False,False,False,False,True,False,False,False,False,False,False,False,True,False,False,False,False,False,False,False,False,True,False,False,1
99,0,999999.0,512.0,4800.0,2,0,1,0,1,7,1,0,0,0,0,0,2,0,0,1,99,99,0,47,0,0,3,0,11,22,4800.0,0.0,0.0,0,4800.0,0.0,0.0,58.0,1,0,True,False,False,False,True,False,False,True,True,False,False,False,False,False,False,False,False,False,False,False,False,False,True,False,False,False,False,False,False,False,False,True,False,False,1
99,0,999999.0,537.0,16608.0,1,0,1,0,1,0,1,0,0,0,0,0,4,0,0,1,99,99,2,1,0,0,7,0,0,0,0.0,999999.0,999999.0,999999,99999.0,99999.0,99999.0,132.0,1,0,True,False,False,False,True,False,False,True,True,False,False,False,False,False,False,False,False,False,False,False,False,False,True,False,False,False,False,False,False,False,False,True,False,False,1
99,1,350000.0,0.0,3423.0,1,1,0,0,0,0,0,0,0,0,2,1,3,0,0,1,99,99,0,66,1,0,6,0,0,0,199.0,0.0,0.0,0,0.0,0.0,0.0,34.0,1,1,True,False,False,False,True,False,False,True,False,False,False,True,False,False,False,False,False,False,False,False,False,False,False,False,False,True,False,False,False,False,True,False,False,False,1
99,0,999999.0,875.0,0.0,1,1,1,1,0,0,0,0,0,0,1,1,4,2,0,1,28,25,0,60,0,0,2,0,0,0,0.0,0.0,0.0,0,0.0,0.0,0.0,1.0,1,0,True,False,False,False,True,False,False,True,False,False,False,False,False,False,False,False,False,False,False,False,True,False,False,False,False,True,False,False,False,False,True,False,False,False,1
99,0,999999.0,0.0,999999.0,1,0,0,0,0,0,0,0,0,0,0,0,1,0,0,1,99,99,0,46,1,0,6,0,20,8,8000.0,8000.0,0.0,0,0.0,0.0,0.0,0.0,0,0,False,False,True,False,False,True,False,True,False,False,False,False,False,True,False,False,False,False,False,False,False,False,True,False,False,False,False,False,False,False,False,True,False,False,1
99,0,999999.0,512.0,11000.0,1,1,1,1,2,0,1,1,3,1,0,0,3,0,0,1,99,99,0,2,1,0,7,0,0,0,0.0,999999.0,999999.0,999999,99999.0,99999.0,99999.0,110.0,1,0,True,False,False,False,True,False,False,True,True,False,False,False,False,False,False,False,False,False,False,False,False,False,False,False,False,False,False,True,False,False,False,True,False,False,1
99,1,95000.0,0.0,52000.0,3,2,1,1,0,0,0,0,0,0,2,1,7,3,1,1,10,1,0,33,1,0,7,0,29,27,23000.0,23000.0,0.0,0,0.0,0.0,0.0,263.0,1,1,True,False,False,False,True,False,False,True,False,False,False,True,False,False,False,False,False,False,False,False,False,False,False,False,False,False,False,True,False,False,True,False,False,False,1
99,1,350000.0,0.0,84100.0,3,0,0,0,0,0,0,0,0,0,0,0,1,0,0,1,99,99,0,68,0,0,7,0,17,11,84100.0,35000.0,28000.0,0,1100.0,0.0,0.0,501.0,0,1,True,False,False,False,True,False,False,True,False,False,False,True,False,False,False,False,False,False,False,False,False,False,False,False,False,False,False,True,True,False,False,False,False,False,1
99,0,999999.0,875.0,27600.0,1,1,1,1,0,0,0,0,0,0,1,1,11,7,3,1,27,0,0,32,0,0,0,0,0,0,0.0,0.0,0.0,0,0.0,0.0,0.0,110.0,1,0,True,False,False,False,True,False,False,True,False,False,False,False,False,False,False,False,False,False,False,False,True,False,False,False,False,False,False,True,False,False,True,False,False,False,1
99,0,999999.0,262.0,16000.0,1,1,1,1,0,0,0,0,0,0,1,1,6,4,0,1,15,5,0,46,0,0,1,0,0,0,0.0,0.0,0.0,0,0.0,0.0,0.0,97.0,1,0,True,False,False,False,True,False,False,True,False,False,False,False,False,False,False,False,False,False,False,False,True,False,False,False,False,False,False,True,False,False,True,False,False,False,1
99,1,400000.0,0.0,78312.0,1,1,1,1,1,0,1,2,0,1,0,0,4,0,0,1,99,99,1,16,1,0,3,0,24,44,812.0,812.0,0.0,0,0.0,0.0,0.0,501.0,0,0,True,False,False,False,True,False,False,True,True,False,False,False,False,False,False,False,False,False,False,False,False,False,False,False,False,False,False,True,False,False,False,True,False,False,1
99,0,999999.0,875.0,58500.0,1,1,1,1,0,0,0,0,0,0,2,1,5,1,0,1,13,13,0,33,1,0,6,0,26,19,20000.0,20000.0,0.0,0,0.0,0.0,0.0,386.0,1,2,True,False,False,False,True,False,False,True,False,False,False,True,False,False,False,False,False,False,False,False,False,False,False,False,False,False,False,True,False,False,True,False,False,False,1
99,0,999999.0,387.0,0.0,2,0,1,0,1,0,1,0,0,0,0,0,4,0,0,1,99,99,2,6,0,1,1,1,0,0,0.0,999999.0,999999.0,999999,99999.0,99999.0,99999.0,1.0,0,0,True,False,False,False,True,False,False,True,True,False,False,False,False,False,False,False,False,False,False,False,False,False,False,False,False,False,False,True,False,False,False,True,False,False,1
99,1,137500.0,0.0,41500.0,1,1,1,1,2,0,1,1,0,1,0,0,7,0,0,1,99,99,3,47,0,0,2,0,13,23,12000.0,12000.0,0.0,0,0.0,0.0,0.0,206.0,0,0,True,False,False,False,True,False,False,True,True,False,False,False,False,False,False,False,False,False,False,False,False,False,False,False,False,False,False,True,False,False,False,True,False,False,0
99,1,137500.0,0.0,13089.0,1,1,1,1,2,7,1,1,0,1,0,0,4,0,0,1,99,99,1,17,0,1,4,1,0,0,0.0,0.0,0.0,0,0.0,0.0,0.0,104.0,1,0,True,False,False,False,True,False,False,True,True,False,False,False,False,False,False,False,False,False,False,False,False,False,False,False,False,False,False,True,False,False,False,True,False,False,1
99,1,187500.0,0.0,68540.0,1,1,2,1,2,0,1,1,0,1,0,0,9,2,1,1,8,3,3,31,0,0,7,0,22,18,7200.0,7200.0,0.0,0,0.0,0.0,0.0,252.0,1,0,True,False,False,False,True,False,False,True,True,False,False,False,False,False,False,False,False,False,False,False,False,False,False,False,False,True,False,False,False,True,False,False,False,False,1
99,1,275000.0,0.0,48716.0,1,1,1,1,2,7,1,1,0,1,0,0,7,0,0,1,99,99,4,2,1,0,7,0,0,0,0.0,999999.0,999999.0,999999,99999.0,99999.0,99999.0,263.0,1,0,True,False,False,False,True,False,False,True,True,False,False,False,False,False,False,False,False,False,False,False,False,False,True,False,False,False,False,False,False,False,False,True,False,False,1
99,0,999999.0,162.0,80000.0,1,0,0,0,0,0,0,0,0,0,0,0,1,0,0,1,99,99,0,40,1,0,7,0,22,32,80000.0,0.0,75000.0,0,0.0,0.0,0.0,501.0,0,6,True,False,False,False,True,False,False,True,False,False,False,True,False,False,False,False,False,False,False,False,False,False,False,False,False,False,False,True,False,False,False,True,False,False,1
99,1,400000.0,0.0,66857.0,1,1,0,0,0,0,0,0,0,0,1,1,2,0,0,1,99,99,0,61,0,0,8,0,24,47,28857.0,0.0,28857.0,0,0.0,0.0,0.0,501.0,0,0,True,False,False,False,True,False,False,True,False,False,False,False,False,False,False,False,False,False,False,False,True,False,False,False,False,False,False,True,False,False,True,False,False,False,1
99,0,999999.0,312.0,46280.0,1,1,0,0,0,0,0,0,0,0,1,1,2,0,0,1,99,99,0,46,0,0,4,0,16,15,25280.0,25280.0,0.0,0,0.0,0.0,0.0,501.0,0,0,True,False,False,False,True,False,False,True,False,False,False,False,False,False,False,False,False,False,False,False,True,False,True,False,False,False,False,False,False,False,True,False,False,False,1
99,0,999999.0,625.0,24400.0,1,0,1,0,3,0,1,0,0,0,0,0,8,0,0,1,99,99,3,16,1,1,4,1,0,0,0.0,0.0,0.0,0,0.0,0.0,0.0,110.0,1,0,True,False,False,False,True,False,False,True,False,False,False,False,False,False,False,False,False,False,True,False,False,False,False,False,False,False,False,True,False,False,False,True,False,False,1
99,0,999999.0,725.0,0.0,2,0,0,0,0,0,0,0,0,0,0,0,2,0,0,1,99,99,0,61,0,0,1,0,0,0,0.0,0.0,0.0,0,0.0,0.0,0.0,1.0,1,0,True,False,False,False,True,False,False,True,False,False,False,False,False,False,False,False,False,False,False,True,False,False,False,False,False,True,False,False,False,False,False,False,False,True,1
99,1,400000.0,0.0,118603.0,1,1,0,0,0,0,0,0,0,0,2,1,2,0,0,1,99,99,0,64,1,0,8,0,41,68,118603.0,60000.0,0.0,0,0.0,0.0,0.0,501.0,0,6,True,False,False,False,True,False,False,True,False,False,False,True,False,False,False,False,False,False,False,False,False,False,False,False,False,False,False,True,False,False,True,False,False,False,1
99,0,999999.0,575.0,19000.0,1,1,1,1,2,0,1,1,0,1,0,0,3,0,0,1,99,99,0,7,1,1,1,1,0,0,0.0,999999.0,999999.0,999999,99999.0,99999.0,99999.0,190.0,0,0,True,False,False,False,True,False,False,True,True,False,False,False,False,False,False,False,False,False,False,False,False,False,False,False,False,False,False,True,False,False,False,True,False,False,1
99,1,350000.0,0.0,58000.0,1,1,1,1,0,0,0,0,0,0,2,1,3,1,0,1,24,24,0,57,1,0,6,0,26,19,40000.0,40000.0,0.0,0,0.0,0.0,0.0,501.0,0,6,True,False,False,False,True,False,False,True,False,False,False,True,False,False,False,False,False,False,False,False,False,False,False,False,True,False,False,False,False,False,True,False,False,False,1
99,0,999999.0,337.0,32870.0,1,1,1,1,2,0,1,1,0,1,0,0,10,0,0,1,99,99,7,20,0,0,2,0,0,0,0.0,0.0,0.0,0,0.0,0.0,0.0,122.0,1,0,True,False,False,False,True,False,False,True,True,False,False,False,False,False,False,False,False,False,False,False,False,False,False,False,False,False,False,True,False,False,False,True,False,False,1
99,1,95000.0,0.0,25633.0,1,0,2,0,3,0,5,0,0,0,0,0,5,0,0,1,99,99,1,8,1,1,1,1,0,0,0.0,999999.0,999999.0,999999,99999.0,99999.0,99999.0,169.0,1,0,True,False,False,False,True,False,False,True,False,False,True,False,False,False,False,False,False,False,False,False,False,False,True,False,False,False,False,False,False,False,False,True,False,False,1
99,1,162500.0,0.0,26000.0,2,1,1,1,2,0,1,1,0,1,0,0,7,0,0,1,99,99,4,8,0,1,1,1,0,0,0.0,999999.0,999999.0,999999,99999.0,99999.0,99999.0,135.0,0,0,True,False,False,False,True,False,False,True,True,False,False,False,False,False,False,False,False,False,False,False,False,False,False,False,False,False,False,True,False,False,False,True,False,False,1
99,1,112500.0,0.0,37974.0,1,1,2,1,0,0,0,0,0,0,1,1,6,1,0,1,31,31,0,55,0,0,2,0,18,44,11000.0,11000.0,0.0,0,0.0,0.0,0.0,222.0,0,0,True,False,False,False,True,False,False,True,False,False,False,False,False,False,False,False,False,False,False,False,True,False,False,False,False,False,False,True,False,False,True,False,False,False,1
99,1,52500.0,0.0,57418.0,1,1,2,1,4,0,5,0,0,0,0,0,7,0,0,1,99,99,2,3,0,1,0,2,0,0,0.0,999999.0,999999.0,999999,99999.0,99999.0,99999.0,299.0,1,0,True,False,False,False,True,False,False,True,False,False,True,False,False,False,False,False,False,False,False,False,False,False,False,False,False,False,False,True,False,False,False,True,False,False,1
99,0,999999.0,40.0,350.0,1,0,1,0,0,0,0,0,0,0,0,0,3,2,0,1,15,10,0,45,0,0,2,0,20,9,350.0,0.0,0.0,0,0.0,350.0,0.0,4.0,1,1,True,False,False,False,True,False,False,True,False,False,False,True,False,False,False,False,False,False,False,False,False,False,False,False,False,False,False,True,False,False,False,False,True,False,1
99,0,999999.0,625.0,21000.0,1,1,1,1,0,0,0,0,0,0,2,1,4,2,1,1,11,3,0,26,1,0,6,0,35,49,0.0,0.0,0.0,0,0.0,0.0,0.0,167.0,1,2,True,False,False,False,True,False,False,True,False,False,False,True,False,False,False,False,False,False,False,False,False,False,False,False,False,False,False,True,False,False,True,False,False,False,1
99,1,275000.0,0.0,54317.0,1,1,1,1,2,0,1,1,0,1,0,0,3,0,0,1,99,99,0,1,1,0,7,0,0,0,0.0,999999.0,999999.0,999999,99999.0,99999.0,99999.0,501.0,1,0,True,False,False,False,True,False,False,True,True,False,False,False,False,False,False,False,False,False,False,False,False,False,False,False,False,False,False,True,False,False,False,True,False,False,1
99,1,162500.0,0.0,62320.0,1,2,1,1,0,0,0,0,0,0,2,1,7,3,2,1,8,1,1,31,1,0,3,0,27,22,36000.0,36000.0,0.0,0,0.0,0.0,0.0,315.0,0,5,True,False,False,False,True,False,False,True,False,False,False,True,False,False,False,False,False,False,False,False,False,False,False,False,False,False,False,True,False,False,True,False,False,False,1
99,0,999999.0,575.0,6500.0,1,1,1,1,0,0,0,0,0,0,2,1,4,2,0,1,7,5,0,49,1,0,8,0,41,68,6000.0,6000.0,0.0,0,0.0,0.0,0.0,52.0,0,2,True,False,False,False,True,False,False,True,False,False,False,True,False,False,False,False,False,False,False,False,False,False,False,False,False,False,False,True,False,False,True,False,False,False,1
99,1,12500.0,0.0,41500.0,1,1,1,1,0,0,0,0,0,0,1,1,3,1,1,1,0,0,0,30,0,0,0,0,24,44,21600.0,21600.0,0.0,0,0.0,0.0,0.0,416.0,1,0,True,False,False,False,True,False,False,True,False,False,False,False,False,False,False,False,False,False,False,False,True,False,False,True,False,False,False,False,False,False,True,False,False,False,1
99,1,187500.0,0.0,45000.0,1,1,1,1,0,0,0,0,0,0,1,1,5,3,0,1,15,9,0,40,0,0,7,0,19,46,15000.0,15000.0,0.0,0,0.0,0.0,0.0,304.0,0,0,True,False,False,False,True,False,False,True,False,False,False,False,False,False,False,False,False,False,False,False,True,False,False,False,False,False,False,True,False,False,True,False,False,False,1
99,0,999999.0,725.0,125000.0,1,1,1,1,0,0,0,0,0,0,1,1,3,1,1,1,2,2,0,31,0,0,7,0,25,48,56000.0,56000.0,0.0,0,0.0,0.0,0.0,501.0,1,0,True,False,False,False,True,False,False,True,False,False,False,False,False,False,False,False,False,False,False,False,True,False,False,False,False,False,False,True,False,False,True,False,False,False,1
99,1,112500.0,0.0,21000.0,1,1,1,1,0,0,0,0,0,0,1,1,4,2,0,1,12,10,0,40,0,0,0,0,17,26,1000.0,1000.0,0.0,0,0.0,0.0,0.0,167.0,0,0,True,False,False,False,True,False,False,True,False,False,False,False,False,False,False,False,False,False,False,False,True,False,False,False,False,False,False,True,False,False,True,False,False,False,0
99,1,162500.0,0.0,56400.0,1,1,2,1,2,0,1,1,0,1,0,0,8,0,0,1,99,99,4,15,1,1,2,1,0,0,0.0,999999.0,999999.0,999999,0.0,0.0,0.0,253.0,0,0,True,False,False,False,True,False,False,True,True,False,False,False,False,False,False,False,False,False,False,False,False,False,False,False,False,True,False,False,False,False,False,True,False,False,1
99,1,225000.0,0.0,47000.0,1,1,1,1,0,0,0,0,0,0,1,1,4,2,0,1,25,22,0,57,0,0,2,0,0,0,0.0,0.0,0.0,0,0.0,0.0,0.0,367.0,0,0,True,False,False,False,True,False,False,True,False,False,False,False,False,False,False,False,False,False,False,False,True,False,False,False,False,False,False,True,False,False,True,False,False,False,1
99,0,999999.0,875.0,35000.0,2,1,1,1,0,0,0,0,0,0,2,1,4,2,0,1,26,21,0,46,1,0,6,0,41,68,1200.0,1200.0,0.0,0,0.0,0.0,0.0,274.0,1,1,True,False,False,False,True,False,False,True,False,False,False,True,False,False,False,False,False,False,False,False,False,False,False,False,False,False,False,True,False,False,True,False,False,False,1
99,1,350000.0,0.0,99013.0,1,1,0,0,0,0,0,0,0,0,2,1,2,0,0,1,99,99,0,53,1,0,8,0,46,84,80913.0,80674.0,0.0,0,0.0,0.0,0.0,501.0,1,1,True,False,False,False,True,False,False,True,False,False,False,True,False,False,False,False,False,False,False,False,False,False,False,False,False,False,False,True,False,False,True,False,False,False,1
99,0,999999.0,362.0,9424.0,1,0,1,0,1,7,1,0,0,0,0,0,4,0,0,1,99,99,1,16,1,1,4,1,0,0,0.0,0.0,0.0,0,0.0,0.0,0.0,75.0,0,0,True,False,False,False,True,False,False,True,True,False,False,False,False,False,False,False,False,False,False,False,False,False,True,False,False,False,False,False,False,False,False,True,False,False,1
99,1,5000.0,0.0,4008.0,1,0,0,0,0,0,0,0,0,0,0,0,1,0,0,1,99,99,0,82,1,0,3,0,0,0,4008.0,0.0,0.0,0,4008.0,0.0,0.0,67.0,0,6,True,False,False,False,True,False,False,True,False,False,False,True,False,False,False,False,False,False,False,False,False,False,False,False,False,False,False,True,True,False,False,False,False,False,1
99,1,275000.0,0.0,34550.0,2,0,0,0,0,0,0,0,0,0,0,0,1,0,0,1,99,99,0,39,1,0,8,0,42,86,34550.0,24000.0,10300.0,0,0.0,0.0,0.0,501.0,0,5,True,False,False,False,True,False,False,True,False,False,False,True,False,False,False,False,False,False,False,False,False,False,False,False,False,False,False,True,False,False,False,True,False,False,0
99,1,12500.0,0.0,29000.0,1,0,1,0,2,0,1,0,0,0,0,0,2,0,0,1,99,99,0,38,1,0,8,0,37,78,26000.0,23000.0,0.0,0,0.0,0.0,0.0,349.0,0,2,True,False,False,False,True,False,False,True,False,False,False,True,False,False,False,False,False,False,False,False,False,False,False,True,False,False,False,False,False,False,False,True,False,False,1
99,1,225000.0,0.0,103603.0,1,1,1,1,0,0,0,0,0,0,1,1,4,2,0,1,13,10,0,41,0,0,8,0,24,44,15000.0,15000.0,0.0,0,0.0,0.0,0.0,501.0,0,0,True,False,False,False,True,False,False,True,False,False,False,False,False,False,False,False,False,False,False,False,True,False,False,False,False,True,False,False,False,False,True,False,False,False,1
99,1,137500.0,0.0,41344.0,1,1,1,1,2,0,1,1,3,1,0,0,4,0,0,1,99,99,1,16,1,1,4,1,0,0,0.0,0.0,0.0,0,0.0,0.0,0.0,329.0,0,0,True,False,False,False,True,False,False,True,True,False,False,False,False,False,False,False,False,False,False,False,False,False,False,False,False,False,False,True,False,False,False,True,False,False,1
99,0,999999.0,487.0,12000.0,1,1,1,1,0,0,0,0,0,0,1,1,3,1,1,1,0,0,0,23,0,0,2,0,22,18,0.0,0.0,0.0,0,0.0,0.0,0.0,120.0,1,0,True,False,False,False,True,False,False,True,False,False,False,False,False,False,False,False,False,False,False,False,True,False,False,False,False,False,False,True,False,False,True,False,False,False,1
99,0,999999.0,0.0,999999.0,1,0,0,0,0,0,0,0,0,0,0,0,1,0,0,1,99,99,0,18,0,1,6,2,25,44,3024.0,3000.0,0.0,0,0.0,0.0,0.0,0.0,1,0,False,False,True,False,False,True,False,True,False,False,False,False,False,True,False,False,False,False,False,False,False,False,False,False,False,True,False,False,False,False,False,True,False,False,0
99,0,999999.0,0.0,999999.0,1,0,0,0,0,0,0,0,0,0,0,0,1,0,0,1,99,99,0,73,1,0,7,0,0,0,0.0,0.0,0.0,0,0.0,0.0,0.0,0.0,1,0,False,True,False,True,False,False,False,True,False,False,False,False,True,False,False,False,False,False,False,False,False,False,False,False,False,False,False,True,False,False,False,False,True,False,1
99,1,162500.0,0.0,67400.0,1,1,1,1,0,0,0,0,0,0,2,1,6,4,0,1,15,7,0,29,1,0,3,0,37,49,67400.0,51000.0,0.0,0,0.0,0.0,0.0,407.0,1,2,True,False,False,False,True,False,False,True,False,False,False,True,False,False,False,False,False,False,False,False,False,False,False,False,False,False,False,True,False,False,True,False,False,False,1
99,1,62500.0,0.0,21166.0,1,1,0,0,0,0,0,0,0,0,1,2,2,0,0,1,99,99,0,72,1,0,2,0,0,0,18274.0,0.0,0.0,0,2378.0,0.0,0.0,282.0,0,0,True,False,False,False,True,False,False,True,False,False,False,False,False,False,False,False,False,False,False,False,True,False,False,False,False,False,False,True,False,False,True,False,False,False,1
99,1,187500.0,0.0,82258.0,1,1,0,1,0,0,0,3,0,1,2,1,5,0,0,1,99,99,2,22,1,0,6,0,25,15,9000.0,9000.0,0.0,0,0.0,0.0,0.0,501.0,0,6,True,False,False,False,True,False,False,True,False,False,False,True,False,False,False,False,False,False,False,False,False,False,True,False,False,False,False,False,False,False,True,False,False,False,1
99,1,225000.0,0.0,45650.0,1,1,1,1,2,0,1,1,0,1,0,0,6,0,0,1,99,99,3,4,0,0,0,0,0,0,0.0,999999.0,999999.0,999999,99999.0,99999.0,99999.0,276.0,1,0,True,False,False,False,True,False,False,True,True,False,False,False,False,False,False,False,False,False,False,False,False,False,False,False,False,False,False,True,False,False,False,True,False,False,1
99,0,999999.0,625.0,30000.0,1,1,0,0,0,0,0,0,0,0,2,1,2,0,0,1,99,99,0,27,1,0,8,0,34,44,20000.0,20000.0,0.0,0,0.0,0.0,0.0,361.0,1,1,True,False,False,False,True,False,False,True,False,False,False,True,False,False,False,False,False,False,False,False,False,False,False,False,False,False,False,True,False,False,True,False,False,False,1
99,1,400000.0,0.0,66764.0,1,1,0,0,0,0,0,0,0,0,2,1,2,0,0,1,99,99,0,38,1,0,6,0,24,47,35000.0,34000.0,0.0,0,0.0,0.0,0.0,501.0,1,6,True,False,False,False,True,False,False,True,False,False,False,True,False,False,False,False,False,False,False,False,False,False,True,False,False,False,False,False,False,False,True,False,False,False,1
99,1,187500.0,0.0,25000.0,2,0,1,0,0,0,0,0,0,0,0,0,3,2,0,1,12,10,0,35,0,1,7,1,20,8,25000.0,25000.0,0.0,0,0.0,0.0,0.0,250.0,1,2,True,False,False,False,True,False,False,True,False,False,False,True,False,False,False,False,False,False,False,False,False,False,False,False,False,False,False,True,True,False,False,False,False,False,1
99,0,999999.0,512.0,37380.0,1,1,1,1,2,7,1,1,0,1,0,0,8,0,0,1,99,99,5,13,1,1,2,1,0,0,0.0,999999.0,999999.0,999999,99999.0,99999.0,99999.0,183.0,1,0,True,False,False,False,True,False,False,True,True,False,False,False,False,False,False,False,False,False,False,False,False,False,True,False,False,False,False,False,False,False,False,True,False,False,1
99,0,999999.0,875.0,35800.0,1,1,1,1,0,0,0,0,0,0,2,1,4,2,1,1,10,2,0,33,1,0,8,0,41,68,30000.0,0.0,30000.0,0,0.0,0.0,0.0,285.0,1,1,True,False,False,False,True,False,False,True,False,False,False,True,False,False,False,False,False,False,False,False,False,False,False,False,False,False,False,True,False,False,True,False,False,False,1
99,0,999999.0,575.0,30000.0,1,1,1,1,2,0,1,1,0,1,0,0,5,0,0,1,99,99,2,6,0,1,1,1,0,0,0.0,999999.0,999999.0,999999,99999.0,99999.0,99999.0,203.0,1,0,True,False,False,False,True,False,False,True,True,False,False,False,False,False,False,False,False,False,False,False,False,False,False,False,False,False,False,True,False,False,False,True,False,False,1
99,0,999999.0,725.0,55400.0,1,1,1,1,0,0,0,0,0,0,1,1,3,1,0,1,6,6,0,27,0,0,6,0,24,44,15400.0,8000.0,0.0,0,0.0,7400.0,0.0,501.0,0,0,True,False,False,False,True,False,False,True,False,False,False,False,False,False,False,False,False,False,False,False,True,False,False,False,False,False,False,True,False,False,True,False,False,False,1
99,0,999999.0,412.0,13876.0,1,1,0,0,0,0,0,0,0,0,1,1,2,0,0,1,99,99,0,79,0,0,6,0,0,0,8260.0,0.0,0.0,0,8160.0,0.0,0.0,185.0,0,0,True,False,False,False,True,False,False,True,False,False,False,False,False,False,False,False,False,False,False,False,True,False,False,False,False,False,False,True,False,False,True,False,False,False,1
99,1,400000.0,0.0,118310.0,1,1,0,0,0,0,0,0,0,0,2,1,2,0,0,1,99,99,0,52,1,0,4,0,24,44,83252.0,80000.0,0.0,0,0.0,0.0,0.0,501.0,0,6,True,False,False,False,True,False,False,True,False,False,False,True,False,False,False,False,False,False,False,False,False,False,False,False,False,False,False,True,False,False,True,False,False,False,1
99,0,999999.0,675.0,45000.0,1,0,1,0,2,0,1,0,0,0,0,0,3,0,0,1,99,99,0,39,0,0,8,0,37,78,30000.0,30000.0,0.0,0,0.0,0.0,0.0,464.0,1,5,True,False,False,False,True,False,False,True,False,False,False,True,False,False,False,False,False,False,False,False,False,False,False,False,False,False,False,True,True,False,False,False,False,False,0
99,0,999999.0,625.0,32930.0,1,1,1,1,0,0,0,0,0,0,2,1,5,3,0,1,16,12,0,39,1,0,6,0,41,68,17930.0,17930.0,0.0,0,0.0,0.0,0.0,223.0,1,1,True,False,False,False,True,False,False,True,False,False,False,True,False,False,False,False,False,False,False,False,False,False,False,False,False,False,False,True,False,False,True,False,False,False,1
99,0,999999.0,875.0,8200.0,1,0,0,1,0,0,0,1,0,1,0,0,3,0,0,1,99,99,1,5,0,0,0,0,0,0,0.0,999999.0,999999.0,999999,99999.0,99999.0,99999.0,82.0,1,0,True,False,False,False,True,False,False,True,True,False,False,False,False,False,False,False,False,False,False,False,False,False,True,False,False,False,False,False,False,False,False,True,False,False,1
99,0,999999.0,875.0,52000.0,1,0,1,0,1,0,1,0,0,0,0,0,2,0,0,1,99,99,0,24,1,1,7,1,25,18,32000.0,32000.0,0.0,0,0.0,0.0,0.0,501.0,1,0,True,False,False,False,True,False,False,True,True,False,False,False,False,False,False,False,False,False,False,False,False,False,False,False,False,False,False,True,False,False,False,True,False,False,1
99,0,999999.0,512.0,23074.0,1,1,1,1,0,0,0,0,0,0,2,2,7,5,2,1,12,2,0,31,0,0,8,0,18,44,6074.0,6000.0,0.0,0,0.0,74.0,0.0,124.0,1,1,True,False,False,False,True,False,False,True,False,False,False,True,False,False,False,False,False,False,False,False,False,False,False,False,False,False,False,True,False,False,True,False,False,False,0
99,1,112500.0,0.0,50690.0,1,1,0,0,0,0,0,0,0,0,1,1,2,0,0,1,99,99,0,58,0,0,7,0,0,0,0.0,0.0,0.0,0,0.0,0.0,0.0,501.0,0,0,True,False,False,False,True,False,False,True,False,False,False,False,False,False,False,False,False,False,False,False,True,False,False,False,False,False,False,True,False,False,True,False,False,False,1
99,1,162500.0,0.0,67400.0,1,1,1,1,2,7,1,1,0,1,0,0,6,0,0,1,99,99,3,15,0,1,2,1,0,0,0.0,999999.0,999999.0,999999,0.0,0.0,0.0,407.0,1,0,True,False,False,False,True,False,False,True,True,False,False,False,False,False,False,False,False,False,False,False,False,False,False,False,False,False,False,True,False,False,False,True,False,False,1
99,1,275000.0,0.0,59000.0,1,1,1,1,2,0,1,1,0,1,0,0,5,0,0,1,99,99,2,16,1,1,4,1,0,0,0.0,0.0,0.0,0,0.0,0.0,0.0,399.0,0,0,True,False,False,False,True,False,False,True,True,False,False,False,False,False,False,False,False,False,False,False,False,False,False,False,False,False,False,True,False,False,False,True,False,False,1
99,1,162500.0,0.0,42640.0,2,1,2,1,0,0,0,0,0,0,2,1,6,2,0,1,12,6,0,34,1,0,2,0,29,27,22000.0,22000.0,0.0,0,0.0,0.0,0.0,249.0,1,2,True,False,False,False,True,False,False,True,False,False,False,True,False,False,False,False,False,False,False,False,False,False,False,False,False,False,False,True,False,False,True,False,False,False,1
99,1,275000.0,0.0,58819.0,1,1,3,1,2,0,1,1,0,1,0,0,6,0,0,1,99,99,1,11,1,1,2,1,0,0,0.0,999999.0,999999.0,999999,99999.0,99999.0,99999.0,337.0,0,0,True,False,False,False,True,False,False,True,True,False,False,False,False,False,False,False,False,False,False,False,False,False,False,False,False,False,False,True,False,False,False,True,False,False,1
99,1,112500.0,0.0,17196.0,1,1,1,1,0,0,0,0,0,0,2,1,4,1,0,1,18,18,0,63,1,0,4,0,0,0,8496.0,0.0,0.0,0,5316.0,3180.0,0.0,132.0,0,8,True,False,False,False,True,False,False,True,False,False,False,True,False,False,False,False,False,False,False,False,False,False,False,False,False,False,False,True,False,False,True,False,False,False,1
99,0,999999.0,725.0,38000.0,1,0,0,0,0,0,0,0,0,0,0,0,1,0,0,1,99,99,0,38,0,0,8,0,24,44,38000.0,30000.0,0.0,0,0.0,0.0,0.0,501.0,1,2,True,False,False,False,True,False,False,True,False,False,False,True,False,False,False,False,False,False,False,False,False,False,False,False,False,False,False,True,False,False,False,False,False,True,1
99,1,162500.0,0.0,11088.0,1,0,0,0,0,0,0,0,0,0,0,0,1,0,0,1,99,99,0,84,0,0,6,0,0,0,11088.0,0.0,0.0,0,7720.0,0.0,0.0,186.0,0,8,True,False,False,False,True,False,False,True,False,False,False,True,False,False,False,False,False,False,False,False,False,False,False,False,False,False,False,True,False,False,False,False,False,True,1
99,1,400000.0,0.0,255516.0,1,1,0,0,0,0,0,0,0,0,1,1,2,0,0,1,99,99,0,53,0,0,8,0,39,81,50000.0,0.0,50000.0,0,0.0,0.0,0.0,501.0,0,0,True,False,False,False,True,False,False,True,False,False,False,False,False,False,False,False,False,False,False,False,True,False,False,False,False,False,False,True,False,False,True,False,False,False,1
99,1,400000.0,0.0,62000.0,1,1,1,1,0,0,0,0,0,0,1,1,3,1,0,1,43,43,0,80,0,0,7,0,0,0,0.0,0.0,0.0,0,0.0,0.0,0.0,501.0,0,0,True,False,False,False,True,False,False,True,False,False,False,False,False,False,False,False,False,False,False,False,True,False,False,False,False,False,False,True,False,False,True,False,False,False,1
99,1,275000.0,0.0,73781.0,1,1,1,1,2,0,1,1,0,1,0,0,3,0,0,1,99,99,0,22,0,1,7,1,41,84,6011.0,6000.0,0.0,0,0.0,0.0,0.0,501.0,0,0,True,False,False,False,True,False,False,True,True,False,False,False,False,False,False,False,False,False,False,False,False,False,False,False,False,False,False,True,False,False,False,True,False,False,1
99,0,999999.0,875.0,26280.0,1,0,2,0,2,0,5,0,0,0,0,0,3,0,0,1,99,99,0,5,0,1,0,2,0,0,0.0,999999.0,999999.0,999999,99999.0,99999.0,99999.0,263.0,0,0,True,False,False,False,True,False,False,True,False,False,True,False,False,False,False,False,False,False,False,False,False,False,True,False,False,False,False,False,False,False,False,True,False,False,1
99,0,999999.0,725.0,8000.0,1,0,0,0,0,0,0,0,0,0,0,0,1,0,0,1,99,99,0,76,0,0,7,0,25,44,8000.0,8000.0,0.0,0,0.0,0.0,0.0,135.0,1,2,True,False,False,False,True,False,False,True,False,False,False,True,False,False,False,False,False,False,False,False,False,False,False,False,False,False,False,True,False,False,False,True,False,False,1
99,0,999999.0,575.0,1200.0,1,1,0,0,0,0,0,0,0,0,2,1,2,0,0,1,99,99,0,71,1,0,6,0,0,0,1200.0,0.0,0.0,0,0.0,0.0,1200.0,16.0,1,1,True,False,False,False,True,False,False,True,False,False,False,True,False,False,False,False,False,False,False,False,False,False,False,False,False,False,False,True,False,False,True,False,False,False,1
99,0,999999.0,362.0,15000.0,2,0,1,0,1,1,1,0,0,0,0,0,2,0,0,1,99,99,0,7,1,1,1,1,0,0,0.0,999999.0,999999.0,999999,99999.0,99999.0,99999.0,176.0,1,0,True,False,False,False,True,False,False,True,True,False,False,False,False,False,False,False,False,False,False,False,False,False,False,False,False,False,False,True,False,False,False,True,False,False,1
99,1,112500.0,0.0,68855.0,1,1,1,2,0,0,0,0,0,0,2,1,4,1,0,1,32,32,0,70,1,0,6,0,0,0,19378.0,0.0,0.0,0,2290.0,0.0,0.0,501.0,0,6,True,False,False,False,True,False,False,True,False,False,False,True,False,False,False,False,False,False,False,False,False,False,True,False,False,False,False,False,False,False,True,False,False,False,1
99,0,999999.0,437.0,20000.0,2,0,0,0,0,0,0,0,0,0,0,0,1,0,0,2,99,99,0,37,1,0,8,0,41,68,25000.0,25000.0,0.0,0,0.0,0.0,0.0,388.0,1,0,True,False,False,False,True,False,False,True,False,False,False,False,False,False,False,False,False,True,False,False,False,False,False,False,False,False,False,True,True,False,False,False,False,False,1
99,1,187500.0,0.0,18900.0,1,1,0,0,0,0,0,0,0,0,1,1,2,0,0,1,99,99,0,70,0,0,8,0,0,0,4300.0,0.0,0.0,0,4300.0,0.0,0.0,252.0,0,0,True,False,False,False,True,False,False,True,False,False,False,False,False,False,False,False,False,False,False,False,True,False,False,False,False,False,False,True,False,False,True,False,False,False,1
99,1,400000.0,0.0,83003.0,1,1,0,0,0,0,0,0,0,0,2,1,2,0,0,1,99,99,0,59,1,0,6,0,38,68,68603.0,10000.0,0.0,0,0.0,0.0,0.0,501.0,0,2,True,False,False,False,True,False,False,True,False,False,False,True,False,False,False,False,False,False,False,False,False,False,False,False,False,False,False,True,False,False,True,False,False,False,1
99,1,137500.0,0.0,16000.0,1,1,1,1,0,0,0,0,0,0,2,1,10,8,1,1,17,3,0,42,1,0,2,0,29,27,16000.0,11000.0,0.0,0,0.0,0.0,5000.0,67.0,0,6,True,False,False,False,True,False,False,True,False,False,False,True,False,False,False,False,False,False,False,False,False,False,False,False,False,False,False,True,False,False,True,False,False,False,1
99,1,400000.0,0.0,48600.0,1,1,2,1,0,0,0,0,0,0,0,0,5,1,0,1,50,50,0,76,0,0,7,0,0,0,600.0,0.0,0.0,0,600.0,0.0,0.0,320.0,1,0,True,False,False,False,True,False,False,True,False,False,False,False,False,False,False,True,False,False,False,False,False,False,False,True,False,False,False,False,False,False,False,False,False,True,1
99,1,162500.0,0.0,54714.0,1,1,1,1,2,0,1,1,0,1,0,0,4,0,0,1,99,99,1,4,0,1,0,2,0,0,0.0,999999.0,999999.0,999999,99999.0,99999.0,99999.0,435.0,1,0,True,False,False,False,True,False,False,True,True,False,False,False,False,False,False,False,False,False,False,False,False,False,False,False,False,False,False,True,False,False,False,True,False,False,1
99,0,999999.0,437.0,27311.0,1,2,2,2,6,0,3,5,0,3,0,0,7,0,0,1,99,99,0,1,0,0,7,0,0,0,0.0,999999.0,999999.0,999999,99999.0,99999.0,99999.0,138.0,1,0,True,False,False,False,True,False,False,True,False,False,False,False,False,False,True,False,False,False,False,False,False,False,False,False,False,False,False,True,False,False,False,True,False,False,1
99,0,999999.0,725.0,14127.0,1,1,1,1,2,0,1,1,0,1,0,0,8,0,0,1,99,99,4,2,0,0,7,0,0,0,0.0,999999.0,999999.0,999999,99999.0,99999.0,99999.0,67.0,1,0,True,False,False,False,True,False,False,True,True,False,False,False,False,False,False,False,False,False,False,False,False,False,False,False,False,False,False,True,False,False,False,True,False,False,1
99,0,999999.0,725.0,107000.0,1,2,2,2,6,0,1,5,0,1,1,1,6,2,2,1,2,0,0,33,0,0,8,0,26,72,17500.0,17500.0,0.0,0,0.0,0.0,0.0,501.0,1,0,True,False,False,False,True,False,False,True,False,False,False,False,False,False,False,False,False,False,False,False,True,False,True,False,False,False,False,False,False,False,True,False,False,False,1
99,1,400000.0,0.0,103917.0,1,1,2,1,0,0,0,0,0,0,0,0,4,1,0,1,57,57,0,86,0,0,1,0,0,0,14200.0,0.0,0.0,0,5600.0,0.0,0.0,501.0,1,0,True,False,False,False,True,False,False,True,False,False,False,False,False,False,False,True,False,False,False,False,False,False,False,False,False,False,False,True,False,False,False,False,False,True,1
99,1,350000.0,0.0,34200.0,1,1,1,1,0,0,0,0,0,0,2,1,4,2,0,1,9,5,0,35,1,0,7,0,24,19,24600.0,0.0,24000.0,0,0.0,0.0,0.0,272.0,0,6,True,False,False,False,True,False,False,True,False,False,False,True,False,False,False,False,False,False,False,False,False,False,False,False,False,False,False,True,False,False,True,False,False,False,1
99,1,350000.0,0.0,79500.0,1,1,1,1,0,0,0,0,0,0,1,1,7,5,1,1,16,4,0,42,0,0,7,0,0,0,0.0,0.0,0.0,0,0.0,0.0,0.0,428.0,0,0,True,False,False,False,True,False,False,True,False,False,False,False,False,False,False,False,False,False,False,False,True,False,False,False,False,False,False,True,False,False,True,False,False,False,1
99,0,999999.0,337.0,24000.0,1,1,2,1,5,0,3,4,0,3,0,0,7,0,0,1,99,99,1,9,0,1,1,1,0,0,0.0,999999.0,999999.0,999999,99999.0,99999.0,99999.0,125.0,1,0,True,False,False,False,True,False,False,True,False,False,False,False,False,False,True,False,False,False,False,False,False,False,False,False,False,False,False,True,False,False,False,True,False,False,1
99,1,32500.0,0.0,9775.0,1,0,0,0,0,0,0,0,0,0,0,0,1,0,0,1,99,99,0,54,0,0,6,0,25,15,9775.0,0.0,3775.0,0,0.0,0.0,6000.0,152.0,1,2,True,False,False,False,True,False,False,True,False,False,False,True,False,False,False,False,False,False,False,False,False,False,False,False,False,False,False,True,False,False,False,False,True,False,1
99,1,225000.0,0.0,49800.0,1,1,1,1,2,0,1,1,3,1,0,0,5,0,0,1,99,99,2,16,1,1,4,1,11,11,600.0,600.0,0.0,0,0.0,0.0,0.0,337.0,1,0,True,False,False,False,True,False,False,True,True,False,False,False,False,False,False,False,False,False,False,False,False,False,False,False,False,False,False,True,False,False,False,True,False,False,1
99,0,999999.0,462.0,9180.0,2,1,0,0,0,0,0,0,0,0,1,2,2,0,0,1,99,99,0,22,1,0,0,0,16,15,5760.0,5760.0,0.0,0,0.0,0.0,0.0,111.0,1,0,True,False,False,False,True,False,False,True,False,False,False,False,False,False,False,False,False,False,False,False,True,False,False,False,False,False,False,True,False,False,True,False,False,False,0
99,1,137500.0,0.0,45000.0,2,0,0,0,0,0,0,0,0,0,0,0,1,0,0,2,99,99,0,24,1,0,7,0,32,37,30000.0,30000.0,0.0,0,0.0,0.0,0.0,465.0,1,0,True,False,False,False,True,False,False,True,False,False,False,False,False,True,False,False,False,False,False,False,False,False,False,False,False,False,False,True,False,False,False,True,False,False,1
99,1,85000.0,0.0,12646.0,1,0,1,0,0,0,0,0,0,0,0,0,2,1,0,1,37,37,0,66,0,0,1,0,0,0,7464.0,0.0,0.0,0,4272.0,3192.0,0.0,169.0,1,0,True,False,False,False,True,False,False,True,False,False,False,False,False,False,False,True,False,False,False,False,False,False,False,False,False,False,False,True,True,False,False,False,False,False,1
99,0,999999.0,875.0,44960.0,1,1,1,1,2,0,1,1,0,1,0,0,11,0,0,1,99,99,6,12,1,1,2,1,0,0,0.0,999999.0,999999.0,999999,99999.0,99999.0,99999.0,180.0,1,0,True,False,False,False,True,False,False,True,True,False,False,False,False,False,False,False,False,False,False,False,False,False,False,False,False,False,False,True,False,False,False,True,False,False,1
99,0,999999.0,625.0,40000.0,1,1,1,1,2,0,1,1,0,1,0,0,5,0,0,1,99,99,2,11,0,1,1,2,0,0,0.0,999999.0,999999.0,999999,99999.0,99999.0,99999.0,270.0,1,0,True,False,False,False,True,False,False,True,True,False,False,False,False,False,False,False,False,False,False,False,False,False,False,False,False,False,False,True,False,False,False,True,False,False,1
99,0,999999.0,312.0,0.0,1,0,0,0,0,0,0,0,0,0,0,0,1,0,0,1,99,99,0,82,0,0,7,0,0,0,0.0,0.0,0.0,0,0.0,0.0,0.0,1.0,0,7,True,False,False,False,True,False,False,True,False,False,False,True,False,False,False,False,False,False,False,False,False,False,False,False,False,False,False,True,False,False,False,False,False,True,1
99,1,112500.0,0.0,28946.0,1,1,2,1,6,0,1,0,0,0,2,1,6,3,0,1,19,9,0,53,1,0,5,0,41,68,11246.0,11000.0,0.0,0,0.0,0.0,0.0,166.0,0,5,True,False,False,False,True,False,False,True,False,False,False,True,False,False,False,False,False,False,False,False,False,False,False,False,False,True,False,False,False,False,True,False,False,False,1
99,1,275000.0,0.0,89900.0,1,1,1,1,0,0,0,0,0,0,2,1,4,2,1,1,7,2,0,46,1,0,6,0,34,44,63900.0,60000.0,0.0,0,0.0,0.0,0.0,501.0,0,7,True,False,False,False,True,False,False,True,False,False,False,True,False,False,False,False,False,False,False,False,False,False,False,False,False,False,False,True,False,False,True,False,False,False,1
99,1,275000.0,0.0,78355.0,1,1,0,0,0,0,0,0,0,0,2,1,2,0,0,1,99,99,0,71,1,0,7,0,41,68,45075.0,0.0,0.0,0,7079.0,0.0,0.0,501.0,0,6,True,False,False,False,True,False,False,True,False,False,False,True,False,False,False,False,False,False,False,False,False,False,False,False,False,False,False,True,False,False,True,False,False,False,1
99,0,999999.0,625.0,67800.0,1,1,1,1,2,0,1,1,0,1,0,0,9,0,0,1,99,99,4,19,0,1,2,1,23,18,6800.0,6800.0,0.0,0,0.0,0.0,0.0,249.0,1,0,True,False,False,False,True,False,False,True,True,False,False,False,False,False,False,False,False,False,False,False,False,False,False,False,False,False,False,True,False,False,False,True,False,False,1
99,0,999999.0,462.0,7232.0,1,1,1,1,0,0,0,0,0,0,1,2,3,1,1,1,1,1,0,22,1,0,7,0,10,19,1484.0,1484.0,0.0,0,0.0,0.0,0.0,72.0,1,0,True,False,False,False,True,False,False,True,False,False,False,False,False,False,False,False,False,False,False,False,True,False,False,False,False,False,False,True,False,False,True,False,False,False,1
99,0,999999.0,0.0,999999.0,1,0,0,0,0,0,0,0,0,0,0,0,1,0,0,1,99,99,0,24,1,0,0,0,16,15,1700.0,1700.0,0.0,0,0.0,0.0,0.0,0.0,0,0,False,True,False,True,False,False,False,True,False,False,False,False,True,False,False,False,False,False,False,False,False,False,False,False,False,False,False,True,False,False,False,True,False,False,1
99,0,999999.0,625.0,17000.0,1,1,0,0,0,0,0,0,0,0,1,1,2,0,0,1,99,99,0,23,0,1,7,1,23,18,9000.0,9000.0,0.0,0,0.0,0.0,0.0,205.0,1,0,True,False,False,False,True,False,False,True,False,False,False,False,False,False,False,False,False,False,False,False,True,False,True,False,False,False,False,False,False,False,True,False,False,False,1
99,0,999999.0,875.0,12200.0,2,0,1,0,1,0,1,0,0,0,0,0,2,0,0,1,99,99,0,11,1,1,1,1,0,0,0.0,999999.0,999999.0,999999,99999.0,99999.0,99999.0,143.0,1,0,True,False,False,False,True,False,False,True,True,False,False,False,False,False,False,False,False,False,False,False,False,False,False,False,False,False,False,True,False,False,False,True,False,False,1
99,1,275000.0,0.0,29000.0,1,1,0,0,0,0,0,0,0,0,2,1,2,0,0,1,99,99,0,59,1,0,7,0,23,18,29000.0,29000.0,0.0,0,0.0,0.0,0.0,349.0,0,6,True,False,False,False,True,False,False,True,False,False,False,True,False,False,False,False,False,False,False,False,False,False,False,False,False,False,False,True,False,False,True,False,False,False,1
99,0,999999.0,0.0,999999.0,1,0,0,0,0,0,0,0,0,0,0,0,1,0,0,1,99,99,0,84,1,0,6,0,0,0,0.0,0.0,0.0,0,0.0,0.0,0.0,0.0,1,0,False,True,False,True,False,False,False,True,False,False,False,False,True,False,False,False,False,False,False,False,False,False,False,False,False,False,False,True,False,False,False,False,False,True,1
99,1,350000.0,0.0,29681.0,1,1,0,0,0,0,0,0,0,0,2,1,2,0,0,1,99,99,0,77,1,0,3,0,20,9,28481.0,0.0,0.0,0,10716.0,0.0,0.0,396.0,0,6,True,False,False,False,True,False,False,True,False,False,False,True,False,False,False,False,False,False,False,False,False,False,False,False,False,False,False,True,False,False,True,False,False,False,1
99,1,350000.0,0.0,35500.0,1,0,1,0,1,0,1,0,0,0,0,0,3,0,0,1,99,99,1,13,0,1,2,1,0,0,0.0,999999.0,999999.0,999999,99999.0,99999.0,99999.0,355.0,0,0,True,False,False,False,True,False,False,True,True,False,False,False,False,False,False,False,False,False,False,False,False,False,False,False,False,False,False,True,False,False,False,True,False,False,1
99,0,999999.0,625.0,45500.0,1,0,0,0,0,0,0,0,0,0,0,0,1,0,0,1,99,99,0,33,0,0,8,0,26,47,45500.0,45000.0,0.0,0,0.0,0.0,0.0,501.0,1,2,True,False,False,False,True,False,False,True,False,False,False,True,False,False,False,False,False,False,False,False,False,False,False,False,False,False,False,True,False,False,False,True,False,False,1
99,1,112500.0,0.0,50000.0,1,1,1,1,2,0,1,1,0,1,0,0,5,0,0,1,99,99,2,1,0,0,7,0,0,0,0.0,999999.0,999999.0,999999,99999.0,99999.0,99999.0,338.0,1,0,True,False,False,False,True,False,False,True,True,False,False,False,False,False,False,False,False,False,False,False,False,False,False,False,False,False,False,True,False,False,False,True,False,False,1
99,0,999999.0,875.0,25110.0,2,0,0,0,0,0,0,0,0,0,0,0,1,0,0,2,99,99,0,24,1,0,8,0,39,82,16100.0,16000.0,0.0,0,0.0,0.0,0.0,250.0,1,0,True,False,False,False,True,False,False,True,False,False,False,False,False,False,False,False,False,True,False,False,False,False,False,False,False,False,False,True,False,False,False,True,False,False,1
99,0,999999.0,625.0,14400.0,1,0,1,0,1,0,1,0,0,0,0,0,4,0,0,1,99,99,2,10,1,1,1,2,0,0,0.0,999999.0,999999.0,999999,99999.0,99999.0,99999.0,114.0,0,0,True,False,False,False,True,False,False,True,True,False,False,False,False,False,False,False,False,False,False,False,False,False,True,False,False,False,False,False,False,False,False,True,False,False,1
99,1,400000.0,0.0,125000.0,3,1,1,1,2,7,1,1,0,1,0,0,4,0,0,1,99,99,1,22,1,0,6,0,24,19,0.0,0.0,0.0,0,0.0,0.0,0.0,501.0,0,0,True,False,False,False,True,False,False,True,True,False,False,False,False,False,False,False,False,False,False,False,False,False,False,False,False,False,False,True,False,False,False,True,False,False,1
99,1,225000.0,0.0,128515.0,1,1,1,1,2,0,1,1,0,1,0,0,5,0,0,1,99,99,2,16,1,1,4,1,24,47,2500.0,2500.0,0.0,0,0.0,0.0,0.0,501.0,0,0,True,False,False,False,True,False,False,True,True,False,False,False,False,False,False,False,False,False,False,False,False,False,False,False,False,False,False,True,False,False,False,True,False,False,1
99,0,999999.0,675.0,42403.0,1,3,3,3,4,0,2,3,2,7,0,0,13,0,0,1,99,99,0,2,0,0,7,0,0,0,0.0,999999.0,999999.0,999999,99999.0,99999.0,99999.0,169.0,1,0,True,False,False,False,True,False,False,True,False,False,True,False,False,False,False,False,False,False,False,False,False,False,False,False,False,False,False,True,False,False,False,True,False,False,1
99,1,112500.0,0.0,23876.0,1,1,1,1,2,0,1,1,0,1,0,0,4,0,0,1,99,99,0,30,0,0,6,0,25,52,7000.0,0.0,7000.0,0,0.0,0.0,0.0,187.0,0,0,True,False,False,False,True,False,False,True,True,False,False,False,False,False,False,False,False,False,False,False,False,False,False,False,False,False,False,True,False,True,False,False,False,False,1
99,1,400000.0,0.0,67000.0,1,1,1,1,0,0,0,0,0,0,2,2,4,2,0,1,12,8,0,39,0,1,7,1,30,65,6500.0,6000.0,0.0,0,0.0,0.0,0.0,501.0,1,2,True,False,False,False,True,False,False,True,False,False,False,True,False,False,False,False,False,False,False,False,False,False,False,False,False,False,False,True,False,False,True,False,False,False,1
99,1,350000.0,0.0,54900.0,1,1,1,1,0,0,0,0,0,0,3,1,7,4,0,1,29,5,0,67,1,0,6,0,0,0,7500.0,0.0,0.0,0,0.0,7500.0,0.0,267.0,1,0,True,False,False,False,True,False,False,True,False,False,False,False,False,False,False,True,False,False,False,False,False,False,False,False,False,False,False,True,False,False,True,False,False,False,1
99,1,225000.0,0.0,59489.0,1,1,0,0,0,0,0,0,0,0,2,1,2,0,0,1,99,99,0,65,1,0,4,0,25,36,53573.0,43473.0,0.0,0,10100.0,0.0,0.0,501.0,0,8,True,False,False,False,True,False,False,True,False,False,False,True,False,False,False,False,False,False,False,False,False,False,False,False,False,False,False,True,False,False,True,False,False,False,1
99,1,137500.0,0.0,55320.0,1,1,1,1,2,0,1,1,0,1,0,0,7,0,0,1,99,99,4,6,0,1,1,1,0,0,0.0,999999.0,999999.0,999999,99999.0,99999.0,99999.0,298.0,1,0,True,False,False,False,True,False,False,True,True,False,False,False,False,False,False,False,False,False,False,False,False,False,False,False,False,False,False,True,False,False,False,True,False,False,1
99,0,999999.0,675.0,4224.0,1,1,0,0,0,0,0,0,0,0,0,0,6,0,0,1,99,99,0,6,1,1,0,1,0,0,0.0,999999.0,999999.0,999999,99999.0,99999.0,99999.0,25.0,1,0,True,False,False,False,True,False,False,True,False,False,True,False,False,False,False,False,False,False,False,False,False,False,False,False,False,True,False,False,False,False,False,True,False,False,1
99,1,275000.0,0.0,82000.0,1,0,0,1,0,0,0,1,0,1,0,0,3,0,0,1,99,99,1,16,0,1,4,1,0,0,0.0,0.0,0.0,0,0.0,0.0,0.0,501.0,0,0,True,False,False,False,True,False,False,True,True,False,False,False,False,False,False,False,False,False,False,False,False,False,False,False,False,False,False,True,False,False,False,True,False,False,1
99,0,999999.0,0.0,999999.0,1,0,0,0,0,0,0,0,0,0,0,0,1,0,0,1,99,99,0,23,1,0,4,0,22,15,2000.0,0.0,2000.0,0,0.0,0.0,0.0,0.0,1,0,False,True,False,True,False,False,False,True,False,False,False,False,True,False,False,False,False,False,False,False,False,False,False,False,False,False,False,True,False,False,False,True,False,False,1
99,1,137500.0,0.0,260000.0,1,1,1,1,0,0,0,0,0,0,1,1,3,1,0,1,5,5,0,21,0,0,7,0,31,53,130000.0,130000.0,0.0,0,0.0,0.0,0.0,501.0,0,0,True,False,False,False,True,False,False,True,False,False,False,False,False,False,False,False,False,False,False,False,True,False,False,False,False,False,False,True,False,False,True,False,False,False,1
99,0,999999.0,162.0,12000.0,1,1,0,0,0,0,0,0,0,0,1,1,2,0,0,1,99,99,0,60,0,0,0,0,0,0,0.0,0.0,0.0,0,0.0,0.0,0.0,145.0,0,0,True,False,False,False,True,False,False,True,False,False,False,False,False,False,False,False,False,False,False,False,True,False,False,False,False,True,False,False,False,False,True,False,False,False,1
99,1,137500.0,0.0,28000.0,1,1,1,1,0,0,0,0,0,0,2,1,5,3,1,1,13,4,0,36,1,0,2,0,30,27,18000.0,18000.0,0.0,0,0.0,0.0,0.0,189.0,0,2,True,False,False,False,True,False,False,True,False,False,False,True,False,False,False,False,False,False,False,False,False,False,False,False,False,False,False,True,False,False,True,False,False,False,1
99,0,999999.0,675.0,18028.0,1,1,1,1,2,0,1,1,0,1,0,0,8,0,0,1,99,99,5,6,0,1,1,1,0,0,0.0,999999.0,999999.0,999999,99999.0,99999.0,99999.0,88.0,1,0,True,False,False,False,True,False,False,True,True,False,False,False,False,False,False,False,False,False,False,False,False,False,True,False,False,False,False,False,False,False,False,True,False,False,1
99,0,999999.0,462.0,5000.0,1,0,1,0,0,0,0,0,0,0,0,0,3,1,0,1,29,29,0,61,0,1,7,1,19,17,5000.0,5000.0,0.0,0,0.0,0.0,0.0,52.0,1,1,True,False,False,False,True,False,False,True,False,False,False,True,False,False,False,False,False,False,False,False,False,False,False,False,False,False,False,True,False,False,False,False,False,True,0
99,1,400000.0,0.0,81971.0,1,1,2,1,0,0,0,0,0,0,0,0,4,1,0,1,50,50,0,79,0,0,6,0,0,0,13286.0,0.0,0.0,0,12588.0,0.0,0.0,501.0,1,0,True,False,False,False,True,False,False,True,False,False,False,False,False,False,False,True,False,False,False,False,False,False,False,False,False,False,False,True,False,False,False,False,False,True,1
99,1,162500.0,0.0,55000.0,1,1,1,1,0,0,0,0,0,0,2,1,4,2,1,1,8,4,0,33,1,0,6,0,38,68,35000.0,35000.0,0.0,0,0.0,0.0,0.0,437.0,1,2,True,False,False,False,True,False,False,True,False,False,False,True,False,False,False,False,False,False,False,False,False,False,False,False,False,True,False,False,False,False,True,False,False,False,1
99,0,999999.0,675.0,4000.0,2,0,0,0,0,0,0,0,0,0,0,0,1,0,0,1,99,99,0,20,1,1,7,1,25,44,4000.0,4000.0,0.0,0,0.0,0.0,0.0,62.0,1,1,True,False,False,False,True,False,False,True,False,False,False,True,False,False,False,False,False,False,False,False,False,False,False,False,False,False,False,True,False,False,False,True,False,False,1
99,0,999999.0,512.0,20000.0,1,1,1,1,1,0,1,2,0,1,0,0,4,0,0,1,99,99,1,7,1,1,1,1,0,0,0.0,999999.0,999999.0,999999,99999.0,99999.0,99999.0,159.0,1,0,True,False,False,False,True,False,False,True,True,False,False,False,False,False,False,False,False,False,False,False,False,False,False,False,False,False,False,True,False,False,False,True,False,False,1
99,0,999999.0,512.0,17789.0,2,0,0,0,0,0,0,0,0,0,0,0,1,0,0,1,99,99,0,68,1,0,8,0,61,93,17789.0,0.0,2000.0,0,600.0,15189.0,0.0,299.0,0,5,True,False,False,False,True,False,False,True,False,False,False,True,False,False,False,False,False,False,False,False,False,False,False,False,False,False,False,True,True,False,False,False,False,False,1
99,1,275000.0,0.0,63350.0,1,1,1,1,2,0,1,1,0,1,0,0,5,0,0,1,99,99,1,11,0,1,1,2,0,0,0.0,999999.0,999999.0,999999,99999.0,99999.0,99999.0,428.0,0,0,True,False,False,False,True,False,False,True,True,False,False,False,False,False,False,False,False,False,False,False,False,False,False,False,False,False,False,True,False,False,False,True,False,False,1
99,1,225000.0,0.0,2100.0,1,1,2,1,1,0,1,0,0,0,0,0,8,0,0,1,99,99,2,8,0,1,0,1,0,0,0.0,999999.0,999999.0,999999,99999.0,99999.0,99999.0,10.0,1,0,True,False,False,False,True,False,False,True,True,False,False,False,False,False,False,False,False,False,False,False,False,False,False,False,False,False,False,True,False,False,False,True,False,False,1
99,0,999999.0,162.0,6646.0,1,0,0,0,0,0,0,0,0,0,0,0,2,0,0,1,99,99,0,78,0,0,4,0,0,0,6646.0,0.0,0.0,0,2778.0,0.0,0.0,78.0,0,5,True,False,False,False,True,False,False,True,False,False,False,True,False,False,False,False,False,False,False,False,False,False,True,False,False,False,False,False,True,False,False,False,False,False,1
99,1,37500.0,0.0,94200.0,1,1,1,1,0,0,0,0,0,0,1,1,3,1,0,1,20,20,0,51,0,0,6,0,23,18,14000.0,14000.0,0.0,0,0.0,0.0,0.0,501.0,0,0,True,False,False,False,True,False,False,True,False,False,False,False,False,False,False,False,False,False,False,False,True,False,False,False,True,False,False,False,False,False,True,False,False,False,1
99,1,400000.0,0.0,120000.0,1,0,0,0,0,0,0,0,0,0,0,0,1,0,0,1,99,99,0,60,0,0,7,0,22,32,120000.0,25000.0,60000.0,0,0.0,0.0,0.0,501.0,0,8,True,False,False,False,True,False,False,True,False,False,False,True,False,False,False,False,False,False,False,False,False,False,False,False,False,False,False,True,False,False,False,False,False,True,1
99,0,999999.0,675.0,23222.0,1,0,0,0,0,0,0,0,0,0,0,0,1,0,0,1,99,99,0,66,0,0,7,0,22,61,23222.0,21000.0,0.0,0,654.0,0.0,0.0,390.0,1,1,True,False,False,False,True,False,False,True,False,False,False,True,False,False,False,False,False,False,False,False,False,False,False,False,False,False,False,True,False,False,False,False,False,True,1
99,0,999999.0,575.0,22000.0,1,0,0,0,0,0,0,0,0,0,0,0,2,0,0,1,99,99,0,18,1,1,5,1,0,0,0.0,0.0,0.0,0,0.0,0.0,0.0,265.0,0,0,True,False,False,False,True,False,False,True,False,False,True,False,False,False,False,False,False,False,False,False,False,False,True,False,False,False,False,False,False,False,False,True,False,False,1
99,1,187500.0,0.0,15153.0,1,0,0,0,0,0,0,0,0,0,0,0,1,0,0,1,99,99,0,70,0,0,7,0,31,65,15153.0,5553.0,0.0,0,9600.0,0.0,0.0,255.0,0,8,True,False,False,False,True,False,False,True,False,False,False,True,False,False,False,False,False,False,False,False,False,False,False,False,False,False,False,True,False,False,False,False,False,True,1
99,1,400000.0,0.0,240516.0,1,1,1,1,0,0,0,0,0,0,1,1,4,2,0,1,16,15,0,52,0,0,8,0,0,0,0.0,0.0,0.0,0,0.0,0.0,0.0,501.0,0,0,True,False,False,False,True,False,False,True,False,False,False,False,False,False,False,False,False,False,False,False,True,False,False,False,False,False,False,True,False,False,True,False,False,False,1
99,1,275000.0,0.0,35612.0,1,1,1,1,0,0,0,0,0,0,2,1,5,3,2,1,8,2,0,37,1,0,6,0,41,68,35000.0,35000.0,0.0,0,0.0,0.0,0.0,241.0,0,5,True,False,False,False,True,False,False,True,False,False,False,True,False,False,False,False,False,False,False,False,False,False,False,False,False,False,False,True,False,False,True,False,False,False,1
99,0,999999.0,462.0,22000.0,2,0,0,0,0,0,0,0,0,0,0,0,1,0,0,1,99,99,0,47,1,0,7,0,34,67,22000.0,22000.0,0.0,0,0.0,0.0,0.0,341.0,1,6,True,False,False,False,True,False,False,True,False,False,False,True,False,False,False,False,False,False,False,False,False,False,False,False,False,True,False,False,False,False,False,True,False,False,1
99,1,275000.0,0.0,54117.0,1,1,1,1,2,0,1,1,0,1,0,0,6,0,0,1,99,99,3,26,0,0,8,0,24,44,3800.0,3800.0,0.0,0,0.0,0.0,0.0,305.0,0,0,True,False,False,False,True,False,False,True,True,False,False,False,False,False,False,False,False,False,False,False,False,False,False,False,False,False,False,True,False,False,False,True,False,False,1
99,0,999999.0,1000.0,18000.0,1,1,1,1,0,0,0,0,0,0,2,1,5,3,0,1,12,7,0,45,1,0,8,0,23,45,18000.0,18000.0,0.0,0,0.0,0.0,0.0,122.0,0,2,True,False,False,False,True,False,False,True,False,False,False,True,False,False,False,False,False,False,False,False,False,False,False,False,False,True,False,False,False,False,True,False,False,False,1
99,0,999999.0,387.0,9888.0,2,1,1,1,0,0,0,0,0,0,2,1,5,3,2,1,6,0,0,37,1,0,7,0,28,25,9888.0,0.0,0.0,0,0.0,9888.0,0.0,67.0,1,1,True,False,False,False,True,False,False,True,False,False,False,True,False,False,False,False,False,False,False,False,False,False,False,False,False,True,False,False,False,False,True,False,False,False,1
99,0,999999.0,537.0,28085.0,1,1,1,1,0,0,0,0,0,0,1,1,3,1,0,1,20,20,0,46,0,0,7,0,0,0,2580.0,0.0,0.0,0,2580.0,0.0,0.0,290.0,1,0,True,False,False,False,True,False,False,True,False,False,False,False,False,False,False,False,False,False,False,False,True,False,False,False,False,False,False,True,False,False,True,False,False,False,1
99,1,350000.0,0.0,108500.0,2,1,1,1,0,0,0,0,0,0,1,2,4,2,2,1,3,1,0,32,1,0,8,0,22,52,42000.0,42000.0,0.0,0,0.0,0.0,0.0,501.0,1,0,True,False,False,False,True,False,False,True,False,False,False,False,False,False,False,False,False,False,False,False,True,False,False,False,False,False,False,True,False,False,True,False,False,False,1
99,0,999999.0,462.0,57746.0,1,0,0,0,0,0,0,0,0,0,0,0,5,0,0,1,99,99,4,31,1,1,7,1,34,44,20000.0,20000.0,0.0,0,0.0,0.0,0.0,374.0,1,0,True,False,False,False,True,False,False,True,False,False,False,False,False,False,False,False,False,False,True,False,False,False,False,False,False,True,False,False,False,False,False,True,False,False,1
99,1,275000.0,0.0,54250.0,1,1,1,1,2,0,1,1,0,1,0,0,5,0,0,1,99,99,2,16,0,1,5,2,18,44,350.0,350.0,0.0,0,0.0,0.0,0.0,367.0,1,0,True,False,False,False,True,False,False,True,True,False,False,False,False,False,False,False,False,False,False,False,False,False,False,False,False,False,False,True,False,False,False,True,False,False,1
99,0,999999.0,512.0,37844.0,1,1,0,1,0,0,0,0,0,0,0,0,5,0,0,1,99,99,2,16,1,1,3,1,0,0,500.0,0.0,0.0,0,0.0,500.0,0.0,249.0,1,0,True,False,False,False,True,False,False,True,False,False,False,False,False,False,False,False,False,False,True,False,False,False,False,False,False,False,False,True,False,False,False,True,False,False,1
99,0,999999.0,625.0,33880.0,1,1,1,1,0,0,0,0,0,0,2,1,4,2,2,1,3,1,0,27,1,0,8,0,37,78,32680.0,32600.0,0.0,0,0.0,0.0,0.0,269.0,1,2,True,False,False,False,True,False,False,True,False,False,False,True,False,False,False,False,False,False,False,False,False,False,False,False,False,False,False,True,False,False,True,False,False,False,0
99,1,112500.0,0.0,34194.0,1,1,0,0,0,0,0,0,0,0,2,1,2,0,0,1,99,99,0,65,1,0,6,0,22,8,34194.0,32794.0,0.0,0,0.0,0.0,0.0,456.0,0,6,True,False,False,False,True,False,False,True,False,False,False,True,False,False,False,False,False,False,False,False,False,False,False,False,False,False,False,True,False,False,True,False,False,False,1
99,1,187500.0,0.0,48000.0,1,1,1,1,1,0,1,2,0,1,0,0,5,0,0,1,99,99,2,14,0,1,2,1,0,0,0.0,999999.0,999999.0,999999,99999.0,99999.0,99999.0,324.0,0,0,True,False,False,False,True,False,False,True,True,False,False,False,False,False,False,False,False,False,False,False,False,False,True,False,False,False,False,False,False,False,False,True,False,False,1
99,1,275000.0,0.0,60000.0,1,1,0,0,0,0,0,0,0,0,2,1,2,0,0,1,99,99,0,46,1,0,8,0,23,18,32000.0,32000.0,0.0,0,0.0,0.0,0.0,501.0,0,2,True,False,False,False,True,False,False,True,False,False,False,True,False,False,False,False,False,False,False,False,False,True,False,False,False,False,False,False,False,False,True,False,False,False,1
99,1,225000.0,0.0,19501.0,1,1,1,1,2,0,1,1,0,1,0,0,3,0,0,1,99,99,0,8,0,1,1,1,0,0,0.0,999999.0,999999.0,999999,99999.0,99999.0,99999.0,195.0,1,0,True,False,False,False,True,False,False,True,True,False,False,False,False,False,False,False,False,False,False,False,False,False,False,True,False,False,False,False,False,False,False,True,False,False,1
99,1,112500.0,0.0,80300.0,1,1,1,1,0,0,0,0,0,0,1,1,3,1,0,1,19,19,0,53,0,0,7,0,17,13,30000.0,30000.0,0.0,0,0.0,0.0,0.0,501.0,1,0,True,False,False,False,True,False,False,True,False,False,False,False,False,False,False,False,False,False,False,False,True,False,False,False,False,False,False,True,False,False,True,False,False,False,1
99,1,187500.0,0.0,36543.0,1,0,2,0,1,0,1,0,0,0,0,0,3,1,0,1,5,5,0,30,0,0,6,0,23,18,17000.0,17000.0,0.0,0,0.0,0.0,0.0,366.0,0,0,True,False,False,False,True,False,False,True,True,False,False,False,False,False,False,False,False,False,False,False,False,False,False,False,False,False,False,True,False,False,False,False,True,False,1
99,1,400000.0,0.0,185015.0,1,1,1,1,1,0,1,2,0,1,0,0,4,0,0,1,99,99,1,13,1,1,2,1,0,0,0.0,999999.0,999999.0,999999,99999.0,99999.0,99999.0,501.0,1,0,True,False,False,False,True,False,False,True,True,False,False,False,False,False,False,False,False,False,False,False,False,False,False,False,False,False,False,True,False,False,False,True,False,False,1
99,1,350000.0,0.0,175215.0,1,1,0,0,0,0,0,0,0,0,2,2,2,0,0,1,99,99,0,42,0,0,8,0,61,93,124015.0,0.0,123515.0,0,0.0,0.0,0.0,501.0,1,2,True,False,False,False,True,False,False,True,False,False,False,True,False,False,False,False,False,False,False,False,False,False,False,False,False,False,False,True,False,False,True,False,False,False,1
99,1,225000.0,0.0,30000.0,1,1,1,1,0,0,0,0,0,0,2,1,4,2,1,1,5,2,0,36,1,0,6,0,28,25,30000.0,30000.0,0.0,0,0.0,0.0,0.0,239.0,0,2,True,False,False,False,True,False,False,True,False,False,False,True,False,False,False,False,False,False,False,False,False,False,False,False,False,False,False,True,False,False,True,False,False,False,1
99,1,350000.0,0.0,27750.0,1,1,1,1,0,0,0,0,0,0,2,1,4,2,0,1,38,19,0,57,0,0,4,0,0,0,0.0,0.0,0.0,0,0.0,0.0,0.0,217.0,1,0,True,False,False,False,True,False,False,True,False,False,False,False,False,False,False,True,False,False,False,False,False,False,False,False,False,False,False,True,False,False,True,False,False,False,1
99,1,400000.0,0.0,43500.0,1,1,2,1,2,0,1,1,0,1,0,0,6,0,0,1,99,99,2,21,0,1,7,1,24,44,5000.0,5000.0,0.0,0,0.0,0.0,0.0,245.0,1,0,True,False,False,False,True,False,False,True,True,False,False,False,False,False,False,False,False,False,False,False,False,False,False,False,False,False,False,True,False,False,False,True,False,False,1
99,1,275000.0,0.0,78403.0,1,1,0,0,0,0,0,0,0,0,2,1,2,0,0,1,99,99,0,76,1,0,8,0,0,0,62203.0,0.0,0.0,0,3600.0,0.0,0.0,501.0,0,6,True,False,False,False,True,False,False,True,False,False,False,True,False,False,False,False,False,False,False,False,False,False,False,False,False,False,False,True,False,False,True,False,False,False,1
99,1,137500.0,0.0,21000.0,1,0,0,0,0,0,0,0,0,0,0,0,1,0,0,1,99,99,0,63,0,0,7,0,23,18,21000.0,21000.0,0.0,0,0.0,0.0,0.0,326.0,0,6,True,False,False,False,True,False,False,True,False,False,False,True,False,False,False,False,False,False,False,False,False,False,False,False,False,False,False,True,False,False,False,True,False,False,1
99,1,137500.0,0.0,13646.0,1,1,0,0,0,0,0,0,0,0,1,1,2,0,0,1,99,99,0,73,0,0,8,0,0,0,5400.0,0.0,0.0,0,5400.0,0.0,0.0,182.0,0,0,True,False,False,False,True,False,False,True,False,False,False,False,False,False,False,False,False,False,False,False,True,False,False,False,False,False,False,True,False,False,True,False,False,False,1
99,1,400000.0,0.0,23744.0,1,1,1,1,1,0,1,2,0,1,0,0,4,0,0,1,99,99,1,15,0,1,2,2,0,0,0.0,999999.0,999999.0,999999,0.0,0.0,0.0,183.0,0,0,True,False,False,False,True,False,False,True,True,False,False,False,False,False,False,False,False,False,False,False,False,False,True,False,False,False,False,False,False,False,False,True,False,False,1
99,1,350000.0,0.0,39400.0,1,0,0,0,0,0,0,0,0,0,0,0,1,0,0,1,99,99,0,42,1,0,7,0,35,49,39400.0,37000.0,0.0,0,0.0,0.0,0.0,501.0,0,5,True,False,False,False,True,False,False,True,False,False,False,True,False,False,False,False,False,False,False,False,False,True,False,False,False,False,False,False,True,False,False,False,False,False,1
99,0,999999.0,437.0,35000.0,1,0,1,0,1,0,1,0,0,0,0,0,6,0,0,1,99,99,3,12,1,1,2,1,0,0,0.0,999999.0,999999.0,999999,99999.0,99999.0,99999.0,211.0,1,0,True,False,False,False,True,False,False,True,True,False,False,False,False,False,False,False,False,False,False,False,False,False,False,False,False,False,False,True,False,False,False,True,False,False,1
99,0,999999.0,575.0,26560.0,2,1,1,1,0,0,0,0,0,0,0,0,1,0,0,2,99,99,0,35,1,0,2,0,20,9,750.0,750.0,0.0,0,0.0,0.0,0.0,12.0,1,0,True,False,False,False,True,False,False,True,False,False,False,False,False,False,False,False,False,True,False,False,False,False,False,False,False,False,False,True,False,False,False,True,False,False,0
99,1,95000.0,0.0,14628.0,1,1,0,0,0,0,0,0,0,0,2,1,2,0,0,1,99,99,0,63,1,0,6,0,31,40,12552.0,0.0,0.0,0,8412.0,0.0,0.0,176.0,0,8,True,False,False,False,True,False,False,True,False,False,False,True,False,False,False,False,False,False,False,False,False,False,False,False,False,False,False,True,False,False,True,False,False,False,1
99,1,275000.0,0.0,25240.0,2,1,1,1,0,0,0,0,0,0,0,0,1,0,0,2,99,99,0,25,0,0,1,0,14,26,4000.0,0.0,4000.0,0,0.0,0.0,0.0,62.0,1,0,True,False,False,False,True,False,False,True,False,False,False,False,False,True,False,False,False,False,False,False,False,False,False,False,False,False,False,True,False,False,False,True,False,False,0
99,0,999999.0,875.0,36000.0,1,0,0,0,0,0,0,0,0,0,0,0,1,0,0,1,99,99,0,44,1,0,8,0,35,46,36000.0,36000.0,0.0,0,0.0,0.0,0.0,501.0,0,6,True,False,False,False,True,False,False,True,False,False,False,True,False,False,False,False,False,False,False,False,False,False,False,False,False,False,False,True,False,False,False,True,False,False,0
99,0,999999.0,675.0,2650.0,1,1,1,2,2,2,7,3,0,2,0,0,7,0,0,1,99,99,3,8,1,0,0,0,0,0,0.0,999999.0,999999.0,999999,99999.0,99999.0,99999.0,14.0,0,0,True,False,False,False,True,False,False,True,False,False,True,False,False,False,False,False,False,False,False,False,False,False,False,False,False,False,False,True,False,False,False,True,False,False,1
99,1,137500.0,0.0,33000.0,1,1,1,1,2,0,1,1,0,1,0,0,7,0,0,1,99,99,2,11,0,1,2,1,0,0,0.0,999999.0,999999.0,999999,99999.0,99999.0,99999.0,167.0,0,0,True,False,False,False,True,False,False,True,True,False,False,False,False,False,False,False,False,False,False,False,False,False,False,False,False,False,False,True,False,False,False,True,False,False,1
99,0,999999.0,675.0,27400.0,1,1,1,1,2,0,1,1,0,1,0,0,5,0,0,1,99,99,2,13,1,1,2,1,0,0,0.0,999999.0,999999.0,999999,99999.0,99999.0,99999.0,185.0,1,0,True,False,False,False,True,False,False,True,True,False,False,False,False,False,False,False,False,False,False,False,False,False,False,False,False,True,False,False,False,False,False,True,False,False,1
99,1,350000.0,0.0,74559.0,1,1,1,1,2,0,1,1,0,1,0,0,8,0,0,1,99,99,4,7,1,1,1,1,0,0,0.0,999999.0,999999.0,999999,99999.0,99999.0,99999.0,354.0,0,0,True,False,False,False,True,False,False,True,True,False,False,False,False,False,False,False,False,False,False,False,False,False,False,False,False,False,False,True,False,False,False,True,False,False,1
99,1,350000.0,0.0,44044.0,1,2,1,1,0,0,0,0,0,0,6,1,6,0,0,1,99,99,0,73,1,0,2,0,26,19,0.0,0.0,0.0,0,0.0,0.0,0.0,247.0,1,0,True,False,False,False,True,False,False,True,False,False,False,False,False,False,True,False,False,False,False,False,False,False,False,False,False,False,False,True,False,False,True,False,False,False,1
99,1,400000.0,0.0,107000.0,1,1,1,1,0,0,0,0,0,0,2,1,4,2,0,1,14,11,0,45,1,0,8,0,42,84,50000.0,50000.0,0.0,0,0.0,0.0,0.0,501.0,0,6,True,False,False,False,True,False,False,True,False,False,False,True,False,False,False,False,False,False,False,False,False,False,False,False,False,False,False,True,False,False,True,False,False,False,1
99,0,999999.0,262.0,55691.0,1,1,1,1,2,0,1,1,0,1,0,0,3,0,0,1,99,99,0,29,1,1,8,1,32,37,36000.0,36000.0,0.0,0,0.0,0.0,0.0,501.0,0,0,True,False,False,False,True,False,False,True,True,False,False,False,False,False,False,False,False,False,False,False,False,False,False,False,False,False,False,True,False,False,False,True,False,False,1
99,0,999999.0,875.0,79992.0,1,1,1,1,0,0,0,0,0,0,2,1,5,3,0,1,20,15,0,42,1,0,7,0,41,68,45000.0,45000.0,0.0,0,0.0,0.0,0.0,501.0,1,1,True,False,False,False,True,False,False,True,False,False,False,True,False,False,False,False,False,False,False,False,False,False,False,False,False,False,False,True,False,False,True,False,False,False,1
99,0,999999.0,412.0,6993.0,2,0,0,0,0,0,0,0,0,0,0,0,1,0,0,2,99,99,0,16,0,1,4,1,24,47,1000.0,1000.0,0.0,0,0.0,0.0,0.0,16.0,1,0,True,False,False,False,True,False,False,True,False,False,False,False,False,False,False,False,False,True,False,False,False,False,False,False,False,False,False,True,False,False,False,True,False,False,1
99,0,999999.0,237.0,15955.0,1,1,1,1,0,0,0,0,0,0,2,1,6,4,1,1,15,2,0,41,1,0,1,0,23,18,8106.0,5572.0,0.0,0,0.0,0.0,0.0,96.0,0,5,True,False,False,False,True,False,False,True,False,False,False,True,False,False,False,False,False,False,False,False,False,False,False,False,False,False,False,True,False,False,True,False,False,False,1
99,0,999999.0,462.0,0.0,1,1,1,1,2,0,1,1,0,1,0,0,11,0,0,1,99,99,8,10,1,1,2,1,0,0,0.0,999999.0,999999.0,999999,99999.0,99999.0,99999.0,1.0,1,0,True,False,False,False,True,False,False,True,True,False,False,False,False,False,False,False,False,False,False,False,False,False,False,False,False,False,False,True,False,False,False,True,False,False,1
99,1,5000.0,0.0,7248.0,1,0,0,0,0,0,0,0,0,0,0,0,1,0,0,1,99,99,0,62,0,0,4,0,16,15,7248.0,0.0,0.0,0,7224.0,24.0,0.0,112.0,0,6,True,False,False,False,True,False,False,True,False,False,False,True,False,False,False,False,False,False,False,False,False,False,False,False,False,False,False,True,False,False,False,False,False,True,1
99,0,999999.0,875.0,60000.0,1,1,1,1,0,0,0,0,0,0,2,1,4,2,0,1,10,8,0,35,1,0,7,0,33,48,35000.0,35000.0,0.0,0,0.0,0.0,0.0,477.0,1,2,True,False,False,False,True,False,False,True,False,False,False,True,False,False,False,False,False,False,False,False,False,False,False,False,False,False,False,True,False,False,True,False,False,False,1
99,1,275000.0,0.0,23800.0,1,1,0,0,0,0,0,0,0,0,1,1,3,0,0,1,99,99,0,68,0,0,7,0,0,0,3200.0,0.0,0.0,0,3200.0,0.0,0.0,245.0,0,0,True,False,False,False,True,False,False,True,False,False,False,False,False,False,False,False,False,False,False,False,True,False,False,False,False,False,False,True,False,False,True,False,False,False,1
99,0,999999.0,1000.0,31500.0,1,1,1,1,2,0,1,1,0,1,0,0,4,0,0,1,99,99,1,18,0,1,7,1,24,44,1500.0,1500.0,0.0,0,0.0,0.0,0.0,242.0,1,0,True,False,False,False,True,False,False,True,True,False,False,False,False,False,False,False,False,False,False,False,False,False,False,False,False,False,False,True,False,False,False,True,False,False,1
99,1,187500.0,0.0,73689.0,1,1,1,1,0,0,0,0,0,0,1,1,5,3,0,1,19,5,0,37,0,0,7,0,26,72,13000.0,13000.0,0.0,0,0.0,0.0,0.0,486.0,1,0,True,False,False,False,True,False,False,True,False,False,False,False,False,False,False,False,False,False,False,False,True,False,True,False,False,False,False,False,False,False,True,False,False,False,1
99,0,999999.0,875.0,40000.0,1,1,1,1,2,0,1,1,3,1,0,0,3,0,0,1,99,99,0,10,0,1,1,1,0,0,0.0,999999.0,999999.0,999999,99999.0,99999.0,99999.0,401.0,1,0,True,False,False,False,True,False,False,True,True,False,False,False,False,False,False,False,False,False,False,False,False,False,False,False,False,False,False,True,False,False,False,True,False,False,1
99,1,162500.0,0.0,24875.0,1,1,0,0,0,0,0,0,0,0,2,1,2,0,0,1,99,99,0,72,1,0,8,0,0,0,22075.0,0.0,0.0,0,5600.0,0.0,0.0,332.0,0,6,True,False,False,False,True,False,False,True,False,False,False,True,False,False,False,False,False,False,False,False,False,False,False,False,False,False,False,True,False,False,True,False,False,False,1
99,0,999999.0,675.0,24700.0,2,0,0,0,0,0,0,0,0,0,0,0,1,0,0,2,99,99,0,62,0,0,8,0,27,72,10000.0,10000.0,0.0,0,0.0,0.0,0.0,155.0,1,0,True,False,False,False,True,False,False,True,False,False,False,False,False,True,False,False,False,False,False,False,False,False,False,False,False,False,False,True,False,False,False,True,False,False,1
99,0,999999.0,1000.0,110150.0,1,0,0,0,0,0,0,0,0,0,0,0,1,0,0,1,99,99,0,27,1,0,8,0,31,73,110150.0,100000.0,10000.0,0,0.0,0.0,0.0,501.0,1,1,True,False,False,False,True,False,False,True,False,False,False,True,False,False,False,False,False,False,False,False,False,False,False,False,False,False,False,True,False,False,False,True,False,False,1
99,0,999999.0,1.0,35340.0,1,1,1,1,1,0,1,2,0,1,0,0,3,0,0,1,99,99,0,15,0,1,3,1,0,0,0.0,999999.0,999999.0,999999,0.0,0.0,0.0,354.0,0,0,True,False,False,False,True,False,False,True,True,False,False,False,False,False,False,False,False,False,False,False,False,False,False,False,False,False,False,True,False,False,False,True,False,False,1
99,1,187500.0,0.0,97070.0,1,1,0,0,0,0,0,0,0,0,2,1,2,0,0,1,99,99,0,63,1,0,6,0,41,68,58781.0,46000.0,0.0,0,0.0,0.0,0.0,501.0,0,6,True,False,False,False,True,False,False,True,False,False,False,True,False,False,False,False,False,False,False,False,False,False,False,False,False,False,False,True,False,False,True,False,False,False,1
99,1,225000.0,0.0,54950.0,1,1,1,2,0,0,0,0,0,0,0,0,5,1,0,1,27,27,0,49,1,0,2,0,23,16,15950.0,15950.0,0.0,0,0.0,0.0,0.0,362.0,1,0,True,False,False,False,True,False,False,True,False,False,False,False,False,False,False,False,True,False,False,False,False,False,False,False,False,False,False,True,False,False,False,True,False,False,1
99,0,999999.0,675.0,22000.0,1,1,0,0,0,0,0,0,0,0,1,1,2,0,0,1,99,99,0,35,0,0,6,0,22,45,10000.0,10000.0,0.0,0,0.0,0.0,0.0,265.0,0,0,True,False,False,False,True,False,False,True,False,False,False,False,False,False,False,False,False,False,False,False,True,False,False,False,False,False,False,True,False,False,True,False,False,False,1
99,0,999999.0,437.0,46008.0,1,1,0,0,0,0,0,0,0,0,2,1,2,0,0,1,99,99,0,25,1,0,6,0,41,68,24000.0,24000.0,0.0,0,0.0,0.0,0.0,501.0,1,2,True,False,False,False,True,False,False,True,False,False,False,True,False,False,False,False,False,False,False,False,False,False,False,False,False,True,False,False,False,False,True,False,False,False,1
99,0,999999.0,625.0,0.0,1,2,1,1,0,0,0,0,0,0,5,1,6,0,0,1,99,99,0,31,1,0,0,0,23,18,0.0,0.0,0.0,0,0.0,0.0,0.0,1.0,1,0,True,False,False,False,True,False,False,True,False,False,False,False,False,False,False,False,False,False,False,True,False,False,False,False,False,False,False,True,False,False,True,False,False,False,0
99,0,999999.0,725.0,8000.0,2,0,0,0,0,0,0,0,0,0,0,0,1,0,0,1,99,99,0,27,1,1,8,1,31,73,8000.0,8000.0,0.0,0,0.0,0.0,0.0,124.0,1,1,True,False,False,False,True,False,False,True,False,False,False,True,False,False,False,False,False,False,False,False,False,False,False,False,False,True,False,False,False,False,False,True,False,False,1
99,0,999999.0,312.0,35495.0,1,0,0,1,0,0,0,2,0,1,0,0,2,0,0,1,99,99,0,37,0,0,8,0,35,66,30000.0,30000.0,0.0,0,0.0,0.0,0.0,427.0,0,6,True,False,False,False,True,False,False,True,False,False,False,True,False,False,False,False,False,False,False,False,False,False,False,False,False,False,False,True,False,False,False,True,False,False,1
99,0,999999.0,625.0,24600.0,1,1,1,1,0,0,0,0,0,0,2,1,4,2,0,1,12,10,0,55,1,0,2,0,26,19,24600.0,24600.0,0.0,0,0.0,0.0,0.0,196.0,1,1,True,False,False,False,True,False,False,True,False,False,False,True,False,False,False,False,False,False,False,False,False,False,False,False,False,False,False,True,False,False,True,False,False,False,1
99,1,350000.0,0.0,44000.0,1,1,1,1,0,0,0,0,0,0,2,1,3,1,1,1,2,2,0,33,1,0,8,0,20,8,14000.0,14000.0,0.0,0,0.0,0.0,0.0,441.0,1,1,True,False,False,False,True,False,False,True,False,False,False,True,False,False,False,False,False,False,False,False,False,False,False,False,False,False,False,True,False,False,True,False,False,False,1
99,1,400000.0,0.0,109600.0,1,1,1,1,2,0,1,1,0,1,0,0,4,0,0,1,99,99,1,22,1,1,7,1,10,19,7000.0,7000.0,0.0,0,0.0,0.0,0.0,501.0,1,0,True,False,False,False,True,False,False,True,True,False,False,False,False,False,False,False,False,False,False,False,False,False,False,False,False,False,False,True,False,False,False,True,False,False,1
99,0,999999.0,575.0,9180.0,1,0,0,0,0,0,0,0,0,0,0,0,1,0,0,1,99,99,0,20,0,1,7,1,41,68,9180.0,9180.0,0.0,0,0.0,0.0,0.0,142.0,1,1,True,False,False,False,True,False,False,True,False,False,False,True,False,False,False,False,False,False,False,False,False,False,False,False,False,False,False,True,False,False,False,True,False,False,1
99,0,999999.0,875.0,17650.0,1,0,0,1,0,0,0,0,0,0,0,0,2,1,0,1,18,18,0,48,1,0,7,0,38,68,17650.0,0.0,-2350.0,0,0.0,0.0,0.0,213.0,0,5,True,False,False,False,True,False,False,True,False,False,False,True,False,False,False,False,False,False,False,False,False,False,False,False,False,False,False,True,True,False,False,False,False,False,1
99,1,112500.0,0.0,25964.0,1,1,1,1,0,0,0,0,0,0,0,0,6,0,0,1,99,99,0,60,0,0,6,0,14,26,964.0,0.0,0.0,0,730.0,234.0,0.0,152.0,0,6,True,False,False,False,True,False,False,True,False,False,False,True,False,False,False,False,False,False,False,False,False,False,False,False,False,False,False,True,False,False,False,False,False,True,1
99,1,400000.0,0.0,105000.0,1,1,1,1,2,0,1,1,0,1,0,0,6,0,0,1,99,99,3,12,1,1,2,1,0,0,0.0,999999.0,999999.0,999999,99999.0,99999.0,99999.0,501.0,0,0,True,False,False,False,True,False,False,True,True,False,False,False,False,False,False,False,False,False,False,False,False,False,False,False,False,True,False,False,False,False,False,True,False,False,1
99,1,112500.0,0.0,10056.0,1,0,0,0,0,0,0,0,0,0,0,0,1,0,0,1,99,99,0,73,1,0,6,0,0,0,10056.0,0.0,0.0,0,8028.0,0.0,0.0,169.0,0,8,True,False,False,False,True,False,False,True,False,False,False,True,False,False,False,False,False,False,False,False,False,False,True,False,False,False,False,False,True,False,False,False,False,False,1
99,1,112500.0,0.0,34449.0,1,1,1,1,0,0,0,0,0,0,2,2,7,1,0,1,14,14,0,42,0,0,6,0,19,17,9449.0,4200.0,4200.0,0,0.0,0.0,1049.0,179.0,0,6,True,False,False,False,True,False,False,True,False,False,False,True,False,False,False,False,False,False,False,False,False,True,False,False,False,False,False,False,False,False,True,False,False,False,1
99,0,999999.0,875.0,33000.0,1,1,1,1,0,0,0,0,0,0,1,1,4,2,0,1,10,9,0,36,0,0,7,0,22,61,19000.0,19000.0,0.0,0,0.0,0.0,0.0,262.0,0,0,True,False,False,False,True,False,False,True,False,False,False,False,False,False,False,False,False,False,False,False,True,False,False,False,False,False,False,True,False,False,True,False,False,False,1
99,0,999999.0,0.0,999999.0,1,0,0,0,0,0,0,0,0,0,0,0,1,0,0,1,99,99,0,39,0,0,8,0,22,61,3000.0,3000.0,0.0,0,0.0,0.0,0.0,0.0,1,0,False,False,True,False,False,True,False,True,False,False,False,False,False,True,False,False,False,False,False,False,False,False,False,False,False,False,False,True,True,False,False,False,False,False,1
99,1,187500.0,0.0,58330.0,1,1,1,1,2,7,1,1,0,1,0,0,5,0,0,1,99,99,2,27,1,0,7,0,30,53,16320.0,16320.0,0.0,0,0.0,0.0,0.0,378.0,1,0,True,False,False,False,True,False,False,True,True,False,False,False,False,False,False,False,False,False,False,False,False,False,False,False,False,True,False,False,False,False,False,True,False,False,1
99,0,999999.0,512.0,45000.0,1,1,0,0,0,0,0,0,0,0,1,1,2,0,0,1,99,99,0,29,0,0,6,0,25,44,15000.0,15000.0,0.0,0,0.0,0.0,0.0,501.0,1,0,True,False,False,False,True,False,False,True,False,False,False,False,False,False,False,False,False,False,False,False,True,False,False,False,False,False,False,True,False,False,True,False,False,False,0
99,0,999999.0,1000.0,68000.0,2,1,1,2,0,0,0,0,0,0,0,0,5,1,0,1,40,40,0,57,1,0,6,0,33,44,18000.0,0.0,18000.0,0,0.0,0.0,0.0,448.0,1,0,True,False,False,False,True,False,False,True,False,False,False,False,False,False,False,True,False,False,False,False,False,False,False,False,False,False,False,True,False,True,False,False,False,False,1
99,1,225000.0,0.0,66152.0,1,1,1,1,2,0,1,1,0,1,0,0,3,0,0,1,99,99,0,25,0,1,6,1,14,17,40.0,40.0,0.0,0,0.0,0.0,0.0,501.0,0,0,True,False,False,False,True,False,False,True,True,False,False,False,False,False,False,False,False,False,False,False,False,False,False,False,False,False,False,True,False,False,False,True,False,False,1
99,1,162500.0,0.0,29000.0,1,1,1,1,0,0,0,0,0,0,1,1,4,2,0,1,11,7,0,36,0,0,2,0,22,18,7000.0,7000.0,0.0,0,0.0,0.0,0.0,231.0,1,0,True,False,False,False,True,False,False,True,False,False,False,False,False,False,False,False,False,False,False,False,True,False,False,False,False,False,False,True,False,False,True,False,False,False,1
99,1,187500.0,0.0,52410.0,1,0,0,1,0,0,0,1,0,1,0,0,2,0,0,1,99,99,0,14,1,1,2,1,0,0,0.0,999999.0,999999.0,999999,99999.0,99999.0,99999.0,501.0,1,0,True,False,False,False,True,False,False,True,True,False,False,False,False,False,False,False,False,False,False,False,False,False,False,False,False,False,False,True,False,False,False,True,False,False,1
99,1,400000.0,0.0,165515.0,1,1,1,1,0,0,0,0,0,0,0,0,5,0,0,1,99,99,1,29,0,1,8,2,19,46,12000.0,12000.0,0.0,0,0.0,0.0,0.0,501.0,1,0,True,False,False,False,True,False,False,True,False,False,False,False,False,False,False,False,False,False,False,True,False,False,False,False,False,False,False,True,True,False,False,False,False,False,1
99,0,999999.0,1000.0,36000.0,1,1,1,1,0,0,0,0,0,0,2,1,4,2,0,1,15,6,0,33,1,0,8,0,25,18,24000.0,24000.0,0.0,0,0.0,0.0,0.0,286.0,0,5,True,False,False,False,True,False,False,True,False,False,False,True,False,False,False,False,False,False,False,False,False,False,True,False,False,False,False,False,False,False,True,False,False,False,1
99,1,275000.0,0.0,81752.0,1,1,1,1,0,0,0,0,0,0,1,1,3,1,0,1,19,19,0,44,0,0,8,0,29,72,35739.0,34984.0,0.0,0,0.0,0.0,0.0,501.0,0,0,True,False,False,False,True,False,False,True,False,False,False,False,False,False,False,False,False,False,False,False,True,False,False,False,False,False,False,True,False,False,True,False,False,False,1
99,1,95000.0,0.0,51000.0,1,1,0,0,0,0,0,0,0,0,2,1,2,0,0,1,99,99,0,40,1,0,7,0,37,49,51000.0,46000.0,0.0,0,0.0,0.0,0.0,501.0,0,6,True,False,False,False,True,False,False,True,False,False,False,True,False,False,False,False,False,False,False,False,False,False,False,False,True,False,False,False,False,False,True,False,False,False,1
99,1,275000.0,0.0,9279.0,2,0,1,0,0,0,0,0,0,0,0,0,1,0,0,1,99,99,0,37,1,0,8,0,29,72,-9279.0,0.0,-9999.0,0,0.0,0.0,0.0,144.0,0,2,True,False,False,False,True,False,False,True,False,False,False,True,False,False,False,False,False,False,False,False,False,False,True,False,False,False,False,False,True,False,False,False,False,False,1
99,1,112500.0,0.0,44623.0,1,0,0,0,0,0,0,0,0,0,0,0,1,0,0,1,99,99,0,72,0,0,7,0,0,0,44623.0,0.0,0.0,0,7426.0,0.0,0.0,501.0,0,6,True,False,False,False,True,False,False,True,False,False,False,True,False,False,False,False,False,False,False,False,False,False,False,False,False,False,False,True,True,False,False,False,False,False,1
99,0,999999.0,675.0,66000.0,1,0,0,1,0,0,0,0,0,0,0,0,2,1,1,1,3,3,0,37,1,0,8,0,24,47,66000.0,66000.0,0.0,0,0.0,0.0,0.0,501.0,1,2,True,False,False,False,True,False,False,True,False,False,False,True,False,False,False,False,False,False,False,False,False,False,False,False,False,False,False,True,True,False,False,False,False,False,1
99,1,12500.0,0.0,35000.0,1,1,0,0,0,0,0,0,0,0,1,1,2,0,0,1,99,99,0,40,0,0,6,0,24,44,2000.0,2000.0,0.0,0,0.0,0.0,0.0,422.0,1,0,True,False,False,False,True,False,False,True,False,False,False,False,False,False,False,False,False,False,False,False,True,False,False,False,False,False,False,True,False,False,True,False,False,False,1
99,0,999999.0,625.0,4944.0,2,0,0,1,0,0,0,1,0,1,0,0,7,0,0,1,99,99,5,8,0,1,1,1,0,0,0.0,999999.0,999999.0,999999,99999.0,99999.0,99999.0,28.0,1,0,True,False,False,False,True,False,False,True,True,False,False,False,False,False,False,False,False,False,False,False,False,False,False,False,False,False,False,True,False,False,False,True,False,False,1
99,0,999999.0,575.0,44437.0,1,1,1,1,0,0,0,0,0,0,1,1,3,1,0,1,19,19,0,39,0,0,1,0,18,44,10800.0,10800.0,0.0,0,0.0,0.0,0.0,458.0,1,0,True,False,False,False,True,False,False,True,False,False,False,False,False,False,False,False,False,False,False,False,True,False,False,False,False,False,False,True,False,False,True,False,False,False,1
99,1,187500.0,0.0,24000.0,2,0,0,0,0,0,0,0,0,0,0,0,1,0,0,2,99,99,0,48,1,0,7,0,35,62,20000.0,20000.0,0.0,0,0.0,0.0,0.0,310.0,1,0,True,False,False,False,True,False,False,True,False,False,False,False,False,False,False,False,False,True,False,False,False,False,False,False,False,False,False,True,True,False,False,False,False,False,1
99,0,999999.0,312.0,41250.0,1,0,0,0,0,0,0,0,0,0,0,0,1,0,0,1,99,99,0,62,0,0,8,0,25,48,41250.0,41000.0,0.0,0,0.0,0.0,0.0,501.0,0,7,True,False,False,False,True,False,False,True,False,False,False,True,False,False,False,False,False,False,False,False,False,False,False,False,False,False,False,True,False,False,False,True,False,False,0
99,1,112500.0,0.0,67000.0,1,1,1,1,0,0,0,0,0,0,1,1,7,5,0,1,25,8,0,44,0,0,2,0,6,7,0.0,0.0,0.0,0,0.0,0.0,0.0,333.0,0,0,True,False,False,False,True,False,False,True,False,False,False,False,False,False,False,False,False,False,False,False,True,False,False,False,False,False,False,True,False,False,True,False,False,False,1
99,1,400000.0,0.0,86238.0,1,1,3,1,0,0,0,0,0,0,0,0,5,1,0,1,67,67,0,90,0,0,2,0,0,0,6700.0,0.0,0.0,0,6000.0,0.0,0.0,501.0,1,0,True,False,False,False,True,False,False,True,False,False,False,False,False,False,False,False,True,False,False,False,False,False,False,False,False,False,False,True,False,False,False,False,False,True,1
99,1,225000.0,0.0,66340.0,1,1,1,1,2,0,1,1,0,1,0,0,4,0,0,1,99,99,1,6,0,1,0,2,0,0,0.0,999999.0,999999.0,999999,99999.0,99999.0,99999.0,501.0,1,0,True,False,False,False,True,False,False,True,True,False,False,False,False,False,False,False,False,False,False,False,False,False,False,False,False,False,False,True,False,False,False,True,False,False,1
99,0,999999.0,487.0,44472.0,1,1,1,1,0,0,0,0,0,0,2,1,7,4,0,1,20,9,0,44,1,0,2,0,23,18,18928.0,18928.0,0.0,0,0.0,0.0,0.0,225.0,1,2,True,False,False,False,True,False,False,True,False,False,False,True,False,False,False,False,False,False,False,False,False,False,False,False,False,False,False,True,False,False,True,False,False,False,1
99,1,400000.0,0.0,156755.0,1,1,2,1,2,0,1,1,0,1,0,0,7,0,0,1,99,99,3,8,1,1,1,2,0,0,0.0,999999.0,999999.0,999999,99999.0,99999.0,99999.0,501.0,0,0,True,False,False,False,True,False,False,True,True,False,False,False,False,False,False,False,False,False,False,False,False,False,False,False,False,False,False,True,False,False,False,True,False,False,1
99,1,187500.0,0.0,59135.0,1,1,2,1,0,0,0,0,0,0,0,0,5,1,0,1,41,41,0,67,0,0,6,0,30,65,11195.0,4752.0,0.0,0,6443.0,0.0,0.0,390.0,0,0,True,False,False,False,True,False,False,True,False,False,False,False,False,False,False,False,True,False,False,False,False,False,False,False,False,False,False,True,False,False,False,False,False,True,0
99,1,350000.0,0.0,40406.0,1,2,2,2,4,2,7,3,0,2,0,0,7,0,0,1,99,99,2,16,1,1,4,1,0,0,0.0,0.0,0.0,0,0.0,0.0,0.0,204.0,1,0,True,False,False,False,True,False,False,True,False,False,True,False,False,False,False,False,False,False,False,False,False,False,False,False,False,False,False,True,False,False,False,True,False,False,1
99,0,999999.0,112.0,24000.0,1,1,1,1,0,0,0,0,0,0,2,2,3,1,0,1,10,10,0,32,0,0,6,0,11,16,0.0,0.0,0.0,0,0.0,0.0,0.0,240.0,1,2,True,False,False,False,True,False,False,True,False,False,False,True,False,False,False,False,False,False,False,False,False,False,False,False,False,False,False,True,False,False,True,False,False,False,1
99,1,187500.0,0.0,62500.0,1,1,1,1,0,0,0,0,0,0,1,1,4,2,0,1,13,7,0,40,0,0,8,0,25,52,31000.0,31000.0,0.0,0,0.0,0.0,0.0,497.0,0,0,True,False,False,False,True,False,False,True,False,False,False,False,False,False,False,False,False,False,False,False,True,False,False,False,False,False,False,True,False,False,True,False,False,False,1
99,0,999999.0,575.0,65330.0,1,1,0,0,0,0,0,0,0,0,1,1,2,0,0,1,99,99,0,25,0,1,6,1,41,68,21000.0,21000.0,0.0,0,0.0,0.0,0.0,501.0,1,0,True,False,False,False,True,False,False,True,False,False,False,False,False,False,False,False,False,False,False,False,True,False,False,True,False,False,False,False,False,False,True,False,False,False,1
99,0,999999.0,625.0,31200.0,1,1,0,0,0,0,0,0,0,0,2,1,2,0,0,1,99,99,0,59,1,0,6,0,31,40,30000.0,30000.0,0.0,0,0.0,0.0,0.0,376.0,1,1,True,False,False,False,True,False,False,True,False,False,False,True,False,False,False,False,False,False,False,False,False,False,False,False,False,False,False,True,False,False,True,False,False,False,1
99,0,999999.0,625.0,22884.0,1,1,2,1,6,0,5,0,0,0,0,0,6,0,0,1,99,99,1,9,0,1,1,1,0,0,0.0,999999.0,999999.0,999999,99999.0,99999.0,99999.0,131.0,0,0,True,False,False,False,True,False,False,True,False,False,True,False,False,False,False,False,False,False,False,False,False,False,True,False,False,False,False,False,False,False,False,True,False,False,1
99,1,400000.0,0.0,123722.0,1,1,1,1,0,0,0,0,0,0,1,1,3,1,0,1,18,18,0,47,0,0,7,0,31,53,1488.0,1488.0,0.0,0,0.0,0.0,0.0,501.0,0,0,True,False,False,False,True,False,False,True,False,False,False,False,False,False,False,False,False,False,False,False,True,False,False,False,False,False,False,True,False,False,True,False,False,False,1
99,0,999999.0,625.0,0.0,1,0,0,1,0,0,0,1,0,1,0,0,2,0,0,1,99,99,0,6,1,1,0,1,0,0,0.0,999999.0,999999.0,999999,99999.0,99999.0,99999.0,1.0,1,0,True,False,False,False,True,False,False,True,True,False,False,False,False,False,False,False,False,False,False,False,False,False,False,False,False,True,False,False,False,False,False,True,False,False,1
99,1,275000.0,0.0,100350.0,1,1,1,1,0,0,0,0,0,0,2,1,3,1,0,1,19,19,0,48,1,0,8,0,41,68,95000.0,93000.0,0.0,0,0.0,0.0,0.0,501.0,1,2,True,False,False,False,True,False,False,True,False,False,False,True,False,False,False,False,False,False,False,False,False,False,False,False,False,False,False,True,False,False,True,False,False,False,1
99,0,999999.0,875.0,3000.0,4,0,0,0,0,0,0,0,0,0,0,0,1,0,0,3,99,99,0,24,1,0,4,0,18,44,1500.0,1500.0,0.0,0,0.0,0.0,0.0,23.0,1,0,True,False,False,False,True,False,False,True,False,False,False,False,False,False,False,False,False,True,False,False,False,False,False,False,False,False,False,True,False,False,False,True,False,False,1
99,1,225000.0,0.0,85200.0,1,0,0,0,0,0,0,0,0,0,0,0,1,0,0,1,99,99,0,39,1,0,7,0,25,48,85200.0,0.0,80000.0,0,0.0,0.0,0.0,501.0,0,6,True,False,False,False,True,False,False,True,False,False,False,True,False,False,False,False,False,False,False,False,False,False,False,False,False,False,False,True,True,False,False,False,False,False,1
99,1,225000.0,0.0,107000.0,1,0,0,0,0,0,0,0,0,0,0,0,1,0,0,1,99,99,0,61,1,0,8,0,23,18,107000.0,56000.0,25000.0,0,0.0,0.0,0.0,501.0,1,1,True,False,False,False,True,False,False,True,False,False,False,True,False,False,False,False,False,False,False,False,False,False,False,False,False,False,False,True,True,False,False,False,False,False,1
99,1,162500.0,0.0,68000.0,1,1,1,1,0,0,0,0,0,0,1,1,3,1,0,1,19,19,0,59,0,0,6,0,19,46,13000.0,13000.0,0.0,0,0.0,0.0,0.0,501.0,0,0,True,False,False,False,True,False,False,True,False,False,False,False,False,False,False,False,False,False,False,False,True,False,False,False,False,False,False,True,False,False,True,False,False,False,1
99,1,162500.0,0.0,49600.0,1,1,1,1,2,0,1,1,0,1,0,0,6,0,0,1,99,99,2,20,0,1,6,1,26,52,3000.0,3000.0,0.0,0,0.0,0.0,0.0,284.0,0,0,True,False,False,False,True,False,False,True,True,False,False,False,False,False,False,False,False,False,False,False,False,False,False,False,False,False,False,True,False,False,False,True,False,False,1
99,0,999999.0,1.0,20000.0,2,0,0,0,0,0,0,0,0,0,0,0,1,0,0,2,99,99,0,23,1,0,7,0,24,47,17000.0,17000.0,0.0,0,0.0,0.0,0.0,264.0,1,0,True,False,False,False,True,False,False,True,False,False,False,False,False,False,False,False,False,True,False,False,False,False,False,False,False,False,False,True,False,False,False,True,False,False,1
99,0,999999.0,675.0,89000.0,1,1,1,1,0,0,0,0,0,0,1,1,3,1,0,1,11,11,0,38,0,0,6,0,34,49,24000.0,24000.0,0.0,0,0.0,0.0,0.0,501.0,1,0,True,False,False,False,True,False,False,True,False,False,False,False,False,False,False,False,False,False,False,False,True,False,False,False,False,False,False,True,False,False,True,False,False,False,1
99,1,162500.0,0.0,5600.0,1,1,1,1,2,0,1,1,0,1,0,0,4,0,0,1,99,99,1,1,1,0,7,0,0,0,0.0,999999.0,999999.0,999999,99999.0,99999.0,99999.0,45.0,1,0,True,False,False,False,True,False,False,True,True,False,False,False,False,False,False,False,False,False,False,False,False,False,False,False,False,False,False,True,False,False,False,True,False,False,1
99,1,350000.0,0.0,78050.0,1,1,1,1,0,0,0,0,0,0,1,1,4,2,2,1,3,1,0,34,0,1,7,1,22,61,23050.0,23000.0,0.0,0,0.0,0.0,0.0,501.0,0,0,True,False,False,False,True,False,False,True,False,False,False,False,False,False,False,False,False,False,False,False,True,False,True,False,False,False,False,False,False,False,True,False,False,False,1
99,1,275000.0,0.0,13000.0,2,0,0,1,0,0,0,1,0,1,0,0,2,0,0,1,99,99,0,12,1,1,2,1,0,0,0.0,999999.0,999999.0,999999,99999.0,99999.0,99999.0,152.0,0,0,True,False,False,False,True,False,False,True,True,False,False,False,False,False,False,False,False,False,False,False,False,False,True,False,False,False,False,False,False,False,False,True,False,False,1
99,0,999999.0,1000.0,48600.0,5,2,3,2,2,1,1,1,0,1,0,0,12,0,0,1,99,99,2,13,0,1,2,1,0,0,0.0,999999.0,999999.0,999999,99999.0,99999.0,99999.0,195.0,1,0,True,False,False,False,True,False,False,True,True,False,False,False,False,False,False,False,False,False,False,False,False,False,False,False,False,False,False,True,False,False,False,True,False,False,1
99,1,112500.0,0.0,35150.0,1,1,1,1,2,0,1,1,0,1,0,0,6,0,0,1,99,99,3,15,1,1,3,2,0,0,0.0,999999.0,999999.0,999999,0.0,0.0,0.0,212.0,0,0,True,False,False,False,True,False,False,True,True,False,False,False,False,False,False,False,False,False,False,False,False,False,False,False,False,False,False,True,False,False,False,True,False,False,1
99,1,400000.0,0.0,67555.0,1,1,1,1,0,0,0,0,0,0,1,1,4,2,0,1,10,7,0,43,0,0,6,0,14,26,0.0,0.0,0.0,0,0.0,0.0,0.0,501.0,0,0,True,False,False,False,True,False,False,True,False,False,False,False,False,False,False,False,False,False,False,False,True,False,False,False,False,False,False,True,False,False,True,False,False,False,1
99,0,999999.0,625.0,27800.0,1,1,0,0,0,0,0,0,0,0,1,1,2,0,0,1,99,99,0,32,0,0,8,0,22,61,2000.0,2000.0,0.0,0,0.0,0.0,0.0,335.0,1,0,True,False,False,False,True,False,False,True,False,False,False,False,False,False,False,False,False,False,False,False,True,False,False,False,False,True,False,False,False,False,True,False,False,False,1
99,0,999999.0,875.0,0.0,1,0,3,0,1,0,1,0,0,0,0,0,9,0,0,1,99,99,1,8,1,1,1,1,0,0,0.0,999999.0,999999.0,999999,99999.0,99999.0,99999.0,1.0,1,0,True,False,False,False,True,False,False,True,True,False,False,False,False,False,False,False,False,False,False,False,False,False,True,False,False,False,False,False,False,False,False,True,False,False,1
99,1,162500.0,0.0,25523.0,1,0,1,0,1,0,1,0,0,0,0,0,4,0,0,1,99,99,2,22,0,1,7,1,0,0,0.0,0.0,0.0,0,0.0,0.0,0.0,200.0,1,0,True,False,False,False,True,False,False,True,True,False,False,False,False,False,False,False,False,False,False,False,False,False,False,False,False,True,False,False,False,False,False,True,False,False,1
99,0,999999.0,625.0,12100.0,1,1,0,0,0,0,0,0,0,0,1,1,2,0,0,1,99,99,0,49,0,1,8,2,19,46,4100.0,4100.0,0.0,0,0.0,0.0,0.0,146.0,1,0,True,False,False,False,True,False,False,True,False,False,False,False,False,False,False,False,False,False,False,False,True,False,False,False,False,False,False,True,False,False,True,False,False,False,1
99,1,350000.0,0.0,50339.0,1,1,1,1,0,0,0,0,0,0,1,1,7,4,0,1,26,16,0,46,0,0,3,0,0,0,0.0,0.0,0.0,0,0.0,0.0,0.0,254.0,0,0,True,False,False,False,True,False,False,True,False,False,False,False,False,False,False,False,False,False,False,False,True,False,False,False,False,False,False,True,False,False,True,False,False,False,1
99,0,999999.0,875.0,20020.0,1,1,1,1,0,0,0,0,0,0,1,1,7,5,1,1,22,3,0,44,0,0,2,0,23,18,4080.0,4080.0,0.0,0,0.0,0.0,0.0,100.0,1,0,True,False,False,False,True,False,False,True,False,False,False,False,False,False,False,False,False,False,False,False,True,False,False,False,False,False,False,True,False,False,True,False,False,False,1
99,1,137500.0,0.0,58000.0,2,0,0,0,0,0,0,0,0,0,0,0,1,0,0,1,99,99,0,50,1,0,7,0,22,18,58000.0,58000.0,0.0,0,0.0,0.0,0.0,501.0,0,2,True,False,False,False,True,False,False,True,False,False,False,True,False,False,False,False,False,False,False,False,False,False,False,False,False,False,False,True,True,False,False,False,False,False,1
99,0,999999.0,362.0,11294.0,1,1,1,1,2,7,1,1,0,1,0,0,4,0,0,1,99,99,1,4,1,0,0,0,0,0,0.0,999999.0,999999.0,999999,99999.0,99999.0,99999.0,90.0,1,0,True,False,False,False,True,False,False,True,True,False,False,False,False,False,False,False,False,False,False,False,False,False,False,False,False,False,False,True,False,False,False,True,False,False,1
99,1,112500.0,0.0,21416.0,1,0,1,0,0,0,0,0,0,0,0,0,2,1,0,1,45,45,0,75,0,0,2,0,0,0,7416.0,0.0,0.0,0,7416.0,0.0,0.0,286.0,0,0,True,False,False,False,True,False,False,True,False,False,False,False,False,False,False,True,False,False,False,False,False,False,False,False,False,False,False,True,False,False,False,False,False,True,1
99,0,999999.0,625.0,27500.0,1,0,0,1,0,0,0,1,0,1,0,0,6,0,0,1,99,99,4,17,0,1,5,1,0,0,0.0,0.0,0.0,0,0.0,0.0,0.0,166.0,1,0,True,False,False,False,True,False,False,True,True,False,False,False,False,False,False,False,False,False,False,False,False,False,False,False,False,False,False,True,False,False,False,True,False,False,1
99,0,999999.0,575.0,20060.0,1,1,1,1,2,0,1,1,0,1,0,0,5,0,0,1,99,99,2,4,1,1,0,2,0,0,0.0,999999.0,999999.0,999999,99999.0,99999.0,99999.0,136.0,1,0,True,False,False,False,True,False,False,True,True,False,False,False,False,False,False,False,False,False,False,False,False,False,True,False,False,False,False,False,False,False,False,True,False,False,1
99,0,999999.0,437.0,14500.0,1,1,0,0,0,0,0,0,0,0,2,1,2,0,0,1,99,99,0,31,1,1,8,1,41,84,2500.0,2500.0,0.0,0,0.0,0.0,0.0,175.0,1,2,True,False,False,False,True,False,False,True,False,False,False,True,False,False,False,False,False,False,False,False,False,False,False,False,False,True,False,False,False,False,True,False,False,False,0
99,1,137500.0,0.0,33106.0,1,1,1,1,2,0,1,1,0,1,0,0,3,0,0,1,99,99,0,1,1,0,7,0,0,0,0.0,999999.0,999999.0,999999,99999.0,99999.0,99999.0,332.0,1,0,True,False,False,False,True,False,False,True,True,False,False,False,False,False,False,False,False,False,False,False,False,False,False,False,False,False,False,True,False,False,False,True,False,False,1
99,0,999999.0,875.0,25000.0,2,0,0,0,0,0,0,0,0,0,0,0,1,0,0,1,99,99,0,32,0,0,7,0,25,44,25000.0,25000.0,0.0,0,0.0,0.0,0.0,388.0,1,1,True,False,False,False,True,False,False,True,False,False,False,True,False,False,False,False,False,False,False,False,False,False,False,False,False,False,False,True,False,False,False,True,False,False,1
99,1,350000.0,0.0,71500.0,1,1,0,0,0,0,0,0,0,0,1,1,2,0,0,1,99,99,0,51,0,0,7,0,22,51,40000.0,0.0,40000.0,0,0.0,0.0,0.0,501.0,0,0,True,False,False,False,True,False,False,True,False,False,False,False,False,False,False,False,False,False,False,False,True,False,False,False,False,False,False,True,False,False,True,False,False,False,1
99,1,162500.0,0.0,43500.0,1,1,1,1,0,0,0,0,0,0,2,1,6,3,0,1,18,7,0,50,1,1,7,1,32,39,36000.0,36000.0,0.0,0,0.0,0.0,0.0,255.0,0,6,True,False,False,False,True,False,False,True,False,False,False,True,False,False,False,False,False,False,False,False,False,False,False,False,False,False,False,True,False,False,True,False,False,False,1
99,0,999999.0,437.0,19000.0,1,0,0,0,0,0,0,0,0,0,0,0,1,0,0,1,99,99,0,27,0,0,7,0,24,44,19000.0,19000.0,0.0,0,0.0,0.0,0.0,295.0,1,1,True,False,False,False,True,False,False,True,False,False,False,True,False,False,False,False,False,False,False,False,False,False,False,False,False,False,False,True,False,False,False,True,False,False,1
99,1,350000.0,0.0,52366.0,1,0,0,0,0,0,0,0,0,0,0,0,1,0,0,1,99,99,0,60,0,0,7,0,32,39,52366.0,44366.0,0.0,0,0.0,0.0,0.0,501.0,0,7,True,False,False,False,True,False,False,True,False,False,False,True,False,False,False,False,False,False,False,False,False,False,False,False,False,False,False,True,True,False,False,False,False,False,1
99,1,225000.0,0.0,64000.0,1,1,1,1,2,0,1,1,3,1,0,0,4,0,0,1,99,99,1,8,0,1,1,1,0,0,0.0,999999.0,999999.0,999999,99999.0,99999.0,99999.0,501.0,1,0,True,False,False,False,True,False,False,True,True,False,False,False,False,False,False,False,False,False,False,False,False,False,False,False,False,False,False,True,False,False,False,True,False,False,1
99,0,999999.0,337.0,1500.0,1,0,0,0,0,0,0,0,0,0,0,0,1,0,0,1,99,99,0,35,1,1,7,1,11,11,1500.0,1500.0,0.0,0,0.0,0.0,0.0,23.0,1,1,True,False,False,False,True,False,False,True,False,False,False,True,False,False,False,False,False,False,False,False,False,False,False,False,False,False,False,True,False,False,False,True,False,False,0
99,1,225000.0,0.0,36078.0,3,0,0,0,0,0,0,0,0,0,0,0,1,0,0,2,99,99,0,43,0,0,7,0,24,44,28830.0,28817.0,0.0,0,0.0,0.0,0.0,447.0,0,0,True,False,False,False,True,False,False,True,False,False,False,False,False,False,False,False,False,True,False,False,False,False,False,False,False,False,False,True,False,False,False,False,False,True,1
99,0,999999.0,875.0,2800.0,2,0,0,0,0,0,0,0,0,0,0,0,1,0,0,2,99,99,0,23,0,1,7,1,32,39,14000.0,14000.0,0.0,0,0.0,0.0,0.0,217.0,1,0,True,False,False,False,True,False,False,True,False,False,False,False,False,False,False,False,False,True,False,False,False,False,True,False,False,False,False,False,False,False,False,True,False,False,1
99,0,999999.0,537.0,27000.0,1,1,1,1,0,0,0,0,0,0,2,1,3,1,1,1,1,1,0,30,1,0,6,0,31,40,15000.0,15000.0,0.0,0,0.0,0.0,0.0,271.0,1,2,True,False,False,False,True,False,False,True,False,False,False,True,False,False,False,False,False,False,False,False,False,False,False,False,False,False,False,True,False,False,True,False,False,False,1
99,0,999999.0,875.0,75189.0,1,1,1,2,0,0,0,0,0,0,1,1,5,2,0,1,11,9,0,30,0,0,7,0,35,62,28000.0,28000.0,0.0,0,0.0,0.0,0.0,496.0,1,0,True,False,False,False,True,False,False,True,False,False,False,False,False,False,False,False,False,False,False,False,True,False,False,False,False,False,False,True,False,False,True,False,False,False,1
99,0,999999.0,487.0,14800.0,1,1,1,1,1,0,1,2,0,1,0,0,6,0,0,1,99,99,3,14,0,1,2,1,0,0,0.0,999999.0,999999.0,999999,99999.0,99999.0,99999.0,89.0,1,0,True,False,False,False,True,False,False,True,True,False,False,False,False,False,False,False,False,False,False,False,False,False,False,False,False,False,False,True,False,False,False,True,False,False,1
99,0,999999.0,537.0,23000.0,1,1,1,1,1,0,1,2,0,1,0,0,5,0,0,1,99,99,2,17,1,1,5,1,0,0,0.0,0.0,0.0,0,0.0,0.0,0.0,155.0,0,0,True,False,False,False,True,False,False,True,True,False,False,False,False,False,False,False,False,False,False,False,False,False,False,False,False,False,False,True,False,False,False,True,False,False,1
99,1,275000.0,0.0,67056.0,1,1,0,0,0,0,0,0,0,0,1,1,2,0,0,1,99,99,0,58,0,0,8,0,26,72,20825.0,20825.0,0.0,0,0.0,0.0,0.0,501.0,0,0,True,False,False,False,True,False,False,True,False,False,False,False,False,False,False,False,False,False,False,False,True,False,True,False,False,False,False,False,False,False,True,False,False,False,1
99,0,999999.0,625.0,40000.0,1,1,1,0,0,0,0,0,0,0,2,3,4,0,0,1,99,99,0,22,0,0,5,0,22,18,6000.0,0.0,0.0,0,0.0,0.0,6000.0,313.0,1,0,True,False,False,False,True,False,False,True,False,True,False,False,False,False,False,False,False,False,False,False,False,False,False,False,False,False,False,True,False,False,True,False,False,False,0
99,0,999999.0,1000.0,8000.0,4,0,0,0,0,0,0,0,0,0,0,0,1,0,0,3,99,99,0,25,1,0,6,0,33,44,22000.0,22000.0,0.0,0,0.0,0.0,0.0,341.0,1,0,True,False,False,False,True,False,False,True,False,False,False,False,False,True,False,False,False,False,False,False,False,False,False,False,False,False,False,True,False,False,False,True,False,False,1
99,1,187500.0,0.0,46384.0,1,1,1,1,2,0,1,1,0,1,0,0,7,0,0,1,99,99,4,21,1,1,6,1,22,18,9984.0,9984.0,0.0,0,0.0,0.0,0.0,231.0,1,0,True,False,False,False,True,False,False,True,True,False,False,False,False,False,False,False,False,False,False,False,False,False,False,False,False,False,False,True,False,True,False,False,False,False,1
99,0,999999.0,625.0,3500.0,1,1,1,1,2,7,1,1,0,1,0,0,5,0,0,1,99,99,1,3,1,0,0,0,0,0,0.0,999999.0,999999.0,999999,99999.0,99999.0,99999.0,23.0,1,0,True,False,False,False,True,False,False,True,True,False,False,False,False,False,False,False,False,False,False,False,False,False,False,False,False,False,False,True,False,False,False,True,False,False,1
99,1,137500.0,0.0,48882.0,1,1,1,1,0,0,0,0,0,0,2,1,4,2,0,1,19,16,0,45,1,0,7,0,26,18,38819.0,27623.0,0.0,0,0.0,0.0,0.0,376.0,1,2,True,False,False,False,True,False,False,True,False,False,False,True,False,False,False,False,False,False,False,False,False,False,False,False,False,True,False,False,False,False,True,False,False,False,1
99,0,999999.0,1000.0,40500.0,1,1,1,1,1,0,1,2,0,1,0,0,4,0,0,1,99,99,1,1,0,0,7,0,0,0,0.0,999999.0,999999.0,999999,99999.0,99999.0,99999.0,322.0,1,0,True,False,False,False,True,False,False,True,True,False,False,False,False,False,False,False,False,False,False,False,False,False,False,False,False,False,False,True,False,False,False,True,False,False,1
99,0,999999.0,875.0,47708.0,1,1,2,1,2,0,1,1,0,1,0,0,5,0,0,1,99,99,1,5,0,1,0,2,0,0,0.0,999999.0,999999.0,999999,99999.0,99999.0,99999.0,315.0,1,0,True,False,False,False,True,False,False,True,True,False,False,False,False,False,False,False,False,False,False,False,False,False,False,False,False,False,False,True,False,False,False,True,False,False,1
99,1,137500.0,0.0,42736.0,1,1,0,0,0,0,0,0,0,0,0,0,3,0,0,1,99,99,1,82,0,0,8,0,0,0,0.0,0.0,0.0,0,0.0,0.0,0.0,441.0,1,0,True,False,False,False,True,False,False,True,False,False,False,False,False,False,False,False,False,False,True,False,False,False,False,False,False,False,False,True,False,False,False,False,False,True,1
99,0,999999.0,875.0,18960.0,1,0,3,0,3,0,5,0,0,0,0,0,12,0,0,1,99,99,6,3,1,0,0,0,0,0,0.0,999999.0,999999.0,999999,99999.0,99999.0,99999.0,74.0,1,0,True,False,False,False,True,False,False,True,False,False,True,False,False,False,False,False,False,False,False,False,False,False,False,False,False,False,False,True,False,False,False,True,False,False,1
99,1,350000.0,0.0,46748.0,1,0,1,0,0,0,0,0,0,0,0,0,2,1,0,1,24,24,0,58,0,0,7,0,22,61,40000.0,20000.0,20000.0,0,0.0,0.0,0.0,501.0,0,7,True,False,False,False,True,False,False,True,False,False,False,True,False,False,False,False,False,False,False,False,False,False,False,False,False,False,False,True,False,False,False,False,False,True,1
99,1,137500.0,0.0,23550.0,1,1,1,1,0,0,0,0,0,0,1,1,6,3,0,1,14,7,1,33,0,0,6,0,27,72,420.0,420.0,0.0,0,0.0,0.0,0.0,138.0,1,0,True,False,False,False,True,False,False,True,False,False,False,False,False,False,False,False,False,False,False,False,True,False,False,False,False,False,False,True,False,False,True,False,False,False,1
99,1,400000.0,0.0,17000.0,1,0,1,0,0,0,0,0,0,0,0,0,2,1,0,1,21,21,0,52,0,0,7,0,24,44,15000.0,10000.0,0.0,0,0.0,0.0,0.0,205.0,0,6,True,False,False,False,True,False,False,True,False,False,False,True,False,False,False,False,False,False,False,False,False,False,False,False,False,False,False,True,False,False,False,False,False,True,1
99,0,999999.0,875.0,36000.0,1,1,1,1,1,0,1,2,0,1,0,0,3,0,0,1,99,99,0,1,1,0,7,0,0,0,0.0,999999.0,999999.0,999999,99999.0,99999.0,99999.0,361.0,1,0,True,False,False,False,True,False,False,True,True,False,False,False,False,False,False,False,False,False,False,False,False,False,False,False,False,False,False,True,False,False,False,True,False,False,1
99,0,999999.0,1000.0,21000.0,1,0,1,0,1,0,1,0,0,0,0,0,3,0,0,1,99,99,1,14,0,1,2,2,0,0,0.0,999999.0,999999.0,999999,99999.0,99999.0,99999.0,210.0,1,0,True,False,False,False,True,False,False,True,True,False,False,False,False,False,False,False,False,False,False,False,False,False,False,False,False,False,False,True,False,False,False,True,False,False,1
99,0,999999.0,725.0,22340.0,1,0,1,0,1,0,1,0,0,0,0,0,2,0,0,1,99,99,0,20,0,1,6,1,11,11,340.0,340.0,0.0,0,0.0,0.0,0.0,269.0,1,0,True,False,False,False,True,False,False,True,True,False,False,False,False,False,False,False,False,False,False,False,False,False,True,False,False,False,False,False,False,False,False,True,False,False,1
99,0,999999.0,282.0,13468.0,1,0,0,0,0,0,0,0,0,0,0,0,1,0,0,1,99,99,0,80,0,0,7,0,22,61,13468.0,860.0,3759.0,0,7674.0,0.0,0.0,226.0,0,7,True,False,False,False,True,False,False,True,False,False,False,True,False,False,False,False,False,False,False,False,False,False,False,False,False,False,False,True,False,False,False,False,False,True,1
99,0,999999.0,1000.0,9998.0,1,1,1,1,2,0,1,1,0,1,0,0,4,0,0,1,99,99,1,3,0,1,0,2,0,0,0.0,999999.0,999999.0,999999,99999.0,99999.0,99999.0,80.0,1,0,True,False,False,False,True,False,False,True,True,False,False,False,False,False,False,False,False,False,False,False,False,False,False,False,False,False,False,True,False,False,False,True,False,False,1
99,0,999999.0,625.0,36030.0,2,1,1,1,2,7,1,1,0,1,0,0,10,0,0,1,99,99,4,8,1,1,1,2,0,0,0.0,999999.0,999999.0,999999,99999.0,99999.0,99999.0,140.0,1,0,True,False,False,False,True,False,False,True,True,False,False,False,False,False,False,False,False,False,False,False,False,False,False,False,False,False,False,True,False,False,False,True,False,False,1
99,0,999999.0,512.0,22474.0,2,1,1,2,2,0,1,1,0,1,0,0,7,0,0,1,99,99,2,6,0,1,1,1,0,0,0.0,999999.0,999999.0,999999,99999.0,99999.0,99999.0,117.0,1,0,True,False,False,False,True,False,False,True,True,False,False,False,False,False,False,False,False,False,False,False,False,False,False,False,False,False,False,True,False,False,False,True,False,False,1
99,0,999999.0,675.0,21800.0,3,1,1,2,0,0,0,0,0,0,0,0,2,1,1,3,3,3,0,27,1,0,2,0,24,47,8000.0,8000.0,0.0,0,0.0,0.0,0.0,94.0,0,0,True,False,False,False,True,False,False,True,False,False,False,False,False,True,False,False,False,False,False,False,False,False,False,False,False,False,False,True,False,True,False,False,False,False,1
99,1,187500.0,0.0,47000.0,3,0,0,0,0,0,0,0,0,0,0,0,1,0,0,1,99,99,0,46,1,0,7,0,31,73,47000.0,47000.0,0.0,0,0.0,0.0,0.0,501.0,1,2,True,False,False,False,True,False,False,True,False,False,False,True,False,False,False,False,False,False,False,False,False,False,False,False,False,False,False,True,True,False,False,False,False,False,1
99,1,137500.0,0.0,23000.0,1,0,2,0,0,0,0,0,0,0,0,0,5,1,1,1,0,0,0,19,0,1,7,1,0,0,0.0,0.0,0.0,0,0.0,0.0,0.0,152.0,1,0,True,False,False,False,True,False,False,True,False,False,False,False,False,False,True,False,False,False,False,False,False,False,False,False,False,False,False,True,False,False,False,True,False,False,1
99,1,275000.0,0.0,61618.0,1,1,1,1,0,0,0,0,0,0,2,1,5,3,1,1,10,2,0,50,1,0,8,0,31,65,42460.0,37000.0,0.0,0,0.0,0.0,0.0,416.0,0,8,True,False,False,False,True,False,False,True,False,False,False,True,False,False,False,False,False,False,False,False,False,False,False,False,False,False,False,True,False,False,True,False,False,False,1
99,0,999999.0,625.0,29000.0,1,0,0,0,0,0,0,0,0,0,0,0,1,0,0,1,99,99,0,36,1,0,6,0,40,77,29000.0,29000.0,0.0,0,0.0,0.0,0.0,450.0,1,2,True,False,False,False,True,False,False,True,False,False,False,True,False,False,False,False,False,False,False,False,False,False,False,False,False,False,False,True,True,False,False,False,False,False,1
99,1,187500.0,0.0,6096.0,1,1,0,0,0,0,0,0,0,0,2,2,2,0,0,1,99,99,0,69,0,0,6,0,0,0,4440.0,0.0,0.0,0,3840.0,0.0,0.0,81.0,0,7,True,False,False,False,True,False,False,True,False,False,False,True,False,False,False,False,False,False,False,False,False,False,False,False,False,False,False,True,False,False,True,False,False,False,1
99,0,999999.0,212.0,22000.0,1,0,0,0,0,0,0,0,0,0,0,0,1,0,0,1,99,99,0,43,1,0,6,0,18,44,22000.0,22000.0,0.0,0,0.0,0.0,0.0,341.0,0,2,True,False,False,False,True,False,False,True,False,False,False,True,False,False,False,False,False,False,False,False,False,False,True,False,False,False,False,False,False,False,False,True,False,False,1
99,1,400000.0,0.0,44600.0,1,1,1,1,0,0,0,0,0,0,1,1,6,4,0,1,28,11,0,49,0,0,7,0,26,72,6000.0,6000.0,0.0,0,0.0,0.0,0.0,256.0,0,0,True,False,False,False,True,False,False,True,False,False,False,False,False,False,False,False,False,False,False,False,True,False,False,False,False,False,False,True,False,False,True,False,False,False,0
99,1,137500.0,0.0,57930.0,1,2,1,1,1,0,1,2,0,1,0,0,5,0,0,1,99,99,0,10,0,1,1,1,0,0,0.0,999999.0,999999.0,999999,99999.0,99999.0,99999.0,370.0,1,0,True,False,False,False,True,False,False,True,True,False,False,False,False,False,False,False,False,False,False,False,False,False,False,False,False,False,False,True,False,False,False,True,False,False,1
99,0,999999.0,625.0,37171.0,1,1,0,0,0,0,0,0,0,0,1,1,2,0,0,1,99,99,0,66,0,0,7,0,24,47,5271.0,665.0,0.0,0,4606.0,0.0,0.0,496.0,0,0,True,False,False,False,True,False,False,True,False,False,False,False,False,False,False,False,False,False,False,False,True,False,False,False,False,False,False,True,False,False,True,False,False,False,1
99,1,225000.0,0.0,51000.0,1,1,1,1,2,0,1,1,0,1,0,0,4,0,0,1,99,99,1,1,0,0,7,0,0,0,0.0,999999.0,999999.0,999999,99999.0,99999.0,99999.0,406.0,1,0,True,False,False,False,True,False,False,True,True,False,False,False,False,False,False,False,False,False,False,False,False,False,False,False,False,False,False,True,False,False,False,True,False,False,1
99,0,999999.0,725.0,33935.0,1,0,1,0,1,0,1,0,0,0,0,0,5,0,0,1,99,99,3,26,1,1,7,1,11,11,915.0,915.0,0.0,0,0.0,0.0,0.0,220.0,0,0,True,False,False,False,True,False,False,True,True,False,False,False,False,False,False,False,False,False,False,False,False,False,False,False,False,True,False,False,False,False,False,True,False,False,1
99,1,275000.0,0.0,169500.0,1,1,2,1,2,0,1,1,0,1,0,0,6,1,1,1,3,3,2,26,0,1,7,1,0,0,0.0,0.0,0.0,0,0.0,0.0,0.0,501.0,0,0,True,False,False,False,True,False,False,True,True,False,False,False,False,False,False,False,False,False,False,False,False,False,False,False,False,False,False,True,False,False,False,False,True,False,1
99,1,137500.0,0.0,50715.0,1,0,0,0,0,0,0,0,0,0,0,0,2,0,0,1,99,99,1,26,1,0,7,0,24,47,7000.0,7000.0,0.0,0,0.0,0.0,0.0,501.0,1,0,True,False,False,False,True,False,False,True,False,False,False,False,False,False,False,False,False,False,True,False,False,False,False,False,False,False,False,True,False,False,False,False,True,False,1
99,1,350000.0,0.0,81610.0,1,1,1,0,0,0,0,0,0,0,0,0,6,1,0,1,33,33,0,63,0,0,2,0,0,0,7560.0,0.0,0.0,0,0.0,7560.0,0.0,460.0,1,0,True,False,False,False,True,False,False,True,False,False,False,False,False,False,False,False,True,False,False,False,False,False,False,False,False,False,False,True,False,False,False,False,True,False,1
99,0,999999.0,675.0,28365.0,1,0,1,0,1,0,1,0,0,0,0,0,2,0,0,1,99,99,0,12,1,1,1,1,0,0,0.0,999999.0,999999.0,999999,99999.0,99999.0,99999.0,332.0,1,0,True,False,False,False,True,False,False,True,True,False,False,False,False,False,False,False,False,False,False,False,False,False,False,False,True,False,False,False,False,False,False,True,False,False,1
99,1,400000.0,0.0,127000.0,2,1,1,1,1,0,1,2,0,1,0,0,4,0,0,1,99,99,1,6,1,1,0,2,0,0,0.0,999999.0,999999.0,999999,99999.0,99999.0,99999.0,501.0,0,0,True,False,False,False,True,False,False,True,True,False,False,False,False,False,False,False,False,False,False,False,False,False,False,False,False,False,False,True,False,False,False,True,False,False,1
99,1,85000.0,0.0,39892.0,1,1,1,1,0,0,0,0,0,0,2,1,4,2,0,1,20,18,0,45,1,0,2,0,23,18,32700.0,32000.0,0.0,0,0.0,0.0,0.0,312.0,0,6,True,False,False,False,True,False,False,True,False,False,False,True,False,False,False,False,False,False,False,False,False,False,False,False,False,False,False,True,False,False,True,False,False,False,1
99,0,999999.0,575.0,6242.0,2,1,1,1,0,0,0,0,0,0,1,1,9,5,4,1,5,0,1,23,0,0,1,0,0,0,0.0,0.0,0.0,0,0.0,0.0,0.0,25.0,1,0,True,False,False,False,True,False,False,True,False,False,False,False,False,False,False,False,False,False,False,False,True,False,False,False,False,False,False,True,False,False,True,False,False,False,1
99,1,400000.0,0.0,55440.0,1,1,1,1,0,0,0,0,0,0,2,1,3,1,0,1,15,15,0,47,1,1,7,1,13,44,19000.0,19000.0,0.0,0,0.0,0.0,0.0,501.0,1,1,True,False,False,False,True,False,False,True,False,False,False,True,False,False,False,False,False,False,False,False,False,False,True,False,False,False,False,False,False,False,True,False,False,False,1
99,0,999999.0,0.0,999999.0,1,0,0,0,0,0,0,0,0,0,0,0,1,0,0,1,99,99,0,26,1,0,2,0,0,0,0.0,0.0,0.0,0,0.0,0.0,0.0,0.0,1,0,False,True,False,True,False,False,False,True,False,False,False,False,True,False,False,False,False,False,False,False,False,False,False,False,False,False,False,True,False,False,False,True,False,False,1
99,1,112500.0,0.0,19000.0,1,1,0,0,0,0,0,0,0,0,0,0,4,0,0,1,99,99,0,20,1,1,7,1,18,8,8000.0,8000.0,0.0,0,0.0,0.0,0.0,149.0,0,0,True,False,False,False,True,False,False,True,False,False,False,False,False,False,True,False,False,False,False,False,False,False,False,False,False,False,False,True,False,False,False,True,False,False,1
99,0,999999.0,412.0,19672.0,1,0,0,0,0,0,0,0,0,0,0,0,1,0,0,1,99,99,0,52,0,0,5,0,22,61,19672.0,19672.0,0.0,0,0.0,0.0,0.0,305.0,1,2,True,False,False,False,True,False,False,True,False,False,False,True,False,False,False,False,False,False,False,False,False,False,False,False,False,False,False,True,False,False,False,True,False,False,0
99,0,999999.0,625.0,64400.0,1,1,1,1,0,0,0,0,0,0,2,1,3,1,0,1,32,32,0,72,1,0,8,0,17,19,32400.0,10000.0,0.0,0,2400.0,0.0,0.0,501.0,1,1,True,False,False,False,True,False,False,True,False,False,False,True,False,False,False,False,False,False,False,False,False,False,False,False,False,False,False,True,False,False,True,False,False,False,1
99,0,999999.0,1000.0,35000.0,1,1,1,2,2,0,1,1,3,1,0,0,4,1,1,1,0,0,0,28,1,0,5,0,17,13,0.0,0.0,0.0,0,0.0,0.0,0.0,269.0,1,0,True,False,False,False,True,False,False,True,True,False,False,False,False,False,False,False,False,False,False,False,False,False,True,False,False,False,False,False,False,False,False,True,False,False,1
99,1,112500.0,0.0,28000.0,1,1,1,1,2,0,1,1,0,1,0,0,5,0,0,1,99,99,2,11,0,1,1,2,0,0,0.0,999999.0,999999.0,999999,99999.0,99999.0,99999.0,189.0,0,0,True,False,False,False,True,False,False,True,True,False,False,False,False,False,False,False,False,False,False,False,False,False,False,False,False,False,False,True,False,False,False,True,False,False,1
99,0,999999.0,0.0,999999.0,1,0,0,0,0,0,0,0,0,0,0,0,1,0,0,1,99,99,0,25,1,0,6,0,17,26,12000.0,12000.0,0.0,0,0.0,0.0,0.0,0.0,0,0,False,True,False,True,False,False,False,True,False,False,False,False,True,False,False,False,False,False,False,False,False,False,False,False,False,False,False,True,False,False,False,True,False,False,1
99,1,400000.0,0.0,80000.0,1,1,1,1,0,0,0,0,0,0,1,1,4,2,0,1,8,6,0,44,0,0,8,0,22,51,0.0,0.0,0.0,0,0.0,0.0,0.0,501.0,1,0,True,False,False,False,True,False,False,True,False,False,False,False,False,False,False,False,False,False,False,False,True,False,False,False,False,False,False,True,False,False,True,False,False,False,1
99,1,162500.0,0.0,70284.0,1,1,2,1,0,0,0,0,0,0,0,0,5,0,0,1,99,99,0,45,1,0,5,0,25,22,25000.0,25000.0,0.0,0,0.0,0.0,0.0,449.0,1,0,True,False,False,False,True,False,False,True,False,False,False,False,False,False,True,False,False,False,False,False,False,False,False,False,False,False,False,True,False,True,False,False,False,False,1
99,1,225000.0,0.0,57914.0,1,1,1,1,0,0,0,0,0,0,2,1,3,1,0,1,5,5,0,38,1,0,7,0,29,22,34360.0,34110.0,0.0,0,0.0,0.0,0.0,501.0,0,5,True,False,False,False,True,False,False,True,False,False,False,True,False,False,False,False,False,False,False,False,False,False,False,False,False,False,False,True,False,False,True,False,False,False,1
99,1,400000.0,0.0,87302.0,1,1,2,1,4,0,2,0,0,0,0,0,7,0,0,1,99,99,0,1,0,0,7,0,0,0,0.0,999999.0,999999.0,999999,99999.0,99999.0,99999.0,441.0,1,0,True,False,False,False,True,False,False,True,False,False,True,False,False,False,False,False,False,False,False,False,False,False,False,False,False,False,False,True,False,False,False,True,False,False,1
99,0,999999.0,282.0,4000.0,1,0,0,0,0,0,0,0,0,0,0,0,1,0,0,1,99,99,0,40,1,0,0,0,16,15,4000.0,2000.0,2000.0,0,0.0,0.0,0.0,62.0,0,7,True,False,False,False,True,False,False,True,False,False,False,True,False,False,False,False,False,False,False,False,False,False,False,False,False,False,False,True,False,False,False,True,False,False,1
99,1,400000.0,0.0,163000.0,1,1,1,1,2,0,1,1,0,1,0,0,4,0,0,1,99,99,1,13,1,1,2,1,0,0,0.0,999999.0,999999.0,999999,99999.0,99999.0,99999.0,501.0,0,0,True,False,False,False,True,False,False,True,True,False,False,False,False,False,False,False,False,False,False,False,False,False,False,False,False,False,False,True,False,False,False,True,False,False,1
99,1,350000.0,0.0,67000.0,1,0,1,0,1,0,1,0,0,0,0,0,3,0,0,1,99,99,1,26,0,0,8,0,37,78,26000.0,26000.0,0.0,0,0.0,0.0,0.0,501.0,0,0,True,False,False,False,True,False,False,True,True,False,False,False,False,False,False,False,False,False,False,False,False,False,False,False,False,False,False,True,False,False,False,True,False,False,1
99,1,350000.0,0.0,68500.0,1,1,1,1,2,0,1,1,0,1,0,0,5,0,0,1,99,99,2,17,0,1,5,1,0,0,0.0,0.0,0.0,0,0.0,0.0,0.0,452.0,0,0,True,False,False,False,True,False,False,True,True,False,False,False,False,False,False,False,False,False,False,False,False,False,False,False,False,False,False,True,False,False,False,True,False,False,1
99,1,275000.0,0.0,66000.0,1,1,1,1,0,0,0,0,0,0,1,1,3,1,0,1,21,21,0,53,0,0,6,0,35,62,21000.0,21000.0,0.0,0,0.0,0.0,0.0,501.0,1,0,True,False,False,False,True,False,False,True,False,False,False,False,False,False,False,False,False,False,False,False,True,False,False,False,False,False,False,True,False,False,True,False,False,False,1
99,1,400000.0,0.0,142000.0,1,1,0,0,0,0,0,0,0,0,1,1,2,0,0,1,99,99,0,29,0,0,7,0,22,61,32000.0,32000.0,0.0,0,0.0,0.0,0.0,501.0,1,0,True,False,False,False,True,False,False,True,False,False,False,False,False,False,False,False,False,False,False,False,True,False,False,False,False,False,False,True,False,False,True,False,False,False,1
99,0,999999.0,675.0,21104.0,1,0,1,0,0,0,0,0,0,0,0,0,2,1,0,1,14,14,0,34,0,0,7,0,22,45,21104.0,15838.0,0.0,0,0.0,0.0,4260.0,247.0,1,1,True,False,False,False,True,False,False,True,False,False,False,True,False,False,False,False,False,False,False,False,False,False,False,False,False,False,False,True,True,False,False,False,False,False,1
99,0,999999.0,575.0,39700.0,1,1,1,1,0,0,0,0,0,0,2,1,6,1,1,1,2,2,3,34,1,1,2,1,23,18,0.0,0.0,0.0,0,0.0,0.0,0.0,223.0,1,2,True,False,False,False,True,False,False,True,False,False,False,True,False,False,False,False,False,False,False,False,False,False,False,False,False,False,False,True,False,False,True,False,False,False,1
99,1,187500.0,0.0,65000.0,1,1,0,0,0,0,0,0,0,0,2,1,2,0,0,1,99,99,0,38,1,0,8,0,41,68,22000.0,20000.0,2000.0,0,0.0,0.0,0.0,501.0,0,5,True,False,False,False,True,False,False,True,False,False,False,True,False,False,False,False,False,False,False,False,False,False,False,False,False,False,False,True,False,False,True,False,False,False,1
99,0,999999.0,262.0,35457.0,1,1,1,1,0,0,0,0,0,0,2,1,4,2,0,1,22,21,0,68,1,0,1,0,0,0,7800.0,0.0,0.0,0,6168.0,1632.0,0.0,277.0,0,6,True,False,False,False,True,False,False,True,False,False,False,True,False,False,False,False,False,False,False,False,False,False,False,False,False,False,False,True,False,False,True,False,False,False,1
99,0,999999.0,387.0,37000.0,1,0,1,0,1,0,1,0,0,0,0,0,3,0,0,1,99,99,1,22,1,0,7,0,33,34,12000.0,12000.0,0.0,0,0.0,0.0,0.0,371.0,0,0,True,False,False,False,True,False,False,True,True,False,False,False,False,False,False,False,False,False,False,False,False,False,True,False,False,False,False,False,False,False,False,True,False,False,1
99,1,112500.0,0.0,42000.0,2,1,2,1,2,0,1,1,0,1,0,0,5,0,0,1,99,99,2,16,0,1,4,1,20,8,0.0,0.0,0.0,0,0.0,0.0,0.0,284.0,0,0,True,False,False,False,True,False,False,True,True,False,False,False,False,False,False,False,False,False,False,False,False,False,False,False,False,False,False,True,False,False,False,True,False,False,1
99,0,999999.0,875.0,30000.0,1,0,0,0,0,0,0,0,0,0,0,0,1,0,0,1,99,99,0,30,0,0,8,0,41,68,30000.0,30000.0,0.0,0,0.0,0.0,0.0,465.0,1,1,True,False,False,False,True,False,False,True,False,False,False,True,False,False,False,False,False,False,False,False,False,False,False,False,False,False,False,True,False,False,False,False,True,False,1
99,0,999999.0,487.0,27000.0,1,1,1,1,0,0,0,0,0,0,2,1,3,1,1,1,1,1,0,29,1,0,3,0,29,22,27000.0,27000.0,0.0,0,0.0,0.0,0.0,271.0,1,2,True,False,False,False,True,False,False,True,False,False,False,True,False,False,False,False,False,False,False,False,False,False,False,False,False,False,False,True,False,False,True,False,False,False,1
99,1,137500.0,0.0,46800.0,1,1,3,1,7,2,7,8,0,2,0,0,10,0,0,1,99,99,0,12,0,1,2,1,0,0,0.0,999999.0,999999.0,999999,99999.0,99999.0,99999.0,182.0,0,0,True,False,False,False,True,False,False,True,False,False,True,False,False,False,False,False,False,False,False,False,False,False,False,False,False,False,False,True,False,False,False,True,False,False,1
99,0,999999.0,212.0,34800.0,1,1,0,0,0,0,0,0,0,0,1,1,2,0,0,1,99,99,0,57,0,0,4,0,11,22,4800.0,0.0,0.0,0,4800.0,0.0,0.0,419.0,0,0,True,False,False,False,True,False,False,True,False,False,False,False,False,False,False,False,False,False,False,False,True,False,True,False,False,False,False,False,False,False,True,False,False,False,1
99,0,999999.0,537.0,38311.0,1,1,1,1,2,0,1,1,0,1,0,0,4,0,0,1,99,99,1,9,0,1,1,1,0,0,0.0,999999.0,999999.0,999999,99999.0,99999.0,99999.0,305.0,1,0,True,False,False,False,True,False,False,True,True,False,False,False,False,False,False,False,False,False,False,False,False,False,False,False,False,False,True,False,False,False,False,True,False,False,1
99,1,112500.0,0.0,67283.0,1,1,2,1,2,0,1,1,0,1,0,0,5,1,0,1,13,13,1,32,0,0,6,0,22,45,7283.0,7283.0,0.0,0,0.0,0.0,0.0,430.0,0,0,True,False,False,False,True,False,False,True,True,False,False,False,False,False,False,False,False,False,False,False,False,False,False,False,False,False,False,True,True,False,False,False,False,False,1
99,1,112500.0,0.0,10800.0,1,0,0,0,0,0,0,0,0,0,0,0,2,0,0,1,99,99,1,88,0,0,0,0,0,0,7200.0,0.0,0.0,0,0.0,7200.0,0.0,144.0,0,7,True,False,False,False,True,False,False,True,False,False,False,True,False,False,False,False,False,False,False,False,False,False,False,False,False,False,False,True,False,False,False,False,False,True,1
99,1,162500.0,0.0,35000.0,1,1,1,1,2,0,1,1,0,1,0,0,4,0,0,1,99,99,1,19,0,1,7,1,24,44,0.0,0.0,0.0,0,0.0,0.0,0.0,269.0,0,0,True,False,False,False,True,False,False,True,True,False,False,False,False,False,False,False,False,False,False,False,False,False,True,False,False,False,False,False,False,False,False,True,False,False,1
99,1,350000.0,0.0,54900.0,1,1,1,1,3,0,1,2,0,1,0,0,7,0,0,1,99,99,3,26,1,0,0,0,0,0,7500.0,0.0,0.0,0,0.0,7500.0,0.0,267.0,1,0,True,False,False,False,True,False,False,True,False,False,False,False,False,False,False,False,False,False,True,False,False,False,False,False,False,False,False,True,False,False,False,True,False,False,1
99,0,999999.0,487.0,1600.0,1,0,1,0,1,0,1,0,0,0,0,0,3,0,0,1,99,99,1,2,1,0,7,0,0,0,0.0,999999.0,999999.0,999999,99999.0,99999.0,99999.0,16.0,1,0,True,False,False,False,True,False,False,True,True,False,False,False,False,False,False,False,False,False,False,False,False,False,True,False,False,False,False,False,False,False,False,True,False,False,1
99,1,350000.0,0.0,58603.0,1,1,1,1,2,0,1,1,0,1,0,0,4,0,0,1,99,99,1,2,0,0,7,0,0,0,0.0,999999.0,999999.0,999999,99999.0,99999.0,99999.0,466.0,1,0,True,False,False,False,True,False,False,True,True,False,False,False,False,False,False,False,False,False,False,False,False,False,False,False,False,False,False,True,False,False,False,True,False,False,1
99,0,999999.0,312.0,26120.0,1,1,1,1,0,0,0,0,0,0,2,1,4,2,2,1,3,1,0,34,1,0,2,0,17,11,9120.0,9120.0,0.0,0,0.0,0.0,0.0,208.0,0,5,True,False,False,False,True,False,False,True,False,False,False,True,False,False,False,False,False,False,False,False,False,False,False,False,False,False,False,True,False,False,True,False,False,False,1
99,0,999999.0,212.0,19000.0,1,1,1,1,0,0,0,0,0,0,1,1,4,2,1,1,9,1,0,31,0,0,1,0,37,49,10000.0,10000.0,0.0,0,0.0,0.0,0.0,151.0,0,0,True,False,False,False,True,False,False,True,False,False,False,False,False,False,False,False,False,False,False,False,True,False,False,False,False,False,False,True,False,False,True,False,False,False,1
99,0,999999.0,412.0,20000.0,2,1,0,0,0,0,0,0,0,0,1,1,2,0,0,1,99,99,0,32,0,1,7,1,25,44,20000.0,20000.0,0.0,0,0.0,0.0,0.0,241.0,1,0,True,False,False,False,True,False,False,True,False,False,False,False,False,False,False,False,False,False,False,False,True,False,False,True,False,False,False,False,False,False,True,False,False,False,1
99,1,187500.0,0.0,64000.0,1,1,1,1,2,0,1,1,0,1,0,0,5,0,0,1,99,99,2,1,0,0,7,0,0,0,0.0,999999.0,999999.0,999999,99999.0,99999.0,99999.0,432.0,1,0,True,False,False,False,True,False,False,True,True,False,False,False,False,False,False,False,False,False,False,False,False,False,False,False,False,False,False,True,False,False,False,True,False,False,1
99,0,999999.0,1000.0,4500.0,3,0,0,0,0,0,0,0,0,0,0,0,1,0,0,2,99,99,0,25,1,0,8,0,24,47,25000.0,25000.0,0.0,0,0.0,0.0,0.0,388.0,1,0,True,False,False,False,True,False,False,True,False,False,False,False,False,False,False,False,False,True,False,False,False,False,False,False,False,False,False,True,False,False,False,True,False,False,1
99,1,275000.0,0.0,76152.0,1,1,1,1,2,0,1,1,0,1,0,0,3,0,0,1,99,99,0,0,0,0,7,0,0,0,0.0,999999.0,999999.0,999999,99999.0,99999.0,99999.0,501.0,1,0,True,False,False,False,True,False,False,True,True,False,False,False,False,False,False,False,False,False,False,False,False,False,False,False,False,False,False,True,False,False,False,True,False,False,1
99,1,275000.0,0.0,49200.0,1,1,1,1,0,0,0,0,0,0,1,1,5,3,2,1,18,1,0,39,0,0,7,0,26,22,0.0,0.0,0.0,0,0.0,0.0,0.0,324.0,0,0,True,False,False,False,True,False,False,True,False,False,False,False,False,False,False,False,False,False,False,False,True,False,False,False,False,False,False,True,False,False,True,False,False,False,1
99,0,999999.0,675.0,9600.0,1,0,1,0,1,0,1,0,0,0,0,0,4,0,0,1,99,99,2,12,1,1,2,1,0,0,0.0,999999.0,999999.0,999999,99999.0,99999.0,99999.0,76.0,1,0,True,False,False,False,True,False,False,True,True,False,False,False,False,False,False,False,False,False,False,False,False,False,True,False,False,False,False,False,False,False,False,True,False,False,1
99,0,999999.0,537.0,18000.0,1,0,0,0,0,0,0,0,0,0,0,0,1,0,0,1,99,99,0,20,1,0,6,0,17,11,18000.0,18000.0,0.0,0,0.0,0.0,0.0,279.0,1,1,True,False,False,False,True,False,False,True,False,False,False,True,False,False,False,False,False,False,False,False,False,False,False,False,False,False,False,True,False,False,False,True,False,False,1
99,0,999999.0,337.0,28000.0,1,1,0,0,0,0,0,0,0,0,1,1,2,0,0,1,99,99,0,56,0,0,2,0,22,18,7000.0,0.0,0.0,0,0.0,0.0,0.0,337.0,0,0,True,False,False,False,True,False,False,True,False,False,False,False,False,False,False,False,False,False,False,False,True,False,False,False,False,False,False,True,False,False,True,False,False,False,1
99,1,400000.0,0.0,70350.0,1,1,0,0,0,0,0,0,0,0,1,1,2,0,0,1,99,99,0,36,0,0,7,0,35,68,2500.0,2500.0,0.0,0,0.0,0.0,0.0,501.0,0,0,True,False,False,False,True,False,False,True,False,False,False,False,False,False,False,False,False,False,False,False,True,False,False,False,False,False,False,True,False,False,True,False,False,False,1
99,0,999999.0,387.0,11000.0,1,1,1,1,0,0,0,0,0,0,1,1,5,3,1,1,12,2,0,37,0,0,1,0,15,15,5000.0,5000.0,0.0,0,0.0,0.0,0.0,74.0,0,0,True,False,False,False,True,False,False,True,False,False,False,False,False,False,False,False,False,False,False,False,True,False,False,False,False,False,False,True,False,False,True,False,False,False,0
99,0,999999.0,875.0,63998.0,1,1,1,1,0,0,0,0,0,0,1,1,5,3,0,1,15,8,0,37,0,0,6,0,22,61,13818.0,13818.0,0.0,0,0.0,0.0,0.0,432.0,1,0,True,False,False,False,True,False,False,True,False,False,False,False,False,False,False,False,False,False,False,False,True,False,False,False,False,False,False,True,False,False,True,False,False,False,1
99,1,350000.0,0.0,146403.0,1,1,0,0,0,0,0,0,0,0,1,1,2,0,0,1,99,99,0,59,0,0,6,0,35,62,-200.0,0.0,-200.0,0,0.0,0.0,0.0,501.0,0,0,True,False,False,False,True,False,False,True,False,False,False,False,False,False,False,False,False,False,False,False,True,False,False,False,False,False,False,True,False,False,True,False,False,False,1
99,1,187500.0,0.0,36000.0,2,0,0,0,0,0,0,0,0,0,0,0,1,0,0,2,99,99,0,23,1,0,8,0,37,78,30000.0,30000.0,0.0,0,0.0,0.0,0.0,465.0,1,0,True,False,False,False,True,False,False,True,False,False,False,False,False,False,False,False,False,True,False,False,False,False,False,False,False,False,False,True,False,False,False,True,False,False,1
99,1,350000.0,0.0,93501.0,1,1,0,0,0,0,0,0,0,0,2,1,2,0,0,1,99,99,0,52,1,0,8,0,41,68,94500.0,89000.0,4500.0,0,0.0,0.0,0.0,501.0,0,6,True,False,False,False,True,False,False,True,False,False,False,True,False,False,False,False,False,False,False,False,False,False,False,False,False,False,False,True,False,False,True,False,False,False,1
99,1,350000.0,0.0,80000.0,1,1,1,1,2,0,1,1,0,1,0,0,5,0,0,1,99,99,2,4,0,1,0,1,0,0,0.0,999999.0,999999.0,999999,99999.0,99999.0,99999.0,501.0,1,0,True,False,False,False,True,False,False,True,True,False,False,False,False,False,False,False,False,False,False,False,False,False,False,False,False,False,False,True,False,False,False,True,False,False,1
99,1,350000.0,0.0,40573.0,1,1,0,0,0,0,0,0,0,0,1,1,2,0,0,1,99,99,0,64,0,0,6,0,0,0,3840.0,0.0,0.0,0,3840.0,0.0,0.0,489.0,0,0,True,False,False,False,True,False,False,True,False,False,False,False,False,False,False,False,False,False,False,False,True,False,False,False,False,False,False,True,False,False,True,False,False,False,1
99,1,225000.0,0.0,30000.0,2,1,1,2,0,0,0,0,0,0,0,0,1,0,0,2,99,99,0,19,0,1,7,1,22,61,390.0,390.0,0.0,0,0.0,0.0,0.0,6.0,1,0,True,False,False,False,True,False,False,True,False,False,False,False,False,False,False,False,False,True,False,False,False,False,False,False,False,False,False,True,False,False,False,True,False,False,1
99,1,112500.0,0.0,45200.0,1,1,0,0,0,0,0,0,0,0,2,1,2,0,0,1,99,99,0,58,1,0,7,0,30,27,4000.0,11000.0,-7000.0,0,0.0,0.0,0.0,501.0,0,2,True,False,False,False,True,False,False,True,False,False,False,True,False,False,False,False,False,False,False,False,False,False,False,False,False,False,False,True,False,False,True,False,False,False,1
99,0,999999.0,412.0,6000.0,1,1,1,1,0,0,0,0,0,0,2,1,4,1,0,1,14,14,0,32,1,0,3,0,33,47,2400.0,2400.0,0.0,0,0.0,0.0,0.0,46.0,0,2,True,False,False,False,True,False,False,True,False,False,False,True,False,False,False,False,False,False,False,False,False,False,False,False,False,False,False,True,False,False,True,False,False,False,1
99,1,350000.0,0.0,103000.0,1,1,0,0,0,0,0,0,0,0,1,1,2,0,0,1,99,99,0,34,0,1,7,1,31,65,29000.0,29000.0,0.0,0,0.0,0.0,0.0,501.0,1,0,True,False,False,False,True,False,False,True,False,False,False,False,False,False,False,False,False,False,False,False,True,False,False,False,False,False,False,True,False,False,True,False,False,False,1
99,0,999999.0,625.0,15000.0,4,0,0,1,0,0,0,0,0,0,0,0,1,0,0,3,99,99,0,21,0,0,6,0,11,11,12526.0,12500.0,0.0,0,0.0,0.0,0.0,194.0,1,0,True,False,False,False,True,False,False,True,False,False,False,False,False,False,False,False,False,True,False,False,False,False,False,False,False,False,False,True,False,False,False,True,False,False,1
99,0,999999.0,1000.0,15020.0,4,0,0,0,0,0,0,0,0,0,0,0,1,0,0,3,99,99,0,25,1,0,8,0,22,61,22550.0,22500.0,0.0,0,0.0,0.0,0.0,350.0,1,0,True,False,False,False,True,False,False,True,False,False,False,False,False,False,False,False,False,True,False,False,False,False,False,False,False,False,False,True,False,False,False,True,False,False,1
99,1,400000.0,0.0,58000.0,1,1,1,1,2,0,1,1,0,1,0,0,5,0,0,1,99,99,2,19,0,1,7,1,0,0,0.0,0.0,0.0,0,0.0,0.0,0.0,382.0,1,0,True,False,False,False,True,False,False,True,True,False,False,False,False,False,False,False,False,False,False,False,False,False,False,False,False,False,False,True,False,False,False,True,False,False,1
99,0,999999.0,875.0,23800.0,1,0,1,1,0,0,0,0,0,0,0,0,7,2,0,1,21,17,1,50,0,0,2,0,16,15,3800.0,3800.0,0.0,0,0.0,0.0,0.0,120.0,0,2,True,False,False,False,True,False,False,True,False,False,False,True,False,False,False,False,False,False,False,False,False,False,False,False,False,False,False,True,True,False,False,False,False,False,1
99,0,999999.0,512.0,5000.0,1,0,1,0,1,0,1,0,0,0,0,0,4,0,0,1,99,99,2,2,0,0,7,0,0,0,0.0,999999.0,999999.0,999999,99999.0,99999.0,99999.0,40.0,1,0,True,False,False,False,True,False,False,True,True,False,False,False,False,False,False,False,False,False,False,False,False,False,False,False,False,False,False,True,False,False,False,True,False,False,1
99,0,999999.0,1000.0,28000.0,3,0,0,0,0,0,0,0,0,0,0,0,1,0,0,2,99,99,0,45,1,0,8,0,24,16,25000.0,25000.0,0.0,0,0.0,0.0,0.0,388.0,1,0,True,False,False,False,True,False,False,True,False,False,False,False,False,False,False,False,False,True,False,False,False,False,False,False,False,False,False,True,False,False,False,True,False,False,1
99,1,275000.0,0.0,62850.0,1,1,0,0,0,0,0,0,0,0,0,0,4,0,0,1,99,99,1,41,1,0,6,0,22,18,8000.0,8000.0,0.0,0,0.0,0.0,0.0,491.0,1,0,True,False,False,False,True,False,False,True,False,False,False,False,False,False,False,False,False,False,False,True,False,False,False,False,False,False,False,True,True,False,False,False,False,False,1
99,0,999999.0,387.0,25000.0,1,1,0,0,0,0,0,0,0,0,1,2,2,0,0,1,99,99,0,53,1,0,7,0,24,44,13000.0,13000.0,0.0,0,0.0,0.0,0.0,301.0,0,0,True,False,False,False,True,False,False,True,False,False,False,False,False,False,False,False,False,False,False,False,True,False,False,False,False,True,False,False,False,False,True,False,False,False,1
99,1,400000.0,0.0,87000.0,1,1,1,1,0,0,0,0,0,0,1,1,3,1,1,1,1,1,0,29,0,0,8,0,41,68,44000.0,44000.0,0.0,0,0.0,0.0,0.0,501.0,1,0,True,False,False,False,True,False,False,True,False,False,False,False,False,False,False,False,False,False,False,False,True,False,False,False,False,False,False,True,False,False,True,False,False,False,1
99,0,999999.0,512.0,15509.0,1,0,1,1,0,0,0,1,3,1,0,0,6,0,0,1,99,99,2,12,0,1,2,1,0,0,0.0,999999.0,999999.0,999999,99999.0,99999.0,99999.0,91.0,1,0,True,False,False,False,True,False,False,True,True,False,False,False,False,False,False,False,False,False,False,False,False,False,False,False,False,False,False,True,False,False,False,True,False,False,1
99,0,999999.0,487.0,23510.0,1,1,1,1,0,0,0,0,0,0,0,0,7,0,0,1,99,99,3,24,0,0,7,0,22,18,0.0,0.0,0.0,0,0.0,0.0,0.0,117.0,1,0,True,False,False,False,True,False,False,True,False,False,False,False,False,False,False,False,False,False,True,False,False,False,False,False,False,False,False,True,False,False,False,True,False,False,0
99,0,999999.0,725.0,11280.0,2,1,1,1,0,0,0,0,0,0,1,1,3,1,1,1,3,3,0,33,0,0,2,0,0,0,7200.0,0.0,0.0,0,0.0,7200.0,0.0,113.0,1,0,True,False,False,False,True,False,False,True,False,False,False,False,False,False,False,False,False,False,False,False,True,False,False,True,False,False,False,False,False,False,True,False,False,False,1
99,0,999999.0,575.0,15000.0,1,1,1,1,0,0,0,0,0,0,1,1,8,5,2,1,14,1,0,32,0,0,1,0,0,0,0.0,0.0,0.0,0,0.0,0.0,0.0,71.0,1,0,True,False,False,False,True,False,False,True,False,False,False,False,False,False,False,False,False,False,False,False,True,False,False,False,False,False,False,True,False,False,True,False,False,False,1
99,0,999999.0,212.0,7092.0,1,0,0,0,0,0,0,0,0,0,0,0,1,0,0,1,99,99,0,78,0,0,4,0,0,0,7092.0,0.0,0.0,0,7092.0,0.0,0.0,119.0,1,2,True,False,False,False,True,False,False,True,False,False,False,True,False,False,False,False,False,False,False,False,False,False,False,False,False,False,False,True,False,False,False,False,False,True,1
99,1,162500.0,0.0,74160.0,1,1,1,1,0,0,0,0,0,0,1,1,3,1,0,1,25,25,0,48,0,0,6,0,41,68,22800.0,22800.0,0.0,0,0.0,0.0,0.0,501.0,0,0,True,False,False,False,True,False,False,True,False,False,False,False,False,False,False,False,False,False,False,False,True,False,False,False,False,False,False,True,False,False,True,False,False,False,1
99,0,999999.0,362.0,44445.0,1,1,1,1,2,0,1,1,0,1,0,0,4,0,0,1,99,99,0,18,0,0,6,0,14,26,4200.0,4200.0,0.0,0,0.0,0.0,0.0,347.0,0,0,True,False,False,False,True,False,False,True,True,False,False,False,False,False,False,False,False,False,False,False,False,False,False,False,False,False,False,True,False,False,False,True,False,False,0
99,1,225000.0,0.0,20000.0,1,1,1,1,2,0,1,1,0,1,0,0,6,0,0,1,99,99,3,11,0,1,2,1,0,0,0.0,999999.0,999999.0,999999,99999.0,99999.0,99999.0,121.0,1,0,True,False,False,False,True,False,False,True,True,False,False,False,False,False,False,False,False,False,False,False,False,False,False,False,False,False,False,True,False,False,False,True,False,False,1
99,1,275000.0,0.0,67056.0,1,1,0,0,0,0,0,0,0,0,2,1,2,0,0,1,99,99,0,60,1,0,8,0,41,72,46231.0,8500.0,0.0,0,0.0,0.0,0.0,501.0,0,5,True,False,False,False,True,False,False,True,False,False,False,True,False,False,False,False,False,False,False,False,False,False,True,False,False,False,False,False,False,False,True,False,False,False,1
99,1,350000.0,0.0,172596.0,1,1,1,1,0,0,0,0,0,0,1,1,5,3,0,1,29,20,0,56,0,0,6,0,0,0,300.0,0.0,0.0,0,0.0,0.0,0.0,501.0,0,0,True,False,False,False,True,False,False,True,False,False,False,False,False,False,False,False,False,False,False,False,True,False,False,False,True,False,False,False,False,False,True,False,False,False,1
99,1,225000.0,0.0,45544.0,1,0,1,0,1,0,1,0,0,0,0,0,5,0,0,1,99,99,3,18,1,0,6,0,11,11,0.0,0.0,0.0,0,0.0,0.0,0.0,300.0,0,0,True,False,False,False,True,False,False,True,True,False,False,False,False,False,False,False,False,False,False,False,False,False,True,False,False,False,False,False,False,False,False,True,False,False,1
99,0,999999.0,487.0,12132.0,1,0,1,0,1,0,1,0,0,0,0,0,3,0,0,1,99,99,1,13,1,0,2,0,0,0,0.0,999999.0,999999.0,999999,99999.0,99999.0,99999.0,121.0,1,0,True,False,False,False,True,False,False,True,True,False,False,False,False,False,False,False,False,False,False,False,False,False,False,False,False,False,False,True,False,False,False,True,False,False,1
99,0,999999.0,337.0,38810.0,1,1,1,1,0,0,0,0,0,0,1,1,5,3,3,1,4,0,0,29,0,0,7,0,21,66,14780.0,14750.0,0.0,0,0.0,0.0,0.0,262.0,0,0,True,False,False,False,True,False,False,True,False,False,False,False,False,False,False,False,False,False,False,False,True,False,False,False,False,False,False,True,False,False,True,False,False,False,1
99,1,162500.0,0.0,30000.0,1,1,0,0,0,0,0,0,0,0,2,1,4,0,0,1,99,99,0,41,1,0,7,0,24,44,17000.0,17000.0,0.0,0,0.0,0.0,0.0,239.0,0,7,True,False,False,False,True,False,False,True,False,False,False,True,False,False,False,False,False,False,False,False,False,False,False,False,False,False,False,True,False,False,True,False,False,False,1
99,0,999999.0,537.0,29460.0,1,0,0,0,0,0,0,0,0,0,0,0,1,0,0,1,99,99,0,49,0,0,8,0,39,82,29460.0,24723.0,0.0,0,0.0,0.0,0.0,457.0,0,5,True,False,False,False,True,False,False,True,False,False,False,True,False,False,False,False,False,False,False,False,False,False,False,False,False,False,False,True,True,False,False,False,False,False,1
99,0,999999.0,487.0,4500.0,2,0,0,1,0,0,0,0,0,0,0,0,1,0,0,2,99,99,0,30,0,0,1,0,21,18,1800.0,1800.0,0.0,0,0.0,0.0,0.0,28.0,1,0,True,False,False,False,True,False,False,True,False,False,False,False,False,False,False,False,False,True,False,False,False,False,False,False,False,False,False,True,False,False,False,True,False,False,1
99,0,999999.0,725.0,33600.0,1,0,1,0,1,0,1,0,0,0,0,0,5,0,0,1,99,99,1,15,0,1,4,1,0,0,0.0,999999.0,999999.0,999999,0.0,0.0,0.0,222.0,1,0,True,False,False,False,True,False,False,True,True,False,False,False,False,False,False,False,False,False,False,False,False,False,True,False,False,False,False,False,False,False,False,True,False,False,1
99,0,999999.0,137.0,8208.0,1,0,1,1,0,0,0,0,0,0,0,0,5,2,0,1,20,13,0,42,0,0,5,0,0,0,8208.0,0.0,0.0,0,0.0,8208.0,0.0,55.0,0,2,True,False,False,False,True,False,False,True,False,False,False,True,False,False,False,False,False,False,False,False,False,False,True,False,False,False,False,False,False,False,False,False,True,False,1
99,1,400000.0,0.0,116000.0,1,1,0,0,0,0,0,0,0,0,2,1,2,0,0,1,99,99,0,31,1,0,8,0,41,68,53000.0,51000.0,0.0,0,0.0,0.0,0.0,501.0,1,1,True,False,False,False,True,False,False,True,False,False,False,True,False,False,False,False,False,False,False,False,False,False,False,False,False,False,False,True,False,False,True,False,False,False,1
99,0,999999.0,875.0,50171.0,1,1,0,0,0,0,0,0,0,0,2,1,2,0,0,1,99,99,0,66,1,0,7,0,0,0,8171.0,0.0,0.0,0,8171.0,0.0,0.0,501.0,0,6,True,False,False,False,True,False,False,True,False,False,False,True,False,False,False,False,False,False,False,False,False,False,False,False,False,False,False,True,False,False,True,False,False,False,1
99,1,225000.0,0.0,32000.0,1,1,1,1,2,0,1,1,0,1,0,0,5,0,0,1,99,99,2,6,1,1,0,1,0,0,0.0,999999.0,999999.0,999999,99999.0,99999.0,99999.0,211.0,0,0,True,False,False,False,True,False,False,True,True,False,False,False,False,False,False,False,False,False,False,False,False,False,False,False,False,False,False,True,False,False,False,True,False,False,1
99,0,999999.0,575.0,31575.0,3,0,0,1,0,0,0,1,0,1,0,0,8,0,0,1,99,99,2,3,1,0,0,0,0,0,0.0,999999.0,999999.0,999999,99999.0,99999.0,99999.0,142.0,1,0,True,False,False,False,True,False,False,True,True,False,False,False,False,False,False,False,False,False,False,False,False,False,False,False,False,False,False,True,False,False,False,True,False,False,1
99,0,999999.0,875.0,26000.0,2,0,0,0,0,0,0,0,0,0,0,0,1,0,0,2,99,99,0,37,0,0,6,0,22,45,39000.0,39000.0,0.0,0,0.0,0.0,0.0,501.0,0,0,True,False,False,False,True,False,False,True,False,False,False,False,False,False,False,False,False,True,False,False,False,False,True,False,False,False,False,False,True,False,False,False,False,False,1
99,0,999999.0,312.0,7244.0,1,1,0,0,0,0,0,0,0,0,1,1,2,0,0,1,99,99,0,64,0,0,6,0,0,0,0.0,0.0,0.0,0,0.0,0.0,0.0,87.0,0,0,True,False,False,False,True,False,False,True,False,False,False,False,False,False,False,False,False,False,False,False,True,False,False,True,False,False,False,False,False,False,True,False,False,False,1
99,1,112500.0,0.0,24000.0,2,0,1,1,0,0,0,1,0,1,0,0,4,0,0,1,99,99,0,4,0,0,0,0,0,0,0.0,999999.0,999999.0,999999,99999.0,99999.0,99999.0,185.0,1,0,True,False,False,False,True,False,False,True,True,False,False,False,False,False,False,False,False,False,False,False,False,False,False,False,False,False,False,True,False,False,False,True,False,False,1
99,0,999999.0,537.0,25000.0,2,0,1,0,2,0,6,0,0,0,0,0,2,0,0,2,99,99,0,2,1,0,7,0,0,0,0.0,999999.0,999999.0,999999,99999.0,99999.0,99999.0,105.0,1,0,True,False,False,False,True,False,False,True,False,False,False,False,False,True,False,False,False,False,False,False,False,False,True,False,False,False,False,False,False,False,False,True,False,False,1
99,1,225000.0,0.0,57000.0,1,1,1,1,0,0,0,0,0,0,1,1,4,2,1,1,5,0,0,28,0,0,7,0,19,46,35000.0,35000.0,0.0,0,0.0,0.0,0.0,453.0,1,0,True,False,False,False,True,False,False,True,False,False,False,False,False,False,False,False,False,False,False,False,True,False,False,False,False,False,False,True,False,False,True,False,False,False,1
99,0,999999.0,512.0,55000.0,1,0,0,0,0,0,0,0,0,0,0,0,2,0,0,1,99,99,1,26,0,0,7,0,24,44,30000.0,30000.0,0.0,0,0.0,0.0,0.0,501.0,0,0,True,False,False,False,True,False,False,True,False,False,False,False,False,False,False,False,False,False,True,False,False,False,True,False,False,False,False,False,False,False,False,True,False,False,1
99,0,999999.0,282.0,21800.0,1,0,1,1,0,0,0,1,0,1,0,0,5,1,1,1,1,1,1,24,0,0,2,0,0,0,0.0,0.0,0.0,0,0.0,0.0,0.0,139.0,1,0,True,False,False,False,True,False,False,True,True,False,False,False,False,False,False,False,False,False,False,False,False,False,False,False,False,False,False,True,False,False,False,True,False,False,1
99,0,999999.0,725.0,30000.0,3,1,1,1,1,0,1,2,1,1,0,0,3,0,0,1,99,99,0,7,0,0,1,0,0,0,0.0,999999.0,999999.0,999999,99999.0,99999.0,99999.0,301.0,1,0,True,False,False,False,True,False,False,True,True,False,False,False,False,False,False,False,False,False,False,False,False,False,False,False,False,False,False,True,False,False,False,True,False,False,1
99,0,999999.0,137.0,8664.0,1,0,0,0,0,0,0,0,0,0,0,0,1,0,0,1,99,99,0,78,1,0,7,0,0,0,8664.0,0.0,0.0,0,7488.0,924.0,0.0,146.0,0,2,True,False,False,False,True,False,False,True,False,False,False,True,False,False,False,False,False,False,False,False,False,False,False,False,False,False,False,True,False,False,False,True,False,False,1
99,1,275000.0,0.0,86273.0,1,2,2,2,0,0,0,0,0,0,2,1,7,3,0,1,30,19,0,55,1,0,7,0,39,82,36000.0,8000.0,0.0,0,0.0,0.0,0.0,420.0,0,7,True,False,False,False,True,False,False,True,False,False,False,True,False,False,False,False,False,False,False,False,False,False,False,False,False,False,False,True,False,False,True,False,False,False,1
99,0,999999.0,675.0,8200.0,6,0,0,0,0,0,0,0,0,0,0,0,1,0,0,3,99,99,0,22,1,0,5,0,13,23,6000.0,6000.0,0.0,0,0.0,0.0,0.0,93.0,1,0,True,False,False,False,True,False,False,True,False,False,False,False,False,True,False,False,False,False,False,False,False,False,False,False,False,False,False,True,False,False,False,True,False,False,0
99,1,350000.0,0.0,142985.0,1,2,1,1,0,0,0,0,0,0,5,1,6,1,1,1,0,0,0,28,1,0,7,0,24,44,14985.0,14985.0,0.0,0,0.0,0.0,0.0,501.0,1,0,True,False,False,False,True,False,False,True,False,False,False,False,False,False,False,False,False,False,False,True,False,False,False,False,False,True,False,False,False,False,True,False,False,False,1
99,1,162500.0,0.0,17512.0,1,1,0,0,0,0,0,0,0,0,2,1,2,0,0,1,99,99,0,68,1,0,7,0,0,0,13757.0,0.0,0.0,0,7942.0,0.0,0.0,234.0,0,6,True,False,False,False,True,False,False,True,False,False,False,True,False,False,False,False,False,False,False,False,False,False,False,False,False,False,False,True,False,False,True,False,False,False,1
99,0,999999.0,875.0,0.0,1,0,3,0,8,0,6,0,0,0,0,0,9,0,0,1,99,99,0,1,1,0,7,0,0,0,0.0,999999.0,999999.0,999999,99999.0,99999.0,99999.0,1.0,1,0,True,False,False,False,True,False,False,True,False,False,False,False,False,False,True,False,False,False,False,False,False,False,True,False,False,False,False,False,False,False,False,True,False,False,1
99,0,999999.0,0.0,999999.0,1,0,0,0,0,0,0,0,0,0,0,0,1,0,0,1,99,99,0,38,1,0,6,0,32,33,0.0,0.0,0.0,0,0.0,0.0,0.0,0.0,0,0,False,True,False,True,False,False,False,True,False,False,False,False,True,False,False,False,False,False,False,False,False,False,False,False,False,False,False,True,False,True,False,False,False,False,1
99,0,999999.0,875.0,40000.0,1,1,1,1,0,0,0,0,0,0,2,1,3,1,0,1,17,17,0,32,1,0,6,0,38,68,40000.0,40000.0,0.0,0,0.0,0.0,0.0,401.0,1,2,True,False,False,False,True,False,False,True,False,False,False,True,False,False,False,False,False,False,False,False,False,False,True,False,False,False,False,False,False,False,True,False,False,False,1
99,1,400000.0,0.0,324516.0,1,1,1,1,0,0,0,0,0,0,2,1,3,1,0,1,10,10,0,38,1,0,8,0,61,93,197516.0,195516.0,0.0,0,0.0,0.0,0.0,501.0,1,2,True,False,False,False,True,False,False,True,False,False,False,True,False,False,False,False,False,False,False,False,False,False,False,False,False,False,False,True,False,False,True,False,False,False,1
99,0,999999.0,875.0,60528.0,2,0,1,1,0,0,0,1,0,1,0,0,11,1,0,1,9,9,1,26,0,0,1,0,24,47,8328.0,0.0,0.0,0,0.0,0.0,0.0,222.0,0,0,True,False,False,False,True,False,False,True,True,False,False,False,False,False,False,False,False,False,False,False,False,False,False,False,False,False,False,True,False,False,False,True,False,False,1
99,0,999999.0,875.0,32014.0,1,1,0,0,0,0,0,0,0,0,2,1,2,0,0,1,99,99,0,46,1,0,8,0,11,18,22152.0,21409.0,0.0,0,0.0,0.0,0.0,386.0,1,1,True,False,False,False,True,False,False,True,False,False,False,True,False,False,False,False,False,False,False,False,False,False,False,False,False,False,False,True,False,False,True,False,False,False,1
99,1,112500.0,0.0,15312.0,1,1,0,0,0,0,0,0,0,0,2,1,2,0,0,1,99,99,0,77,1,0,7,0,31,53,11940.0,0.0,0.0,0,9540.0,0.0,0.0,204.0,0,8,True,False,False,False,True,False,False,True,False,False,False,True,False,False,False,False,False,False,False,False,False,False,False,False,False,False,False,True,False,False,True,False,False,False,1
99,0,999999.0,625.0,40000.0,1,1,1,0,0,0,0,0,0,0,0,0,4,2,0,1,27,27,0,48,0,0,7,0,20,9,18000.0,18000.0,0.0,0,0.0,0.0,0.0,313.0,1,2,True,False,False,False,True,False,False,True,False,False,False,True,False,False,False,False,False,False,False,False,False,False,False,False,False,False,False,True,False,False,False,True,False,False,1
99,1,400000.0,0.0,103917.0,1,1,2,1,2,0,1,1,0,1,0,0,4,0,0,1,99,99,0,26,0,1,8,1,26,58,1500.0,1500.0,0.0,0,0.0,0.0,0.0,501.0,0,0,True,False,False,False,True,False,False,True,True,False,False,False,False,False,False,False,False,False,False,False,False,False,False,False,False,False,False,True,False,False,False,True,False,False,1
99,0,999999.0,725.0,39000.0,2,1,2,1,0,0,0,0,0,0,0,0,9,0,0,1,99,99,3,27,1,0,4,0,20,9,10000.0,10000.0,0.0,0,0.0,0.0,0.0,145.0,0,0,True,False,False,False,True,False,False,True,False,False,False,False,False,False,False,False,False,False,False,True,False,False,False,False,False,False,False,True,False,True,False,False,False,False,1
99,0,999999.0,1000.0,137000.0,1,1,1,1,0,0,0,0,0,0,2,1,3,1,1,1,1,1,0,31,1,0,8,0,35,68,47000.0,45000.0,0.0,0,0.0,0.0,0.0,501.0,1,2,True,False,False,False,True,False,False,True,False,False,False,True,False,False,False,False,False,False,False,False,False,False,False,False,False,False,False,True,False,False,True,False,False,False,1
99,1,350000.0,0.0,106000.0,1,1,0,0,0,0,0,0,0,0,2,1,2,0,0,1,99,99,0,47,1,0,6,0,41,68,86000.0,46000.0,40000.0,0,0.0,0.0,0.0,501.0,0,5,True,False,False,False,True,False,False,True,False,False,False,True,False,False,False,False,False,False,False,False,False,False,False,False,False,False,False,True,False,False,True,False,False,False,1
99,0,999999.0,575.0,25000.0,1,0,1,0,1,0,1,0,0,0,0,0,4,0,0,1,99,99,2,5,1,1,0,1,0,0,0.0,999999.0,999999.0,999999,99999.0,99999.0,99999.0,198.0,1,0,True,False,False,False,True,False,False,True,True,False,False,False,False,False,False,False,False,False,False,False,False,False,True,False,False,False,False,False,False,False,False,True,False,False,1
99,0,999999.0,1.0,3900.0,1,0,0,0,0,0,0,0,0,0,0,0,1,0,0,1,99,99,0,37,1,0,6,0,24,19,3900.0,0.0,3900.0,0,0.0,0.0,0.0,60.0,0,8,True,False,False,False,True,False,False,True,False,False,False,True,False,False,False,False,False,False,False,False,False,False,False,False,False,False,False,True,False,False,False,True,False,False,1
99,0,999999.0,0.0,999999.0,1,0,0,0,0,0,0,0,0,0,0,0,1,0,0,1,99,99,0,18,1,1,6,2,25,15,1200.0,1100.0,0.0,0,0.0,0.0,0.0,0.0,1,0,False,False,True,False,False,True,False,True,False,False,False,False,False,True,False,False,False,False,False,False,False,False,False,False,False,False,False,True,False,False,False,True,False,False,1
99,0,999999.0,387.0,9010.0,1,1,0,0,0,0,0,0,0,0,2,1,2,0,0,1,99,99,0,65,1,0,1,0,20,9,3010.0,0.0,0.0,0,3010.0,0.0,0.0,120.0,1,1,True,False,False,False,True,False,False,True,False,False,False,True,False,False,False,False,False,False,False,False,False,False,False,False,False,False,False,True,False,False,True,False,False,False,1
99,1,27500.0,0.0,24062.0,1,1,1,1,2,0,1,1,0,1,0,0,3,0,0,1,99,99,0,1,1,0,7,0,0,0,0.0,999999.0,999999.0,999999,99999.0,99999.0,99999.0,241.0,1,0,True,False,False,False,True,False,False,True,True,False,False,False,False,False,False,False,False,False,False,False,False,False,False,True,False,False,False,False,False,False,False,True,False,False,1
99,1,112500.0,0.0,27000.0,1,0,0,1,0,0,0,0,0,0,0,0,5,0,0,1,99,99,0,2,0,0,7,0,0,0,0.0,999999.0,999999.0,999999,99999.0,99999.0,99999.0,173.0,1,0,True,False,False,False,True,False,False,True,False,False,True,False,False,False,False,False,False,False,False,False,False,False,True,False,False,False,False,False,False,False,False,True,False,False,1
99,1,77500.0,0.0,39000.0,1,1,1,1,2,0,1,1,0,1,0,0,4,0,0,1,99,99,1,20,0,0,6,0,26,52,12000.0,12000.0,0.0,0,0.0,0.0,0.0,300.0,0,0,True,False,False,False,True,False,False,True,True,False,False,False,False,False,False,False,False,False,False,False,False,False,True,False,False,False,False,False,False,False,False,True,False,False,1
99,0,999999.0,875.0,40730.0,1,1,0,0,0,0,0,0,0,0,2,2,2,0,0,1,99,99,0,27,0,1,7,1,37,78,29050.0,29000.0,0.0,0,0.0,0.0,0.0,491.0,1,2,True,False,False,False,True,False,False,True,False,False,False,True,False,False,False,False,False,False,False,False,False,False,False,False,False,False,False,True,False,False,True,False,False,False,1
99,0,999999.0,412.0,28000.0,1,0,1,0,0,0,0,0,0,0,0,0,3,2,0,1,11,7,0,36,0,0,6,0,16,38,28000.0,28000.0,0.0,0,0.0,0.0,0.0,280.0,1,6,True,False,False,False,True,False,False,True,False,False,False,True,False,False,False,False,False,False,False,False,False,False,True,False,False,False,False,False,False,False,False,True,False,False,1
99,0,999999.0,337.0,40828.0,1,1,1,1,0,0,0,0,0,0,2,1,8,6,0,1,16,6,0,39,1,0,7,0,25,44,32828.0,32828.0,0.0,0,0.0,0.0,0.0,200.0,0,6,True,False,False,False,True,False,False,True,False,False,False,True,False,False,False,False,False,False,False,False,False,False,False,False,False,True,False,False,False,False,True,False,False,False,1
99,0,999999.0,575.0,35000.0,1,1,1,1,0,0,0,0,0,0,1,1,3,1,1,1,0,0,0,29,0,0,6,0,0,0,0.0,0.0,0.0,0,0.0,0.0,0.0,351.0,1,0,True,False,False,False,True,False,False,True,False,False,False,False,False,False,False,False,False,False,False,False,True,False,False,False,False,True,False,False,False,False,True,False,False,False,1
99,0,999999.0,575.0,19381.0,3,0,1,0,2,0,6,0,0,0,0,0,3,0,0,1,99,99,0,2,1,0,7,0,0,0,0.0,999999.0,999999.0,999999,99999.0,99999.0,99999.0,194.0,1,0,True,False,False,False,True,False,False,True,False,False,False,False,False,False,True,False,False,False,False,False,False,False,False,False,False,False,False,True,False,False,False,True,False,False,1
99,1,275000.0,0.0,80600.0,1,2,2,2,0,0,0,0,0,0,7,3,7,1,0,1,36,36,0,73,1,0,7,0,0,0,4800.0,0.0,0.0,0,4800.0,0.0,0.0,407.0,0,0,True,False,False,False,True,False,False,True,False,False,False,False,False,False,False,False,True,False,False,False,False,False,False,False,False,True,False,False,False,False,True,False,False,False,1
99,1,275000.0,0.0,123515.0,2,1,0,0,0,0,0,0,0,0,0,0,1,0,0,2,99,99,0,27,1,0,7,0,25,15,26000.0,26000.0,0.0,0,0.0,0.0,0.0,403.0,0,0,True,False,False,False,True,False,False,True,False,False,False,False,False,True,False,False,False,False,False,False,False,False,False,False,False,False,False,True,False,False,False,True,False,False,0
99,1,162500.0,0.0,79400.0,2,1,1,1,0,0,0,0,0,0,1,1,4,2,2,1,3,2,0,42,0,0,7,0,20,8,4400.0,4200.0,0.0,0,0.0,0.0,0.0,501.0,1,0,True,False,False,False,True,False,False,True,False,False,False,False,False,False,False,False,False,False,False,False,True,False,False,False,False,False,False,True,False,False,True,False,False,False,0
99,0,999999.0,462.0,0.0,3,0,0,0,0,0,0,0,0,0,0,0,1,0,0,3,99,99,0,25,1,0,6,0,16,15,1300.0,1300.0,0.0,0,0.0,0.0,0.0,20.0,1,0,True,False,False,False,True,False,False,True,False,False,False,False,False,False,False,False,False,True,False,False,False,False,False,False,False,False,False,True,False,True,False,False,False,False,1
99,1,112500.0,0.0,28561.0,1,0,1,0,0,0,0,0,0,0,0,0,2,1,0,1,53,53,0,84,0,0,2,0,0,0,6154.0,0.0,0.0,0,5194.0,0.0,0.0,381.0,1,0,True,False,False,False,True,False,False,True,False,False,False,False,False,False,False,True,False,False,False,False,False,False,False,False,False,False,False,True,False,False,False,False,False,True,1
99,0,999999.0,462.0,64400.0,1,1,1,1,0,0,0,0,0,0,2,1,7,1,0,1,11,11,0,42,1,0,0,0,23,18,46500.0,46500.0,0.0,0,0.0,0.0,0.0,325.0,1,2,True,False,False,False,True,False,False,True,False,False,False,True,False,False,False,False,False,False,False,False,False,False,False,False,False,False,False,True,False,False,True,False,False,False,1
99,1,350000.0,0.0,108500.0,2,1,1,1,1,0,1,2,0,1,0,0,4,0,0,1,99,99,1,3,0,1,0,2,0,0,0.0,999999.0,999999.0,999999,99999.0,99999.0,99999.0,501.0,1,0,True,False,False,False,True,False,False,True,True,False,False,False,False,False,False,False,False,False,False,False,False,False,False,False,False,False,False,True,False,False,False,True,False,False,1
99,1,225000.0,0.0,53350.0,1,1,1,1,2,0,1,1,0,1,0,0,4,0,0,1,99,99,1,11,0,1,1,1,0,0,0.0,999999.0,999999.0,999999,99999.0,99999.0,99999.0,424.0,1,0,True,False,False,False,True,False,False,True,True,False,False,False,False,False,False,False,False,False,False,False,False,False,True,False,False,False,False,False,False,False,False,True,False,False,1
99,1,187500.0,0.0,19595.0,1,1,0,0,0,0,0,0,0,0,2,1,2,0,0,1,99,99,0,70,1,0,6,0,20,9,16175.0,8000.0,0.0,0,8146.0,0.0,0.0,261.0,0,7,True,False,False,False,True,False,False,True,False,False,False,True,False,False,False,False,False,False,False,False,False,False,False,False,False,False,False,True,False,False,True,False,False,False,1
99,1,137500.0,0.0,18294.0,1,0,0,1,0,0,0,1,0,1,0,0,4,0,0,1,99,99,2,18,1,1,6,1,16,15,653.0,653.0,0.0,0,0.0,0.0,0.0,141.0,0,0,True,False,False,False,True,False,False,True,True,False,False,False,False,False,False,False,False,False,False,False,False,False,False,False,False,False,False,True,False,False,False,True,False,False,0
99,1,350000.0,0.0,66394.0,1,1,1,1,0,0,0,0,0,0,1,1,4,2,0,1,20,17,0,48,0,0,6,0,22,18,5000.0,0.0,5000.0,0,0.0,0.0,0.0,501.0,0,0,True,False,False,False,True,False,False,True,False,False,False,False,False,False,False,False,False,False,False,False,True,False,False,False,False,False,False,True,False,False,True,False,False,False,0
99,1,225000.0,0.0,37981.0,1,2,2,2,0,0,0,0,0,0,6,1,8,1,0,1,40,40,0,82,1,0,3,0,0,0,4600.0,0.0,0.0,0,0.0,4600.0,0.0,171.0,1,0,True,False,False,False,True,False,False,True,False,False,False,False,False,False,False,True,False,False,False,False,False,False,False,False,False,True,False,False,False,False,True,False,False,False,1
99,0,999999.0,137.0,1700.0,1,0,1,0,1,0,1,0,0,0,0,0,3,0,0,1,99,99,1,5,1,1,0,1,0,0,0.0,999999.0,999999.0,999999,99999.0,99999.0,99999.0,17.0,0,0,True,False,False,False,True,False,False,True,True,False,False,False,False,False,False,False,False,False,False,False,False,False,True,False,False,False,False,False,False,False,False,True,False,False,1
99,1,137500.0,0.0,75980.0,1,1,1,1,2,0,1,1,0,1,0,0,4,0,0,1,99,99,1,26,1,0,6,0,25,18,24500.0,24500.0,0.0,0,0.0,0.0,0.0,501.0,0,0,True,False,False,False,True,False,False,True,True,False,False,False,False,False,False,False,False,False,False,False,False,False,True,False,False,False,False,False,False,False,False,True,False,False,1
99,1,350000.0,0.0,35502.0,1,0,0,0,0,0,0,0,0,0,0,0,1,0,0,1,99,99,0,53,0,0,7,0,19,46,35502.0,35482.0,0.0,0,0.0,0.0,0.0,501.0,0,6,True,False,False,False,True,False,False,True,False,False,False,True,False,False,False,False,False,False,False,False,False,False,False,False,False,False,False,True,False,True,False,False,False,False,1
99,0,999999.0,675.0,50000.0,1,1,1,1,0,0,0,0,0,0,2,1,6,4,0,1,14,8,0,38,1,0,8,0,32,33,37000.0,37000.0,0.0,0,0.0,0.0,0.0,302.0,0,6,True,False,False,False,True,False,False,True,False,False,False,True,False,False,False,False,False,False,False,False,False,False,False,False,False,False,False,True,False,False,True,False,False,False,1
99,0,999999.0,487.0,25200.0,1,1,1,1,1,7,1,2,0,1,0,0,4,0,0,1,99,99,1,3,0,0,0,0,0,0,0.0,999999.0,999999.0,999999,99999.0,99999.0,99999.0,200.0,1,0,True,False,False,False,True,False,False,True,True,False,False,False,False,False,False,False,False,False,False,False,False,False,False,False,False,False,False,True,False,False,False,True,False,False,1
99,0,999999.0,875.0,55000.0,1,1,1,1,0,0,0,0,0,0,1,1,4,2,0,1,9,6,0,29,0,0,7,0,17,13,25000.0,25000.0,0.0,0,0.0,0.0,0.0,437.0,1,0,True,False,False,False,True,False,False,True,False,False,False,False,False,False,False,False,False,False,False,False,True,False,True,False,False,False,False,False,False,False,True,False,False,False,1
99,1,112500.0,0.0,2400.0,1,1,1,1,2,0,1,1,0,1,0,0,7,0,0,1,99,99,4,2,0,0,7,0,0,0,0.0,999999.0,999999.0,999999,99999.0,99999.0,99999.0,13.0,1,0,True,False,False,False,True,False,False,True,True,False,False,False,False,False,False,False,False,False,False,False,False,False,False,False,False,False,False,True,False,False,False,True,False,False,1
99,1,400000.0,0.0,20000.0,1,1,1,1,0,0,0,0,0,0,1,1,4,2,0,1,19,16,0,40,0,0,6,0,0,0,0.0,0.0,0.0,0,0.0,0.0,0.0,154.0,0,0,True,False,False,False,True,False,False,True,False,False,False,False,False,False,False,False,False,False,False,False,True,False,False,True,False,False,False,False,False,False,True,False,False,False,1
99,0,999999.0,387.0,16587.0,1,1,1,1,0,0,0,0,0,0,2,1,5,3,0,1,13,8,0,37,1,0,1,0,16,15,13970.0,13970.0,0.0,0,0.0,0.0,0.0,112.0,0,5,True,False,False,False,True,False,False,True,False,False,False,True,False,False,False,False,False,False,False,False,False,False,False,False,False,False,False,True,False,False,True,False,False,False,1
99,0,999999.0,625.0,23102.0,1,1,0,0,0,0,0,0,0,0,2,1,2,0,0,1,99,99,0,61,1,0,2,0,36,49,21982.0,21982.0,0.0,0,0.0,0.0,0.0,278.0,1,1,True,False,False,False,True,False,False,True,False,False,False,True,False,False,False,False,False,False,False,False,False,False,False,False,False,False,False,True,False,False,True,False,False,False,1
99,0,999999.0,212.0,27800.0,1,0,0,0,0,0,0,0,0,0,0,0,2,0,0,1,99,99,0,24,1,0,3,0,0,0,7800.0,0.0,0.0,0,7800.0,0.0,0.0,335.0,1,6,True,False,False,False,True,False,False,True,False,False,False,True,False,False,False,False,False,False,False,False,False,False,False,False,False,False,False,True,False,False,False,True,False,False,1
99,1,350000.0,0.0,51400.0,1,0,1,0,1,0,1,0,0,0,0,0,2,0,0,1,99,99,0,45,0,1,6,1,24,44,19200.0,19200.0,0.0,0,0.0,0.0,0.0,501.0,1,0,True,False,False,False,True,False,False,True,True,False,False,False,False,False,False,False,False,False,False,False,False,False,False,False,False,False,False,True,False,False,False,False,True,False,1
99,0,999999.0,675.0,15189.0,1,1,1,1,2,0,1,1,0,1,0,0,5,0,0,1,99,99,2,8,1,1,1,1,0,0,0.0,999999.0,999999.0,999999,99999.0,99999.0,99999.0,103.0,1,0,True,False,False,False,True,False,False,True,True,False,False,False,False,False,False,False,False,False,False,False,False,False,False,True,False,False,False,False,False,False,False,True,False,False,1
99,0,999999.0,212.0,15189.0,1,0,1,0,1,0,1,0,0,0,0,0,4,0,0,1,99,99,2,6,1,1,0,1,0,0,0.0,999999.0,999999.0,999999,99999.0,99999.0,99999.0,120.0,1,0,True,False,False,False,True,False,False,True,True,False,False,False,False,False,False,False,False,False,False,False,False,False,False,False,False,False,False,True,False,False,False,True,False,False,1
99,1,112500.0,0.0,54600.0,1,1,1,1,0,0,0,0,0,0,2,1,3,1,0,1,29,29,0,58,1,0,7,0,29,27,28400.0,24000.0,0.0,0,0.0,0.0,4400.0,501.0,0,7,True,False,False,False,True,False,False,True,False,False,False,True,False,False,False,False,False,False,False,False,False,False,False,False,False,False,False,True,False,False,True,False,False,False,1
99,0,999999.0,875.0,0.0,1,0,0,0,0,0,0,0,0,0,0,0,1,0,0,1,99,99,0,23,1,0,8,0,31,65,0.0,0.0,0.0,0,0.0,0.0,0.0,1.0,1,1,True,False,False,False,True,False,False,True,False,False,False,True,False,False,False,False,False,False,False,False,False,False,False,False,False,False,False,True,False,False,False,True,False,False,0
99,0,999999.0,575.0,33000.0,1,0,0,0,0,0,0,0,0,0,0,0,2,0,0,1,99,99,0,29,1,0,5,0,26,19,18000.0,18000.0,0.0,0,0.0,0.0,0.0,397.0,1,0,True,False,False,False,True,False,False,True,False,False,False,False,False,False,True,False,False,False,False,False,False,False,False,False,False,False,False,True,False,False,False,True,False,False,0
99,0,999999.0,875.0,40000.0,1,1,1,1,2,0,1,1,0,1,0,0,5,0,0,1,99,99,2,0,1,0,7,0,0,0,0.0,999999.0,999999.0,999999,99999.0,99999.0,99999.0,270.0,1,0,True,False,False,False,True,False,False,True,True,False,False,False,False,False,False,False,False,False,False,False,False,False,False,False,False,True,False,False,False,False,False,True,False,False,1
99,1,350000.0,0.0,22181.0,1,0,0,0,0,0,0,0,0,0,0,0,1,0,0,1,99,99,0,75,0,0,7,0,0,0,22181.0,0.0,0.0,0,10401.0,0.0,0.0,373.0,0,8,True,False,False,False,True,False,False,True,False,False,False,True,False,False,False,False,False,False,False,False,False,False,False,False,False,False,False,True,False,False,False,False,False,True,1
99,0,999999.0,412.0,36500.0,1,1,1,1,2,0,1,1,0,1,0,0,3,0,0,1,99,99,0,9,0,1,1,1,0,0,0.0,999999.0,999999.0,999999,99999.0,99999.0,99999.0,366.0,1,0,True,False,False,False,True,False,False,True,True,False,False,False,False,False,False,False,False,False,False,False,False,False,False,False,False,False,False,True,False,False,False,True,False,False,1
99,1,187500.0,0.0,50044.0,1,1,1,1,2,0,1,1,0,1,0,0,5,0,0,1,99,99,2,0,0,0,7,0,0,0,0.0,999999.0,999999.0,999999,99999.0,99999.0,99999.0,338.0,1,0,True,False,False,False,True,False,False,True,True,False,False,False,False,False,False,False,False,False,False,False,False,False,False,False,False,False,False,True,False,False,False,True,False,False,1
99,0,999999.0,437.0,31750.0,1,1,1,1,0,0,0,0,0,0,0,0,11,0,0,1,99,99,0,1,1,0,7,0,0,0,0.0,999999.0,999999.0,999999,99999.0,99999.0,99999.0,127.0,1,0,True,False,False,False,True,False,False,True,False,False,True,False,False,False,False,False,False,False,False,False,False,False,False,False,False,False,False,True,False,False,False,True,False,False,1
99,0,999999.0,575.0,29000.0,1,1,1,1,0,0,0,0,0,0,0,0,6,0,0,1,99,99,1,26,1,0,2,0,25,18,13000.0,13000.0,0.0,0,0.0,0.0,0.0,166.0,1,0,True,False,False,False,True,False,False,True,False,False,False,False,False,False,False,False,False,False,False,True,False,False,False,False,False,False,False,True,False,False,False,True,False,False,1
99,0,999999.0,875.0,18683.0,1,0,1,0,1,0,1,0,0,0,0,0,3,0,0,1,99,99,1,32,0,0,6,0,22,61,8683.0,8683.0,0.0,0,0.0,0.0,0.0,193.0,1,0,True,False,False,False,True,False,False,True,True,False,False,False,False,False,False,False,False,False,False,False,False,False,False,False,False,False,False,True,False,False,False,True,False,False,1
99,0,999999.0,625.0,15400.0,1,1,1,1,0,0,0,0,0,0,0,0,6,0,0,1,99,99,0,73,1,0,8,0,0,0,0.0,0.0,0.0,0,0.0,0.0,0.0,86.0,0,0,True,False,False,False,True,False,False,True,False,False,False,False,False,False,True,False,False,False,False,False,False,False,False,False,False,False,False,True,False,False,False,True,False,False,1
99,0,999999.0,575.0,0.0,1,0,0,0,0,0,0,0,0,0,0,0,3,0,0,1,99,99,0,18,1,0,2,0,0,0,0.0,0.0,0.0,0,0.0,0.0,0.0,1.0,1,1,True,False,False,False,True,False,False,True,False,False,False,True,False,False,False,False,False,False,False,False,False,False,False,False,False,False,False,True,False,False,False,True,False,False,1
99,1,275000.0,0.0,51000.0,1,0,0,0,0,0,0,0,0,0,0,0,1,0,0,1,99,99,0,33,1,0,8,0,32,62,51000.0,50000.0,0.0,0,0.0,0.0,0.0,501.0,1,5,True,False,False,False,True,False,False,True,False,False,False,True,False,False,False,False,False,False,False,False,False,False,False,False,False,False,False,True,True,False,False,False,False,False,1
99,0,999999.0,575.0,35437.0,2,2,1,1,0,0,0,0,0,0,6,3,9,0,0,1,99,99,3,22,1,0,2,0,20,9,14000.0,14000.0,0.0,0,0.0,0.0,0.0,130.0,1,0,True,False,False,False,True,False,False,True,False,False,False,False,False,False,False,False,False,False,True,False,False,False,False,False,False,False,False,True,False,False,True,False,False,False,1
99,1,350000.0,0.0,57200.0,2,0,1,0,0,0,0,0,0,0,0,0,1,0,0,2,99,99,0,30,1,0,6,0,25,15,30000.0,30000.0,0.0,0,0.0,0.0,0.0,465.0,0,0,True,False,False,False,True,False,False,True,False,False,False,False,False,True,False,False,False,False,False,False,False,False,False,False,False,False,False,True,True,False,False,False,False,False,1
99,1,162500.0,0.0,41200.0,1,0,1,1,3,0,1,0,0,0,0,0,4,1,0,1,10,10,1,40,1,0,7,0,32,62,34000.0,32000.0,0.0,0,0.0,0.0,0.0,317.0,0,6,True,False,False,False,True,False,False,True,False,False,False,True,False,False,False,False,False,False,False,False,False,False,False,False,False,True,False,False,True,False,False,False,False,False,1
99,0,999999.0,462.0,45351.0,1,0,1,0,0,0,0,0,0,0,0,0,4,2,0,1,21,19,1,46,0,0,7,0,22,61,21614.0,21514.0,0.0,0,0.0,0.0,0.0,355.0,1,2,True,False,False,False,True,False,False,True,False,False,False,True,False,False,False,False,False,False,False,False,False,False,False,False,False,True,False,False,True,False,False,False,False,False,1
99,0,999999.0,625.0,42000.0,1,1,1,1,2,0,1,1,0,1,0,0,4,0,0,1,99,99,1,15,1,1,3,1,0,0,0.0,999999.0,999999.0,999999,0.0,0.0,0.0,323.0,1,0,True,False,False,False,True,False,False,True,True,False,False,False,False,False,False,False,False,False,False,False,False,False,False,False,False,False,False,True,False,False,False,True,False,False,1
99,0,999999.0,537.0,54876.0,1,0,0,0,0,0,0,0,0,0,0,0,2,0,0,1,99,99,1,31,1,0,6,0,31,53,26000.0,26000.0,0.0,0,0.0,0.0,0.0,501.0,0,5,True,False,False,False,True,False,False,True,False,False,False,True,False,False,False,False,False,False,False,False,False,False,False,False,False,False,False,True,False,False,False,True,False,False,1
99,1,187500.0,0.0,7249.0,1,1,0,0,0,0,0,0,0,0,1,1,2,0,0,1,99,99,0,62,0,0,1,0,0,0,1200.0,0.0,0.0,0,1200.0,0.0,0.0,87.0,0,0,True,False,False,False,True,False,False,True,False,False,False,False,False,False,False,False,False,False,False,False,True,False,False,False,False,False,False,True,False,False,True,False,False,False,1
99,1,112500.0,0.0,56090.0,1,1,1,1,0,0,0,0,0,0,1,1,4,2,1,1,8,4,0,35,0,0,7,0,14,26,3000.0,3000.0,0.0,0,0.0,0.0,0.0,446.0,1,0,True,False,False,False,True,False,False,True,False,False,False,False,False,False,False,False,False,False,False,False,True,False,False,False,False,False,False,True,False,False,True,False,False,False,1
99,0,999999.0,625.0,13000.0,1,0,2,0,1,0,1,0,0,0,0,0,8,0,0,1,99,99,5,15,1,1,2,1,0,0,1500.0,999999.0,999999.0,999999,0.0,1500.0,0.0,64.0,1,0,True,False,False,False,True,False,False,True,True,False,False,False,False,False,False,False,False,False,False,False,False,False,False,False,False,False,False,True,False,False,False,True,False,False,1
99,0,999999.0,437.0,9636.0,1,0,1,0,1,0,1,0,0,0,0,0,4,0,0,1,99,99,2,5,1,1,0,1,0,0,0.0,999999.0,999999.0,999999,99999.0,99999.0,99999.0,76.0,1,0,True,False,False,False,True,False,False,True,True,False,False,False,False,False,False,False,False,False,False,False,False,False,False,False,False,False,False,True,False,False,False,True,False,False,1
99,1,400000.0,0.0,141300.0,1,1,1,1,2,0,1,1,0,1,0,0,6,0,0,1,99,99,3,12,1,1,2,1,0,0,0.0,999999.0,999999.0,999999,99999.0,99999.0,99999.0,501.0,0,0,True,False,False,False,True,False,False,True,True,False,False,False,False,False,False,False,False,False,False,False,False,False,True,False,False,False,False,False,False,False,False,True,False,False,1
99,1,112500.0,0.0,56641.0,1,0,1,0,1,0,1,0,0,0,0,0,4,0,0,1,99,99,1,19,1,0,6,0,0,0,0.0,0.0,0.0,0,0.0,0.0,0.0,436.0,0,0,True,False,False,False,True,False,False,True,True,False,False,False,False,False,False,False,False,False,False,False,False,False,False,False,False,False,False,True,False,False,False,True,False,False,1
99,0,999999.0,1000.0,5000.0,3,0,0,0,0,0,0,0,0,0,0,0,1,0,0,3,99,99,0,29,1,0,8,0,41,68,26500.0,25000.0,0.0,0,0.0,0.0,0.0,411.0,1,0,True,False,False,False,True,False,False,True,False,False,False,False,False,False,False,False,False,True,False,False,False,False,False,False,False,False,False,True,False,False,False,True,False,False,1
99,1,187500.0,0.0,42904.0,1,1,0,0,0,0,0,0,0,0,1,1,2,0,0,1,99,99,0,80,0,0,5,0,0,0,2900.0,0.0,0.0,0,2900.0,0.0,0.0,501.0,0,0,True,False,False,False,True,False,False,True,False,False,False,False,False,False,False,False,False,False,False,False,True,False,False,False,False,False,False,True,False,False,True,False,False,False,1
99,1,400000.0,0.0,50600.0,2,1,1,1,0,0,0,0,0,0,2,1,4,2,0,1,20,15,0,46,1,0,8,0,79,92,50000.0,50000.0,0.0,0,0.0,0.0,0.0,389.0,0,6,True,False,False,False,True,False,False,True,False,False,False,True,False,False,False,False,False,False,False,False,False,False,False,False,False,True,False,False,False,False,True,False,False,False,1
99,1,400000.0,0.0,116700.0,1,1,1,1,0,0,0,0,0,0,2,1,4,2,0,1,18,15,0,48,1,0,8,0,61,93,104000.0,100000.0,0.0,0,0.0,0.0,0.0,501.0,0,6,True,False,False,False,True,False,False,True,False,False,False,True,False,False,False,False,False,False,False,False,False,False,False,False,False,False,False,True,False,False,True,False,False,False,1
99,1,275000.0,0.0,61672.0,1,1,0,0,0,0,0,0,0,0,1,1,2,0,0,1,99,99,0,32,0,0,7,0,22,61,6356.0,7000.0,-900.0,0,0.0,0.0,256.0,501.0,1,0,True,False,False,False,True,False,False,True,False,False,False,False,False,False,False,False,False,False,False,False,True,False,False,False,False,False,False,True,False,False,True,False,False,False,1
99,1,137500.0,0.0,67000.0,1,1,1,1,0,0,0,0,0,0,1,1,3,1,1,1,1,1,0,35,0,0,8,0,26,72,37000.0,37000.0,0.0,0,0.0,0.0,0.0,501.0,1,0,True,False,False,False,True,False,False,True,False,False,False,False,False,False,False,False,False,False,False,False,True,False,False,False,False,False,False,True,False,False,True,False,False,False,1
99,1,187500.0,0.0,25000.0,2,0,1,0,1,0,1,0,0,0,0,0,3,0,0,1,99,99,1,10,1,1,1,1,0,0,0.0,999999.0,999999.0,999999,99999.0,99999.0,99999.0,250.0,1,0,True,False,False,False,True,False,False,True,True,False,False,False,False,False,False,False,False,False,False,False,False,False,False,False,False,False,False,True,False,False,False,True,False,False,1
99,0,999999.0,675.0,38500.0,1,0,0,0,0,0,0,0,0,0,0,0,1,0,0,1,99,99,0,35,1,0,8,0,42,84,38500.0,38500.0,0.0,0,0.0,0.0,0.0,501.0,1,1,True,False,False,False,True,False,False,True,False,False,False,True,False,False,False,False,False,False,False,False,False,False,False,False,False,False,False,True,True,False,False,False,False,False,1
99,0,999999.0,725.0,9000.0,3,2,2,2,0,0,0,0,0,0,0,0,1,0,0,3,99,99,0,5,0,1,0,1,0,0,0.0,999999.0,999999.0,999999,99999.0,99999.0,99999.0,1.0,0,0,True,False,False,False,True,False,False,True,False,False,False,False,False,True,False,False,False,False,False,False,False,False,False,False,False,False,False,True,False,False,False,True,False,False,1
99,0,999999.0,575.0,4120.0,1,1,1,1,0,0,0,0,0,0,1,1,8,2,0,1,17,7,2,35,0,0,6,0,6,7,720.0,720.0,0.0,0,0.0,0.0,0.0,19.0,0,0,True,False,False,False,True,False,False,True,False,False,False,False,False,False,False,False,False,False,False,False,True,False,False,False,False,False,False,True,False,False,True,False,False,False,1
99,1,225000.0,0.0,52000.0,1,1,1,1,2,0,1,1,0,1,0,0,3,0,0,1,99,99,0,21,1,1,7,2,25,44,2000.0,2000.0,0.0,0,0.0,0.0,0.0,501.0,0,0,True,False,False,False,True,False,False,True,True,False,False,False,False,False,False,False,False,False,False,False,False,False,False,False,False,False,False,True,False,False,False,True,False,False,1
99,1,350000.0,0.0,75000.0,1,1,1,1,0,0,0,0,0,0,1,1,3,1,0,1,15,15,0,39,0,0,7,0,0,0,0.0,0.0,0.0,0,0.0,0.0,0.0,501.0,0,0,True,False,False,False,True,False,False,True,False,False,False,False,False,False,False,False,False,False,False,False,True,False,False,False,False,False,False,True,False,False,True,False,False,False,1
99,0,999999.0,875.0,0.0,1,0,0,0,0,0,0,0,0,0,0,0,1,0,0,1,99,99,0,33,1,1,8,2,0,0,0.0,0.0,0.0,0,0.0,0.0,0.0,1.0,1,1,True,False,False,False,True,False,False,True,False,False,False,True,False,False,False,False,False,False,False,False,False,False,False,False,False,False,False,True,False,False,False,True,False,False,1
99,0,999999.0,875.0,39875.0,1,1,1,1,0,0,0,0,0,0,1,1,5,3,2,1,7,0,0,25,0,1,6,1,18,44,9875.0,7000.0,0.0,0,675.0,0.0,2200.0,269.0,1,0,True,False,False,False,True,False,False,True,False,False,False,False,False,False,False,False,False,False,False,False,True,False,False,False,False,False,False,True,False,False,True,False,False,False,1
99,1,162500.0,0.0,31057.0,1,1,1,1,2,0,1,1,0,1,0,0,3,0,0,1,99,99,0,33,1,0,0,0,0,0,0.0,0.0,0.0,0,0.0,0.0,0.0,320.0,0,0,True,False,False,False,True,False,False,True,True,False,False,False,False,False,False,False,False,False,False,False,False,False,False,False,False,False,False,True,False,False,False,True,False,False,1
99,0,999999.0,1000.0,110255.0,1,1,1,1,2,0,1,1,0,1,0,0,4,0,0,1,99,99,1,5,0,1,0,1,0,0,0.0,999999.0,999999.0,999999,99999.0,99999.0,99999.0,501.0,1,0,True,False,False,False,True,False,False,True,True,False,False,False,False,False,False,False,False,False,False,False,False,False,False,False,True,False,False,False,False,False,False,True,False,False,1
99,0,999999.0,137.0,694.0,1,0,1,0,1,0,1,0,0,0,0,0,3,0,0,1,99,99,1,1,1,0,7,0,0,0,0.0,999999.0,999999.0,999999,99999.0,99999.0,99999.0,7.0,1,0,True,False,False,False,True,False,False,True,True,False,False,False,False,False,False,False,False,False,False,False,False,False,True,False,False,False,False,False,False,False,False,True,False,False,1
99,1,350000.0,0.0,14850.0,1,1,1,1,0,0,0,0,0,0,1,1,6,4,0,1,23,12,0,43,0,0,6,0,27,22,3600.0,3600.0,0.0,0,0.0,0.0,0.0,83.0,0,0,True,False,False,False,True,False,False,True,False,False,False,False,False,False,False,False,False,False,False,False,True,False,False,False,False,False,False,True,False,False,True,False,False,False,1
99,1,225000.0,0.0,75000.0,1,1,2,0,0,0,0,0,0,0,2,1,8,0,0,1,99,99,0,35,0,0,6,0,0,0,0.0,0.0,0.0,0,0.0,0.0,0.0,337.0,0,0,True,False,False,False,True,False,False,True,False,True,False,False,False,False,False,False,False,False,False,False,False,False,False,False,False,True,False,False,False,False,True,False,False,False,1
99,1,350000.0,0.0,14268.0,1,1,0,0,0,0,0,0,0,0,2,1,2,0,0,1,99,99,0,80,1,0,8,0,0,0,9612.0,0.0,0.0,0,9612.0,0.0,0.0,190.0,0,8,True,False,False,False,True,False,False,True,False,False,False,True,False,False,False,False,False,False,False,False,False,False,False,False,False,False,False,True,False,False,True,False,False,False,1
99,0,999999.0,675.0,9888.0,3,0,1,0,1,0,1,0,0,0,0,0,4,0,0,1,99,99,2,11,0,1,2,1,0,0,0.0,999999.0,999999.0,999999,99999.0,99999.0,99999.0,78.0,1,0,True,False,False,False,True,False,False,True,True,False,False,False,False,False,False,False,False,False,False,False,False,False,True,False,False,False,False,False,False,False,False,True,False,False,1
99,0,999999.0,487.0,25000.0,1,0,1,0,1,0,1,0,0,0,0,0,3,0,0,1,99,99,1,16,1,0,4,0,0,0,0.0,0.0,0.0,0,0.0,0.0,0.0,250.0,0,0,True,False,False,False,True,False,False,True,True,False,False,False,False,False,False,False,False,False,False,False,False,False,True,False,False,False,False,False,False,False,False,True,False,False,1
99,1,187500.0,0.0,58000.0,1,1,1,1,0,0,0,0,0,0,1,1,6,2,0,1,26,14,0,47,0,0,6,0,29,72,26000.0,26000.0,0.0,0,0.0,0.0,0.0,339.0,0,0,True,False,False,False,True,False,False,True,False,False,False,False,False,False,False,False,False,False,False,False,True,False,True,False,False,False,False,False,False,False,True,False,False,False,1
99,1,400000.0,0.0,129000.0,2,1,1,1,0,0,0,0,0,0,2,2,3,1,1,1,1,1,0,68,0,0,7,0,31,73,2000.0,0.0,0.0,0,0.0,0.0,0.0,501.0,0,7,True,False,False,False,True,False,False,True,False,False,False,True,False,False,False,False,False,False,False,False,False,False,False,False,False,False,False,True,False,False,True,False,False,False,1
99,0,999999.0,725.0,60980.0,1,1,1,1,2,0,1,1,3,1,0,0,3,0,0,1,99,99,0,4,0,0,0,0,0,0,0.0,999999.0,999999.0,999999,99999.0,99999.0,99999.0,501.0,1,0,True,False,False,False,True,False,False,True,True,False,False,False,False,False,False,False,False,False,False,False,False,False,False,False,False,False,False,True,False,False,False,True,False,False,1
99,0,999999.0,487.0,21520.0,1,1,1,1,0,0,0,0,0,0,1,1,5,2,0,1,13,6,0,33,0,0,1,0,0,0,0.0,0.0,0.0,0,0.0,0.0,0.0,142.0,0,0,True,False,False,False,True,False,False,True,False,False,False,False,False,False,False,False,False,False,False,False,True,False,False,False,False,False,False,True,False,False,True,False,False,False,1
99,1,225000.0,0.0,80000.0,1,1,2,1,5,0,1,0,0,0,2,1,5,2,0,1,7,7,0,44,1,0,0,0,23,18,46000.0,46000.0,0.0,0,0.0,0.0,0.0,501.0,0,5,True,False,False,False,True,False,False,True,False,False,False,True,False,False,False,False,False,False,False,False,False,False,False,False,False,True,False,False,False,False,True,False,False,False,1
99,1,37500.0,0.0,35513.0,2,1,1,1,0,0,0,0,0,0,3,4,3,1,1,2,0,0,0,27,1,0,7,0,25,36,36000.0,36000.0,0.0,0,0.0,0.0,0.0,491.0,1,0,True,False,False,False,True,False,False,True,False,False,False,False,False,True,False,False,False,False,False,False,False,False,False,False,False,False,False,True,False,False,True,False,False,False,1
99,0,999999.0,387.0,54600.0,1,0,1,0,0,0,0,0,0,0,0,0,3,2,0,1,28,23,0,60,0,0,6,0,11,16,9600.0,9600.0,0.0,0,0.0,0.0,0.0,501.0,0,0,True,False,False,False,True,False,False,True,False,False,False,False,False,False,False,True,False,False,False,False,False,False,False,False,True,False,False,False,True,False,False,False,False,False,0
99,0,999999.0,575.0,8500.0,1,1,1,1,2,0,1,1,0,1,0,0,4,0,0,1,99,99,1,4,0,0,0,0,0,0,0.0,999999.0,999999.0,999999,99999.0,99999.0,99999.0,68.0,1,0,True,False,False,False,True,False,False,True,True,False,False,False,False,False,False,False,False,False,False,False,False,False,False,False,False,True,False,False,False,False,False,True,False,False,1
99,0,999999.0,262.0,8400.0,2,0,1,0,0,0,0,0,0,0,0,0,1,0,0,2,99,99,0,31,0,0,3,0,6,7,7200.0,7200.0,0.0,0,0.0,0.0,0.0,112.0,0,0,True,False,False,False,True,False,False,True,False,False,False,False,False,False,False,False,False,True,False,False,False,False,False,False,False,False,False,True,False,False,False,True,False,False,0
99,0,999999.0,875.0,44800.0,1,1,1,1,2,7,1,1,0,1,0,0,13,0,0,1,99,99,9,13,0,1,2,1,0,0,0.0,999999.0,999999.0,999999,99999.0,99999.0,99999.0,187.0,1,0,True,False,False,False,True,False,False,True,True,False,False,False,False,False,False,False,False,False,False,False,False,False,False,False,False,False,False,True,False,False,False,True,False,False,1
99,1,112500.0,0.0,36000.0,1,1,1,1,0,0,0,0,0,0,1,1,3,1,0,1,21,21,0,49,0,1,7,2,17,13,5000.0,5000.0,0.0,0,0.0,0.0,0.0,371.0,1,0,True,False,False,False,True,False,False,True,False,False,False,False,False,False,False,False,False,False,False,False,True,False,False,False,False,False,False,True,False,False,True,False,False,False,1
99,0,999999.0,625.0,27500.0,1,1,1,1,0,0,0,0,0,0,1,1,4,2,0,1,7,5,0,31,0,1,7,1,29,48,0.0,0.0,0.0,0,0.0,0.0,0.0,219.0,1,0,True,False,False,False,True,False,False,True,False,False,False,False,False,False,False,False,False,False,False,False,True,False,False,False,False,False,False,True,False,False,True,False,False,False,1
99,0,999999.0,625.0,33000.0,2,0,1,0,0,0,0,0,0,0,0,0,1,0,0,2,99,99,0,34,1,0,6,0,31,73,16000.0,16000.0,0.0,0,0.0,0.0,0.0,248.0,1,0,True,False,False,False,True,False,False,True,False,False,False,False,False,False,False,False,False,True,False,False,False,False,False,False,False,False,False,True,False,False,False,False,True,False,1
99,1,137500.0,0.0,6000.0,1,2,2,1,2,0,1,1,0,1,0,0,11,0,0,1,99,99,5,2,1,0,7,0,0,0,0.0,999999.0,999999.0,999999,99999.0,99999.0,99999.0,24.0,1,0,True,False,False,False,True,False,False,True,True,False,False,False,False,False,False,False,False,False,False,False,False,False,False,False,False,False,False,True,False,False,False,True,False,False,1
99,0,999999.0,437.0,14000.0,1,0,2,0,1,3,1,0,0,0,0,0,4,0,0,1,99,99,0,11,1,1,2,1,0,0,0.0,999999.0,999999.0,999999,99999.0,99999.0,99999.0,108.0,1,0,True,False,False,False,True,False,False,True,True,False,False,False,False,False,False,False,False,False,False,False,False,False,False,False,False,False,False,True,False,False,False,True,False,False,1
99,1,187500.0,0.0,112600.0,1,1,1,1,0,0,0,0,0,0,1,1,4,2,0,1,23,21,0,55,0,0,8,0,24,52,23500.0,22500.0,0.0,0,0.0,0.0,0.0,501.0,0,0,True,False,False,False,True,False,False,True,False,False,False,False,False,False,False,False,False,False,False,False,True,False,False,False,False,False,False,True,False,False,True,False,False,False,1
99,0,999999.0,675.0,33800.0,1,1,1,1,0,0,0,0,0,0,2,2,4,2,1,1,5,1,0,27,0,0,6,0,24,44,13800.0,11700.0,0.0,0,2100.0,0.0,0.0,269.0,1,1,True,False,False,False,True,False,False,True,False,False,False,True,False,False,False,False,False,False,False,False,False,False,False,False,False,False,False,True,False,False,True,False,False,False,1
99,1,275000.0,0.0,107000.0,1,1,1,1,0,0,0,0,0,0,1,1,4,2,1,1,6,3,0,40,0,0,7,0,0,0,0.0,0.0,0.0,0,0.0,0.0,0.0,501.0,0,0,True,False,False,False,True,False,False,True,False,False,False,False,False,False,False,False,False,False,False,False,True,False,False,False,False,False,False,True,False,False,True,False,False,False,1
99,0,999999.0,462.0,56894.0,2,0,0,1,0,0,0,0,0,0,0,0,1,0,0,2,99,99,0,54,0,0,7,0,11,22,22403.0,22396.0,0.0,0,0.0,0.0,0.0,347.0,1,0,True,False,False,False,True,False,False,True,False,False,False,False,False,False,False,False,False,True,False,False,False,False,False,False,False,False,False,True,True,False,False,False,False,False,1
99,1,275000.0,0.0,19000.0,1,1,1,1,2,0,1,1,0,1,0,0,7,0,0,1,99,99,3,15,1,1,3,1,0,0,0.0,999999.0,999999.0,999999,0.0,0.0,0.0,99.0,1,0,True,False,False,False,True,False,False,True,True,False,False,False,False,False,False,False,False,False,False,False,False,False,False,False,False,False,False,True,False,False,False,True,False,False,1
99,0,999999.0,0.0,999999.0,1,0,0,0,0,0,0,0,0,0,0,0,1,0,0,1,99,99,0,22,0,1,7,1,0,0,0.0,0.0,0.0,0,0.0,0.0,0.0,0.0,1,0,False,False,True,False,False,True,False,True,False,False,False,False,False,True,False,False,False,False,False,False,False,False,False,False,False,False,False,True,False,False,False,True,False,False,1
99,0,999999.0,625.0,25400.0,1,0,0,0,0,0,0,0,0,0,0,0,4,0,0,1,99,99,1,27,1,0,1,0,20,8,4200.0,4200.0,0.0,0,0.0,0.0,0.0,199.0,1,0,True,False,False,False,True,False,False,True,False,False,False,False,False,False,False,False,False,False,True,False,False,False,False,False,False,False,False,True,False,False,False,True,False,False,0
99,0,999999.0,875.0,20000.0,1,0,1,0,1,0,1,0,0,0,0,0,2,0,0,1,99,99,0,9,1,0,1,0,0,0,0.0,999999.0,999999.0,999999,99999.0,99999.0,99999.0,234.0,1,0,True,False,False,False,True,False,False,True,True,False,False,False,False,False,False,False,False,False,False,False,False,False,False,False,False,False,False,True,False,False,False,True,False,False,1
99,0,999999.0,487.0,51000.0,1,1,2,1,3,0,6,0,0,0,0,0,5,0,0,1,99,99,0,2,1,0,7,0,0,0,0.0,999999.0,999999.0,999999,99999.0,99999.0,99999.0,336.0,1,0,True,False,False,False,True,False,False,True,False,False,False,False,False,False,True,False,False,False,False,False,False,False,False,False,False,False,False,True,False,False,False,True,False,False,1
99,0,999999.0,875.0,29500.0,1,1,0,0,0,0,0,0,0,0,2,1,2,0,0,1,99,99,0,29,1,0,7,0,41,68,2500.0,2500.0,0.0,0,0.0,0.0,0.0,355.0,1,1,True,False,False,False,True,False,False,True,False,False,False,True,False,False,False,False,False,False,False,False,False,False,True,False,False,False,False,False,False,False,True,False,False,False,1
99,1,37500.0,0.0,13476.0,1,1,0,0,0,0,0,0,0,0,2,1,2,0,0,1,99,99,0,71,1,0,7,0,0,0,9348.0,0.0,0.0,0,8304.0,0.0,0.0,180.0,0,8,True,False,False,False,True,False,False,True,False,False,False,True,False,False,False,False,False,False,False,False,False,False,False,False,False,False,False,True,False,False,True,False,False,False,1
99,1,72500.0,0.0,22018.0,1,1,0,0,0,0,0,0,0,0,2,1,2,0,0,1,99,99,0,71,1,0,7,0,0,0,13487.0,0.0,0.0,0,7500.0,0.0,0.0,294.0,0,8,True,False,False,False,True,False,False,True,False,False,False,True,False,False,False,False,False,False,False,False,False,False,False,False,False,False,False,True,False,False,True,False,False,False,1
99,1,225000.0,0.0,37000.0,1,1,1,1,2,0,1,1,0,1,0,0,3,0,0,1,99,99,0,20,0,0,6,0,11,16,7000.0,7000.0,0.0,0,0.0,0.0,0.0,381.0,0,0,True,False,False,False,True,False,False,True,True,False,False,False,False,False,False,False,False,False,False,False,False,False,False,False,False,False,False,True,False,False,False,True,False,False,1
99,1,95000.0,0.0,79000.0,1,1,1,1,0,0,0,0,0,0,1,1,6,4,2,1,11,2,0,41,0,1,7,1,13,44,14000.0,14000.0,0.0,0,0.0,0.0,0.0,477.0,0,0,True,False,False,False,True,False,False,True,False,False,False,False,False,False,False,False,False,False,False,False,True,False,True,False,False,False,False,False,False,False,True,False,False,False,1
99,0,999999.0,1000.0,14150.0,3,0,0,0,0,0,0,0,0,0,0,0,1,0,0,1,99,99,0,25,1,0,8,0,49,90,14150.0,13000.0,1000.0,0,0.0,0.0,0.0,219.0,1,1,True,False,False,False,True,False,False,True,False,False,False,True,False,False,False,False,False,False,False,False,False,False,False,False,False,False,False,True,False,False,False,True,False,False,1
99,0,999999.0,537.0,14916.0,2,0,0,1,0,0,0,0,0,0,0,0,2,1,0,1,13,13,0,35,1,0,6,0,25,15,14916.0,14916.0,0.0,0,0.0,0.0,0.0,175.0,1,1,True,False,False,False,True,False,False,True,False,False,False,True,False,False,False,False,False,False,False,False,False,False,True,False,False,False,False,False,True,False,False,False,False,False,1
99,1,112500.0,0.0,19500.0,1,1,0,0,0,0,0,0,0,0,1,1,2,0,0,1,99,99,0,43,0,0,6,0,41,68,15000.0,15000.0,0.0,0,0.0,0.0,0.0,235.0,1,0,True,False,False,False,True,False,False,True,False,False,False,False,False,False,False,False,False,False,False,False,True,False,False,False,False,False,False,True,False,False,True,False,False,False,1
99,1,162500.0,0.0,61900.0,1,1,1,1,0,0,0,0,0,0,1,1,4,2,2,1,4,0,0,40,0,0,8,0,27,72,28600.0,28500.0,0.0,0,0.0,0.0,0.0,492.0,0,0,True,False,False,False,True,False,False,True,False,False,False,False,False,False,False,False,False,False,False,False,True,False,False,False,False,False,False,True,False,False,True,False,False,False,1
99,1,275000.0,0.0,44840.0,1,1,1,1,0,0,0,0,0,0,1,1,7,3,2,1,11,0,2,29,0,0,3,0,0,0,0.0,0.0,0.0,0,0.0,0.0,0.0,227.0,1,0,True,False,False,False,True,False,False,True,False,False,False,False,False,False,False,False,False,False,False,False,True,False,False,False,False,False,False,True,False,False,True,False,False,False,1
99,0,999999.0,675.0,36706.0,1,1,1,2,0,0,0,0,0,0,5,2,6,1,0,1,38,38,0,71,1,0,0,0,0,0,5760.0,0.0,0.0,0,5760.0,0.0,0.0,215.0,1,0,True,False,False,False,True,False,False,True,False,False,False,False,False,False,False,True,False,False,False,False,False,False,False,False,False,False,False,True,False,False,True,False,False,False,1
99,0,999999.0,412.0,56500.0,1,1,1,1,0,0,0,0,0,0,0,0,5,0,0,1,99,99,1,20,0,0,7,0,18,44,7500.0,7500.0,0.0,0,0.0,0.0,0.0,372.0,1,0,True,False,False,False,True,False,False,True,False,False,False,False,False,False,False,False,False,False,True,False,False,False,False,False,False,False,False,True,False,False,False,True,False,False,1
99,0,999999.0,337.0,3924.0,1,0,1,0,0,0,0,0,0,0,0,0,3,2,1,1,6,1,0,28,0,0,6,0,20,8,3924.0,3924.0,0.0,0,0.0,0.0,0.0,39.0,1,5,True,False,False,False,True,False,False,True,False,False,False,True,False,False,False,False,False,False,False,False,False,False,True,False,False,False,False,False,False,False,False,False,True,False,1
99,0,999999.0,575.0,34600.0,1,1,1,1,2,0,1,1,0,1,0,0,5,0,0,1,99,99,2,9,0,1,1,2,0,0,0.0,999999.0,999999.0,999999,99999.0,99999.0,99999.0,234.0,0,0,True,False,False,False,True,False,False,True,True,False,False,False,False,False,False,False,False,False,False,False,False,False,False,False,False,False,False,True,False,False,False,True,False,False,1
99,0,999999.0,512.0,78000.0,1,1,1,1,1,0,1,2,0,1,0,0,4,0,0,1,99,99,1,8,0,1,1,1,0,0,0.0,999999.0,999999.0,999999,99999.0,99999.0,99999.0,501.0,1,0,True,False,False,False,True,False,False,True,True,False,False,False,False,False,False,False,False,False,False,False,False,False,True,False,False,False,False,False,False,False,False,True,False,False,1
99,1,187500.0,0.0,33800.0,1,2,1,1,0,0,0,0,0,0,1,1,4,1,0,1,28,28,0,49,0,0,0,0,22,18,6000.0,6000.0,0.0,0,0.0,0.0,0.0,264.0,1,0,True,False,False,False,True,False,False,True,False,False,False,False,False,False,False,False,False,False,False,False,True,False,False,True,False,False,False,False,False,False,True,False,False,False,0
99,1,400000.0,0.0,356231.0,1,1,1,1,2,0,1,1,0,1,0,0,4,0,0,1,99,99,1,18,1,1,6,2,0,0,0.0,0.0,0.0,0,0.0,0.0,0.0,501.0,0,0,True,False,False,False,True,False,False,True,True,False,False,False,False,False,False,False,False,False,False,False,False,False,False,False,True,False,False,False,False,False,False,True,False,False,1
99,1,400000.0,0.0,11440.0,1,1,0,0,0,0,0,0,0,0,1,1,2,0,0,1,99,99,0,65,0,0,7,0,0,0,3112.0,0.0,0.0,0,3112.0,0.0,0.0,153.0,0,0,True,False,False,False,True,False,False,True,False,False,False,False,False,False,False,False,False,False,False,False,True,False,False,False,False,False,False,True,False,False,True,False,False,False,1
99,0,999999.0,625.0,48143.0,2,1,1,1,0,0,0,0,0,0,1,1,8,6,0,1,32,15,0,45,0,0,2,0,13,23,7000.0,7000.0,0.0,0,0.0,0.0,0.0,213.0,0,0,True,False,False,False,True,False,False,True,False,False,False,False,False,False,False,False,False,False,False,False,True,False,False,False,False,False,False,True,False,False,True,False,False,False,1
99,1,400000.0,0.0,90300.0,1,1,1,1,0,0,0,0,0,0,2,1,5,3,2,1,6,4,0,46,1,0,8,0,41,68,90300.0,90000.0,0.0,0,0.0,0.0,0.0,501.0,0,6,True,False,False,False,True,False,False,True,False,False,False,True,False,False,False,False,False,False,False,False,False,False,False,False,False,False,False,True,False,False,True,False,False,False,1
99,0,999999.0,1000.0,54197.0,1,1,1,1,2,7,1,1,0,1,0,0,5,0,0,1,99,99,2,16,1,1,3,1,11,11,0.0,0.0,0.0,0,0.0,0.0,0.0,366.0,1,0,True,False,False,False,True,False,False,True,True,False,False,False,False,False,False,False,False,False,False,False,False,False,False,False,False,False,False,True,False,False,False,True,False,False,1
99,0,999999.0,1000.0,118500.0,1,1,0,0,0,0,0,0,0,0,2,1,2,0,0,1,99,99,0,47,1,0,8,0,41,68,78500.0,75000.0,3000.0,0,0.0,0.0,0.0,501.0,1,2,True,False,False,False,True,False,False,True,False,False,False,True,False,False,False,False,False,False,False,False,False,False,False,False,False,False,False,True,False,False,True,False,False,False,1
99,0,999999.0,512.0,24473.0,1,2,2,2,0,0,0,0,0,0,0,0,9,0,0,1,99,99,0,20,1,1,3,1,31,53,9200.0,9200.0,0.0,0,0.0,0.0,0.0,91.0,1,0,True,False,False,False,True,False,False,True,False,False,False,False,False,False,True,False,False,False,False,False,False,False,False,False,False,False,False,True,False,False,False,True,False,False,1
99,1,112500.0,0.0,6960.0,1,0,0,0,0,0,0,0,0,0,0,0,1,0,0,1,99,99,0,88,0,0,7,0,19,46,6960.0,4320.0,0.0,0,0.0,2640.0,0.0,117.0,0,6,True,False,False,False,True,False,False,True,False,False,False,True,False,False,False,False,False,False,False,False,False,False,True,False,False,False,False,False,False,False,False,False,False,True,1
99,0,999999.0,312.0,16000.0,1,1,1,1,0,0,0,0,0,0,2,1,4,2,1,1,7,3,0,27,1,0,3,0,23,18,8180.0,8180.0,0.0,0,0.0,0.0,0.0,127.0,0,2,True,False,False,False,True,False,False,True,False,False,False,True,False,False,False,False,False,False,False,False,False,False,False,False,False,False,False,True,False,False,True,False,False,False,1
99,0,999999.0,725.0,41420.0,1,1,2,1,0,0,0,0,0,0,0,0,10,3,0,1,33,30,0,52,0,0,0,0,0,0,0.0,0.0,0.0,0,0.0,0.0,0.0,161.0,1,0,True,False,False,False,True,False,False,True,False,False,False,False,False,False,False,True,False,False,False,False,False,False,False,False,False,False,False,True,False,False,False,False,False,True,1
99,0,999999.0,575.0,45272.0,1,1,1,1,0,0,0,0,0,0,2,1,3,1,1,1,2,2,0,36,1,0,7,0,39,82,1863.0,0.0,1863.0,0,0.0,0.0,0.0,454.0,1,2,True,False,False,False,True,False,False,True,False,False,False,True,False,False,False,False,False,False,False,False,False,False,True,False,False,False,False,False,False,False,True,False,False,False,1
99,0,999999.0,875.0,80760.0,1,1,2,1,6,0,1,0,0,0,0,0,7,0,0,1,99,99,1,28,1,0,7,0,37,78,17200.0,17000.0,0.0,0,0.0,0.0,0.0,402.0,1,0,True,False,False,False,True,False,False,True,False,False,False,False,False,False,False,False,False,False,True,False,False,False,False,False,False,False,False,True,False,False,False,True,False,False,1
99,1,400000.0,0.0,53640.0,1,1,0,0,0,0,0,0,0,0,2,1,3,0,0,1,99,99,1,74,1,0,6,0,26,19,4500.0,0.0,500.0,0,4000.0,0.0,0.0,501.0,0,8,True,False,False,False,True,False,False,True,False,False,False,True,False,False,False,False,False,False,False,False,False,False,False,False,False,False,False,True,False,False,True,False,False,False,1
99,0,999999.0,625.0,11000.0,4,0,0,0,0,0,0,0,0,0,0,0,1,0,0,4,99,99,0,25,1,0,7,0,16,15,11000.0,11000.0,0.0,0,0.0,0.0,0.0,171.0,1,0,True,False,False,False,True,False,False,True,False,False,False,False,False,True,False,False,False,False,False,False,False,False,False,False,False,False,False,True,False,False,False,True,False,False,0
99,1,225000.0,0.0,122000.0,1,1,1,1,0,0,0,0,0,0,1,1,3,1,0,1,28,28,0,48,0,0,7,0,30,44,25000.0,25000.0,0.0,0,0.0,0.0,0.0,501.0,0,0,True,False,False,False,True,False,False,True,False,False,False,False,False,False,False,False,False,False,False,False,True,False,False,False,False,False,False,True,False,False,True,False,False,False,1
99,1,112500.0,0.0,49500.0,1,1,1,1,0,0,0,0,0,0,1,1,4,2,0,1,12,5,0,31,0,0,7,0,22,45,24000.0,24000.0,0.0,0,0.0,0.0,0.0,394.0,0,0,True,False,False,False,True,False,False,True,False,False,False,False,False,False,False,False,False,False,False,False,True,False,True,False,False,False,False,False,False,False,True,False,False,False,1
99,0,999999.0,362.0,6000.0,1,1,1,1,0,0,0,0,0,0,1,1,4,1,1,1,4,4,0,22,0,0,5,0,22,18,0.0,0.0,0.0,0,0.0,0.0,0.0,46.0,1,0,True,False,False,False,True,False,False,True,False,False,False,False,False,False,False,False,False,False,False,False,True,False,False,False,False,False,False,True,False,False,True,False,False,False,1
99,1,162500.0,0.0,37000.0,1,1,1,1,2,0,1,1,0,1,0,0,7,0,0,1,99,99,4,15,0,1,3,1,0,0,0.0,999999.0,999999.0,999999,0.0,0.0,0.0,192.0,0,0,True,False,False,False,True,False,False,True,True,False,False,False,False,False,False,False,False,False,False,False,False,False,False,False,False,False,False,True,False,False,False,True,False,False,1
99,1,162500.0,0.0,73900.0,1,1,1,1,2,0,1,1,0,1,0,0,4,0,0,1,99,99,1,4,0,0,0,0,0,0,0.0,999999.0,999999.0,999999,99999.0,99999.0,99999.0,501.0,1,0,True,False,False,False,True,False,False,True,True,False,False,False,False,False,False,False,False,False,False,False,False,False,False,False,False,False,False,True,False,False,False,True,False,False,1
99,0,999999.0,0.0,999999.0,1,0,0,0,0,0,0,0,0,0,0,0,1,0,0,1,99,99,0,76,1,0,5,0,0,0,15550.0,0.0,0.0,0,550.0,0.0,0.0,0.0,0,0,False,True,False,True,False,False,False,True,False,False,False,False,True,False,False,False,False,False,False,False,False,False,False,False,False,False,False,True,False,False,False,True,False,False,1
99,1,162500.0,0.0,38800.0,1,1,2,1,3,0,2,0,0,0,0,0,4,0,0,1,99,99,0,9,1,1,1,1,0,0,0.0,999999.0,999999.0,999999,99999.0,99999.0,99999.0,298.0,1,0,True,False,False,False,True,False,False,True,False,False,True,False,False,False,False,False,False,False,False,False,False,False,True,False,False,False,False,False,False,False,False,True,False,False,1
99,1,275000.0,0.0,122208.0,1,1,1,1,1,3,1,2,0,1,0,0,4,0,0,1,99,99,1,18,1,1,5,1,10,19,0.0,0.0,0.0,0,0.0,0.0,0.0,501.0,1,0,True,False,False,False,True,False,False,True,True,False,False,False,False,False,False,False,False,False,False,False,False,False,False,False,False,False,False,True,False,False,False,True,False,False,1
99,1,225000.0,0.0,20500.0,2,0,0,1,0,0,0,0,0,0,0,0,5,3,1,1,14,4,1,44,1,0,1,0,20,9,16000.0,16000.0,0.0,0,0.0,0.0,0.0,139.0,0,8,True,False,False,False,True,False,False,True,False,False,False,True,False,False,False,False,False,False,False,False,False,False,False,False,False,False,False,True,False,False,False,True,False,False,1
99,1,187500.0,0.0,35000.0,1,1,1,1,2,0,1,1,0,1,0,0,7,0,0,1,99,99,4,10,0,1,1,2,0,0,0.0,999999.0,999999.0,999999,99999.0,99999.0,99999.0,182.0,0,0,True,False,False,False,True,False,False,True,True,False,False,False,False,False,False,False,False,False,False,False,False,False,False,False,False,False,False,True,False,False,False,True,False,False,1
99,1,162500.0,0.0,78000.0,1,1,1,1,0,0,0,0,0,0,1,1,3,1,1,1,3,3,0,27,0,0,6,0,22,61,39000.0,39000.0,0.0,0,0.0,0.0,0.0,501.0,1,0,True,False,False,False,True,False,False,True,False,False,False,False,False,False,False,False,False,False,False,False,True,False,False,False,False,False,False,True,False,False,True,False,False,False,1
99,1,275000.0,0.0,10000.0,1,1,1,1,2,0,1,1,0,1,0,0,5,0,0,1,99,99,2,13,0,1,2,1,0,0,0.0,999999.0,999999.0,999999,99999.0,99999.0,99999.0,68.0,1,0,True,False,False,False,True,False,False,True,True,False,False,False,False,False,False,False,False,False,False,False,False,False,False,True,False,False,False,False,False,False,False,True,False,False,1
99,1,187500.0,0.0,31000.0,1,0,0,0,0,0,0,0,0,0,0,0,1,0,0,1,99,99,0,27,1,0,7,0,26,19,31000.0,31000.0,0.0,0,0.0,0.0,0.0,481.0,1,1,True,False,False,False,True,False,False,True,False,False,False,True,False,False,False,False,False,False,False,False,False,False,False,False,False,False,False,True,True,False,False,False,False,False,1
99,1,400000.0,0.0,98450.0,1,1,1,1,2,0,1,1,0,1,0,0,3,0,0,1,99,99,0,22,0,1,7,1,22,45,7450.0,7450.0,0.0,0,0.0,0.0,0.0,501.0,0,0,True,False,False,False,True,False,False,True,True,False,False,False,False,False,False,False,False,False,False,False,False,False,False,False,False,False,False,True,False,False,False,True,False,False,1
99,1,350000.0,0.0,63117.0,1,1,0,0,0,0,0,0,0,0,2,1,2,0,0,1,99,99,0,76,1,0,8,0,0,0,55721.0,0.0,0.0,0,6874.0,0.0,0.0,501.0,0,7,True,False,False,False,True,False,False,True,False,False,False,True,False,False,False,False,False,False,False,False,False,False,False,False,False,False,False,True,False,False,True,False,False,False,1
99,0,999999.0,675.0,10000.0,1,1,1,1,0,0,0,0,0,0,1,1,4,2,1,1,6,2,0,30,0,0,6,0,0,0,0.0,0.0,0.0,0,0.0,0.0,0.0,80.0,1,0,True,False,False,False,True,False,False,True,False,False,False,False,False,False,False,False,False,False,False,False,True,False,False,False,False,False,False,True,False,False,True,False,False,False,1
99,0,999999.0,625.0,28000.0,1,0,0,0,0,0,0,0,0,0,0,0,1,0,0,1,99,99,0,23,1,1,8,1,46,84,28000.0,28000.0,0.0,0,0.0,0.0,0.0,434.0,1,1,True,False,False,False,True,False,False,True,False,False,False,True,False,False,False,False,False,False,False,False,False,False,False,False,True,False,False,False,False,False,False,True,False,False,1
99,1,112500.0,0.0,39200.0,2,1,1,2,0,0,0,0,0,0,1,1,6,3,0,1,21,18,0,48,0,0,2,0,13,10,12000.0,12000.0,0.0,0,0.0,0.0,0.0,220.0,1,0,True,False,False,False,True,False,False,True,False,False,False,False,False,False,False,False,False,False,False,False,True,False,False,False,False,False,False,True,False,False,True,False,False,False,0
99,1,350000.0,0.0,96054.0,1,1,1,1,0,0,0,0,0,0,1,1,5,3,1,1,13,3,0,41,0,0,6,0,11,16,2356.0,2356.0,0.0,0,0.0,0.0,0.0,501.0,1,0,True,False,False,False,True,False,False,True,False,False,False,False,False,False,False,False,False,False,False,False,True,False,False,False,False,True,False,False,False,False,True,False,False,False,1
99,1,350000.0,0.0,2400.0,1,0,1,0,1,7,1,0,0,0,0,0,2,0,0,1,99,99,0,13,0,1,2,1,0,0,0.0,999999.0,999999.0,999999,99999.0,99999.0,99999.0,28.0,0,0,True,False,False,False,True,False,False,True,True,False,False,False,False,False,False,False,False,False,False,False,False,False,False,False,False,False,False,True,False,False,False,True,False,False,1
99,1,225000.0,0.0,53900.0,1,1,1,1,0,0,0,0,0,0,2,1,3,1,1,1,4,4,0,38,1,0,8,0,41,68,52700.0,54000.0,700.0,0,0.0,0.0,0.0,501.0,1,2,True,False,False,False,True,False,False,True,False,False,False,True,False,False,False,False,False,False,False,False,False,False,False,False,False,False,False,True,False,False,True,False,False,False,1
99,0,999999.0,625.0,45648.0,1,1,1,1,0,0,0,0,0,0,2,1,5,3,0,1,9,6,0,46,1,0,2,0,25,15,33000.0,0.0,33000.0,0,0.0,0.0,0.0,308.0,0,5,True,False,False,False,True,False,False,True,False,False,False,True,False,False,False,False,False,False,False,False,False,False,False,False,False,False,False,True,False,False,True,False,False,False,1
99,0,999999.0,625.0,7034.0,1,1,1,1,0,0,0,0,0,0,1,1,3,1,0,1,9,9,0,48,0,0,6,0,0,0,694.0,0.0,0.0,0,0.0,694.0,0.0,70.0,1,0,True,False,False,False,True,False,False,True,False,False,False,False,False,False,False,False,False,False,False,False,True,False,False,False,False,False,False,True,False,False,True,False,False,False,1
99,0,999999.0,625.0,46150.0,1,0,1,0,0,0,0,0,0,0,0,0,2,1,0,1,30,30,0,60,0,0,7,0,24,44,31150.0,31083.0,0.0,0,0.0,0.0,0.0,501.0,1,2,True,False,False,False,True,False,False,True,False,False,False,True,False,False,False,False,False,False,False,False,False,False,False,False,False,False,False,True,True,False,False,False,False,False,1
99,0,999999.0,312.0,22763.0,2,1,1,1,2,0,1,1,0,1,0,0,5,0,0,1,99,99,2,4,1,1,0,2,0,0,0.0,999999.0,999999.0,999999,99999.0,99999.0,99999.0,154.0,1,0,True,False,False,False,True,False,False,True,True,False,False,False,False,False,False,False,False,False,False,False,False,False,True,False,False,False,False,False,False,False,False,True,False,False,1
99,0,999999.0,875.0,44000.0,1,2,3,2,0,0,0,0,0,0,0,0,9,1,0,1,9,9,1,34,0,0,6,0,23,18,11000.0,11000.0,0.0,0,0.0,0.0,0.0,163.0,1,0,True,False,False,False,True,False,False,True,False,False,False,False,False,False,False,False,False,False,True,False,False,False,False,False,False,False,False,True,False,True,False,False,False,False,1
99,0,999999.0,312.0,6200.0,1,0,1,0,0,0,0,0,0,0,0,0,2,1,0,1,38,38,0,75,0,0,0,0,0,0,0.0,0.0,0.0,0,0.0,0.0,0.0,83.0,0,0,True,False,False,False,True,False,False,True,False,False,False,False,False,False,False,True,False,False,False,False,False,False,False,False,False,False,False,True,False,False,False,False,False,True,1
99,1,187500.0,0.0,56350.0,1,1,0,0,0,0,0,0,0,0,1,1,2,0,0,1,99,99,0,58,0,0,2,0,0,0,0.0,0.0,0.0,0,0.0,0.0,0.0,501.0,1,0,True,False,False,False,True,False,False,True,False,False,False,False,False,False,False,False,False,False,False,False,True,False,False,False,False,False,False,True,False,False,True,False,False,False,1
99,1,225000.0,0.0,26000.0,3,0,0,0,0,0,0,0,0,0,0,0,1,0,0,3,99,99,0,21,0,0,6,0,36,66,17500.0,17500.0,0.0,0,0.0,0.0,0.0,271.0,1,0,True,False,False,False,True,False,False,True,False,False,False,False,False,False,False,False,False,True,False,False,False,False,False,False,False,False,False,True,False,False,False,True,False,False,1
99,0,999999.0,675.0,25100.0,1,1,1,1,0,0,0,0,0,0,2,1,3,1,0,1,21,21,0,36,1,0,7,0,13,10,6600.0,1800.0,0.0,0,4800.0,0.0,0.0,259.0,1,1,True,False,False,False,True,False,False,True,False,False,False,True,False,False,False,False,False,False,False,False,False,False,False,False,False,False,False,True,False,False,True,False,False,False,1
99,1,162500.0,0.0,35720.0,2,0,0,0,0,0,0,0,0,0,0,0,1,0,0,2,99,99,0,46,0,0,5,0,17,13,1200.0,0.0,1200.0,0,0.0,0.0,0.0,19.0,1,0,True,False,False,False,True,False,False,True,False,False,False,False,False,False,False,False,False,True,False,False,False,False,False,False,False,False,False,True,False,False,False,True,False,False,0
99,1,187500.0,0.0,21300.0,1,0,1,0,1,0,1,0,0,0,0,0,3,0,0,1,99,99,1,14,1,1,2,1,0,0,0.0,999999.0,999999.0,999999,99999.0,99999.0,99999.0,213.0,0,0,True,False,False,False,True,False,False,True,True,False,False,False,False,False,False,False,False,False,False,False,False,False,False,False,False,False,False,True,False,False,False,True,False,False,1
99,1,275000.0,0.0,58900.0,1,1,0,0,0,0,0,0,0,0,2,1,2,0,0,1,99,99,0,69,1,0,7,0,41,68,54000.0,34000.0,0.0,0,0.0,0.0,0.0,501.0,1,2,True,False,False,False,True,False,False,True,False,False,False,True,False,False,False,False,False,False,False,False,False,False,False,False,False,False,False,True,False,False,True,False,False,False,1
99,1,112500.0,0.0,53720.0,1,1,0,0,0,0,0,0,0,0,2,1,2,0,0,1,99,99,0,64,1,0,6,0,20,52,20044.0,4200.0,0.0,0,7344.0,0.0,0.0,501.0,0,5,True,False,False,False,True,False,False,True,False,False,False,True,False,False,False,False,False,False,False,False,False,False,False,False,False,False,False,True,False,False,True,False,False,False,1
99,0,999999.0,675.0,35000.0,1,1,1,1,2,0,1,1,0,1,0,0,6,0,0,1,99,99,3,0,0,0,7,0,0,0,0.0,999999.0,999999.0,999999,99999.0,99999.0,99999.0,211.0,1,0,True,False,False,False,True,False,False,True,True,False,False,False,False,False,False,False,False,False,False,False,False,False,True,False,False,False,False,False,False,False,False,True,False,False,1
99,0,999999.0,575.0,9000.0,5,0,0,0,0,0,0,0,0,0,0,0,1,0,0,3,99,99,0,26,1,0,6,0,22,18,7000.0,7000.0,0.0,0,0.0,0.0,0.0,109.0,1,0,True,False,False,False,True,False,False,True,False,False,False,False,False,False,False,False,False,True,False,False,False,False,False,False,False,False,False,True,False,False,False,True,False,False,0
99,0,999999.0,1000.0,90000.0,1,1,1,1,0,0,0,0,0,0,1,1,3,1,1,1,3,3,0,34,0,0,8,0,41,68,30000.0,30000.0,0.0,0,0.0,0.0,0.0,501.0,1,0,True,False,False,False,True,False,False,True,False,False,False,False,False,False,False,False,False,False,False,False,True,False,True,False,False,False,False,False,False,False,True,False,False,False,1
99,1,275000.0,0.0,107200.0,1,1,1,1,0,0,0,0,0,0,2,1,5,3,0,1,20,16,0,49,1,0,7,0,41,68,55200.0,55000.0,0.0,0,0.0,0.0,0.0,501.0,1,2,True,False,False,False,True,False,False,True,False,False,False,True,False,False,False,False,False,False,False,False,False,False,False,False,False,False,False,True,False,False,True,False,False,False,1
99,0,999999.0,1.0,20000.0,6,0,0,0,0,0,0,0,0,0,0,0,1,0,0,6,99,99,0,8,1,1,1,1,0,0,0.0,999999.0,999999.0,999999,99999.0,99999.0,99999.0,1.0,0,0,True,False,False,False,True,False,False,True,False,False,False,False,False,True,False,False,False,False,False,False,False,False,False,False,False,False,False,True,False,False,False,True,False,False,1
99,0,999999.0,512.0,32600.0,1,1,1,0,4,0,1,0,0,0,1,1,6,0,0,1,99,99,1,29,0,0,1,0,22,18,9000.0,9000.0,0.0,0,0.0,0.0,0.0,183.0,1,0,True,False,False,False,True,False,False,True,False,False,False,False,False,False,False,False,False,False,False,False,True,False,False,False,False,False,False,True,False,False,True,False,False,False,1
99,1,112500.0,0.0,21156.0,1,1,0,0,0,0,0,0,0,0,1,2,2,0,0,1,99,99,0,62,1,0,4,0,0,0,0.0,0.0,0.0,0,0.0,0.0,0.0,255.0,0,0,True,False,False,False,True,False,False,True,False,False,False,False,False,False,False,False,False,False,False,False,True,False,False,False,False,False,False,True,False,False,True,False,False,False,1
99,0,999999.0,725.0,22000.0,1,0,0,0,0,0,0,0,0,0,0,0,1,0,0,1,99,99,0,43,0,0,6,0,16,15,22000.0,22000.0,0.0,0,0.0,0.0,0.0,341.0,1,2,True,False,False,False,True,False,False,True,False,False,False,True,False,False,False,False,False,False,False,False,False,False,True,False,False,False,False,False,True,False,False,False,False,False,1
99,1,400000.0,0.0,70000.0,1,1,1,1,0,0,0,0,0,0,1,1,3,1,1,1,4,4,0,38,0,0,7,0,24,44,10000.0,10000.0,0.0,0,0.0,0.0,0.0,501.0,1,0,True,False,False,False,True,False,False,True,False,False,False,False,False,False,False,False,False,False,False,False,True,False,False,False,False,False,False,True,False,False,True,False,False,False,1
99,0,999999.0,625.0,2000.0,1,0,1,0,0,0,0,0,0,0,0,0,2,1,0,1,27,27,0,45,0,0,7,0,0,0,0.0,0.0,0.0,0,0.0,0.0,0.0,24.0,0,5,True,False,False,False,True,False,False,True,False,False,False,True,False,False,False,False,False,False,False,False,False,False,False,False,False,False,False,True,True,False,False,False,False,False,1
99,1,350000.0,0.0,167348.0,1,1,1,1,2,0,1,1,0,1,0,0,3,0,0,1,99,99,0,22,1,1,7,1,24,47,20800.0,17300.0,0.0,0,0.0,0.0,3500.0,501.0,0,0,True,False,False,False,True,False,False,True,True,False,False,False,False,False,False,False,False,False,False,False,False,False,False,False,False,False,False,True,False,False,False,True,False,False,1
99,0,999999.0,512.0,32740.0,1,0,1,1,0,0,0,2,0,2,0,0,3,0,0,1,99,99,0,17,1,1,5,1,18,44,600.0,600.0,0.0,0,0.0,0.0,0.0,328.0,1,0,True,False,False,False,True,False,False,True,False,False,True,False,False,False,False,False,False,False,False,False,False,False,False,False,False,False,False,True,False,False,False,True,False,False,1
99,0,999999.0,412.0,40000.0,1,1,1,1,0,0,0,0,0,0,1,1,3,1,1,1,0,0,0,25,0,0,6,0,41,68,0.0,0.0,0.0,0,0.0,0.0,0.0,401.0,1,0,True,False,False,False,True,False,False,True,False,False,False,False,False,False,False,False,False,False,False,False,True,False,False,False,False,False,False,True,False,False,True,False,False,False,1
99,0,999999.0,1000.0,50000.0,1,1,1,1,2,0,1,1,0,1,0,0,3,0,0,1,99,99,0,1,1,0,7,0,0,0,0.0,999999.0,999999.0,999999,99999.0,99999.0,99999.0,501.0,1,0,True,False,False,False,True,False,False,True,True,False,False,False,False,False,False,False,False,False,False,False,False,False,False,False,False,False,False,True,False,False,False,True,False,False,1
99,1,137500.0,0.0,67000.0,1,1,1,1,2,0,1,1,0,1,0,0,5,0,0,1,99,99,2,6,0,1,0,1,0,0,0.0,999999.0,999999.0,999999,99999.0,99999.0,99999.0,453.0,0,0,True,False,False,False,True,False,False,True,True,False,False,False,False,False,False,False,False,False,False,False,False,False,False,False,False,False,False,True,False,False,False,True,False,False,1
99,0,999999.0,875.0,80000.0,1,1,1,1,2,0,1,1,0,1,0,0,9,0,0,1,99,99,5,8,0,1,1,1,0,0,0.0,999999.0,999999.0,999999,99999.0,99999.0,99999.0,319.0,1,0,True,False,False,False,True,False,False,True,True,False,False,False,False,False,False,False,False,False,False,False,False,False,False,False,False,False,False,True,False,False,False,True,False,False,1
99,1,400000.0,0.0,52710.0,1,1,1,1,0,0,0,0,0,0,1,1,5,3,0,1,26,20,0,57,0,0,1,0,23,23,4608.0,4608.0,0.0,0,0.0,0.0,0.0,342.0,0,0,True,False,False,False,True,False,False,True,False,False,False,False,False,False,False,False,False,False,False,False,True,False,False,False,False,False,False,True,False,False,True,False,False,False,1
99,0,999999.0,512.0,34000.0,1,1,1,1,2,0,1,1,0,1,0,0,4,0,0,1,99,99,1,22,1,0,6,0,25,15,20000.0,20000.0,0.0,0,0.0,0.0,0.0,266.0,0,0,True,False,False,False,True,False,False,True,True,False,False,False,False,False,False,False,False,False,False,False,False,False,False,False,False,False,False,True,False,False,False,True,False,False,0
99,0,999999.0,875.0,4550.0,2,0,2,0,3,0,3,0,0,0,0,0,3,0,0,2,99,99,1,14,0,1,2,2,0,0,0.0,999999.0,999999.0,999999,99999.0,99999.0,99999.0,262.0,1,0,True,False,False,False,True,False,False,True,False,False,False,False,False,True,False,False,False,False,False,False,False,False,False,False,False,False,False,True,False,False,False,True,False,False,1
99,0,999999.0,725.0,38000.0,1,0,0,0,0,0,0,0,0,0,0,0,1,0,0,1,99,99,0,37,1,0,8,0,42,84,38000.0,38000.0,0.0,0,0.0,0.0,0.0,501.0,1,1,True,False,False,False,True,False,False,True,False,False,False,True,False,False,False,False,False,False,False,False,False,False,False,False,False,False,False,True,True,False,False,False,False,False,1
99,0,999999.0,875.0,56385.0,1,1,0,0,0,0,0,0,0,0,1,1,2,0,0,1,99,99,0,23,0,0,7,0,22,61,24803.0,24375.0,0.0,0,0.0,0.0,0.0,501.0,1,0,True,False,False,False,True,False,False,True,False,False,False,False,False,False,False,False,False,False,False,False,True,False,False,False,False,False,False,True,False,False,True,False,False,False,1
99,0,999999.0,537.0,20000.0,1,1,1,1,0,0,0,0,0,0,1,1,3,1,1,1,0,0,0,22,0,0,6,0,22,61,9000.0,9000.0,0.0,0,0.0,0.0,0.0,200.0,1,0,True,False,False,False,True,False,False,True,False,False,False,False,False,False,False,False,False,False,False,False,True,False,False,False,False,False,False,True,False,False,True,False,False,False,1
99,0,999999.0,725.0,11600.0,1,0,1,0,1,0,1,0,0,0,0,0,5,0,0,1,99,99,3,3,1,0,0,0,0,0,0.0,999999.0,999999.0,999999,99999.0,99999.0,99999.0,80.0,1,0,True,False,False,False,True,False,False,True,True,False,False,False,False,False,False,False,False,False,False,False,False,False,False,False,False,False,True,False,False,False,False,True,False,False,1
99,0,999999.0,625.0,36200.0,1,1,1,1,0,0,0,0,0,0,1,1,4,2,2,1,2,1,0,22,0,0,7,0,22,61,17200.0,16000.0,0.0,0,0.0,1200.0,0.0,288.0,1,0,True,False,False,False,True,False,False,True,False,False,False,False,False,False,False,False,False,False,False,False,True,False,False,False,False,False,False,True,False,False,True,False,False,False,0
99,0,999999.0,412.0,70000.0,1,1,1,1,2,0,1,1,0,1,0,0,4,0,0,1,99,99,1,4,1,0,0,0,0,0,0.0,999999.0,999999.0,999999,99999.0,99999.0,99999.0,501.0,1,0,True,False,False,False,True,False,False,True,True,False,False,False,False,False,False,False,False,False,False,False,False,False,True,False,False,False,False,False,False,False,False,True,False,False,1
99,0,999999.0,725.0,27429.0,1,1,1,1,0,0,0,0,0,0,1,1,3,1,1,1,0,0,0,36,0,0,7,0,41,68,3200.0,3200.0,0.0,0,0.0,0.0,0.0,275.0,1,0,True,False,False,False,True,False,False,True,False,False,False,False,False,False,False,False,False,False,False,False,True,False,True,False,False,False,False,False,False,False,True,False,False,False,1
99,1,162500.0,0.0,45000.0,1,0,0,0,0,0,0,0,0,0,0,0,1,0,0,1,99,99,0,58,1,0,7,0,20,8,45000.0,45000.0,0.0,0,0.0,0.0,0.0,501.0,1,2,True,False,False,False,True,False,False,True,False,False,False,True,False,False,False,False,False,False,False,False,False,False,False,False,False,False,False,True,True,False,False,False,False,False,1
99,1,137500.0,0.0,60000.0,1,1,0,0,0,0,0,0,0,0,1,1,2,0,0,1,99,99,0,56,0,0,3,0,0,0,0.0,0.0,0.0,0,0.0,0.0,0.0,501.0,1,0,True,False,False,False,True,False,False,True,False,False,False,False,False,False,False,False,False,False,False,False,True,False,False,False,False,False,False,True,False,False,True,False,False,False,1
99,0,999999.0,625.0,6824.0,1,1,0,0,0,0,0,0,0,0,0,0,6,0,0,1,99,99,4,19,0,1,5,1,17,13,0.0,0.0,0.0,0,0.0,0.0,0.0,39.0,1,0,True,False,False,False,True,False,False,True,False,False,False,False,False,False,False,False,False,False,True,False,False,False,False,True,False,False,False,False,False,False,False,True,False,False,1
99,1,400000.0,0.0,136100.0,1,1,0,0,0,0,0,0,0,0,2,1,2,0,0,1,99,99,0,44,1,0,8,0,33,76,82100.0,82000.0,0.0,0,0.0,0.0,0.0,501.0,0,5,True,False,False,False,True,False,False,True,False,False,False,True,False,False,False,False,False,False,False,False,False,False,False,False,False,False,False,True,False,False,True,False,False,False,0
99,0,999999.0,262.0,11700.0,1,0,0,0,0,0,0,0,0,0,0,0,1,0,0,1,99,99,0,35,0,0,6,0,42,84,11700.0,11700.0,0.0,0,0.0,0.0,0.0,181.0,0,2,True,False,False,False,True,False,False,True,False,False,False,True,False,False,False,False,False,False,False,False,False,False,False,False,False,False,False,True,False,False,False,True,False,False,1
99,1,187500.0,0.0,19457.0,1,0,0,0,0,0,0,0,0,0,0,0,2,0,0,1,99,99,1,75,0,0,6,0,0,0,8724.0,0.0,0.0,0,8112.0,0.0,0.0,260.0,0,7,True,False,False,False,True,False,False,True,False,False,False,True,False,False,False,False,False,False,False,False,False,False,False,False,False,False,False,True,False,False,False,False,False,True,1
99,1,350000.0,0.0,91000.0,1,1,1,1,0,0,0,0,0,0,1,1,3,1,0,1,13,13,0,51,0,0,8,0,26,72,19000.0,19000.0,0.0,0,0.0,0.0,0.0,501.0,1,0,True,False,False,False,True,False,False,True,False,False,False,False,False,False,False,False,False,False,False,False,True,False,False,False,False,False,False,True,False,False,True,False,False,False,1
99,1,225000.0,0.0,51400.0,1,1,1,1,0,0,0,0,0,0,2,1,4,2,0,1,10,6,0,31,1,0,7,0,29,27,51000.0,51000.0,0.0,0,0.0,0.0,0.0,409.0,1,2,True,False,False,False,True,False,False,True,False,False,False,True,False,False,False,False,False,False,False,False,False,False,False,False,False,False,False,True,False,False,True,False,False,False,1
99,0,999999.0,1000.0,35000.0,8,0,0,0,0,0,0,0,0,0,0,0,1,0,0,7,99,99,0,10,1,1,2,2,0,0,0.0,999999.0,999999.0,999999,99999.0,99999.0,99999.0,1.0,1,0,True,False,False,False,True,False,False,True,False,False,False,False,False,True,False,False,False,False,False,False,False,False,False,False,False,False,False,True,False,False,False,True,False,False,1
99,1,112500.0,0.0,48200.0,1,1,1,1,2,0,1,1,0,1,0,0,4,0,0,1,99,99,1,9,0,1,1,1,0,0,0.0,999999.0,999999.0,999999,99999.0,99999.0,99999.0,371.0,1,0,True,False,False,False,True,False,False,True,True,False,False,False,False,False,False,False,False,False,False,False,False,False,False,False,False,False,False,True,False,False,False,True,False,False,1
99,0,999999.0,675.0,45000.0,2,0,1,1,0,0,0,0,0,0,0,0,7,2,0,1,32,22,0,67,0,0,0,0,0,0,0.0,0.0,0.0,0,0.0,0.0,0.0,224.0,1,0,True,False,False,False,True,False,False,True,False,False,False,False,False,False,False,True,False,False,False,False,False,False,False,False,False,False,False,True,False,True,False,False,False,False,1
99,1,275000.0,0.0,150440.0,1,1,1,1,2,0,1,1,0,1,0,0,6,0,0,1,99,99,3,30,0,0,7,0,22,61,1200.0,1200.0,0.0,0,0.0,0.0,0.0,501.0,0,0,True,False,False,False,True,False,False,True,True,False,False,False,False,False,False,False,False,False,False,False,False,False,True,False,False,False,False,False,False,False,False,True,False,False,1
99,1,350000.0,0.0,27000.0,2,0,0,0,0,0,0,0,0,0,0,0,1,0,0,1,99,99,0,44,1,0,7,0,29,27,27000.0,0.0,25000.0,0,0.0,0.0,0.0,419.0,0,6,True,False,False,False,True,False,False,True,False,False,False,True,False,False,False,False,False,False,False,False,False,False,False,False,False,False,False,True,True,False,False,False,False,False,1
99,0,999999.0,875.0,21340.0,2,0,0,0,0,0,0,0,0,0,0,0,1,0,0,1,99,99,0,28,1,0,8,0,22,51,21340.0,21310.0,0.0,0,0.0,0.0,0.0,331.0,1,2,True,False,False,False,True,False,False,True,False,False,False,True,False,False,False,False,False,False,False,False,False,False,True,False,False,False,False,False,False,False,False,True,False,False,1
99,0,999999.0,625.0,25000.0,1,0,0,0,0,0,0,0,0,0,0,0,1,0,0,1,99,99,0,49,1,0,8,0,79,92,25000.0,25000.0,0.0,0,0.0,0.0,0.0,388.0,0,6,True,False,False,False,True,False,False,True,False,False,False,True,False,False,False,False,False,False,False,False,False,False,False,False,False,False,False,True,False,True,False,False,False,False,1
99,1,400000.0,0.0,320709.0,1,1,0,0,0,0,0,0,0,0,2,1,2,0,0,1,99,99,0,75,1,0,7,0,41,68,313119.0,195516.0,35000.0,0,0.0,0.0,0.0,501.0,0,8,True,False,False,False,True,False,False,True,False,False,False,True,False,False,False,False,False,False,False,False,False,False,False,False,False,False,False,True,False,False,True,False,False,False,1
99,1,137500.0,0.0,52040.0,1,1,1,1,2,0,1,1,3,1,0,0,6,0,0,1,99,99,3,22,0,1,7,2,19,46,12000.0,12000.0,0.0,0,0.0,0.0,0.0,293.0,0,0,True,False,False,False,True,False,False,True,True,False,False,False,False,False,False,False,False,False,False,False,False,False,False,False,False,False,False,True,False,False,False,True,False,False,1
99,1,112500.0,0.0,37000.0,2,1,1,1,0,0,0,0,0,0,3,4,4,2,2,2,4,2,0,28,0,0,6,0,24,47,28000.0,28000.0,0.0,0,0.0,0.0,0.0,338.0,0,0,True,False,False,False,True,False,False,True,False,False,False,False,False,False,False,False,False,True,False,False,False,False,False,False,False,False,False,True,False,False,True,False,False,False,1
99,1,162500.0,0.0,40500.0,2,0,0,1,0,0,0,1,0,1,0,0,6,0,0,1,99,99,2,3,0,0,0,0,0,0,0.0,999999.0,999999.0,999999,99999.0,99999.0,99999.0,237.0,1,0,True,False,False,False,True,False,False,True,True,False,False,False,False,False,False,False,False,False,False,False,False,False,False,False,False,False,False,True,False,False,False,True,False,False,1
99,0,999999.0,462.0,23630.0,1,0,1,0,1,0,1,0,0,0,0,0,2,0,0,1,99,99,0,30,1,0,4,0,20,9,23000.0,23000.0,0.0,0,0.0,0.0,0.0,285.0,0,0,True,False,False,False,True,False,False,True,True,False,False,False,False,False,False,False,False,False,False,False,False,False,True,False,False,False,False,False,False,False,False,True,False,False,0
99,0,999999.0,1000.0,37680.0,1,0,0,0,0,0,0,0,0,0,0,0,2,0,0,1,99,99,1,57,1,0,7,0,25,44,34080.0,34000.0,0.0,0,0.0,0.0,0.0,454.0,1,2,True,False,False,False,True,False,False,True,False,False,False,True,False,False,False,False,False,False,False,False,False,False,False,False,False,False,False,True,False,False,False,True,False,False,1
99,0,999999.0,162.0,14772.0,1,1,1,1,2,0,1,1,0,1,0,0,8,0,0,1,99,99,4,8,1,1,1,1,0,0,0.0,999999.0,999999.0,999999,99999.0,99999.0,99999.0,70.0,0,0,True,False,False,False,True,False,False,True,True,False,False,False,False,False,False,False,False,False,False,False,False,False,False,False,False,False,False,True,False,False,False,True,False,False,1
99,1,162500.0,0.0,20728.0,1,1,0,0,0,0,0,0,0,0,1,1,2,0,0,1,99,99,0,64,0,0,3,0,0,0,3696.0,0.0,0.0,0,3696.0,0.0,0.0,250.0,0,0,True,False,False,False,True,False,False,True,False,False,False,False,False,False,False,False,False,False,False,False,True,False,False,False,False,False,False,True,False,False,True,False,False,False,1
99,0,999999.0,875.0,36800.0,1,0,1,0,0,0,0,0,0,0,0,0,3,2,0,1,20,13,0,43,0,0,7,0,41,68,29800.0,25000.0,0.0,0,0.0,0.0,4800.0,369.0,1,2,True,False,False,False,True,False,False,True,False,False,False,True,False,False,False,False,False,False,False,False,False,False,True,False,False,False,False,False,True,False,False,False,False,False,1
99,1,137500.0,0.0,110990.0,2,1,1,1,0,0,0,0,0,0,2,1,5,2,0,1,45,43,0,76,0,0,6,0,0,0,5940.0,0.0,0.0,0,5940.0,0.0,0.0,501.0,1,0,True,False,False,False,True,False,False,True,False,False,False,False,False,False,False,True,False,False,False,False,False,False,False,False,False,False,False,True,False,False,True,False,False,False,1
99,1,137500.0,0.0,20240.0,1,1,2,1,0,0,0,0,0,0,1,1,8,1,0,1,29,29,0,51,0,0,6,0,13,10,17000.0,17000.0,0.0,0,0.0,0.0,0.0,96.0,1,0,True,False,False,False,True,False,False,True,False,False,False,False,False,False,False,False,False,False,False,False,True,False,True,False,False,False,False,False,False,False,True,False,False,False,1
99,0,999999.0,725.0,70000.0,1,1,1,1,2,0,1,1,0,1,0,0,7,0,0,1,99,99,3,8,0,1,1,1,0,0,0.0,999999.0,999999.0,999999,99999.0,99999.0,99999.0,348.0,1,0,True,False,False,False,True,False,False,True,True,False,False,False,False,False,False,False,False,False,False,False,False,False,False,False,False,False,False,True,False,False,False,True,False,False,1
99,0,999999.0,462.0,48600.0,1,1,1,1,0,0,0,0,0,0,2,2,5,3,0,1,17,10,0,35,0,0,5,0,22,18,31000.0,30000.0,0.0,0,0.0,1000.0,0.0,328.0,1,6,True,False,False,False,True,False,False,True,False,False,False,True,False,False,False,False,False,False,False,False,False,False,False,False,False,False,False,True,False,False,True,False,False,False,0
99,0,999999.0,875.0,24850.0,2,0,0,0,0,0,0,0,0,0,0,0,1,0,0,1,99,99,0,28,1,0,8,0,39,73,24850.0,24000.0,0.0,0,0.0,0.0,700.0,385.0,1,1,True,False,False,False,True,False,False,True,False,False,False,True,False,False,False,False,False,False,False,False,False,False,False,False,False,False,False,True,False,False,False,True,False,False,1
99,0,999999.0,625.0,6000.0,1,1,1,1,2,0,1,1,0,1,0,0,8,0,0,1,99,99,5,7,0,1,1,1,0,0,0.0,999999.0,999999.0,999999,99999.0,99999.0,99999.0,28.0,1,0,True,False,False,False,True,False,False,True,True,False,False,False,False,False,False,False,False,False,False,False,False,False,False,False,False,False,False,True,False,False,False,True,False,False,1
99,0,999999.0,537.0,65000.0,1,1,1,1,0,0,0,0,0,0,2,1,4,2,0,1,13,7,0,28,1,0,7,0,29,27,35000.0,35000.0,0.0,0,0.0,0.0,0.0,501.0,0,6,True,False,False,False,True,False,False,True,False,False,False,True,False,False,False,False,False,False,False,False,False,False,False,False,False,False,False,True,False,False,True,False,False,False,1
99,0,999999.0,875.0,26000.0,2,0,0,0,0,0,0,0,0,0,0,0,1,0,0,2,99,99,0,31,1,0,8,0,35,62,20000.0,20000.0,0.0,0,0.0,0.0,0.0,310.0,0,0,True,False,False,False,True,False,False,True,False,False,False,False,False,False,False,False,False,True,False,False,False,False,False,False,False,False,False,True,True,False,False,False,False,False,1
99,0,999999.0,1000.0,36000.0,2,1,0,0,0,0,0,0,0,0,2,1,2,0,0,1,99,99,0,28,1,0,7,0,41,68,24000.0,24000.0,0.0,0,0.0,0.0,0.0,434.0,1,1,True,False,False,False,True,False,False,True,False,False,False,True,False,False,False,False,False,False,False,False,False,False,False,False,False,False,False,True,False,False,True,False,False,False,0
99,1,137500.0,0.0,65500.0,1,1,1,1,2,0,1,1,0,1,0,0,6,0,0,1,99,99,3,20,0,0,6,0,32,49,5000.0,5000.0,0.0,0,0.0,0.0,0.0,368.0,0,0,True,False,False,False,True,False,False,True,True,False,False,False,False,False,False,False,False,False,False,False,False,False,False,False,False,False,False,True,False,False,False,True,False,False,1
99,1,275000.0,0.0,49560.0,2,1,2,1,2,0,1,1,3,1,0,0,6,2,0,1,19,10,1,37,0,0,6,0,27,17,0.0,0.0,0.0,0,0.0,0.0,0.0,278.0,0,0,True,False,False,False,True,False,False,True,True,False,False,False,False,False,False,False,False,False,False,False,False,False,False,False,False,False,False,True,True,False,False,False,False,False,1
99,0,999999.0,487.0,28680.0,1,0,1,0,1,0,1,0,0,0,0,0,10,0,0,1,99,99,8,19,0,1,7,1,16,15,2300.0,2300.0,0.0,0,0.0,0.0,0.0,114.0,1,0,True,False,False,False,True,False,False,True,True,False,False,False,False,False,False,False,False,False,False,False,False,True,False,False,False,False,False,False,False,False,False,True,False,False,1
99,0,999999.0,625.0,12662.0,1,1,1,1,0,0,0,0,0,0,2,2,5,3,0,1,19,14,0,40,0,0,2,0,0,0,1300.0,0.0,0.0,0,0.0,0.0,0.0,81.0,0,5,True,False,False,False,True,False,False,True,False,False,False,True,False,False,False,False,False,False,False,False,False,False,False,True,False,False,False,False,False,False,True,False,False,False,1
99,0,999999.0,575.0,40994.0,1,1,1,1,0,0,0,0,0,0,1,1,9,3,1,1,10,1,0,32,0,0,7,0,18,44,16219.0,16219.0,0.0,0,0.0,0.0,0.0,159.0,1,0,True,False,False,False,True,False,False,True,False,False,False,False,False,False,False,False,False,False,False,False,True,False,False,False,False,False,False,True,False,False,True,False,False,False,1
99,1,137500.0,0.0,8000.0,1,1,1,2,0,0,0,0,0,0,1,1,5,2,1,1,5,3,0,35,0,0,8,0,0,0,0.0,0.0,0.0,0,0.0,0.0,0.0,53.0,1,0,True,False,False,False,True,False,False,True,False,False,False,False,False,False,False,False,False,False,False,False,True,False,False,True,False,False,False,False,False,False,True,False,False,False,1
99,0,999999.0,1000.0,86000.0,1,1,1,1,0,0,0,0,0,0,1,1,4,2,0,1,26,21,0,60,0,0,8,0,0,0,0.0,0.0,0.0,0,0.0,0.0,0.0,501.0,1,0,True,False,False,False,True,False,False,True,False,False,False,False,False,False,False,False,False,False,False,False,True,False,False,False,False,False,False,True,False,False,True,False,False,False,1
99,1,137500.0,0.0,21000.0,1,1,1,1,2,0,1,1,0,1,0,0,5,0,0,1,99,99,1,14,1,1,3,1,0,0,0.0,999999.0,999999.0,999999,99999.0,99999.0,99999.0,138.0,0,0,True,False,False,False,True,False,False,True,True,False,False,False,False,False,False,False,False,False,False,False,False,False,False,False,False,False,False,True,False,False,False,True,False,False,1
99,0,999999.0,625.0,10681.0,1,0,0,0,0,0,0,0,0,0,0,0,1,0,0,1,99,99,0,42,0,0,6,0,22,51,10681.0,8720.0,0.0,0,0.0,0.0,0.0,166.0,1,2,True,False,False,False,True,False,False,True,False,False,False,True,False,False,False,False,False,False,False,False,False,False,False,False,False,False,False,True,True,False,False,False,False,False,1
99,0,999999.0,575.0,48146.0,1,0,1,0,1,0,1,0,0,0,0,0,2,0,0,1,99,99,0,47,0,1,8,1,26,72,38546.0,37546.0,0.0,0,0.0,0.0,1000.0,501.0,1,0,True,False,False,False,True,False,False,True,True,False,False,False,False,False,False,False,False,False,False,False,False,False,False,False,False,False,False,True,False,False,False,True,False,False,1
99,0,999999.0,312.0,13000.0,1,1,0,0,0,0,0,0,0,0,2,1,2,0,0,1,99,99,0,79,1,0,6,0,0,0,9400.0,0.0,0.0,0,7200.0,0.0,0.0,173.0,0,6,True,False,False,False,True,False,False,True,False,False,False,True,False,False,False,False,False,False,False,False,False,False,False,False,False,False,False,True,False,False,True,False,False,False,1
99,0,999999.0,362.0,12012.0,1,0,0,0,0,0,0,0,0,0,0,0,1,0,0,1,99,99,0,21,0,0,6,0,41,72,12012.0,12012.0,0.0,0,0.0,0.0,0.0,186.0,1,1,True,False,False,False,True,False,False,True,False,False,False,True,False,False,False,False,False,False,False,False,False,False,False,False,False,False,False,True,False,False,False,True,False,False,1
99,0,999999.0,387.0,25325.0,3,0,0,0,0,0,0,0,0,0,0,0,5,0,0,1,99,99,0,22,0,0,0,0,13,23,6400.0,6400.0,0.0,0,0.0,0.0,0.0,162.0,0,0,True,False,False,False,True,False,False,True,False,False,False,False,False,False,True,False,False,False,False,False,False,False,False,False,False,False,False,True,False,False,False,True,False,False,0
99,0,999999.0,462.0,1500.0,2,0,1,0,1,0,1,0,0,0,0,0,5,0,0,1,99,99,2,12,1,1,2,1,0,0,0.0,999999.0,999999.0,999999,99999.0,99999.0,99999.0,10.0,1,0,True,False,False,False,True,False,False,True,True,False,False,False,False,False,False,False,False,False,False,False,False,False,False,False,False,False,False,True,False,False,False,True,False,False,1
99,1,350000.0,0.0,88435.0,1,2,0,0,0,0,0,0,0,0,1,1,6,0,0,1,99,99,1,46,0,0,8,0,22,51,24000.0,24000.0,0.0,0,0.0,0.0,0.0,499.0,0,0,True,False,False,False,True,False,False,True,False,False,False,False,False,False,False,False,False,False,False,False,True,False,False,False,False,True,False,False,False,False,True,False,False,False,1
99,0,999999.0,875.0,13000.0,1,0,0,1,0,0,0,0,0,0,0,0,4,3,0,1,20,11,0,46,1,0,7,0,24,47,13000.0,13000.0,0.0,0,0.0,0.0,0.0,100.0,1,2,True,False,False,False,True,False,False,True,False,False,False,True,False,False,False,False,False,False,False,False,False,False,False,True,False,False,False,False,True,False,False,False,False,False,1
99,0,999999.0,875.0,14000.0,3,0,0,0,0,0,0,0,0,0,0,0,1,0,0,3,99,99,0,34,1,0,7,0,24,47,18010.0,18000.0,0.0,0,0.0,0.0,0.0,279.0,1,0,True,False,False,False,True,False,False,True,False,False,False,False,False,False,False,False,False,True,False,False,False,False,False,False,False,False,False,True,False,False,False,True,False,False,1
99,1,137500.0,0.0,20000.0,1,1,0,0,0,0,0,0,0,0,1,1,2,0,0,1,99,99,0,46,0,0,1,0,0,0,0.0,0.0,0.0,0,0.0,0.0,0.0,241.0,0,0,True,False,False,False,True,False,False,True,False,False,False,False,False,False,False,False,False,False,False,False,True,False,False,False,False,False,False,True,False,False,True,False,False,False,1
99,1,400000.0,0.0,133515.0,2,0,0,0,0,0,0,0,0,0,0,0,1,0,0,1,99,99,0,40,1,0,8,0,61,93,133515.0,0.0,123515.0,0,0.0,0.0,0.0,501.0,1,2,True,False,False,False,True,False,False,True,False,False,False,True,False,False,False,False,False,False,False,False,False,False,False,False,False,False,False,True,False,False,False,True,False,False,1
99,0,999999.0,237.0,12856.0,1,0,0,1,0,0,0,0,0,0,0,0,5,4,2,1,28,1,0,62,1,0,7,0,20,9,4900.0,4900.0,0.0,0,0.0,0.0,0.0,85.0,1,2,True,False,False,False,True,False,False,True,False,False,False,True,False,False,False,False,False,False,False,False,False,False,False,True,False,False,False,False,True,False,False,False,False,False,0
99,0,999999.0,187.0,24000.0,1,1,0,0,0,0,0,0,0,0,1,1,2,0,0,1,99,99,0,22,0,0,7,0,22,18,12000.0,12000.0,0.0,0,0.0,0.0,0.0,289.0,1,0,True,False,False,False,True,False,False,True,False,False,False,False,False,False,False,False,False,False,False,False,True,False,False,False,False,False,False,True,False,False,True,False,False,False,1
99,1,275000.0,0.0,70000.0,1,1,1,1,2,0,1,1,0,1,0,0,3,0,0,1,99,99,0,21,1,0,7,0,26,47,10000.0,10000.0,0.0,0,0.0,0.0,0.0,501.0,0,0,True,False,False,False,True,False,False,True,True,False,False,False,False,False,False,False,False,False,False,False,False,False,False,False,False,False,False,True,False,False,False,True,False,False,1
99,1,400000.0,0.0,326031.0,1,1,1,1,0,0,0,0,0,0,1,1,5,3,0,1,19,13,0,46,0,0,4,0,41,68,0.0,0.0,0.0,0,0.0,0.0,0.0,501.0,0,0,True,False,False,False,True,False,False,True,False,False,False,False,False,False,False,False,False,False,False,False,True,False,False,False,False,False,False,True,False,False,True,False,False,False,1
99,0,999999.0,575.0,38000.0,1,0,0,0,0,0,0,0,0,0,0,0,1,0,0,1,99,99,0,32,0,0,8,0,31,73,38000.0,38000.0,0.0,0,0.0,0.0,0.0,501.0,1,2,True,False,False,False,True,False,False,True,False,False,False,True,False,False,False,False,False,False,False,False,False,False,False,False,False,False,False,True,False,False,False,True,False,False,1
99,0,999999.0,512.0,70735.0,1,1,0,0,0,0,0,0,0,0,2,1,2,0,0,1,99,99,0,33,1,0,7,0,41,68,69020.0,69000.0,0.0,0,0.0,0.0,0.0,501.0,0,5,True,False,False,False,True,False,False,True,False,False,False,True,False,False,False,False,False,False,False,False,False,False,False,False,False,False,False,True,False,False,True,False,False,False,1
99,1,400000.0,0.0,80000.0,1,1,1,1,0,0,0,0,0,0,1,1,7,2,0,1,12,9,0,37,0,0,6,0,0,0,0.0,0.0,0.0,0,0.0,0.0,0.0,398.0,0,0,True,False,False,False,True,False,False,True,False,False,False,False,False,False,False,False,False,False,False,False,True,False,False,True,False,False,False,False,False,False,True,False,False,False,1
99,1,187500.0,0.0,68000.0,1,1,1,1,0,0,0,0,0,0,1,1,4,2,0,1,11,5,0,34,0,0,7,0,37,78,32000.0,32000.0,0.0,0,0.0,0.0,0.0,501.0,0,0,True,False,False,False,True,False,False,True,False,False,False,False,False,False,False,False,False,False,False,False,True,False,False,False,True,False,False,False,False,False,True,False,False,False,1
99,1,350000.0,0.0,45048.0,1,1,1,1,2,0,1,1,0,1,0,0,3,0,0,1,99,99,0,26,1,0,8,0,38,68,24300.0,24000.0,0.0,0,0.0,0.0,0.0,464.0,0,0,True,False,False,False,True,False,False,True,True,False,False,False,False,False,False,False,False,False,False,False,False,False,False,False,True,False,False,False,False,False,False,True,False,False,1
99,1,275000.0,0.0,34470.0,1,1,1,1,2,0,1,1,0,1,0,0,3,0,0,1,99,99,0,27,1,0,7,0,27,26,16985.0,16960.0,0.0,0,0.0,0.0,0.0,355.0,0,0,True,False,False,False,True,False,False,True,True,False,False,False,False,False,False,False,False,False,False,False,False,False,False,False,False,False,False,True,False,False,False,True,False,False,0
99,1,225000.0,0.0,45300.0,2,0,0,0,0,0,0,0,0,0,0,0,1,0,0,1,99,99,0,79,0,0,2,0,26,72,45300.0,45000.0,0.0,0,0.0,0.0,0.0,501.0,0,6,True,False,False,False,True,False,False,True,False,False,False,True,False,False,False,False,False,False,False,False,False,False,True,False,False,False,False,False,False,False,False,False,False,True,1
99,0,999999.0,875.0,52000.0,1,0,0,0,0,0,0,0,0,0,0,0,2,0,0,1,99,99,1,27,1,0,6,0,22,18,26000.0,26000.0,0.0,0,0.0,0.0,0.0,501.0,1,0,True,False,False,False,True,False,False,True,False,False,False,False,False,False,False,False,False,False,True,False,False,False,True,False,False,False,False,False,False,False,False,True,False,False,1
99,0,999999.0,875.0,56000.0,1,1,0,0,0,0,0,0,0,0,2,1,2,0,0,1,99,99,0,26,1,0,8,0,37,78,26000.0,26000.0,0.0,0,0.0,0.0,0.0,501.0,1,1,True,False,False,False,True,False,False,True,False,False,False,True,False,False,False,False,False,False,False,False,False,False,False,False,False,False,False,True,False,False,True,False,False,False,1
99,0,999999.0,437.0,21000.0,1,0,0,0,0,0,0,0,0,0,0,0,2,0,0,1,99,99,1,31,1,0,7,0,25,48,13800.0,13800.0,0.0,0,0.0,0.0,0.0,253.0,0,0,True,False,False,False,True,False,False,True,False,False,False,False,False,False,False,False,False,False,True,False,False,False,False,False,False,False,False,True,False,False,False,True,False,False,1
99,1,350000.0,0.0,75000.0,1,1,1,1,0,0,0,0,0,0,2,1,5,3,0,1,23,12,0,47,1,0,8,0,41,68,57000.0,55000.0,0.0,0,0.0,0.0,0.0,479.0,0,6,True,False,False,False,True,False,False,True,False,False,False,True,False,False,False,False,False,False,False,False,False,False,False,False,False,False,False,True,False,False,True,False,False,False,1
99,1,52500.0,0.0,59495.0,1,1,2,1,2,0,1,1,0,1,0,0,6,0,0,1,99,99,2,8,0,1,1,1,0,0,0.0,999999.0,999999.0,999999,99999.0,99999.0,99999.0,348.0,0,0,True,False,False,False,True,False,False,True,True,False,False,False,False,False,False,False,False,False,False,False,False,False,False,False,False,False,False,True,False,False,False,True,False,False,1
99,1,275000.0,0.0,95000.0,1,1,0,0,0,0,0,0,0,0,0,0,4,0,0,1,99,99,2,15,1,1,4,2,0,0,0.0,999999.0,999999.0,999999,0.0,0.0,0.0,501.0,0,0,True,False,False,False,True,False,False,True,False,False,False,False,False,False,False,False,False,False,True,False,False,False,False,False,False,False,False,True,False,False,False,True,False,False,1
99,0,999999.0,875.0,12746.0,1,1,0,0,0,0,0,0,0,0,1,2,2,0,0,1,99,99,0,76,1,0,6,0,20,8,5184.0,0.0,0.0,0,5184.0,0.0,0.0,170.0,1,0,True,False,False,False,True,False,False,True,False,False,False,False,False,False,False,False,False,False,False,False,True,False,True,False,False,False,False,False,False,False,True,False,False,False,1
99,1,162500.0,0.0,55652.0,1,1,2,1,2,0,1,1,0,1,0,0,5,0,0,1,99,99,1,9,0,1,1,2,0,0,0.0,999999.0,999999.0,999999,99999.0,99999.0,99999.0,356.0,0,0,True,False,False,False,True,False,False,True,True,False,False,False,False,False,False,False,False,False,False,False,False,False,False,False,False,True,False,False,False,False,False,True,False,False,1
99,1,137500.0,0.0,67000.0,1,1,1,1,0,0,0,0,0,0,1,1,3,1,0,1,25,25,0,54,0,0,0,0,0,0,0.0,0.0,0.0,0,0.0,0.0,0.0,501.0,0,0,True,False,False,False,True,False,False,True,False,False,False,False,False,False,False,False,False,False,False,False,True,False,True,False,False,False,False,False,False,False,True,False,False,False,1
99,0,999999.0,262.0,16000.0,1,1,1,1,0,0,0,0,0,0,2,1,6,4,0,1,15,5,0,42,1,0,2,0,23,18,16000.0,16000.0,0.0,0,0.0,0.0,0.0,97.0,1,1,True,False,False,False,True,False,False,True,False,False,False,True,False,False,False,False,False,False,False,False,False,False,False,False,False,False,False,True,False,False,True,False,False,False,1
99,0,999999.0,875.0,9000.0,2,0,0,0,0,0,0,0,0,0,0,0,1,0,0,2,99,99,0,36,1,0,7,0,20,52,12000.0,12000.0,0.0,0,0.0,0.0,0.0,186.0,1,0,True,False,False,False,True,False,False,True,False,False,False,False,False,False,False,False,False,True,False,False,False,False,True,False,False,False,False,False,False,False,False,True,False,False,0
99,1,400000.0,0.0,65000.0,1,1,1,1,2,0,1,1,3,1,0,0,6,0,0,1,99,99,3,10,1,1,2,1,0,0,0.0,999999.0,999999.0,999999,99999.0,99999.0,99999.0,392.0,1,0,True,False,False,False,True,False,False,True,True,False,False,False,False,False,False,False,False,False,False,False,False,False,False,False,False,False,False,True,False,False,False,True,False,False,1
99,1,225000.0,0.0,100000.0,1,1,2,1,0,0,0,0,0,0,1,1,4,1,0,1,16,16,0,39,0,0,8,0,35,62,60000.0,60000.0,0.0,0,0.0,0.0,0.0,501.0,0,0,True,False,False,False,True,False,False,True,False,False,False,False,False,False,False,False,False,False,False,False,True,False,False,False,False,True,False,False,False,False,True,False,False,False,1
99,0,999999.0,875.0,28125.0,1,1,1,1,0,0,0,0,0,0,0,0,13,0,0,1,99,99,5,16,1,0,2,0,0,0,0.0,0.0,0.0,0,0.0,0.0,0.0,117.0,1,0,True,False,False,False,True,False,False,True,False,False,False,False,False,False,False,False,False,False,True,False,False,False,False,False,False,False,False,True,False,False,False,True,False,False,1
99,1,85000.0,0.0,47584.0,2,1,1,2,2,0,1,1,0,1,0,0,7,2,1,1,12,1,2,33,1,0,6,0,16,15,13139.0,13139.0,0.0,0,0.0,0.0,0.0,237.0,0,0,True,False,False,False,True,False,False,True,True,False,False,False,False,False,False,False,False,False,False,False,False,False,False,False,False,False,False,True,False,True,False,False,False,False,1
99,1,225000.0,0.0,25891.0,1,1,1,1,1,0,1,2,0,1,0,0,8,0,0,1,99,99,5,11,1,1,2,1,0,0,0.0,999999.0,999999.0,999999,99999.0,99999.0,99999.0,123.0,0,0,True,False,False,False,True,False,False,True,True,False,False,False,False,False,False,False,False,False,False,False,False,False,False,False,False,False,False,True,False,False,False,True,False,False,1
99,1,225000.0,0.0,7822.0,2,1,1,1,2,0,1,1,0,1,0,0,7,0,0,1,99,99,3,13,1,1,2,1,0,0,0.0,999999.0,999999.0,999999,99999.0,99999.0,99999.0,42.0,1,0,True,False,False,False,True,False,False,True,True,False,False,False,False,False,False,False,False,False,False,False,False,False,False,False,False,False,False,True,False,False,False,True,False,False,1
99,0,999999.0,675.0,23000.0,2,0,0,0,0,0,0,0,0,0,0,0,1,0,0,2,99,99,0,24,1,0,8,0,35,62,25050.0,25000.0,0.0,0,0.0,0.0,0.0,388.0,1,0,True,False,False,False,True,False,False,True,False,False,False,False,False,False,False,False,False,True,False,False,False,False,False,False,False,False,False,True,False,False,False,True,False,False,1
99,0,999999.0,875.0,21341.0,1,0,1,0,0,0,0,0,0,0,0,0,3,2,0,1,8,5,0,29,0,0,6,0,24,44,21341.0,21341.0,0.0,0,0.0,0.0,0.0,214.0,1,1,True,False,False,False,True,False,False,True,False,False,False,True,False,False,False,False,False,False,False,False,False,False,False,False,False,True,False,False,False,False,False,True,False,False,1
99,1,225000.0,0.0,89737.0,1,1,1,1,0,0,0,0,0,0,2,1,4,2,0,1,22,19,0,56,1,0,7,0,22,51,61000.0,60000.0,0.0,0,0.0,0.0,0.0,501.0,0,6,True,False,False,False,True,False,False,True,False,False,False,True,False,False,False,False,False,False,False,False,False,False,False,False,False,False,False,True,False,False,True,False,False,False,1
99,0,999999.0,575.0,56300.0,1,0,0,0,0,0,0,0,0,0,0,0,1,0,0,1,99,99,0,49,0,0,6,0,41,68,56300.0,54000.0,0.0,0,0.0,0.0,0.0,501.0,1,2,True,False,False,False,True,False,False,True,False,False,False,True,False,False,False,False,False,False,False,False,False,False,False,False,False,False,False,True,True,False,False,False,False,False,1
99,1,400000.0,0.0,322603.0,1,1,1,1,0,0,0,0,0,0,1,1,4,2,0,1,13,9,0,43,0,0,7,0,22,51,140000.0,135000.0,0.0,0,0.0,0.0,0.0,501.0,0,0,True,False,False,False,True,False,False,True,False,False,False,False,False,False,False,False,False,False,False,False,True,False,False,False,False,False,False,True,False,False,True,False,False,False,1
99,1,275000.0,0.0,28000.0,1,1,1,1,0,0,0,0,0,0,1,1,3,1,0,1,13,13,0,36,0,0,6,0,0,0,0.0,0.0,0.0,0,0.0,0.0,0.0,281.0,0,0,True,False,False,False,True,False,False,True,False,False,False,False,False,False,False,False,False,False,False,False,True,False,False,False,False,False,False,True,False,False,True,False,False,False,1
99,0,999999.0,725.0,48200.0,1,2,2,2,0,0,0,0,0,0,0,0,10,0,0,1,99,99,0,2,0,0,7,0,0,0,0.0,999999.0,999999.0,999999,99999.0,99999.0,99999.0,182.0,1,0,True,False,False,False,True,False,False,True,False,False,False,False,False,False,True,False,False,False,False,False,False,False,False,False,False,False,False,True,False,False,False,True,False,False,1
99,1,137500.0,0.0,40000.0,1,1,1,1,2,0,1,1,0,1,0,0,5,0,0,1,99,99,2,1,1,0,7,0,0,0,0.0,999999.0,999999.0,999999,99999.0,99999.0,99999.0,270.0,1,0,True,False,False,False,True,False,False,True,True,False,False,False,False,False,False,False,False,False,False,False,False,False,False,False,False,False,False,True,False,False,False,True,False,False,1
99,0,999999.0,625.0,7500.0,2,0,0,0,0,0,0,0,0,0,0,0,1,0,0,1,99,99,0,32,0,0,7,0,11,11,7500.0,7500.0,0.0,0,0.0,0.0,0.0,116.0,1,1,True,False,False,False,True,False,False,True,False,False,False,True,False,False,False,False,False,False,False,False,False,False,False,False,False,False,False,True,True,False,False,False,False,False,0
99,1,400000.0,0.0,69000.0,1,1,1,1,2,0,1,1,0,1,0,0,4,0,0,1,99,99,1,9,1,1,1,2,0,0,0.0,999999.0,999999.0,999999,99999.0,99999.0,99999.0,501.0,0,0,True,False,False,False,True,False,False,True,True,False,False,False,False,False,False,False,False,False,False,False,False,False,False,False,False,False,False,True,False,False,False,True,False,False,1
99,1,400000.0,0.0,74600.0,2,1,1,1,0,0,0,0,0,0,1,1,4,2,1,1,7,1,0,39,0,1,8,1,31,73,4600.0,4000.0,0.0,0,0.0,0.0,0.0,501.0,1,0,True,False,False,False,True,False,False,True,False,False,False,False,False,False,False,False,False,False,False,False,True,False,False,False,False,False,False,True,False,False,True,False,False,False,1
99,0,999999.0,875.0,23200.0,1,1,1,1,2,0,1,1,0,1,0,0,5,0,0,1,99,99,2,4,1,1,0,1,0,0,0.0,999999.0,999999.0,999999,99999.0,99999.0,99999.0,157.0,1,0,True,False,False,False,True,False,False,True,True,False,False,False,False,False,False,False,False,False,False,False,False,False,False,False,False,False,False,True,False,False,False,True,False,False,1
99,0,999999.0,875.0,37509.0,1,0,3,0,4,0,5,0,0,0,0,0,10,0,0,1,99,99,3,2,1,0,7,0,0,0,0.0,999999.0,999999.0,999999,99999.0,99999.0,99999.0,150.0,1,0,True,False,False,False,True,False,False,True,False,False,True,False,False,False,False,False,False,False,False,False,False,False,False,False,False,False,False,True,False,False,False,True,False,False,1
99,0,999999.0,725.0,39000.0,2,1,2,1,0,0,0,0,0,0,2,1,9,4,0,1,19,14,0,38,1,0,1,0,23,18,11000.0,11000.0,0.0,0,0.0,0.0,0.0,145.0,0,5,True,False,False,False,True,False,False,True,False,False,False,True,False,False,False,False,False,False,False,False,False,False,False,False,False,False,False,True,False,False,True,False,False,False,1
99,0,999999.0,875.0,40284.0,1,0,1,0,0,0,0,0,0,0,0,0,3,2,0,1,5,5,0,30,0,0,7,0,25,48,40284.0,37442.0,0.0,0,2842.0,0.0,0.0,403.0,0,5,True,False,False,False,True,False,False,True,False,False,False,True,False,False,False,False,False,False,False,False,False,False,True,False,False,False,False,False,True,False,False,False,False,False,1
99,0,999999.0,412.0,26665.0,1,1,1,1,0,0,0,0,0,0,0,0,5,0,0,1,99,99,0,40,1,0,2,0,23,18,3600.0,3600.0,0.0,0,0.0,0.0,0.0,170.0,1,0,True,False,False,False,True,False,False,True,False,False,False,False,False,False,True,False,False,False,False,False,False,False,False,False,False,False,False,True,False,True,False,False,False,False,0
99,0,999999.0,625.0,51750.0,6,1,2,1,2,0,1,1,0,1,0,0,7,0,0,1,99,99,3,10,0,1,2,1,0,0,0.0,999999.0,999999.0,999999,99999.0,99999.0,99999.0,261.0,0,0,True,False,False,False,True,False,False,True,True,False,False,False,False,False,False,False,False,False,False,False,False,False,False,False,False,False,False,True,False,False,False,True,False,False,1
99,0,999999.0,575.0,16000.0,1,2,2,2,2,0,1,1,0,1,0,0,7,0,0,1,99,99,0,0,1,0,7,0,0,0,0.0,999999.0,999999.0,999999,99999.0,99999.0,99999.0,81.0,1,0,True,False,False,False,True,False,False,True,True,False,False,False,False,False,False,False,False,False,False,False,False,False,False,False,False,False,False,True,False,False,False,True,False,False,1
99,0,999999.0,875.0,19800.0,2,1,1,1,0,0,0,0,0,0,1,1,3,1,0,1,24,24,0,54,0,0,7,0,0,0,0.0,0.0,0.0,0,0.0,0.0,0.0,204.0,1,0,True,False,False,False,True,False,False,True,False,False,False,False,False,False,False,False,False,False,False,False,True,False,False,True,False,False,False,False,False,False,True,False,False,False,1
99,0,999999.0,625.0,41000.0,1,1,2,1,0,0,0,0,0,0,1,1,4,1,1,1,2,2,0,33,0,0,7,0,24,47,0.0,0.0,0.0,0,0.0,0.0,0.0,315.0,1,0,True,False,False,False,True,False,False,True,False,False,False,False,False,False,False,False,False,False,False,False,True,False,False,False,False,True,False,False,False,False,True,False,False,False,1
99,0,999999.0,237.0,15955.0,1,1,1,1,2,0,1,1,3,1,0,0,6,0,0,1,99,99,3,15,1,1,3,1,0,0,0.0,999999.0,999999.0,999999,0.0,0.0,0.0,96.0,1,0,True,False,False,False,True,False,False,True,True,False,False,False,False,False,False,False,False,False,False,False,False,False,False,False,False,False,False,True,False,False,False,True,False,False,1
99,0,999999.0,462.0,15381.0,1,1,1,1,2,0,1,1,3,1,0,0,4,0,0,1,99,99,1,12,1,1,2,1,0,0,0.0,999999.0,999999.0,999999,99999.0,99999.0,99999.0,122.0,1,0,True,False,False,False,True,False,False,True,True,False,False,False,False,False,False,False,False,False,False,False,False,False,False,False,False,False,False,True,False,False,False,True,False,False,1
99,0,999999.0,625.0,4944.0,2,0,0,1,0,0,0,1,0,1,0,0,7,0,0,1,99,99,5,5,1,1,0,1,0,0,0.0,999999.0,999999.0,999999,99999.0,99999.0,99999.0,28.0,1,0,True,False,False,False,True,False,False,True,True,False,False,False,False,False,False,False,False,False,False,False,False,False,False,False,False,False,False,True,False,False,False,True,False,False,1
99,0,999999.0,537.0,4000.0,3,0,1,0,0,0,0,0,0,0,0,0,3,2,2,1,1,0,0,20,0,0,1,0,20,9,4000.0,4000.0,0.0,0,0.0,0.0,0.0,40.0,1,1,True,False,False,False,True,False,False,True,False,False,False,True,False,False,False,False,False,False,False,False,False,False,False,False,False,False,False,True,False,False,False,True,False,False,1
99,1,225000.0,0.0,41411.0,1,1,1,0,3,0,1,0,0,0,2,1,3,0,0,1,99,99,0,51,1,1,8,1,26,72,24219.0,2375.0,0.0,0,0.0,0.0,0.0,427.0,0,6,True,False,False,False,True,False,False,True,False,False,False,True,False,False,False,False,False,False,False,False,False,False,False,False,False,False,False,True,False,False,True,False,False,False,1
99,0,999999.0,512.0,15000.0,5,0,0,0,0,0,0,0,0,0,0,0,1,0,0,3,99,99,0,29,1,0,2,0,22,10,22000.0,22000.0,0.0,0,0.0,0.0,0.0,341.0,0,0,True,False,False,False,True,False,False,True,False,False,False,False,False,True,False,False,False,False,False,False,False,False,False,False,False,False,False,True,False,False,False,True,False,False,1
99,1,275000.0,0.0,40000.0,1,1,1,1,0,0,0,0,0,0,1,1,3,1,1,1,0,0,0,41,0,0,8,0,0,0,0.0,0.0,0.0,0,0.0,0.0,0.0,401.0,1,0,True,False,False,False,True,False,False,True,False,False,False,False,False,False,False,False,False,False,False,False,True,False,False,True,False,False,False,False,False,False,True,False,False,False,1
99,0,999999.0,625.0,15400.0,1,1,1,1,0,0,0,0,0,0,0,0,6,0,0,1,99,99,0,21,0,0,2,0,0,0,0.0,0.0,0.0,0,0.0,0.0,0.0,86.0,1,0,True,False,False,False,True,False,False,True,False,False,False,False,False,False,True,False,False,False,False,False,False,False,False,False,False,False,False,True,False,True,False,False,False,False,1
99,1,187500.0,0.0,54000.0,1,1,1,1,2,0,1,1,0,1,0,0,6,0,0,1,99,99,3,21,1,1,8,2,79,92,17000.0,17000.0,0.0,0,0.0,0.0,0.0,310.0,0,0,True,False,False,False,True,False,False,True,True,False,False,False,False,False,False,False,False,False,False,False,False,False,False,False,False,False,False,True,False,False,False,True,False,False,1
99,0,999999.0,875.0,12000.0,2,0,1,0,1,0,1,0,0,0,0,0,3,0,0,1,99,99,1,2,0,0,7,0,0,0,0.0,999999.0,999999.0,999999,99999.0,99999.0,99999.0,120.0,1,0,True,False,False,False,True,False,False,True,True,False,False,False,False,False,False,False,False,False,False,False,False,False,False,False,False,False,False,True,False,False,False,True,False,False,1
99,0,999999.0,1000.0,63051.0,1,1,0,0,0,0,0,0,0,0,2,1,2,0,0,1,99,99,0,33,1,1,8,2,24,44,55001.0,65000.0,0.0,0,0.0,0.0,0.0,501.0,1,1,True,False,False,False,True,False,False,True,False,False,False,True,False,False,False,False,False,False,False,False,False,False,False,False,False,False,False,True,False,False,True,False,False,False,1
99,1,350000.0,0.0,114012.0,1,1,0,0,0,0,0,0,0,0,2,2,2,0,0,1,99,99,0,28,0,0,8,0,41,68,67812.0,67312.0,0.0,0,0.0,0.0,0.0,501.0,1,1,True,False,False,False,True,False,False,True,False,False,False,True,False,False,False,False,False,False,False,False,False,False,False,False,False,False,False,True,False,False,True,False,False,False,1
99,1,275000.0,0.0,64159.0,1,1,1,1,2,0,1,1,0,1,0,0,5,0,0,1,99,99,1,15,0,1,3,1,0,0,0.0,999999.0,999999.0,999999,0.0,0.0,0.0,423.0,0,0,True,False,False,False,True,False,False,True,True,False,False,False,False,False,False,False,False,False,False,False,False,False,False,False,False,True,False,False,False,False,False,True,False,False,1
99,0,999999.0,412.0,36580.0,1,0,0,0,0,0,0,0,0,0,0,0,1,0,0,1,99,99,0,49,0,0,8,0,26,58,36580.0,35000.0,0.0,0,0.0,0.0,0.0,501.0,0,6,True,False,False,False,True,False,False,True,False,False,False,True,False,False,False,False,False,False,False,False,False,False,False,False,False,False,False,True,True,False,False,False,False,False,1
99,1,162500.0,0.0,26097.0,1,1,0,0,0,0,0,0,0,0,2,1,2,0,0,1,99,99,0,66,1,0,7,0,17,11,15618.0,0.0,7500.0,0,6298.0,0.0,0.0,348.0,0,8,True,False,False,False,True,False,False,True,False,False,False,True,False,False,False,False,False,False,False,False,False,False,False,False,True,False,False,False,False,False,True,False,False,False,1
99,0,999999.0,362.0,44600.0,1,1,1,1,2,0,1,1,0,1,0,0,4,0,0,1,99,99,1,6,1,1,0,2,0,0,0.0,999999.0,999999.0,999999,99999.0,99999.0,99999.0,355.0,1,0,True,False,False,False,True,False,False,True,True,False,False,False,False,False,False,False,False,False,False,False,False,False,True,False,False,False,False,False,False,False,False,True,False,False,1
99,1,112500.0,0.0,39951.0,1,1,1,1,2,0,1,1,3,1,0,0,3,0,0,1,99,99,0,17,0,1,6,2,25,44,0.0,0.0,0.0,0,0.0,0.0,0.0,400.0,0,0,True,False,False,False,True,False,False,True,True,False,False,False,False,False,False,False,False,False,False,False,False,False,False,False,False,False,False,True,False,False,False,True,False,False,1
99,1,225000.0,0.0,36423.0,1,1,1,1,2,0,1,1,0,1,0,0,4,0,0,1,99,99,1,11,1,1,2,1,0,0,0.0,999999.0,999999.0,999999,99999.0,99999.0,99999.0,290.0,1,0,True,False,False,False,True,False,False,True,True,False,False,False,False,False,False,False,False,False,False,False,False,False,False,False,False,True,False,False,False,False,False,True,False,False,1
99,0,999999.0,1000.0,68000.0,2,1,1,2,0,0,0,0,0,0,0,0,1,0,0,2,99,99,0,56,0,0,0,0,6,7,3500.0,3500.0,0.0,0,0.0,0.0,0.0,54.0,1,0,True,False,False,False,True,False,False,True,False,False,False,False,False,True,False,False,False,False,False,False,False,False,False,False,False,False,False,True,False,True,False,False,False,False,1
99,1,350000.0,0.0,71885.0,1,1,1,1,2,0,1,1,0,1,0,0,5,0,0,1,99,99,2,12,1,1,2,1,0,0,0.0,999999.0,999999.0,999999,99999.0,99999.0,99999.0,486.0,0,0,True,False,False,False,True,False,False,True,True,False,False,False,False,False,False,False,False,False,False,False,False,False,False,False,False,False,False,True,False,False,False,True,False,False,1
99,1,400000.0,0.0,78100.0,1,1,1,1,2,0,1,1,0,1,0,0,4,0,0,1,99,99,1,16,1,1,4,2,32,42,2100.0,2100.0,0.0,0,0.0,0.0,0.0,501.0,0,0,True,False,False,False,True,False,False,True,True,False,False,False,False,False,False,False,False,False,False,False,False,False,False,False,False,False,False,True,False,False,False,True,False,False,1
99,0,999999.0,462.0,52000.0,1,1,1,1,0,0,0,0,0,0,2,1,3,1,1,1,4,4,0,49,1,0,2,0,23,18,30000.0,30000.0,0.0,0,0.0,0.0,0.0,501.0,1,1,True,False,False,False,True,False,False,True,False,False,False,True,False,False,False,False,False,False,False,False,False,False,False,False,False,False,False,True,False,False,True,False,False,False,1
99,1,275000.0,0.0,48620.0,1,1,0,0,0,0,0,0,0,0,1,1,2,0,0,1,99,99,0,65,0,0,6,0,24,44,8000.0,8000.0,0.0,0,0.0,0.0,0.0,501.0,0,0,True,False,False,False,True,False,False,True,False,False,False,False,False,False,False,False,False,False,False,False,True,False,False,False,False,False,False,True,False,False,True,False,False,False,1
99,0,999999.0,362.0,61100.0,1,1,0,0,0,0,0,0,0,0,1,1,2,0,0,1,99,99,0,33,0,0,7,0,31,40,26000.0,25000.0,0.0,0,0.0,0.0,0.0,501.0,0,0,True,False,False,False,True,False,False,True,False,False,False,False,False,False,False,False,False,False,False,False,True,False,False,False,False,False,False,True,False,False,True,False,False,False,1
99,0,999999.0,625.0,31397.0,1,1,1,1,0,0,0,0,0,0,1,1,5,1,1,1,0,0,1,24,0,0,4,0,22,18,6000.0,6000.0,0.0,0,0.0,0.0,0.0,201.0,1,0,True,False,False,False,True,False,False,True,False,False,False,False,False,False,False,False,False,False,False,False,True,False,False,False,False,False,False,True,False,False,True,False,False,False,1
99,0,999999.0,337.0,56000.0,1,1,1,1,0,0,0,0,0,0,1,1,3,1,0,1,29,29,0,56,0,1,8,1,22,18,0.0,0.0,0.0,0,0.0,0.0,0.0,501.0,0,0,True,False,False,False,True,False,False,True,False,False,False,False,False,False,False,False,False,False,False,False,True,False,False,False,False,False,False,True,False,False,True,False,False,False,1
99,0,999999.0,512.0,45000.0,1,1,2,1,0,0,0,0,0,0,0,0,6,1,1,1,4,4,0,20,0,0,3,0,22,18,12500.0,12500.0,0.0,0,0.0,0.0,0.0,263.0,0,0,True,False,False,False,True,False,False,True,False,False,False,False,False,False,True,False,False,False,False,False,False,False,False,False,False,False,False,True,False,False,False,True,False,False,1
99,1,225000.0,0.0,84000.0,1,1,0,0,0,0,0,0,0,0,1,1,2,0,0,1,99,99,0,59,0,0,7,0,30,65,18000.0,18000.0,0.0,0,0.0,0.0,0.0,501.0,1,0,True,False,False,False,True,False,False,True,False,False,False,False,False,False,False,False,False,False,False,False,True,False,False,False,False,False,False,True,False,False,True,False,False,False,1
99,0,999999.0,537.0,8291.0,2,0,1,0,1,0,1,0,0,0,0,0,4,0,0,1,99,99,2,12,1,1,2,1,0,0,0.0,999999.0,999999.0,999999,99999.0,99999.0,99999.0,66.0,1,0,True,False,False,False,True,False,False,True,True,False,False,False,False,False,False,False,False,False,False,False,False,False,False,False,False,False,False,True,False,False,False,True,False,False,1
99,0,999999.0,237.0,9577.0,1,1,0,0,0,0,0,0,0,0,1,1,2,0,0,1,99,99,0,79,0,0,7,0,0,0,5721.0,0.0,0.0,0,5604.0,0.0,0.0,128.0,1,0,True,False,False,False,True,False,False,True,False,False,False,False,False,False,False,False,False,False,False,False,True,False,False,False,True,False,False,False,False,False,True,False,False,False,1
99,1,275000.0,0.0,64724.0,1,1,1,1,0,0,0,0,0,0,1,1,4,2,0,1,10,6,0,31,0,0,6,0,30,44,28868.0,28749.0,0.0,0,0.0,0.0,0.0,501.0,1,0,True,False,False,False,True,False,False,True,False,False,False,False,False,False,False,False,False,False,False,False,True,False,False,False,False,False,False,True,False,False,True,False,False,False,1
99,0,999999.0,1.0,38000.0,3,1,2,1,4,0,3,0,0,0,0,0,2,0,0,2,99,99,0,3,1,0,0,0,0,0,0.0,999999.0,999999.0,999999,99999.0,99999.0,99999.0,59.0,1,0,True,False,False,False,True,False,False,True,False,False,False,False,False,False,False,False,False,True,False,False,False,False,False,False,False,False,False,True,False,False,False,True,False,False,1
99,0,999999.0,412.0,11500.0,3,0,0,0,0,0,0,0,0,0,0,0,1,0,0,3,99,99,0,22,1,0,0,0,0,0,0.0,0.0,0.0,0,0.0,0.0,0.0,1.0,1,0,True,False,False,False,True,False,False,True,False,False,False,False,False,False,False,False,False,True,False,False,False,False,False,False,False,False,False,True,False,False,False,True,False,False,1
99,0,999999.0,537.0,29500.0,3,1,0,0,0,0,0,0,0,0,1,1,4,0,0,1,99,99,2,37,0,0,1,0,24,47,1000.0,0.0,1000.0,0,0.0,0.0,0.0,231.0,0,0,True,False,False,False,True,False,False,True,False,False,False,False,False,False,False,False,False,False,False,False,True,False,False,False,False,False,False,True,False,False,True,False,False,False,1
99,0,999999.0,875.0,95000.0,2,0,0,0,0,0,0,0,0,0,0,0,1,0,0,1,99,99,0,40,0,0,7,0,31,73,95000.0,90000.0,0.0,0,0.0,0.0,0.0,501.0,1,1,True,False,False,False,True,False,False,True,False,False,False,True,False,False,False,False,False,False,False,False,False,False,False,False,False,False,False,True,False,False,False,True,False,False,1
99,1,52500.0,0.0,57418.0,1,1,2,1,2,7,1,1,0,1,0,0,7,3,1,1,9,3,1,25,0,0,4,0,22,51,4395.0,4395.0,0.0,0,0.0,0.0,0.0,299.0,1,0,True,False,False,False,True,False,False,True,True,False,False,False,False,False,False,False,False,False,False,False,False,False,False,False,False,False,False,True,False,False,False,True,False,False,1
99,1,275000.0,0.0,79600.0,1,1,1,1,0,0,0,0,0,0,2,2,3,1,1,1,0,0,0,40,0,0,8,0,29,72,64200.0,64000.0,0.0,0,0.0,0.0,0.0,501.0,1,2,True,False,False,False,True,False,False,True,False,False,False,True,False,False,False,False,False,False,False,False,False,False,False,False,False,False,False,True,False,False,True,False,False,False,1
99,0,999999.0,875.0,9000.0,1,0,0,0,0,0,0,0,0,0,0,0,1,0,0,1,99,99,0,50,0,0,7,0,25,44,9000.0,3000.0,0.0,0,0.0,0.0,6000.0,140.0,1,2,True,False,False,False,True,False,False,True,False,False,False,True,False,False,False,False,False,False,False,False,False,False,False,False,False,False,False,True,True,False,False,False,False,False,1
99,1,275000.0,0.0,1404.0,3,2,0,0,0,0,0,0,0,0,7,4,2,0,0,3,99,99,0,33,0,0,8,0,41,68,27090.0,27000.0,0.0,0,0.0,0.0,0.0,501.0,0,0,True,False,False,False,True,False,False,True,False,False,False,False,False,True,False,False,False,False,False,False,False,False,False,False,False,False,False,True,False,False,True,False,False,False,1
99,1,162500.0,0.0,78005.0,1,1,0,0,0,0,0,0,0,0,2,1,2,0,0,1,99,99,0,55,1,0,7,0,43,86,51690.0,50989.0,0.0,0,0.0,0.0,664.0,501.0,1,2,True,False,False,False,True,False,False,True,False,False,False,True,False,False,False,False,False,False,False,False,False,False,False,False,False,False,False,True,False,False,True,False,False,False,1
99,1,137500.0,0.0,98091.0,1,1,1,1,2,0,1,1,0,1,0,0,6,0,0,1,99,99,3,17,1,1,5,1,42,84,0.0,0.0,0.0,0,0.0,0.0,0.0,501.0,0,0,True,False,False,False,True,False,False,True,True,False,False,False,False,False,False,False,False,False,False,False,False,False,False,False,False,False,False,True,False,False,False,True,False,False,1
99,1,162500.0,0.0,52388.0,1,1,1,1,0,0,0,0,0,0,2,1,4,2,0,1,24,18,0,55,1,0,2,0,25,15,28000.0,28000.0,0.0,0,0.0,0.0,0.0,410.0,0,6,True,False,False,False,True,False,False,True,False,False,False,True,False,False,False,False,False,False,False,False,False,False,False,False,False,False,False,True,False,False,True,False,False,False,1
99,0,999999.0,412.0,25275.0,1,1,2,1,3,0,1,0,0,0,2,1,4,1,1,1,0,0,0,47,1,0,6,0,24,19,10873.0,10873.0,0.0,0,0.0,0.0,0.0,194.0,0,2,True,False,False,False,True,False,False,True,False,False,False,True,False,False,False,False,False,False,False,False,False,False,True,False,False,False,False,False,False,False,True,False,False,False,1
99,0,999999.0,875.0,24000.0,2,0,2,0,2,0,1,0,0,0,0,0,3,1,1,1,4,4,0,29,0,0,7,0,24,44,24000.0,24000.0,0.0,0,0.0,0.0,0.0,240.0,1,1,True,False,False,False,True,False,False,True,False,False,False,True,False,False,False,False,False,False,False,False,False,False,False,False,False,False,False,True,False,False,False,False,True,False,1
99,1,137500.0,0.0,71503.0,1,1,1,1,2,0,1,1,0,1,0,0,5,0,0,1,99,99,2,2,1,0,7,0,0,0,0.0,999999.0,999999.0,999999,99999.0,99999.0,99999.0,457.0,1,0,True,False,False,False,True,False,False,True,True,False,False,False,False,False,False,False,False,False,False,False,False,False,False,False,False,False,False,True,False,False,False,True,False,False,1
99,1,225000.0,0.0,207816.0,1,1,0,0,0,0,0,0,0,0,2,1,2,0,0,1,99,99,0,52,1,0,8,0,41,68,195816.0,195516.0,0.0,0,0.0,0.0,0.0,501.0,0,6,True,False,False,False,True,False,False,True,False,False,False,True,False,False,False,False,False,False,False,False,False,False,False,False,False,False,False,True,False,False,True,False,False,False,1
99,1,162500.0,0.0,65000.0,1,0,1,0,1,0,1,0,0,0,0,0,3,0,0,1,99,99,1,20,0,0,7,0,30,44,14000.0,14000.0,0.0,0,0.0,0.0,0.0,501.0,0,0,True,False,False,False,True,False,False,True,True,False,False,False,False,False,False,False,False,False,False,False,False,False,True,False,False,False,False,False,False,False,False,True,False,False,1
99,0,999999.0,0.0,999999.0,1,0,0,0,0,0,0,0,0,0,0,0,1,0,0,1,99,99,0,87,1,0,7,0,0,0,0.0,0.0,0.0,0,0.0,0.0,0.0,0.0,1,0,False,True,False,True,False,False,False,True,False,False,False,False,True,False,False,False,False,False,False,False,False,False,False,False,False,False,False,True,False,False,False,False,False,True,1
99,1,162500.0,0.0,31150.0,1,0,1,0,1,0,1,0,0,0,0,0,2,0,0,1,99,99,0,58,1,0,2,0,27,39,23000.0,23000.0,0.0,0,0.0,0.0,0.0,375.0,1,0,True,False,False,False,True,False,False,True,True,False,False,False,False,False,False,False,False,False,False,False,False,False,False,False,False,False,False,True,False,False,False,True,False,False,1
99,1,400000.0,0.0,32267.0,1,1,1,1,0,0,0,0,0,0,2,1,4,2,0,1,6,5,0,42,1,0,7,0,25,44,20454.0,20442.0,0.0,0,0.0,0.0,0.0,257.0,0,5,True,False,False,False,True,False,False,True,False,False,False,True,False,False,False,False,False,False,False,False,False,False,False,False,False,False,False,True,False,False,True,False,False,False,1
99,1,350000.0,0.0,34008.0,1,0,0,0,0,0,0,0,0,0,0,0,1,0,0,1,99,99,0,80,0,0,5,0,41,72,34008.0,18555.0,0.0,0,5262.0,0.0,0.0,501.0,1,2,True,False,False,False,True,False,False,True,False,False,False,True,False,False,False,False,False,False,False,False,False,False,False,False,False,False,False,True,False,False,False,False,False,True,1
99,0,999999.0,675.0,19400.0,2,0,0,1,0,0,0,1,0,1,0,0,4,0,0,1,99,99,0,5,1,0,0,0,0,0,0.0,999999.0,999999.0,999999,99999.0,99999.0,99999.0,149.0,1,0,True,False,False,False,True,False,False,True,True,False,False,False,False,False,False,False,False,False,False,False,False,False,False,False,False,False,False,True,False,False,False,True,False,False,1
99,0,999999.0,487.0,691.0,1,0,0,1,0,0,0,1,0,1,0,0,3,0,0,1,99,99,1,12,1,1,2,1,0,0,0.0,999999.0,999999.0,999999,99999.0,99999.0,99999.0,7.0,1,0,True,False,False,False,True,False,False,True,True,False,False,False,False,False,False,False,False,False,False,False,False,False,False,False,False,True,False,False,False,False,False,True,False,False,1
99,0,999999.0,262.0,14700.0,1,0,1,0,0,0,0,0,0,0,0,0,3,2,0,1,27,24,0,45,0,0,7,0,24,44,1700.0,1700.0,0.0,0,0.0,0.0,0.0,152.0,0,6,True,False,False,False,True,False,False,True,False,False,False,True,False,False,False,False,False,False,False,False,False,False,True,False,False,False,False,False,False,False,False,False,True,False,1
99,1,400000.0,0.0,0.0,1,0,0,0,0,0,0,0,0,0,0,0,1,0,0,1,99,99,0,23,0,1,7,1,0,0,0.0,0.0,0.0,0,0.0,0.0,0.0,1.0,0,2,True,False,False,False,True,False,False,True,False,False,False,True,False,False,False,False,False,False,False,False,False,False,False,False,False,False,False,True,False,False,False,True,False,False,1
99,0,999999.0,462.0,15132.0,2,1,0,0,0,0,0,0,0,0,2,1,2,0,0,1,99,99,0,64,1,0,1,0,20,9,9929.0,0.0,0.0,0,0.0,0.0,0.0,182.0,0,6,True,False,False,False,True,False,False,True,False,False,False,True,False,False,False,False,False,False,False,False,False,False,False,False,False,False,False,True,False,False,True,False,False,False,1
99,1,22500.0,0.0,21320.0,1,1,1,1,0,0,0,0,0,0,2,1,4,1,1,1,1,1,0,36,1,0,6,0,34,53,5320.0,2800.0,0.0,0,0.0,0.0,0.0,164.0,0,5,True,False,False,False,True,False,False,True,False,False,False,True,False,False,False,False,False,False,False,False,False,False,False,False,False,True,False,False,False,False,True,False,False,False,1
99,1,112500.0,0.0,25000.0,1,1,1,1,0,0,0,0,0,0,1,1,5,3,0,1,17,5,0,35,0,0,7,0,22,18,10000.0,10000.0,0.0,0,0.0,0.0,0.0,169.0,1,0,True,False,False,False,True,False,False,True,False,False,False,False,False,False,False,False,False,False,False,False,True,False,True,False,False,False,False,False,False,False,True,False,False,False,1
99,1,225000.0,0.0,50306.0,1,1,1,1,0,0,0,0,0,0,2,1,3,1,0,1,30,30,0,62,1,0,7,0,23,18,19625.0,18962.0,0.0,0,0.0,0.0,0.0,501.0,0,7,True,False,False,False,True,False,False,True,False,False,False,True,False,False,False,False,False,False,False,False,False,False,False,False,False,False,False,True,False,False,True,False,False,False,1
99,1,95000.0,0.0,45609.0,1,1,1,1,0,0,0,0,0,0,2,1,4,2,0,1,31,20,0,86,1,0,2,0,0,0,7800.0,0.0,0.0,0,4692.0,3108.0,0.0,357.0,0,7,True,False,False,False,True,False,False,True,False,False,False,True,False,False,False,False,False,False,False,False,False,False,False,True,False,False,False,False,False,False,True,False,False,False,1
99,1,137500.0,0.0,27000.0,1,0,0,0,0,0,0,0,0,0,0,0,1,0,0,1,99,99,0,50,1,0,8,0,20,9,27000.0,27000.0,0.0,0,0.0,0.0,0.0,419.0,1,5,True,False,False,False,True,False,False,True,False,False,False,True,False,False,False,False,False,False,False,False,False,False,True,False,False,False,False,False,False,False,False,True,False,False,1
99,1,225000.0,0.0,26200.0,1,0,1,1,0,0,0,3,0,2,0,0,4,0,0,1,99,99,0,2,0,0,7,0,0,0,0.0,999999.0,999999.0,999999,99999.0,99999.0,99999.0,202.0,1,0,True,False,False,False,True,False,False,True,False,False,True,False,False,False,False,False,False,False,False,False,False,False,False,False,False,False,False,True,False,False,False,True,False,False,1
99,1,162500.0,0.0,91196.0,1,1,1,1,2,7,1,1,0,1,0,0,3,0,0,1,99,99,0,31,0,0,8,0,41,68,55100.0,55000.0,0.0,0,0.0,0.0,0.0,501.0,1,0,True,False,False,False,True,False,False,True,True,False,False,False,False,False,False,False,False,False,False,False,False,False,False,False,False,False,False,True,False,False,False,True,False,False,1
99,0,999999.0,537.0,11000.0,2,0,0,0,0,0,0,0,0,0,0,0,1,0,0,1,99,99,0,31,1,0,3,0,34,49,11000.0,11000.0,0.0,0,0.0,0.0,0.0,171.0,1,1,True,False,False,False,True,False,False,True,False,False,False,True,False,False,False,False,False,False,False,False,False,False,False,False,False,False,False,True,False,False,False,True,False,False,1
99,1,162500.0,0.0,44176.0,1,1,0,0,0,0,0,0,0,0,2,1,2,0,0,1,99,99,0,62,1,0,6,0,36,66,39112.0,0.0,19700.0,0,8412.0,0.0,0.0,501.0,0,7,True,False,False,False,True,False,False,True,False,False,False,True,False,False,False,False,False,False,False,False,False,False,False,False,False,False,False,True,False,False,True,False,False,False,1
99,0,999999.0,675.0,20000.0,2,0,0,1,0,0,0,0,0,0,0,0,2,1,1,1,3,3,0,23,1,0,7,0,25,15,20000.0,20000.0,0.0,0,0.0,0.0,0.0,234.0,1,1,True,False,False,False,True,False,False,True,False,False,False,True,False,False,False,False,False,False,False,False,False,False,False,False,False,False,False,True,False,False,False,True,False,False,1
99,1,275000.0,0.0,63000.0,1,1,1,1,0,0,0,0,0,0,2,1,3,1,0,1,7,7,0,41,1,0,7,0,31,73,50000.0,50000.0,0.0,0,0.0,0.0,0.0,501.0,0,6,True,False,False,False,True,False,False,True,False,False,False,True,False,False,False,False,False,False,False,False,False,False,False,False,False,False,False,True,False,False,True,False,False,False,1
99,0,999999.0,625.0,40164.0,1,1,0,1,0,0,0,0,0,0,0,0,3,1,0,1,57,57,0,78,1,0,6,0,0,0,2964.0,0.0,0.0,0,2964.0,0.0,0.0,414.0,1,0,True,False,False,False,True,False,False,True,False,False,False,False,False,False,False,False,True,False,False,False,False,True,False,False,False,False,False,False,False,False,False,False,False,True,1
99,0,999999.0,337.0,55000.0,1,1,1,1,0,0,0,0,0,0,2,1,5,3,0,1,25,22,0,59,1,0,0,0,23,18,18000.0,18000.0,0.0,0,0.0,0.0,0.0,357.0,0,6,True,False,False,False,True,False,False,True,False,False,False,True,False,False,False,False,False,False,False,False,False,False,False,False,False,False,False,True,False,False,True,False,False,False,1
99,0,999999.0,875.0,35000.0,1,1,0,0,0,0,0,0,0,0,2,2,2,0,0,1,99,99,0,27,0,0,6,0,35,66,18000.0,18000.0,0.0,0,0.0,0.0,0.0,422.0,1,1,True,False,False,False,True,False,False,True,False,False,False,True,False,False,False,False,False,False,False,False,False,False,False,False,False,False,False,True,False,False,True,False,False,False,1
99,1,225000.0,0.0,14000.0,1,0,0,0,0,0,0,0,0,0,0,0,1,0,0,1,99,99,0,39,0,0,7,0,22,61,14000.0,14000.0,0.0,0,0.0,0.0,0.0,217.0,1,2,True,False,False,False,True,False,False,True,False,False,False,True,False,False,False,False,False,False,False,False,False,False,False,False,False,False,False,True,False,False,False,True,False,False,1
99,0,999999.0,575.0,55000.0,1,0,0,0,0,0,0,0,0,0,0,0,1,0,0,1,99,99,0,30,1,0,8,0,41,68,55000.0,55000.0,0.0,0,0.0,0.0,0.0,501.0,1,2,True,False,False,False,True,False,False,True,False,False,False,True,False,False,False,False,False,False,False,False,False,False,False,False,False,False,False,True,False,False,False,True,False,False,1
99,1,137500.0,0.0,52632.0,1,1,0,0,0,0,0,0,0,0,1,1,2,0,0,1,99,99,0,70,0,0,6,0,0,0,10790.0,0.0,0.0,0,1018.0,0.0,0.0,501.0,0,0,True,False,False,False,True,False,False,True,False,False,False,False,False,False,False,False,False,False,False,False,True,False,False,False,False,False,False,True,False,False,True,False,False,False,1
99,1,187500.0,0.0,21990.0,1,1,0,0,0,0,0,0,0,0,1,1,2,0,0,1,99,99,0,66,0,0,6,0,0,0,4368.0,0.0,0.0,0,4113.0,0.0,251.0,293.0,0,0,True,False,False,False,True,False,False,True,False,False,False,False,False,False,False,False,False,False,False,False,True,False,False,False,False,False,False,True,False,False,True,False,False,False,1
99,0,999999.0,387.0,27886.0,1,1,1,1,1,0,1,2,0,1,0,0,7,0,0,1,99,99,3,15,1,1,4,2,0,0,4500.0,999999.0,999999.0,999999,0.0,4500.0,0.0,139.0,0,0,True,False,False,False,True,False,False,True,True,False,False,False,False,False,False,False,False,False,False,False,False,False,False,False,False,False,False,True,False,False,False,True,False,False,1
99,1,187500.0,0.0,30000.0,1,1,1,1,2,0,1,1,0,1,0,0,4,0,0,1,99,99,1,14,1,1,3,1,0,0,0.0,999999.0,999999.0,999999,99999.0,99999.0,99999.0,239.0,1,0,True,False,False,False,True,False,False,True,True,False,False,False,False,False,False,False,False,False,False,False,False,False,False,False,False,False,False,True,False,False,False,True,False,False,1
99,1,77500.0,0.0,27500.0,1,1,0,0,0,0,0,0,0,0,1,1,2,0,0,1,99,99,0,68,0,0,8,0,0,0,3000.0,0.0,0.0,0,3000.0,0.0,0.0,367.0,0,0,True,False,False,False,True,False,False,True,False,False,False,False,False,False,False,False,False,False,False,False,True,False,True,False,False,False,False,False,False,False,True,False,False,False,1
99,0,999999.0,362.0,58400.0,1,1,3,1,0,0,0,0,0,0,0,0,9,0,0,1,99,99,0,21,1,0,3,0,22,18,18000.0,18000.0,0.0,0,0.0,0.0,0.0,214.0,1,0,True,False,False,False,True,False,False,True,False,False,False,False,False,False,True,False,False,False,False,False,False,False,False,False,False,False,False,True,False,False,False,True,False,False,1
99,0,999999.0,0.0,999999.0,1,0,0,0,0,0,0,0,0,0,0,0,1,0,0,1,99,99,0,26,1,0,7,0,24,47,3092.0,0.0,0.0,0,0.0,0.0,3092.0,0.0,1,0,False,True,False,True,False,False,False,True,False,False,False,False,True,False,False,False,False,False,False,False,False,False,True,False,False,False,False,False,False,False,False,True,False,False,1
99,0,999999.0,725.0,32060.0,2,0,1,0,0,0,0,0,0,0,0,0,5,0,0,1,99,99,3,19,1,1,6,1,30,65,500.0,500.0,0.0,0,0.0,0.0,0.0,205.0,1,0,True,False,False,False,True,False,False,True,False,False,False,False,False,False,False,False,False,False,True,False,False,False,False,False,False,True,False,False,False,False,False,True,False,False,1
99,0,999999.0,675.0,56641.0,1,0,1,0,2,0,1,0,0,0,0,0,2,0,0,1,99,99,0,26,1,1,8,2,24,44,28000.0,28000.0,0.0,0,0.0,0.0,0.0,501.0,1,1,True,False,False,False,True,False,False,True,False,False,False,True,False,False,False,False,False,False,False,False,False,False,False,False,False,False,False,True,False,False,False,True,False,False,1
99,1,112500.0,0.0,52500.0,1,1,1,1,0,0,0,0,0,0,0,0,6,0,0,1,99,99,1,42,0,0,4,0,0,0,7800.0,0.0,0.0,0,6180.0,1620.0,0.0,301.0,1,0,True,False,False,False,True,False,False,True,False,False,False,False,False,False,False,False,False,False,False,True,False,False,False,False,False,False,False,True,True,False,False,False,False,False,1
99,1,137500.0,0.0,49369.0,1,1,1,1,2,0,1,1,0,1,0,0,4,0,0,1,99,99,1,16,0,1,4,1,18,44,1369.0,1369.0,0.0,0,0.0,0.0,0.0,393.0,0,0,True,False,False,False,True,False,False,True,True,False,False,False,False,False,False,False,False,False,False,False,False,False,False,False,False,False,False,True,False,False,False,True,False,False,1
99,0,999999.0,725.0,3000.0,1,1,1,1,0,0,0,0,0,0,2,1,3,1,0,1,15,15,0,51,1,0,8,0,35,49,8000.0,0.0,8000.0,0,0.0,0.0,0.0,30.0,0,5,True,False,False,False,True,False,False,True,False,False,False,True,False,False,False,False,False,False,False,False,False,False,False,False,False,False,False,True,False,False,True,False,False,False,1
99,0,999999.0,875.0,15750.0,2,0,1,0,0,0,0,0,0,0,0,0,1,0,0,2,99,99,0,30,0,0,7,0,22,61,19700.0,19700.0,0.0,0,0.0,0.0,0.0,305.0,1,0,True,False,False,False,True,False,False,True,False,False,False,False,False,False,False,False,False,True,False,False,False,False,False,False,False,False,False,True,True,False,False,False,False,False,1
99,1,350000.0,0.0,31000.0,1,1,1,1,0,0,0,0,0,0,2,1,5,3,1,1,11,1,0,33,1,0,6,0,35,41,31000.0,31000.0,0.0,0,0.0,0.0,0.0,209.0,0,1,True,False,False,False,True,False,False,True,False,False,False,True,False,False,False,False,False,False,False,False,False,False,False,False,False,False,False,True,False,False,True,False,False,False,1
99,1,225000.0,0.0,25484.0,1,1,0,0,0,0,0,0,0,0,1,1,2,0,0,1,99,99,0,80,0,0,4,0,0,0,10847.0,0.0,0.0,0,5760.0,0.0,0.0,340.0,0,0,True,False,False,False,True,False,False,True,False,False,False,False,False,False,False,False,False,False,False,False,True,False,True,False,False,False,False,False,False,False,True,False,False,False,1
99,0,999999.0,312.0,36000.0,1,1,0,0,0,0,0,0,0,0,1,1,2,0,0,1,99,99,0,26,0,0,7,0,16,38,20000.0,20000.0,0.0,0,0.0,0.0,0.0,434.0,1,0,True,False,False,False,True,False,False,True,False,False,False,False,False,False,False,False,False,False,False,False,True,False,False,False,False,False,False,True,False,False,True,False,False,False,1
99,0,999999.0,875.0,48000.0,1,1,1,1,0,0,0,0,0,0,2,1,5,2,0,1,19,16,0,41,1,0,6,0,25,15,0.0,0.0,0.0,0,0.0,0.0,0.0,307.0,1,1,True,False,False,False,True,False,False,True,False,False,False,True,False,False,False,False,False,False,False,False,False,False,False,False,False,False,False,True,False,False,True,False,False,False,0
99,1,350000.0,0.0,68000.0,1,1,0,0,0,0,0,0,0,0,2,1,2,0,0,1,99,99,0,70,1,0,7,0,25,44,34000.0,0.0,25000.0,0,0.0,0.0,0.0,501.0,0,2,True,False,False,False,True,False,False,True,False,False,False,True,False,False,False,False,False,False,False,False,False,False,False,False,False,False,False,True,False,False,True,False,False,False,1
99,1,400000.0,0.0,96732.0,1,0,2,0,1,0,1,0,0,0,0,0,8,0,0,1,99,99,3,41,1,0,6,0,20,8,4030.0,4030.0,0.0,0,0.0,0.0,0.0,428.0,0,0,True,False,False,False,True,False,False,True,True,False,False,False,False,False,False,False,False,False,False,False,False,False,True,False,False,False,False,False,True,False,False,False,False,False,1
99,1,225000.0,0.0,70000.0,1,1,1,1,0,0,0,0,0,0,1,1,7,5,0,1,24,16,0,49,0,0,6,0,26,72,11000.0,11000.0,0.0,0,0.0,0.0,0.0,341.0,0,0,True,False,False,False,True,False,False,True,False,False,False,False,False,False,False,False,False,False,False,False,True,False,False,False,False,False,False,True,False,False,True,False,False,False,0
99,0,999999.0,187.0,9600.0,1,1,1,1,0,0,0,0,0,0,2,1,4,2,1,1,5,3,0,27,1,0,4,0,25,44,9600.0,0.0,0.0,0,0.0,0.0,9600.0,76.0,1,2,True,False,False,False,True,False,False,True,False,False,False,True,False,False,False,False,False,False,False,False,False,False,False,False,False,False,False,True,False,False,True,False,False,False,1
99,1,112500.0,0.0,25000.0,1,1,1,1,2,0,1,1,0,1,0,0,5,0,0,1,99,99,2,14,1,1,2,1,0,0,0.0,999999.0,999999.0,999999,99999.0,99999.0,99999.0,169.0,1,0,True,False,False,False,True,False,False,True,True,False,False,False,False,False,False,False,False,False,False,False,False,False,False,False,False,False,False,True,False,False,False,True,False,False,1
99,0,999999.0,512.0,42000.0,1,0,0,0,0,0,0,0,0,0,0,0,1,0,0,1,99,99,0,37,1,1,8,1,48,87,42000.0,40000.0,0.0,0,0.0,0.0,0.0,501.0,1,2,True,False,False,False,True,False,False,True,False,False,False,True,False,False,False,False,False,False,False,False,False,False,False,False,False,False,False,True,False,False,False,True,False,False,1
99,0,999999.0,875.0,76000.0,1,0,1,0,0,0,0,0,0,0,0,0,2,1,0,1,22,22,0,64,0,0,7,0,22,51,50000.0,50000.0,0.0,0,0.0,0.0,0.0,501.0,0,6,True,False,False,False,True,False,False,True,False,False,False,True,False,False,False,False,False,False,False,False,False,False,False,False,False,False,False,True,False,False,False,False,False,True,1
99,1,350000.0,0.0,61355.0,1,1,1,1,0,0,0,0,0,0,1,1,4,2,0,1,19,15,0,45,0,0,8,0,41,68,30000.0,0.0,30000.0,0,0.0,0.0,0.0,472.0,0,0,True,False,False,False,True,False,False,True,False,False,False,False,False,False,False,False,False,False,False,False,True,False,False,False,False,True,False,False,False,False,True,False,False,False,1
99,1,350000.0,0.0,63000.0,1,1,1,1,0,0,0,0,0,0,2,1,5,3,1,1,8,3,0,35,1,0,8,0,41,68,63000.0,63000.0,0.0,0,0.0,0.0,0.0,426.0,1,2,True,False,False,False,True,False,False,True,False,False,False,True,False,False,False,False,False,False,False,False,False,False,False,False,False,False,False,True,False,False,True,False,False,False,1
99,0,999999.0,675.0,10000.0,1,1,1,1,0,0,0,0,0,0,2,1,4,2,1,1,6,4,0,30,1,0,6,0,24,19,10000.0,10000.0,0.0,0,0.0,0.0,0.0,80.0,0,5,True,False,False,False,True,False,False,True,False,False,False,True,False,False,False,False,False,False,False,False,False,False,False,False,False,False,False,True,False,False,True,False,False,False,1
99,1,275000.0,0.0,75579.0,1,1,0,0,0,0,0,0,0,0,2,1,2,0,0,1,99,99,0,65,1,0,8,0,48,87,65202.0,54568.0,2839.0,0,0.0,0.0,0.0,501.0,0,7,True,False,False,False,True,False,False,True,False,False,False,True,False,False,False,False,False,False,False,False,False,False,False,False,False,False,False,True,False,False,True,False,False,False,0
99,0,999999.0,1000.0,61431.0,2,0,1,0,2,0,1,0,0,0,0,0,4,0,0,1,99,99,2,40,1,0,2,0,26,19,8001.0,18000.0,-9999.0,0,0.0,0.0,0.0,480.0,1,0,True,False,False,False,True,False,False,True,False,False,False,False,False,False,False,False,False,False,True,False,False,False,False,False,False,False,False,True,False,False,False,False,True,False,1
99,1,400000.0,0.0,74681.0,1,0,0,0,0,0,0,0,0,0,0,0,1,0,0,1,99,99,0,66,0,0,8,0,41,68,74681.0,7000.0,0.0,0,9078.0,0.0,0.0,501.0,0,6,True,False,False,False,True,False,False,True,False,False,False,True,False,False,False,False,False,False,False,False,False,False,False,False,False,False,False,True,False,False,False,False,False,True,1
99,1,350000.0,0.0,112000.0,1,1,1,1,0,0,0,0,0,0,1,1,6,1,0,1,22,22,1,49,0,0,8,0,25,48,50000.0,50000.0,0.0,0,0.0,0.0,0.0,501.0,0,0,True,False,False,False,True,False,False,True,False,False,False,False,False,False,False,False,False,False,False,False,True,False,False,False,False,True,False,False,False,False,True,False,False,False,1
99,0,999999.0,387.0,35618.0,1,1,0,0,0,0,0,0,0,0,1,1,2,0,0,1,99,99,0,47,0,0,6,0,0,0,0.0,0.0,0.0,0,0.0,0.0,0.0,429.0,0,0,True,False,False,False,True,False,False,True,False,False,False,False,False,False,False,False,False,False,False,False,True,False,False,False,False,False,False,True,False,False,True,False,False,False,1
99,0,999999.0,875.0,3212.0,1,1,1,1,2,0,1,1,0,1,0,0,10,0,0,1,99,99,7,27,0,0,0,0,0,0,341.0,0.0,0.0,0,0.0,341.0,0.0,12.0,1,0,True,False,False,False,True,False,False,True,True,False,False,False,False,False,False,False,False,False,False,False,False,False,False,True,False,False,False,False,False,False,False,True,False,False,1
99,1,162500.0,0.0,78000.0,1,1,1,1,0,0,0,0,0,0,1,1,4,2,0,1,16,10,0,35,0,1,7,1,41,68,46000.0,46000.0,0.0,0,0.0,0.0,0.0,501.0,0,0,True,False,False,False,True,False,False,True,False,False,False,False,False,False,False,False,False,False,False,False,True,False,False,False,False,False,False,True,False,False,True,False,False,False,1
99,0,999999.0,512.0,28000.0,1,1,1,1,0,0,0,0,0,0,1,1,4,2,0,1,13,12,0,34,0,0,7,0,0,0,0.0,0.0,0.0,0,0.0,0.0,0.0,223.0,0,0,True,False,False,False,True,False,False,True,False,False,False,False,False,False,False,False,False,False,False,False,True,False,False,False,False,False,False,True,False,False,True,False,False,False,1
99,0,999999.0,262.0,30500.0,1,1,1,1,0,0,0,0,0,0,2,1,4,2,0,1,6,5,0,34,1,0,7,0,29,34,30000.0,30000.0,0.0,0,0.0,0.0,0.0,243.0,1,2,True,False,False,False,True,False,False,True,False,False,False,True,False,False,False,False,False,False,False,False,False,False,True,False,False,False,False,False,False,False,True,False,False,False,0
99,1,112500.0,0.0,19000.0,1,1,1,1,0,0,0,0,0,0,1,1,3,1,0,1,10,10,0,31,0,0,6,0,22,61,0.0,0.0,0.0,0,0.0,0.0,0.0,190.0,0,0,True,False,False,False,True,False,False,True,False,False,False,False,False,False,False,False,False,False,False,False,True,False,False,False,False,False,False,True,False,False,True,False,False,False,1
99,1,95000.0,0.0,30386.0,2,0,0,0,0,0,0,0,0,0,0,0,1,0,0,2,99,99,0,68,0,0,2,0,0,0,0.0,0.0,0.0,0,0.0,0.0,0.0,1.0,0,0,True,False,False,False,True,False,False,True,False,False,False,False,False,False,False,False,False,True,False,False,False,False,False,False,False,False,False,True,False,False,False,False,False,True,1
99,1,400000.0,0.0,84843.0,1,1,0,0,0,0,0,0,0,0,1,1,2,0,0,1,99,99,0,57,0,0,8,0,35,66,30500.0,24000.0,0.0,0,0.0,0.0,0.0,501.0,1,0,True,False,False,False,True,False,False,True,False,False,False,False,False,False,False,False,False,False,False,False,True,False,False,False,False,False,False,True,False,False,True,False,False,False,1
99,1,187500.0,0.0,65750.0,1,0,4,0,1,0,1,0,0,0,0,0,12,3,2,1,8,0,3,31,0,0,5,0,23,18,8000.0,8000.0,0.0,0,0.0,0.0,0.0,262.0,1,0,True,False,False,False,True,False,False,True,True,False,False,False,False,False,False,False,False,False,False,False,False,False,False,False,False,False,False,True,False,False,False,False,True,False,1
99,1,350000.0,0.0,70043.0,1,1,0,0,0,0,0,0,0,0,1,1,2,0,0,1,99,99,0,66,0,0,8,0,22,51,12408.0,7800.0,0.0,0,4608.0,0.0,0.0,501.0,0,0,True,False,False,False,True,False,False,True,False,False,False,False,False,False,False,False,False,False,False,False,True,False,False,False,False,False,False,True,False,False,True,False,False,False,1
99,0,999999.0,875.0,39839.0,1,0,1,0,1,0,1,0,0,0,0,0,3,0,0,1,99,99,1,15,0,1,2,1,0,0,0.0,999999.0,999999.0,999999,0.0,0.0,0.0,399.0,1,0,True,False,False,False,True,False,False,True,True,False,False,False,False,False,False,False,False,False,False,False,False,False,False,False,False,False,False,True,False,False,False,True,False,False,1
99,0,999999.0,875.0,24000.0,1,1,1,1,2,0,1,1,0,1,0,0,5,0,0,1,99,99,2,1,1,0,7,0,0,0,0.0,999999.0,999999.0,999999,99999.0,99999.0,99999.0,162.0,1,0,True,False,False,False,True,False,False,True,True,False,False,False,False,False,False,False,False,False,False,False,False,False,False,False,False,False,False,True,False,False,False,True,False,False,1
99,0,999999.0,512.0,29500.0,1,2,1,1,0,0,0,0,0,0,0,0,8,0,0,1,99,99,0,20,1,0,3,0,18,8,7050.0,7050.0,0.0,0,0.0,0.0,0.0,133.0,1,0,True,False,False,False,True,False,False,True,False,False,False,False,False,False,True,False,False,False,False,False,False,False,False,False,False,False,False,True,False,False,False,True,False,False,0
99,0,999999.0,625.0,21235.0,1,1,1,1,2,0,1,1,0,1,0,0,10,0,0,1,99,99,6,1,0,0,7,0,0,0,0.0,999999.0,999999.0,999999,99999.0,99999.0,99999.0,85.0,1,0,True,False,False,False,True,False,False,True,True,False,False,False,False,False,False,False,False,False,False,False,False,False,False,False,False,False,False,True,False,False,False,True,False,False,1
99,0,999999.0,875.0,1700.0,1,0,1,0,1,0,1,0,0,0,0,0,8,0,0,1,99,99,6,10,0,1,2,1,0,0,0.0,999999.0,999999.0,999999,99999.0,99999.0,99999.0,8.0,1,0,True,False,False,False,True,False,False,True,True,False,False,False,False,False,False,False,False,False,False,False,False,False,False,False,False,False,False,True,False,False,False,True,False,False,1
99,0,999999.0,537.0,0.0,1,1,1,1,2,0,1,1,0,1,0,0,7,0,0,1,99,99,3,4,1,1,0,1,0,0,0.0,999999.0,999999.0,999999,99999.0,99999.0,99999.0,1.0,1,0,True,False,False,False,True,False,False,True,True,False,False,False,False,False,False,False,False,False,False,False,False,False,False,False,False,True,False,False,False,False,False,True,False,False,1
99,0,999999.0,875.0,8000.0,5,0,1,0,0,0,0,0,0,0,0,0,1,0,0,2,99,99,0,16,1,0,3,0,0,0,0.0,0.0,0.0,0,0.0,0.0,0.0,1.0,1,0,True,False,False,False,True,False,False,True,False,False,False,False,False,False,False,False,False,True,False,False,False,False,False,False,False,False,False,True,False,False,False,True,False,False,1
99,1,400000.0,0.0,130000.0,1,1,1,1,0,0,0,0,0,0,1,1,7,5,1,1,13,2,0,37,0,0,8,0,24,47,10000.0,10000.0,0.0,0,0.0,0.0,0.0,501.0,0,0,True,False,False,False,True,False,False,True,False,False,False,False,False,False,False,False,False,False,False,False,True,False,False,True,False,False,False,False,False,False,True,False,False,False,1
99,1,162500.0,0.0,43327.0,1,1,0,0,0,0,0,0,0,0,0,0,4,0,0,1,99,99,0,19,1,0,6,0,18,44,6000.0,6000.0,0.0,0,0.0,0.0,0.0,339.0,1,0,True,False,False,False,True,False,False,True,False,False,True,False,False,False,False,False,False,False,False,False,False,False,False,False,False,False,False,True,False,False,False,True,False,False,1
99,1,225000.0,0.0,49000.0,1,1,1,1,0,0,0,0,0,0,1,1,4,2,0,1,18,13,0,44,0,0,7,0,0,0,0.0,0.0,0.0,0,0.0,0.0,0.0,377.0,1,0,True,False,False,False,True,False,False,True,False,False,False,False,False,False,False,False,False,False,False,False,True,False,False,False,False,False,False,True,False,False,True,False,False,False,1
99,0,999999.0,1000.0,70000.0,1,1,1,1,2,0,1,1,0,1,0,0,5,0,0,1,99,99,2,6,1,0,0,0,0,0,0.0,999999.0,999999.0,999999,99999.0,99999.0,99999.0,473.0,1,0,True,False,False,False,True,False,False,True,True,False,False,False,False,False,False,False,False,False,False,False,False,False,False,False,False,False,False,True,False,False,False,True,False,False,1
99,0,999999.0,625.0,13000.0,6,0,0,0,0,0,0,0,0,0,0,0,1,0,0,4,99,99,0,20,1,0,2,0,17,11,10000.0,10000.0,0.0,0,0.0,0.0,0.0,155.0,1,0,True,False,False,False,True,False,False,True,False,False,False,False,False,False,False,False,False,True,False,False,False,False,False,False,False,False,False,True,False,False,False,True,False,False,0
99,0,999999.0,187.0,3982.0,1,0,0,0,0,0,0,0,0,0,0,0,1,0,0,1,99,99,0,68,0,0,1,0,0,0,3982.0,0.0,0.0,0,0.0,3982.0,0.0,67.0,1,1,True,False,False,False,True,False,False,True,False,False,False,True,False,False,False,False,False,False,False,False,False,False,True,False,False,False,False,False,True,False,False,False,False,False,1
99,1,400000.0,0.0,184300.0,1,1,1,1,0,0,0,0,0,0,1,1,4,2,0,1,25,24,0,41,0,0,7,0,38,68,66500.0,65000.0,0.0,0,0.0,0.0,0.0,501.0,0,0,True,False,False,False,True,False,False,True,False,False,False,False,False,False,False,False,False,False,False,False,True,False,False,False,False,False,False,True,False,False,True,False,False,False,1
99,1,400000.0,0.0,78300.0,1,1,1,1,0,0,0,0,0,0,2,1,3,1,1,1,0,0,0,29,1,0,8,0,79,92,37500.0,28000.0,5000.0,0,0.0,0.0,0.0,501.0,1,1,True,False,False,False,True,False,False,True,False,False,False,True,False,False,False,False,False,False,False,False,False,False,False,False,False,False,False,True,False,False,True,False,False,False,1
99,1,137500.0,0.0,84400.0,1,1,1,1,0,0,0,0,0,0,1,1,3,1,0,1,16,16,0,40,0,0,8,0,37,78,19000.0,19000.0,0.0,0,0.0,0.0,0.0,501.0,1,0,True,False,False,False,True,False,False,True,False,False,False,False,False,False,False,False,False,False,False,False,True,False,False,False,False,True,False,False,False,False,True,False,False,False,1
99,0,999999.0,875.0,6616.0,2,0,1,0,0,0,0,0,0,0,0,0,6,0,0,1,99,99,0,11,1,1,2,1,0,0,0.0,999999.0,999999.0,999999,99999.0,99999.0,99999.0,39.0,0,0,True,False,False,False,True,False,False,True,False,False,True,False,False,False,False,False,False,False,False,False,False,False,True,False,False,False,False,False,False,False,False,True,False,False,1
99,0,999999.0,625.0,47189.0,1,1,1,1,1,0,1,2,0,1,0,0,8,0,0,1,99,99,5,17,0,1,6,1,0,0,0.0,0.0,0.0,0,0.0,0.0,0.0,217.0,0,0,True,False,False,False,True,False,False,True,True,False,False,False,False,False,False,False,False,False,False,False,False,False,False,False,False,False,False,True,False,False,False,True,False,False,1
99,1,95000.0,0.0,52000.0,3,2,1,1,0,0,0,0,0,0,0,0,1,0,0,2,99,99,0,3,0,0,0,0,0,0,0.0,999999.0,999999.0,999999,99999.0,99999.0,99999.0,1.0,1,0,True,False,False,False,True,False,False,True,False,False,False,False,False,True,False,False,False,False,False,False,False,False,False,False,False,False,False,True,False,False,False,True,False,False,1
99,1,275000.0,0.0,36696.0,1,1,1,1,2,0,1,1,0,1,0,0,4,0,0,1,99,99,1,1,1,0,7,0,0,0,0.0,999999.0,999999.0,999999,99999.0,99999.0,99999.0,292.0,1,0,True,False,False,False,True,False,False,True,True,False,False,False,False,False,False,False,False,False,False,False,False,False,False,False,False,False,False,True,False,False,False,True,False,False,1
99,1,350000.0,0.0,200516.0,1,1,1,1,0,0,0,0,0,0,2,1,4,2,1,1,5,1,0,36,1,0,8,0,33,76,200516.0,195516.0,0.0,0,0.0,0.0,0.0,501.0,1,2,True,False,False,False,True,False,False,True,False,False,False,True,False,False,False,False,False,False,False,False,False,False,False,False,False,False,False,True,False,False,True,False,False,False,1
99,1,187500.0,0.0,12000.0,1,0,0,0,0,0,0,0,0,0,0,0,1,0,0,1,99,99,0,72,1,0,6,0,0,0,12000.0,0.0,0.0,0,0.0,0.0,0.0,202.0,0,6,True,False,False,False,True,False,False,True,False,False,False,True,False,False,False,False,False,False,False,False,False,False,False,False,False,False,False,True,False,True,False,False,False,False,1
99,1,162500.0,0.0,48459.0,1,1,1,1,0,0,0,0,0,0,2,1,4,1,0,1,8,8,0,33,1,0,7,0,26,19,48459.0,48000.0,0.0,0,0.0,0.0,0.0,373.0,1,1,True,False,False,False,True,False,False,True,False,False,False,True,False,False,False,False,False,False,False,False,False,False,False,False,False,False,False,True,False,False,True,False,False,False,1
99,0,999999.0,875.0,24357.0,4,0,0,1,0,0,0,0,0,0,0,0,6,1,1,1,3,3,0,23,1,0,2,0,24,19,3885.0,3885.0,0.0,0,0.0,0.0,0.0,140.0,0,2,True,False,False,False,True,False,False,True,False,False,False,True,False,False,False,False,False,False,False,False,False,False,False,False,False,False,False,True,False,False,False,True,False,False,1
99,0,999999.0,875.0,50000.0,1,1,1,1,2,0,1,1,0,1,0,0,8,0,0,1,99,99,4,10,0,1,1,1,0,0,0.0,999999.0,999999.0,999999,99999.0,99999.0,99999.0,237.0,0,0,True,False,False,False,True,False,False,True,True,False,False,False,False,False,False,False,False,False,False,False,False,False,False,False,False,False,False,True,False,False,False,True,False,False,1
99,1,350000.0,0.0,97400.0,1,1,1,1,2,0,1,1,3,1,0,0,3,0,0,1,99,99,0,35,1,0,6,0,29,27,20000.0,20000.0,0.0,0,0.0,0.0,0.0,501.0,1,0,True,False,False,False,True,False,False,True,True,False,False,False,False,False,False,False,False,False,False,False,False,False,False,False,False,False,False,True,True,False,False,False,False,False,1
99,1,400000.0,0.0,141300.0,1,1,1,1,0,0,0,0,0,0,2,1,6,4,0,1,24,12,0,48,1,0,8,0,35,66,35000.0,35000.0,0.0,0,0.0,0.0,0.0,501.0,0,6,True,False,False,False,True,False,False,True,False,False,False,True,False,False,False,False,False,False,False,False,False,False,True,False,False,False,False,False,False,False,True,False,False,False,1
99,1,350000.0,0.0,51000.0,1,0,0,1,0,0,0,0,0,0,0,0,5,0,0,1,99,99,0,20,1,1,7,2,0,0,0.0,0.0,0.0,0,0.0,0.0,0.0,326.0,0,0,True,False,False,False,True,False,False,True,False,False,False,False,False,False,True,False,False,False,False,False,False,False,False,False,False,True,False,False,False,False,False,True,False,False,1
99,1,400000.0,0.0,153000.0,1,2,2,2,0,0,0,0,0,0,2,1,7,2,0,1,19,16,0,53,1,0,7,0,41,68,25000.0,0.0,25000.0,0,0.0,0.0,0.0,501.0,0,6,True,False,False,False,True,False,False,True,False,False,False,True,False,False,False,False,False,False,False,False,False,False,False,False,False,True,False,False,False,False,True,False,False,False,1
99,0,999999.0,437.0,7800.0,2,0,0,0,0,0,0,0,0,0,0,0,1,0,0,2,99,99,0,26,1,0,1,0,20,8,14400.0,14400.0,0.0,0,0.0,0.0,0.0,223.0,1,0,True,False,False,False,True,False,False,True,False,False,False,False,False,False,False,False,False,True,False,False,False,False,False,False,False,False,False,True,False,False,False,True,False,False,1
99,1,77500.0,0.0,32280.0,1,0,2,0,1,0,1,0,0,0,0,0,3,1,0,1,7,7,0,30,0,0,6,0,35,66,18000.0,18000.0,0.0,0,0.0,0.0,0.0,323.0,1,0,True,False,False,False,True,False,False,True,True,False,False,False,False,False,False,False,False,False,False,False,False,False,True,False,False,False,False,False,False,False,False,True,False,False,1
99,0,999999.0,725.0,32640.0,1,1,1,1,2,0,1,1,0,1,0,0,5,0,0,1,99,99,2,16,1,1,3,1,0,0,0.0,0.0,0.0,0,0.0,0.0,0.0,215.0,0,0,True,False,False,False,True,False,False,True,True,False,False,False,False,False,False,False,False,False,False,False,False,False,False,False,False,False,False,True,False,False,False,True,False,False,1
99,0,999999.0,512.0,39600.0,2,1,1,1,0,0,0,0,0,0,2,1,10,5,1,1,24,4,0,53,1,0,0,0,20,9,7200.0,7200.0,0.0,0,0.0,0.0,0.0,147.0,1,1,True,False,False,False,True,False,False,True,False,False,False,True,False,False,False,False,False,False,False,False,False,False,False,False,False,False,False,True,False,False,True,False,False,False,1
99,1,187500.0,0.0,81400.0,1,1,2,1,2,0,1,1,0,1,0,0,5,0,0,1,99,99,1,4,0,1,0,1,0,0,0.0,999999.0,999999.0,999999,99999.0,99999.0,99999.0,501.0,1,0,True,False,False,False,True,False,False,True,True,False,False,False,False,False,False,False,False,False,False,False,False,False,False,False,False,False,False,True,False,False,False,True,False,False,1
99,0,999999.0,625.0,59776.0,1,1,1,1,2,0,1,1,0,1,0,0,4,0,0,1,99,99,1,19,0,1,7,1,24,47,11476.0,11476.0,0.0,0,0.0,0.0,0.0,460.0,0,0,True,False,False,False,True,False,False,True,True,False,False,False,False,False,False,False,False,False,False,False,False,False,False,False,False,False,False,True,False,False,False,True,False,False,1
99,0,999999.0,337.0,32550.0,1,0,1,0,1,0,1,0,0,0,0,0,2,0,0,1,99,99,0,5,1,1,0,2,0,0,0.0,999999.0,999999.0,999999,99999.0,99999.0,99999.0,381.0,0,0,True,False,False,False,True,False,False,True,True,False,False,False,False,False,False,False,False,False,False,False,False,False,True,False,False,False,False,False,False,False,False,True,False,False,1
99,0,999999.0,675.0,25512.0,1,0,1,0,1,0,1,0,0,0,0,0,3,0,0,1,99,99,1,12,1,1,2,1,0,0,0.0,999999.0,999999.0,999999,99999.0,99999.0,99999.0,255.0,1,0,True,False,False,False,True,False,False,True,True,False,False,False,False,False,False,False,False,False,False,False,False,False,False,False,False,False,False,True,False,False,False,True,False,False,1
99,0,999999.0,1000.0,20820.0,2,1,2,1,3,0,2,2,0,2,0,0,9,0,0,1,99,99,0,3,0,0,0,0,0,0,0.0,999999.0,999999.0,999999,99999.0,99999.0,99999.0,81.0,1,0,True,False,False,False,True,False,False,True,False,False,True,False,False,False,False,False,False,False,False,False,False,False,False,False,False,False,False,True,False,False,False,True,False,False,1
99,0,999999.0,387.0,0.0,2,0,1,0,0,0,0,0,0,0,0,0,4,3,2,1,5,0,0,22,0,0,6,0,0,0,0.0,0.0,0.0,0,0.0,0.0,0.0,1.0,1,1,True,False,False,False,True,False,False,True,False,False,False,True,False,False,False,False,False,False,False,False,False,False,False,False,False,False,False,True,False,False,False,True,False,False,1
99,0,999999.0,387.0,9000.0,2,0,1,0,0,0,0,0,0,0,0,0,4,0,0,1,99,99,0,4,0,0,0,0,0,0,0.0,999999.0,999999.0,999999,99999.0,99999.0,99999.0,71.0,1,0,True,False,False,False,True,False,False,True,False,False,False,False,False,False,True,False,False,False,False,False,False,False,False,False,False,False,False,True,False,False,False,True,False,False,1
99,1,400000.0,0.0,118450.0,1,1,1,1,0,0,0,0,0,0,2,1,3,1,0,1,20,20,0,61,1,0,8,0,79,92,69950.0,70000.0,-50.0,0,0.0,0.0,0.0,501.0,0,6,True,False,False,False,True,False,False,True,False,False,False,True,False,False,False,False,False,False,False,False,False,False,False,False,False,False,False,True,False,False,True,False,False,False,1
99,0,999999.0,462.0,19624.0,2,1,1,1,2,0,1,1,0,1,0,0,5,0,0,1,99,99,1,0,0,0,7,0,0,0,0.0,999999.0,999999.0,999999,99999.0,99999.0,99999.0,133.0,1,0,True,False,False,False,True,False,False,True,True,False,False,False,False,False,False,False,False,False,False,False,False,False,False,False,False,False,False,True,False,False,False,True,False,False,1
99,0,999999.0,162.0,38500.0,1,0,2,0,4,0,1,0,0,0,0,0,5,2,0,1,19,17,1,35,0,0,3,0,0,0,6720.0,0.0,0.0,0,6720.0,0.0,0.0,246.0,1,6,True,False,False,False,True,False,False,True,False,False,False,True,False,False,False,False,False,False,False,False,False,False,True,False,False,False,False,False,False,False,False,True,False,False,1
99,0,999999.0,487.0,25000.0,1,0,0,0,0,0,0,0,0,0,0,0,1,0,0,1,99,99,0,41,0,0,7,0,17,13,25000.0,25000.0,0.0,0,0.0,0.0,0.0,388.0,1,2,True,False,False,False,True,False,False,True,False,False,False,True,False,False,False,False,False,False,False,False,False,False,False,False,False,False,False,True,True,False,False,False,False,False,1
99,0,999999.0,1000.0,70000.0,1,1,1,1,0,0,0,0,0,0,2,1,5,3,2,1,6,0,0,38,1,0,8,0,49,87,70000.0,70000.0,0.0,0,0.0,0.0,0.0,473.0,0,2,True,False,False,False,True,False,False,True,False,False,False,True,False,False,False,False,False,False,False,False,False,False,False,False,False,False,False,True,False,False,True,False,False,False,1
99,0,999999.0,625.0,8000.0,7,1,0,0,0,0,0,0,0,0,0,0,1,0,0,6,99,99,0,3,1,0,0,0,0,0,0.0,999999.0,999999.0,999999,99999.0,99999.0,99999.0,1.0,1,0,True,False,False,False,True,False,False,True,False,False,False,False,False,True,False,False,False,False,False,False,False,False,False,False,False,False,False,True,False,False,False,True,False,False,1
99,1,400000.0,0.0,195516.0,1,1,1,1,2,0,1,1,0,1,0,0,5,0,0,1,99,99,2,12,1,1,2,1,0,0,0.0,999999.0,999999.0,999999,99999.0,99999.0,99999.0,501.0,0,0,True,False,False,False,True,False,False,True,True,False,False,False,False,False,False,False,False,False,False,False,False,False,False,False,True,False,False,False,False,False,False,True,False,False,1
99,0,999999.0,875.0,23200.0,1,1,1,1,0,0,0,0,0,0,2,1,5,3,2,1,9,2,0,31,1,1,6,1,23,18,22000.0,22000.0,0.0,0,0.0,0.0,0.0,157.0,1,2,True,False,False,False,True,False,False,True,False,False,False,True,False,False,False,False,False,False,False,False,False,False,False,False,False,False,False,True,False,False,True,False,False,False,1
99,0,999999.0,462.0,9887.0,1,1,1,1,0,0,0,0,0,0,1,1,6,2,2,1,2,0,0,29,0,0,8,0,0,0,0.0,0.0,0.0,0,0.0,0.0,0.0,57.0,1,0,True,False,False,False,True,False,False,True,False,False,False,False,False,False,False,False,False,False,False,False,True,False,False,False,False,False,False,True,False,False,True,False,False,False,1
99,1,137500.0,0.0,77497.0,1,1,1,1,0,0,0,0,0,0,1,1,4,2,0,1,20,17,0,40,0,0,7,0,22,51,25000.0,25000.0,0.0,0,0.0,0.0,0.0,501.0,0,0,True,False,False,False,True,False,False,True,False,False,False,False,False,False,False,False,False,False,False,False,True,False,False,False,False,False,False,True,False,False,True,False,False,False,1
99,0,999999.0,1000.0,47700.0,3,0,0,0,0,0,0,0,0,0,0,0,2,0,0,1,99,99,0,27,1,0,7,0,16,38,21800.0,21800.0,0.0,0,0.0,0.0,0.0,501.0,1,0,True,False,False,False,True,False,False,True,False,False,False,False,False,False,True,False,False,False,False,False,False,False,False,False,False,False,False,True,False,False,False,True,False,False,1
99,1,187500.0,0.0,78000.0,1,1,1,1,0,0,0,0,0,0,1,1,6,4,0,1,23,7,0,45,0,0,2,0,0,0,0.0,0.0,0.0,0,0.0,0.0,0.0,438.0,0,0,True,False,False,False,True,False,False,True,False,False,False,False,False,False,False,False,False,False,False,False,True,False,False,False,False,False,False,True,False,False,True,False,False,False,1
99,0,999999.0,512.0,47500.0,1,1,0,0,0,0,0,0,0,0,1,1,2,0,0,1,99,99,0,27,0,1,7,1,24,44,15000.0,15000.0,0.0,0,0.0,0.0,0.0,501.0,1,0,True,False,False,False,True,False,False,True,False,False,False,False,False,False,False,False,False,False,False,False,True,False,False,False,False,False,False,True,False,False,True,False,False,False,1
99,0,999999.0,575.0,30400.0,1,1,0,0,0,0,0,0,0,0,2,1,2,0,0,1,99,99,0,25,1,0,7,0,20,8,20000.0,20000.0,0.0,0,0.0,0.0,0.0,366.0,1,1,True,False,False,False,True,False,False,True,False,False,False,True,False,False,False,False,False,False,False,False,False,False,True,False,False,False,False,False,False,False,True,False,False,False,1
99,1,137500.0,0.0,31000.0,1,1,1,1,2,0,1,1,0,1,0,0,4,0,0,1,99,99,1,2,1,0,7,0,0,0,0.0,999999.0,999999.0,999999,99999.0,99999.0,99999.0,247.0,1,0,True,False,False,False,True,False,False,True,True,False,False,False,False,False,False,False,False,False,False,False,False,False,False,False,False,False,False,True,False,False,False,True,False,False,1
99,1,137500.0,0.0,37731.0,1,0,0,0,0,0,0,0,0,0,0,0,1,0,0,1,99,99,0,55,1,0,7,0,32,39,37731.0,0.0,0.0,0,0.0,0.0,0.0,501.0,0,5,True,False,False,False,True,False,False,True,False,False,False,True,False,False,False,False,False,False,False,False,False,False,False,False,False,False,False,True,True,False,False,False,False,False,1
99,0,999999.0,875.0,57000.0,1,1,1,1,2,0,1,1,0,1,0,0,4,0,0,1,99,99,1,2,1,0,7,0,0,0,0.0,999999.0,999999.0,999999,99999.0,99999.0,99999.0,453.0,1,0,True,False,False,False,True,False,False,True,True,False,False,False,False,False,False,False,False,False,False,False,False,False,False,False,False,False,False,True,False,False,False,True,False,False,1
99,1,112500.0,0.0,27000.0,1,0,0,1,0,0,0,1,0,1,0,0,5,0,0,1,99,99,2,21,1,0,5,0,20,9,0.0,0.0,0.0,0,0.0,0.0,0.0,173.0,0,0,True,False,False,False,True,False,False,True,True,False,False,False,False,False,False,False,False,False,False,False,False,False,True,False,False,False,False,False,False,False,False,True,False,False,1
99,0,999999.0,875.0,40297.0,1,1,1,1,2,0,1,1,0,1,0,0,4,0,0,1,99,99,1,5,1,1,0,2,0,0,0.0,999999.0,999999.0,999999,99999.0,99999.0,99999.0,320.0,1,0,True,False,False,False,True,False,False,True,True,False,False,False,False,False,False,False,False,False,False,False,False,False,False,False,False,False,False,True,False,False,False,True,False,False,1
99,0,999999.0,675.0,10392.0,1,0,1,0,0,0,0,0,0,0,0,0,3,0,0,1,99,99,0,20,1,0,6,0,20,31,0.0,0.0,0.0,0,0.0,0.0,0.0,107.0,1,0,True,False,False,False,True,False,False,True,False,False,True,False,False,False,False,False,False,False,False,False,False,False,True,False,False,False,False,False,False,False,False,True,False,False,1
99,0,999999.0,675.0,59672.0,1,1,1,1,0,0,0,0,0,0,1,1,3,1,0,1,25,25,0,44,0,0,6,0,22,61,21000.0,21000.0,0.0,0,0.0,0.0,0.0,501.0,1,0,True,False,False,False,True,False,False,True,False,False,False,False,False,False,False,False,False,False,False,False,True,False,True,False,False,False,False,False,False,False,True,False,False,False,1
99,1,225000.0,0.0,56200.0,1,1,1,1,2,0,1,1,0,1,0,0,6,0,0,1,99,99,3,8,0,1,1,1,0,0,0.0,999999.0,999999.0,999999,99999.0,99999.0,99999.0,339.0,1,0,True,False,False,False,True,False,False,True,True,False,False,False,False,False,False,False,False,False,False,False,False,False,False,False,False,False,False,True,False,False,False,True,False,False,1
99,0,999999.0,437.0,4000.0,1,0,1,0,1,0,1,0,0,0,0,0,3,0,0,1,99,99,1,4,0,0,0,0,0,0,0.0,999999.0,999999.0,999999,99999.0,99999.0,99999.0,40.0,1,0,True,False,False,False,True,False,False,True,True,False,False,False,False,False,False,False,False,False,False,False,False,False,False,False,False,False,False,True,False,False,False,True,False,False,1
99,1,225000.0,0.0,89505.0,1,1,1,1,2,0,1,1,0,1,0,0,4,0,0,1,99,99,1,11,1,1,1,2,0,0,0.0,999999.0,999999.0,999999,99999.0,99999.0,99999.0,501.0,0,0,True,False,False,False,True,False,False,True,True,False,False,False,False,False,False,False,False,False,False,False,False,False,False,False,False,False,False,True,False,False,False,True,False,False,1
99,1,137500.0,0.0,57000.0,2,0,0,0,0,0,0,0,0,0,0,0,1,0,0,2,99,99,0,57,0,0,4,0,0,0,0.0,0.0,0.0,0,0.0,0.0,0.0,1.0,1,0,True,False,False,False,True,False,False,True,False,False,False,False,False,True,False,False,False,False,False,False,False,False,False,False,False,False,False,True,True,False,False,False,False,False,1
99,1,225000.0,0.0,48000.0,1,1,0,0,0,0,0,0,0,0,2,1,2,0,0,1,99,99,0,30,1,0,7,0,32,39,30000.0,30000.0,0.0,0,0.0,0.0,0.0,501.0,0,5,True,False,False,False,True,False,False,True,False,False,False,True,False,False,False,False,False,False,False,False,False,False,False,False,False,False,False,True,False,False,True,False,False,False,1
99,1,275000.0,0.0,56184.0,1,1,2,1,5,0,1,0,0,0,2,1,5,2,0,1,10,5,0,43,1,0,7,0,41,77,27445.0,26455.0,0.0,0,0.0,0.0,0.0,370.0,0,6,True,False,False,False,True,False,False,True,False,False,False,True,False,False,False,False,False,False,False,False,False,False,False,True,False,False,False,False,False,False,True,False,False,False,1
99,1,225000.0,0.0,68020.0,1,1,1,1,0,0,0,0,0,0,2,1,3,1,1,1,0,0,0,44,1,0,5,0,25,15,42010.0,42000.0,0.0,0,0.0,0.0,0.0,501.0,1,1,True,False,False,False,True,False,False,True,False,False,False,True,False,False,False,False,False,False,False,False,False,False,False,False,False,False,False,True,False,False,True,False,False,False,1
99,0,999999.0,312.0,39600.0,1,1,1,1,2,0,1,1,0,1,0,0,5,0,0,1,99,99,2,6,0,1,0,1,0,0,0.0,999999.0,999999.0,999999,99999.0,99999.0,99999.0,268.0,1,0,True,False,False,False,True,False,False,True,True,False,False,False,False,False,False,False,False,False,False,False,False,False,False,False,False,False,False,True,False,False,False,True,False,False,1
99,1,225000.0,0.0,20000.0,1,1,1,1,0,0,0,0,0,0,1,1,5,3,1,1,11,4,0,30,0,0,8,0,0,0,0.0,0.0,0.0,0,0.0,0.0,0.0,135.0,0,0,True,False,False,False,True,False,False,True,False,False,False,False,False,False,False,False,False,False,False,False,True,False,False,False,False,False,False,True,False,False,True,False,False,False,1
99,1,400000.0,0.0,23824.0,1,0,0,0,0,0,0,0,0,0,0,0,1,0,0,1,99,99,0,80,0,0,6,0,0,0,23824.0,0.0,0.0,0,10944.0,0.0,0.0,401.0,1,1,True,False,False,False,True,False,False,True,False,False,False,True,False,False,False,False,False,False,False,False,False,False,False,False,False,False,False,True,False,False,False,False,False,True,1
99,0,999999.0,537.0,24600.0,1,1,1,1,0,0,0,0,0,0,0,0,5,0,0,1,99,99,0,62,0,0,0,0,0,0,0.0,0.0,0.0,0,0.0,0.0,0.0,162.0,1,0,True,False,False,False,True,False,False,True,False,False,False,False,False,False,True,False,False,False,False,False,False,False,False,False,False,False,False,True,False,False,False,True,False,False,1
99,0,999999.0,437.0,15072.0,2,1,1,1,0,0,0,0,0,0,2,1,7,3,2,1,6,1,2,26,1,0,0,0,11,11,7072.0,7072.0,0.0,0,0.0,0.0,0.0,76.0,0,1,True,False,False,False,True,False,False,True,False,False,False,True,False,False,False,False,False,False,False,False,False,False,False,False,False,False,False,True,False,False,True,False,False,False,1
99,1,162500.0,0.0,38759.0,1,1,0,0,0,0,0,0,0,0,1,1,2,0,0,1,99,99,0,66,0,0,7,0,24,44,26584.0,0.0,0.0,0,4020.0,0.0,0.0,501.0,0,0,True,False,False,False,True,False,False,True,False,False,False,False,False,False,False,False,False,False,False,False,True,False,False,False,False,False,False,True,False,False,True,False,False,False,1
99,1,275000.0,0.0,40350.0,1,1,1,1,2,0,1,1,0,1,0,0,5,0,0,1,99,99,2,9,0,1,1,1,0,0,0.0,999999.0,999999.0,999999,99999.0,99999.0,99999.0,273.0,0,0,True,False,False,False,True,False,False,True,True,False,False,False,False,False,False,False,False,False,False,False,False,False,False,False,False,False,False,True,False,False,False,True,False,False,1
99,1,400000.0,0.0,34883.0,1,1,0,0,0,0,0,0,0,0,2,1,2,0,0,1,99,99,0,67,1,0,8,0,0,0,20326.0,0.0,0.0,0,7806.0,0.0,0.0,465.0,0,7,True,False,False,False,True,False,False,True,False,False,False,True,False,False,False,False,False,False,False,False,False,False,False,False,False,False,False,True,False,False,True,False,False,False,1
99,0,999999.0,162.0,0.0,1,0,1,0,2,0,1,0,0,0,0,0,2,0,0,1,99,99,0,68,0,0,4,0,0,0,0.0,0.0,0.0,0,0.0,0.0,0.0,1.0,0,2,True,False,False,False,True,False,False,True,False,False,False,True,False,False,False,False,False,False,False,False,False,False,True,False,False,False,False,False,False,False,False,False,True,False,1
99,1,137500.0,0.0,60000.0,1,1,1,1,2,0,1,1,0,1,0,0,4,0,0,1,99,99,1,5,0,1,0,2,0,0,0.0,999999.0,999999.0,999999,99999.0,99999.0,99999.0,477.0,0,0,True,False,False,False,True,False,False,True,True,False,False,False,False,False,False,False,False,False,False,False,False,False,False,False,False,False,False,True,False,False,False,True,False,False,1
99,1,187500.0,0.0,65806.0,1,1,1,1,0,0,0,0,0,0,1,1,10,8,0,1,27,11,0,51,0,0,6,0,0,0,0.0,0.0,0.0,0,0.0,0.0,0.0,249.0,1,0,True,False,False,False,True,False,False,True,False,False,False,False,False,False,False,False,False,False,False,False,True,False,False,False,False,True,False,False,False,False,True,False,False,False,1
99,0,999999.0,0.0,999999.0,1,0,0,0,0,0,0,0,0,0,0,0,1,0,0,1,99,99,0,19,0,1,7,2,24,47,5547.0,5500.0,0.0,0,0.0,0.0,0.0,0.0,1,0,False,False,True,False,False,True,False,True,False,False,False,False,False,True,False,False,False,False,False,False,False,False,False,False,False,False,False,True,False,False,False,True,False,False,1
99,0,999999.0,437.0,34000.0,1,1,1,1,2,0,1,1,0,1,0,0,9,0,0,1,99,99,5,16,1,1,3,1,16,15,2000.0,1800.0,0.0,0,200.0,0.0,0.0,136.0,1,0,True,False,False,False,True,False,False,True,True,False,False,False,False,False,False,False,False,False,False,False,False,False,False,False,False,False,False,True,False,False,False,True,False,False,1
99,1,400000.0,0.0,92000.0,1,1,1,1,2,0,1,1,0,1,0,0,4,0,0,1,99,99,1,10,1,1,1,1,0,0,0.0,999999.0,999999.0,999999,99999.0,99999.0,99999.0,501.0,1,0,True,False,False,False,True,False,False,True,True,False,False,False,False,False,False,False,False,False,False,False,False,False,False,True,False,False,False,False,False,False,False,True,False,False,1
99,1,187500.0,0.0,205049.0,1,1,0,0,0,0,0,0,0,0,1,1,2,0,0,1,99,99,0,50,0,1,7,1,0,0,0.0,0.0,0.0,0,0.0,0.0,0.0,501.0,0,0,True,False,False,False,True,False,False,True,False,False,False,False,False,False,False,False,False,False,False,False,True,False,False,False,False,False,False,True,False,False,True,False,False,False,1
99,1,225000.0,0.0,55000.0,1,1,1,1,2,0,1,1,0,1,0,0,3,0,0,1,99,99,0,1,0,0,7,0,0,0,0.0,999999.0,999999.0,999999,99999.0,99999.0,99999.0,501.0,1,0,True,False,False,False,True,False,False,True,True,False,False,False,False,False,False,False,False,False,False,False,False,False,False,False,False,False,False,True,False,False,False,True,False,False,1
99,1,187500.0,0.0,25500.0,2,1,1,2,2,0,1,1,0,1,0,0,8,0,0,1,99,99,5,12,1,1,2,1,0,0,0.0,999999.0,999999.0,999999,99999.0,99999.0,99999.0,117.0,1,0,True,False,False,False,True,False,False,True,True,False,False,False,False,False,False,False,False,False,False,False,False,False,False,False,False,False,False,True,False,False,False,True,False,False,1
99,1,275000.0,0.0,105708.0,1,1,0,0,0,0,0,0,0,0,2,1,2,0,0,1,99,99,0,72,1,0,6,0,0,0,18708.0,0.0,0.0,0,8496.0,0.0,0.0,501.0,1,2,True,False,False,False,True,False,False,True,False,False,False,True,False,False,False,False,False,False,False,False,False,False,False,False,False,False,False,True,False,False,True,False,False,False,1
99,1,137500.0,0.0,60000.0,4,2,1,2,0,0,0,0,0,0,0,0,11,3,0,1,28,14,0,52,1,0,0,0,23,18,11000.0,11000.0,0.0,0,0.0,0.0,0.0,223.0,1,0,True,False,False,False,True,False,False,True,False,False,False,False,False,False,False,True,False,False,False,False,False,False,False,False,False,False,False,True,False,True,False,False,False,False,0
99,0,999999.0,625.0,29000.0,1,1,1,1,0,0,0,0,0,0,0,0,8,0,0,1,99,99,0,4,0,1,0,1,0,0,0.0,999999.0,999999.0,999999,99999.0,99999.0,99999.0,133.0,1,0,True,False,False,False,True,False,False,True,False,False,False,False,False,False,True,False,False,False,False,False,False,False,False,False,False,False,False,True,False,False,False,True,False,False,1
99,1,400000.0,0.0,27000.0,1,1,0,0,0,0,0,0,0,0,1,1,2,0,0,1,99,99,0,69,0,0,2,0,21,45,12000.0,12000.0,0.0,0,0.0,0.0,0.0,360.0,0,0,True,False,False,False,True,False,False,True,False,False,False,False,False,False,False,False,False,False,False,False,True,False,False,False,True,False,False,False,False,False,True,False,False,False,1
99,0,999999.0,90.0,8000.0,1,0,0,0,0,0,0,0,0,0,0,0,1,0,0,1,99,99,0,35,1,1,5,2,20,9,8000.0,0.0,8000.0,0,0.0,0.0,0.0,124.0,1,2,True,False,False,False,True,False,False,True,False,False,False,True,False,False,False,False,False,False,False,False,False,False,True,False,False,False,False,False,False,False,False,True,False,False,1
99,1,400000.0,0.0,219616.0,1,1,0,0,0,0,0,0,0,0,1,1,2,0,0,1,99,99,0,45,0,0,8,0,30,65,8100.0,8100.0,0.0,0,0.0,0.0,0.0,501.0,0,0,True,False,False,False,True,False,False,True,False,False,False,False,False,False,False,False,False,False,False,False,True,False,False,False,False,False,False,True,False,False,True,False,False,False,0
99,1,225000.0,0.0,36000.0,1,1,1,1,2,0,1,1,0,1,0,0,4,0,0,1,99,99,1,12,1,1,2,1,0,0,0.0,999999.0,999999.0,999999,99999.0,99999.0,99999.0,277.0,0,0,True,False,False,False,True,False,False,True,True,False,False,False,False,False,False,False,False,False,False,False,False,False,False,False,False,False,False,True,False,False,False,True,False,False,1
99,1,162500.0,0.0,60400.0,2,1,1,1,0,0,0,0,0,0,0,0,5,0,0,1,99,99,0,2,0,0,7,0,0,0,0.0,999999.0,999999.0,999999,99999.0,99999.0,99999.0,386.0,1,0,True,False,False,False,True,False,False,True,False,False,False,False,False,False,True,False,False,False,False,False,False,False,False,False,False,False,False,True,False,False,False,True,False,False,1
99,0,999999.0,725.0,29000.0,1,0,0,1,0,0,0,0,0,0,0,0,3,1,0,1,5,5,0,35,1,0,0,0,23,18,20000.0,20000.0,0.0,0,0.0,0.0,0.0,291.0,1,2,True,False,False,False,True,False,False,True,False,False,False,True,False,False,False,False,False,False,False,False,False,False,False,False,False,True,False,False,False,False,False,True,False,False,1
99,0,999999.0,462.0,15535.0,2,0,0,0,0,0,0,0,0,0,0,0,1,0,0,2,99,99,0,24,0,0,6,0,22,61,20373.0,20373.0,0.0,0,0.0,0.0,0.0,316.0,1,0,True,False,False,False,True,False,False,True,False,False,False,False,False,False,False,False,False,True,False,False,False,False,False,False,False,False,False,True,False,False,False,True,False,False,1
99,0,999999.0,675.0,40000.0,1,1,1,1,1,0,1,2,0,1,0,0,4,0,0,1,99,99,1,1,0,0,7,0,0,0,0.0,999999.0,999999.0,999999,99999.0,99999.0,99999.0,318.0,1,0,True,False,False,False,True,False,False,True,True,False,False,False,False,False,False,False,False,False,False,False,False,False,False,False,False,False,False,True,False,False,False,True,False,False,1
99,1,400000.0,0.0,71400.0,1,1,0,0,0,0,0,0,0,0,1,1,2,0,0,1,99,99,0,59,0,0,8,0,26,72,12800.0,8000.0,0.0,0,0.0,0.0,0.0,501.0,0,0,True,False,False,False,True,False,False,True,False,False,False,False,False,False,False,False,False,False,False,False,True,False,False,False,False,False,False,True,False,False,True,False,False,False,1
99,0,999999.0,412.0,5000.0,4,0,0,0,0,0,0,0,0,0,0,0,1,0,0,1,99,99,0,35,1,0,6,0,17,11,5000.0,5000.0,0.0,0,0.0,0.0,0.0,78.0,1,2,True,False,False,False,True,False,False,True,False,False,False,True,False,False,False,False,False,False,False,False,False,False,False,False,False,False,False,True,False,False,False,True,False,False,0
99,1,225000.0,0.0,45393.0,1,2,2,2,2,0,1,1,0,1,0,0,6,0,0,1,99,99,1,11,1,1,2,1,0,0,0.0,999999.0,999999.0,999999,99999.0,99999.0,99999.0,260.0,0,0,True,False,False,False,True,False,False,True,True,False,False,False,False,False,False,False,False,False,False,False,False,False,False,True,False,False,False,False,False,False,False,True,False,False,1
99,0,999999.0,875.0,21000.0,2,0,0,0,0,0,0,0,0,0,0,0,1,0,0,1,99,99,0,26,0,1,7,1,38,68,21000.0,21000.0,0.0,0,0.0,0.0,0.0,326.0,1,1,True,False,False,False,True,False,False,True,False,False,False,True,False,False,False,False,False,False,False,False,False,False,False,False,False,False,False,True,False,False,False,True,False,False,1
99,1,162500.0,0.0,45188.0,1,1,1,1,2,7,1,1,0,1,0,0,4,0,0,1,99,99,1,29,0,0,5,0,0,0,15189.0,0.0,0.0,0,0.0,15189.0,0.0,353.0,0,0,True,False,False,False,True,False,False,True,True,False,False,False,False,False,False,False,False,False,False,False,False,False,True,False,False,False,False,False,False,True,False,False,False,False,1
99,1,225000.0,0.0,83872.0,1,1,1,1,0,0,0,0,0,0,2,1,5,3,0,1,19,13,0,52,1,0,6,0,32,62,43025.0,43000.0,0.0,0,0.0,0.0,0.0,501.0,1,2,True,False,False,False,True,False,False,True,False,False,False,True,False,False,False,False,False,False,False,False,False,False,False,False,True,False,False,False,False,False,True,False,False,False,1
99,0,999999.0,675.0,62721.0,1,1,1,1,2,0,1,1,0,1,0,0,4,0,0,1,99,99,1,13,1,1,2,1,0,0,0.0,999999.0,999999.0,999999,99999.0,99999.0,99999.0,499.0,0,0,True,False,False,False,True,False,False,True,True,False,False,False,False,False,False,False,False,False,False,False,False,False,False,False,False,False,False,True,False,False,False,True,False,False,1
99,1,225000.0,0.0,70000.0,1,1,1,1,2,0,1,1,0,1,0,0,7,0,0,1,99,99,4,16,0,1,4,1,0,0,0.0,0.0,0.0,0,0.0,0.0,0.0,341.0,0,0,True,False,False,False,True,False,False,True,True,False,False,False,False,False,False,False,False,False,False,False,False,False,False,False,False,False,False,True,False,False,False,True,False,False,1
99,0,999999.0,1000.0,11000.0,2,0,0,0,0,0,0,0,0,0,0,0,1,0,0,2,99,99,0,22,0,0,8,0,25,44,13000.0,13000.0,0.0,0,0.0,0.0,0.0,202.0,1,0,True,False,False,False,True,False,False,True,False,False,False,False,False,False,False,False,False,True,False,False,False,False,False,False,False,False,False,True,False,False,False,True,False,False,1
99,1,275000.0,0.0,78355.0,1,1,0,0,0,0,0,0,0,0,1,1,2,0,0,1,99,99,0,64,0,0,7,0,29,48,33280.0,33280.0,0.0,0,0.0,0.0,0.0,501.0,0,0,True,False,False,False,True,False,False,True,False,False,False,False,False,False,False,False,False,False,False,False,True,False,False,False,False,False,False,True,False,False,True,False,False,False,1
99,0,999999.0,875.0,53532.0,2,0,1,0,1,0,1,0,0,0,0,0,4,0,0,1,99,99,1,5,0,1,0,2,0,0,0.0,999999.0,999999.0,999999,99999.0,99999.0,99999.0,426.0,1,0,True,False,False,False,True,False,False,True,True,False,False,False,False,False,False,False,False,False,False,False,False,False,False,False,False,False,False,True,False,False,False,True,False,False,1
99,0,999999.0,675.0,10156.0,2,0,0,0,0,0,0,0,0,0,0,0,1,0,0,2,99,99,0,73,1,0,6,0,0,0,6576.0,0.0,0.0,0,6576.0,0.0,0.0,111.0,0,0,True,False,False,False,True,False,False,True,False,False,False,False,False,False,False,False,False,True,False,False,False,False,False,False,False,False,False,True,True,False,False,False,False,False,1
99,1,400000.0,0.0,326031.0,1,1,1,1,2,0,1,1,0,1,0,0,5,0,0,1,99,99,2,19,1,1,6,1,26,22,7000.0,7000.0,0.0,0,0.0,0.0,0.0,501.0,0,0,True,False,False,False,True,False,False,True,True,False,False,False,False,False,False,False,False,False,False,False,False,False,False,False,False,False,False,True,False,False,False,True,False,False,1
99,1,275000.0,0.0,32830.0,1,1,0,0,0,0,0,0,0,0,1,1,2,0,0,1,99,99,0,71,0,0,7,0,0,0,0.0,0.0,0.0,0,0.0,0.0,0.0,438.0,0,0,True,False,False,False,True,False,False,True,False,False,False,False,False,False,False,False,False,False,False,False,True,False,False,False,False,False,False,True,False,False,True,False,False,False,1
99,0,999999.0,362.0,16576.0,1,1,1,1,2,0,1,1,0,1,0,0,6,0,0,1,99,99,3,4,0,0,0,0,0,0,0.0,999999.0,999999.0,999999,99999.0,99999.0,99999.0,97.0,1,0,True,False,False,False,True,False,False,True,True,False,False,False,False,False,False,False,False,False,False,False,False,False,False,False,False,False,False,True,False,False,False,True,False,False,1
99,0,999999.0,0.0,999999.0,1,0,0,0,0,0,0,0,0,0,0,0,1,0,0,1,99,99,0,27,1,0,6,0,0,0,716.0,0.0,0.0,0,0.0,716.0,0.0,0.0,1,0,False,True,False,True,False,False,False,True,False,False,False,False,True,False,False,False,False,False,False,False,False,False,False,False,False,False,False,True,True,False,False,False,False,False,1
99,1,400000.0,0.0,105200.0,1,1,1,1,0,0,0,0,0,0,1,1,4,2,0,1,12,11,0,40,0,0,8,0,18,44,80000.0,0.0,80000.0,0,0.0,0.0,0.0,501.0,1,0,True,False,False,False,True,False,False,True,False,False,False,False,False,False,False,False,False,False,False,False,True,False,False,False,False,True,False,False,False,False,True,False,False,False,1
99,1,162500.0,0.0,15250.0,2,1,1,1,0,0,0,0,0,0,2,1,5,3,0,1,14,7,0,39,1,0,6,0,23,18,15250.0,15250.0,0.0,0,0.0,0.0,0.0,103.0,0,6,True,False,False,False,True,False,False,True,False,False,False,True,False,False,False,False,False,False,False,False,False,False,False,False,False,False,False,True,False,False,True,False,False,False,1
99,0,999999.0,675.0,8400.0,1,0,0,1,0,0,0,1,0,1,0,0,4,0,0,1,99,99,2,17,1,1,3,1,11,11,1300.0,1300.0,0.0,0,0.0,0.0,0.0,67.0,1,0,True,False,False,False,True,False,False,True,True,False,False,False,False,False,False,False,False,False,False,False,False,False,True,False,False,False,False,False,False,False,False,True,False,False,1
99,1,162500.0,0.0,30870.0,1,2,1,1,1,0,1,2,0,1,0,0,7,0,0,1,99,99,1,2,1,0,7,0,0,0,0.0,999999.0,999999.0,999999,99999.0,99999.0,99999.0,154.0,1,0,True,False,False,False,True,False,False,True,True,False,False,False,False,False,False,False,False,False,False,False,False,False,False,False,False,False,False,True,False,False,False,True,False,False,1
99,0,999999.0,262.0,45000.0,1,0,1,0,0,0,0,0,0,0,0,0,3,2,0,1,23,22,0,55,0,1,7,1,41,72,30000.0,30000.0,0.0,0,0.0,0.0,0.0,464.0,0,7,True,False,False,False,True,False,False,True,False,False,False,True,False,False,False,False,False,False,False,False,False,False,True,False,False,False,False,False,True,False,False,False,False,False,0
99,1,187500.0,0.0,90000.0,1,0,0,0,0,0,0,0,0,0,0,0,1,0,0,1,99,99,0,33,1,0,8,0,61,93,90000.0,90000.0,0.0,0,0.0,0.0,0.0,501.0,1,2,True,False,False,False,True,False,False,True,False,False,False,True,False,False,False,False,False,False,False,False,False,False,False,False,False,False,False,True,True,False,False,False,False,False,1
99,0,999999.0,875.0,31000.0,1,1,1,1,2,0,1,1,0,1,0,0,4,0,0,1,99,99,1,9,1,1,1,1,0,0,0.0,999999.0,999999.0,999999,99999.0,99999.0,99999.0,247.0,1,0,True,False,False,False,True,False,False,True,True,False,False,False,False,False,False,False,False,False,False,False,False,False,False,False,False,False,False,True,False,False,False,True,False,False,1
99,0,999999.0,512.0,28500.0,1,1,1,1,2,0,1,1,0,1,0,0,5,0,0,1,99,99,0,1,1,0,7,0,0,0,0.0,999999.0,999999.0,999999,99999.0,99999.0,99999.0,182.0,1,0,True,False,False,False,True,False,False,True,True,False,False,False,False,False,False,False,False,False,False,False,False,False,False,False,False,False,False,True,False,False,False,True,False,False,1
99,0,999999.0,875.0,60500.0,2,1,1,1,0,0,0,0,0,0,0,0,12,0,0,1,99,99,0,20,0,0,2,0,0,0,0.0,0.0,0.0,0,0.0,0.0,0.0,241.0,1,0,True,False,False,False,True,False,False,True,False,False,False,False,False,False,True,False,False,False,False,False,False,False,False,False,False,False,False,True,False,True,False,False,False,False,1
99,0,999999.0,875.0,50000.0,1,1,1,1,2,0,1,1,0,1,0,0,5,0,0,1,99,99,2,18,1,1,6,1,0,0,0.0,0.0,0.0,0,0.0,0.0,0.0,330.0,0,0,True,False,False,False,True,False,False,True,True,False,False,False,False,False,False,False,False,False,False,False,False,False,False,False,False,False,False,True,False,False,False,True,False,False,1
99,0,999999.0,437.0,7524.0,1,0,0,0,0,0,0,0,0,0,0,0,1,0,0,1,99,99,0,74,0,0,2,0,0,0,7524.0,0.0,0.0,0,7524.0,0.0,0.0,127.0,0,7,True,False,False,False,True,False,False,True,False,False,False,True,False,False,False,False,False,False,False,False,False,False,False,False,False,False,False,True,False,False,False,True,False,False,1
99,1,187500.0,0.0,36170.0,1,1,1,1,0,0,0,0,0,0,1,1,4,1,1,1,0,0,0,26,0,0,7,0,23,18,3980.0,4930.0,-1950.0,0,0.0,0.0,0.0,278.0,1,0,True,False,False,False,True,False,False,True,False,False,False,False,False,False,False,False,False,False,False,False,True,False,False,True,False,False,False,False,False,False,True,False,False,False,1
99,0,999999.0,675.0,18000.0,2,0,1,1,0,0,0,1,0,1,0,0,8,0,0,1,99,99,5,12,1,1,2,1,0,0,0.0,999999.0,999999.0,999999,99999.0,99999.0,99999.0,88.0,0,0,True,False,False,False,True,False,False,True,True,False,False,False,False,False,False,False,False,False,False,False,False,False,False,False,False,False,False,True,False,False,False,True,False,False,1
99,0,999999.0,725.0,14000.0,1,1,1,1,2,0,1,1,0,1,0,0,3,0,0,1,99,99,0,1,1,0,7,0,0,0,0.0,999999.0,999999.0,999999,99999.0,99999.0,99999.0,140.0,1,0,True,False,False,False,True,False,False,True,True,False,False,False,False,False,False,False,False,False,False,False,False,False,False,False,False,False,False,True,False,False,False,True,False,False,1
99,1,275000.0,0.0,41738.0,1,1,0,0,0,0,0,0,0,0,2,1,2,0,0,1,99,99,0,68,1,0,6,0,41,68,22959.0,18405.0,0.0,0,4554.0,0.0,0.0,501.0,0,6,True,False,False,False,True,False,False,True,False,False,False,True,False,False,False,False,False,False,False,False,False,False,False,False,False,False,False,True,False,False,True,False,False,False,1
99,1,400000.0,0.0,178515.0,1,1,0,0,0,0,0,0,0,0,2,1,2,0,0,1,99,99,0,71,1,0,8,0,79,92,173515.0,30000.0,123515.0,0,14000.0,0.0,0.0,501.0,0,7,True,False,False,False,True,False,False,True,False,False,False,True,False,False,False,False,False,False,False,False,False,False,False,False,False,False,False,True,False,False,True,False,False,False,1
99,1,187500.0,0.0,5424.0,1,0,0,0,0,0,0,0,0,0,0,0,1,0,0,1,99,99,0,70,0,0,7,0,0,0,5424.0,0.0,0.0,0,5424.0,0.0,0.0,91.0,0,8,True,False,False,False,True,False,False,True,False,False,False,True,False,False,False,False,False,False,False,False,False,False,False,False,False,False,False,True,False,False,False,False,False,True,1
99,1,162500.0,0.0,65000.0,1,1,1,1,2,0,1,1,0,1,0,0,5,0,0,1,99,99,1,3,0,0,0,0,0,0,0.0,999999.0,999999.0,999999,99999.0,99999.0,99999.0,429.0,1,0,True,False,False,False,True,False,False,True,True,False,False,False,False,False,False,False,False,False,False,False,False,False,False,False,False,False,False,True,False,False,False,True,False,False,1
99,1,162500.0,0.0,10000.0,1,1,1,1,0,0,0,0,0,0,1,1,3,1,0,1,50,50,0,75,0,0,6,0,0,0,5000.0,0.0,0.0,0,5000.0,0.0,0.0,103.0,0,0,True,False,False,False,True,False,False,True,False,False,False,False,False,False,False,False,False,False,False,False,True,False,True,False,False,False,False,False,False,False,True,False,False,False,1
99,0,999999.0,412.0,12000.0,1,0,0,0,0,0,0,0,0,0,0,0,1,0,0,1,99,99,0,37,1,0,7,0,17,13,12000.0,12000.0,0.0,0,0.0,0.0,0.0,186.0,0,5,True,False,False,False,True,False,False,True,False,False,False,True,False,False,False,False,False,False,False,False,False,False,True,False,False,False,False,False,False,False,False,False,True,False,1
99,0,999999.0,537.0,790.0,1,0,0,0,0,0,0,0,0,0,0,0,1,0,0,1,99,99,0,27,0,0,7,0,24,44,790.0,0.0,0.0,0,0.0,0.0,0.0,12.0,1,1,True,False,False,False,True,False,False,True,False,False,False,True,False,False,False,False,False,False,False,False,False,False,False,False,False,False,False,True,False,False,False,True,False,False,1
99,0,999999.0,512.0,18911.0,1,1,1,1,2,0,1,1,0,1,0,0,5,0,0,1,99,99,2,7,0,1,1,1,0,0,0.0,999999.0,999999.0,999999,99999.0,99999.0,99999.0,128.0,1,0,True,False,False,False,True,False,False,True,True,False,False,False,False,False,False,False,False,False,False,False,False,False,False,False,False,False,False,True,False,False,False,True,False,False,1
99,1,225000.0,0.0,58753.0,2,0,2,0,1,0,1,0,0,0,0,0,5,3,0,1,20,17,0,51,0,0,6,0,22,18,0.0,0.0,0.0,0,0.0,0.0,0.0,375.0,1,0,True,False,False,False,True,False,False,True,True,False,False,False,False,False,False,False,False,False,False,False,False,False,False,False,False,False,False,True,False,True,False,False,False,False,1
99,0,999999.0,362.0,16407.0,2,0,0,1,0,0,0,0,0,0,0,0,3,2,0,1,28,25,0,58,1,0,3,0,22,18,16407.0,16407.0,0.0,0,0.0,0.0,0.0,169.0,0,5,True,False,False,False,True,False,False,True,False,False,False,True,False,False,False,False,False,False,False,False,False,False,False,False,False,False,False,True,False,False,False,True,False,False,0
99,0,999999.0,575.0,19200.0,2,2,2,2,0,0,0,0,0,0,2,1,3,1,1,1,2,2,0,27,1,0,6,0,27,22,14700.0,14700.0,0.0,0,0.0,0.0,0.0,192.0,1,1,True,False,False,False,True,False,False,True,False,False,False,True,False,False,False,False,False,False,False,False,False,False,False,False,False,False,False,True,False,False,True,False,False,False,0
99,0,999999.0,725.0,50800.0,1,1,1,1,0,0,0,0,0,0,2,1,7,2,1,1,8,3,3,29,1,0,1,0,20,9,13000.0,13000.0,0.0,0,0.0,0.0,0.0,253.0,1,1,True,False,False,False,True,False,False,True,False,False,False,True,False,False,False,False,False,False,False,False,False,False,False,False,False,False,False,True,False,False,True,False,False,False,1
99,1,225000.0,0.0,48556.0,1,1,1,1,2,0,1,1,0,1,0,0,4,0,0,1,99,99,1,4,1,1,0,2,0,0,0.0,999999.0,999999.0,999999,99999.0,99999.0,99999.0,386.0,1,0,True,False,False,False,True,False,False,True,True,False,False,False,False,False,False,False,False,False,False,False,False,False,False,False,False,False,False,True,False,False,False,True,False,False,1
99,1,225000.0,0.0,64147.0,1,1,1,1,2,0,1,1,0,1,0,0,3,0,0,1,99,99,0,16,1,1,3,1,0,0,4129.0,0.0,0.0,0,0.0,0.0,0.0,501.0,0,0,True,False,False,False,True,False,False,True,True,False,False,False,False,False,False,False,False,False,False,False,False,False,False,False,False,False,False,True,False,False,False,True,False,False,1
99,1,187500.0,0.0,54100.0,1,1,1,1,0,0,0,0,0,0,2,1,4,2,0,1,20,17,0,48,1,0,6,0,30,27,42000.0,42000.0,0.0,0,0.0,0.0,0.0,416.0,0,5,True,False,False,False,True,False,False,True,False,False,False,True,False,False,False,False,False,False,False,False,False,False,False,False,False,False,False,True,False,False,True,False,False,False,1
99,0,999999.0,362.0,59181.0,1,1,1,1,0,0,0,0,0,0,2,1,6,4,0,1,17,10,0,41,1,0,7,0,41,68,57071.0,41169.0,15902.0,0,0.0,0.0,0.0,357.0,0,6,True,False,False,False,True,False,False,True,False,False,False,True,False,False,False,False,False,False,False,False,False,False,False,False,False,False,False,True,False,False,True,False,False,False,1
99,1,350000.0,0.0,99506.0,1,1,1,1,2,0,1,1,0,1,0,0,4,0,0,1,99,99,1,28,1,0,7,0,25,52,5600.0,0.0,5600.0,0,0.0,0.0,0.0,501.0,0,0,True,False,False,False,True,False,False,True,True,False,False,False,False,False,False,False,False,False,False,False,False,False,False,False,False,False,False,True,False,False,False,True,False,False,1
99,1,112500.0,0.0,30000.0,1,1,1,1,0,0,0,0,0,0,2,1,5,3,1,1,7,2,0,31,1,0,5,0,37,49,17000.0,17000.0,0.0,0,0.0,0.0,0.0,203.0,1,2,True,False,False,False,True,False,False,True,False,False,False,True,False,False,False,False,False,False,False,False,False,False,False,False,False,False,False,True,False,False,True,False,False,False,1
99,0,999999.0,187.0,57671.0,1,1,1,1,0,0,0,0,0,0,1,1,5,3,0,1,24,15,0,45,0,0,7,0,22,51,16035.0,14800.0,0.0,0,0.0,0.0,0.0,369.0,0,0,True,False,False,False,True,False,False,True,False,False,False,False,False,False,False,False,False,False,False,False,True,False,False,False,False,False,False,True,False,False,True,False,False,False,1
99,0,999999.0,537.0,28086.0,2,0,0,1,0,0,0,0,0,0,0,0,1,0,0,2,99,99,0,20,0,1,6,1,11,11,0.0,0.0,0.0,0,0.0,0.0,0.0,1.0,1,0,True,False,False,False,True,False,False,True,False,False,False,False,False,False,False,False,False,True,False,False,False,False,False,False,False,False,False,True,False,True,False,False,False,False,1
99,1,400000.0,0.0,178515.0,1,1,1,1,0,0,0,0,0,0,2,1,3,1,0,1,9,9,0,39,1,0,8,0,61,93,140515.0,0.0,123515.0,0,0.0,0.0,0.0,501.0,0,6,True,False,False,False,True,False,False,True,False,False,False,True,False,False,False,False,False,False,False,False,False,False,False,False,False,False,False,True,False,False,True,False,False,False,1
99,1,350000.0,0.0,60000.0,1,1,1,1,0,0,0,0,0,0,1,1,4,2,2,1,4,2,0,27,0,0,6,0,26,22,25000.0,25000.0,0.0,0,0.0,0.0,0.0,477.0,1,0,True,False,False,False,True,False,False,True,False,False,False,False,False,False,False,False,False,False,False,False,True,False,False,False,False,False,False,True,False,False,True,False,False,False,1
99,1,225000.0,0.0,65750.0,1,2,2,2,6,0,1,5,0,1,2,1,6,2,0,1,12,9,0,39,1,0,7,0,42,84,18775.0,18700.0,0.0,0,0.0,0.0,75.0,377.0,1,2,True,False,False,False,True,False,False,True,False,False,False,True,False,False,False,False,False,False,False,False,False,False,False,False,False,True,False,False,False,False,True,False,False,False,1
99,0,999999.0,675.0,54719.0,2,1,1,1,1,0,1,2,0,1,0,0,9,0,0,1,99,99,6,6,0,1,0,1,0,0,0.0,999999.0,999999.0,999999,99999.0,99999.0,99999.0,218.0,1,0,True,False,False,False,True,False,False,True,True,False,False,False,False,False,False,False,False,False,False,False,False,False,False,False,False,False,False,True,False,False,False,True,False,False,1
99,0,999999.0,262.0,12271.0,1,0,0,0,0,0,0,0,0,0,0,0,1,0,0,1,99,99,0,67,1,0,8,0,25,18,12271.0,5228.0,0.0,0,7000.0,0.0,0.0,206.0,1,2,True,False,False,False,True,False,False,True,False,False,False,True,False,False,False,False,False,False,False,False,False,False,False,False,False,False,False,True,True,False,False,False,False,False,0
99,1,225000.0,0.0,50338.0,2,0,1,0,1,0,1,0,0,0,0,0,4,0,0,1,99,99,2,19,1,1,7,2,5,25,3464.0,3454.0,0.0,0,0.0,0.0,0.0,387.0,0,0,True,False,False,False,True,False,False,True,True,False,False,False,False,False,False,False,False,False,False,False,False,False,False,False,False,False,False,True,False,False,False,True,False,False,1
99,0,999999.0,312.0,2845.0,1,0,1,0,1,0,1,0,0,0,0,0,6,0,0,1,99,99,4,12,1,1,2,1,0,0,0.0,999999.0,999999.0,999999,99999.0,99999.0,99999.0,17.0,1,0,True,False,False,False,True,False,False,True,True,False,False,False,False,False,False,False,False,False,False,False,False,False,False,False,False,False,False,True,False,False,False,True,False,False,1
99,1,350000.0,0.0,117000.0,1,1,0,0,0,0,0,0,0,0,1,1,2,0,0,1,99,99,0,33,0,0,7,0,32,37,48000.0,48000.0,0.0,0,0.0,0.0,0.0,501.0,1,0,True,False,False,False,True,False,False,True,False,False,False,False,False,False,False,False,False,False,False,False,True,False,False,False,False,False,False,True,False,False,True,False,False,False,1
99,1,137500.0,0.0,55320.0,1,1,1,1,0,0,0,0,0,0,2,1,7,5,1,1,16,4,0,31,1,0,6,0,23,18,43000.0,43000.0,0.0,0,0.0,0.0,0.0,298.0,1,2,True,False,False,False,True,False,False,True,False,False,False,True,False,False,False,False,False,False,False,False,False,False,False,False,False,False,False,True,False,False,True,False,False,False,1
99,1,37500.0,0.0,42605.0,2,1,1,2,0,0,0,0,0,0,0,0,4,1,0,1,54,54,0,80,1,0,8,0,17,13,22365.0,0.0,0.0,0,3965.0,0.0,0.0,328.0,1,0,True,False,False,False,True,False,False,True,False,False,False,False,False,False,False,True,False,False,False,False,False,False,True,False,False,False,False,False,False,False,False,False,True,False,1
99,0,999999.0,537.0,19200.0,1,1,1,1,0,0,0,0,0,0,1,2,3,1,1,1,1,1,0,25,1,0,5,0,21,18,0.0,0.0,0.0,0,0.0,0.0,0.0,192.0,0,0,True,False,False,False,True,False,False,True,False,False,False,False,False,False,False,False,False,False,False,False,True,False,False,False,False,False,False,True,False,False,True,False,False,False,1
99,0,999999.0,412.0,5800.0,1,0,1,0,1,0,1,0,0,0,0,0,4,0,0,1,99,99,2,19,1,1,5,1,0,0,0.0,0.0,0.0,0,0.0,0.0,0.0,46.0,0,0,True,False,False,False,True,False,False,True,True,False,False,False,False,False,False,False,False,False,False,False,False,False,False,False,False,False,False,True,False,False,False,True,False,False,1
99,1,225000.0,0.0,38000.0,1,1,1,1,1,0,1,2,0,1,0,0,4,0,0,1,99,99,1,3,0,1,0,2,0,0,0.0,999999.0,999999.0,999999,99999.0,99999.0,99999.0,302.0,1,0,True,False,False,False,True,False,False,True,True,False,False,False,False,False,False,False,False,False,False,False,False,False,False,False,False,False,False,True,False,False,False,True,False,False,1
99,0,999999.0,575.0,7017.0,1,0,2,0,4,0,5,0,0,0,0,0,4,0,0,1,99,99,1,14,1,1,2,1,0,0,0.0,999999.0,999999.0,999999,99999.0,99999.0,99999.0,56.0,1,0,True,False,False,False,True,False,False,True,False,False,True,False,False,False,False,False,False,False,False,False,False,False,True,False,False,False,False,False,False,False,False,True,False,False,1
99,1,225000.0,0.0,9668.0,1,1,1,1,2,0,1,1,3,1,0,0,3,0,0,1,99,99,0,33,1,0,6,0,27,50,800.0,800.0,0.0,0,0.0,0.0,0.0,100.0,0,0,True,False,False,False,True,False,False,True,True,False,False,False,False,False,False,False,False,False,False,False,False,False,False,False,False,False,False,True,False,False,False,False,True,False,1
99,0,999999.0,487.0,23510.0,1,1,1,1,0,0,0,0,0,0,0,0,7,0,0,1,99,99,3,19,1,0,6,0,37,49,6300.0,6300.0,0.0,0,0.0,0.0,0.0,117.0,1,0,True,False,False,False,True,False,False,True,False,False,False,False,False,False,False,False,False,False,True,False,False,False,False,False,False,False,False,True,False,False,False,True,False,False,1
99,0,999999.0,575.0,34400.0,1,0,0,0,0,0,0,0,0,0,0,0,3,0,0,1,99,99,1,26,0,0,2,0,22,18,1600.0,1600.0,0.0,0,0.0,0.0,0.0,355.0,1,0,True,False,False,False,True,False,False,True,False,False,False,False,False,False,False,False,False,False,True,False,False,False,False,True,False,False,False,False,False,True,False,False,False,False,1
99,0,999999.0,675.0,26700.0,2,1,2,1,0,0,0,0,0,0,0,0,17,0,0,1,99,99,0,43,0,0,0,0,16,15,8000.0,8000.0,0.0,0,0.0,0.0,0.0,111.0,0,0,True,False,False,False,True,False,False,True,False,False,False,False,False,False,True,False,False,False,False,False,False,False,False,False,False,False,False,True,False,False,False,True,False,False,0
99,1,350000.0,0.0,40001.0,1,1,1,1,0,0,0,0,0,0,0,0,7,0,0,1,99,99,0,12,0,1,2,1,0,0,0.0,999999.0,999999.0,999999,99999.0,99999.0,99999.0,216.0,1,0,True,False,False,False,True,False,False,True,False,False,False,False,False,False,True,False,False,False,False,False,False,False,False,True,False,False,False,False,False,False,False,True,False,False,1
99,1,112500.0,0.0,39000.0,1,0,1,0,0,0,0,0,0,0,0,0,3,0,0,1,99,99,0,59,0,0,6,0,35,46,24000.0,24000.0,0.0,0,0.0,0.0,0.0,391.0,0,0,True,False,False,False,True,False,False,True,False,False,False,False,False,False,True,False,False,False,False,False,False,False,True,False,False,False,False,False,True,False,False,False,False,False,1
99,0,999999.0,462.0,0.0,3,0,0,0,0,0,0,0,0,0,0,0,2,0,0,1,99,99,1,23,0,0,2,0,0,0,0.0,0.0,0.0,0,0.0,0.0,0.0,1.0,1,2,True,False,False,False,True,False,False,True,False,False,False,True,False,False,False,False,False,False,False,False,False,False,False,False,False,False,False,True,False,False,False,True,False,False,1
99,0,999999.0,1000.0,5324.0,1,0,0,0,0,0,0,0,0,0,0,0,3,0,0,1,99,99,1,25,1,0,7,0,27,39,0.0,0.0,0.0,0,0.0,0.0,0.0,55.0,0,0,True,False,False,False,True,False,False,True,False,False,False,False,False,False,False,False,False,False,True,False,False,False,True,False,False,False,False,False,False,False,False,True,False,False,1
99,0,999999.0,625.0,7997.0,3,0,0,0,0,0,0,0,0,0,0,0,1,0,0,2,99,99,0,29,0,1,7,1,22,18,8795.0,8795.0,0.0,0,0.0,0.0,0.0,136.0,1,0,True,False,False,False,True,False,False,True,False,False,False,False,False,False,False,False,False,True,False,False,False,False,False,False,False,False,False,True,False,False,False,True,False,False,0
99,1,225000.0,0.0,36734.0,1,1,0,0,0,0,0,0,0,0,1,2,2,0,0,1,99,99,0,82,1,0,6,0,0,0,21967.0,0.0,0.0,0,3022.0,0.0,1320.0,490.0,0,0,True,False,False,False,True,False,False,True,False,False,False,False,False,False,False,False,False,False,False,False,True,False,False,False,False,False,False,True,False,False,True,False,False,False,1
99,1,400000.0,0.0,195516.0,1,1,1,1,2,0,1,1,0,1,0,0,5,0,0,1,99,99,2,6,0,1,0,1,0,0,0.0,999999.0,999999.0,999999,99999.0,99999.0,99999.0,501.0,1,0,True,False,False,False,True,False,False,True,True,False,False,False,False,False,False,False,False,False,False,False,False,False,False,False,False,False,False,True,False,False,False,True,False,False,1
99,1,137500.0,0.0,0.0,1,1,1,1,2,0,1,1,0,1,0,0,7,0,0,1,99,99,4,1,1,0,7,0,0,0,0.0,999999.0,999999.0,999999,99999.0,99999.0,99999.0,1.0,1,0,True,False,False,False,True,False,False,True,True,False,False,False,False,False,False,False,False,False,False,False,False,False,True,False,False,False,False,False,False,False,False,True,False,False,1
99,0,999999.0,537.0,27420.0,1,1,1,1,2,0,1,1,0,1,0,0,4,0,0,1,99,99,1,27,1,0,6,0,32,34,0.0,0.0,0.0,0,0.0,0.0,0.0,214.0,0,0,True,False,False,False,True,False,False,True,True,False,False,False,False,False,False,False,False,False,False,False,False,False,False,False,False,False,False,True,False,False,False,True,False,False,1
99,0,999999.0,575.0,44100.0,2,1,1,1,0,0,0,0,0,0,2,1,4,1,0,1,7,7,0,60,1,0,7,0,23,45,34500.0,24500.0,0.0,0,0.0,0.0,0.0,339.0,1,1,True,False,False,False,True,False,False,True,False,False,False,True,False,False,False,False,False,False,False,False,False,False,False,False,False,True,False,False,False,False,True,False,False,False,1
99,1,350000.0,0.0,70000.0,1,1,1,1,2,0,1,1,0,1,0,0,3,0,0,1,99,99,0,26,1,0,5,0,41,68,15000.0,15000.0,0.0,0,0.0,0.0,0.0,501.0,1,0,True,False,False,False,True,False,False,True,True,False,False,False,False,False,False,False,False,False,False,False,False,False,True,False,False,False,False,False,False,False,False,True,False,False,1
99,1,187500.0,0.0,82600.0,1,1,1,1,2,0,1,1,0,1,0,0,5,0,0,1,99,99,2,17,0,1,5,1,18,44,1200.0,1200.0,0.0,0,0.0,0.0,0.0,501.0,0,0,True,False,False,False,True,False,False,True,True,False,False,False,False,False,False,False,False,False,False,False,False,False,False,False,False,False,False,True,False,False,False,True,False,False,1
99,1,137500.0,0.0,56600.0,1,2,2,2,2,0,1,1,0,1,0,0,13,0,0,1,99,99,8,19,0,1,7,1,24,47,3600.0,3600.0,0.0,0,0.0,0.0,0.0,226.0,0,0,True,False,False,False,True,False,False,True,True,False,False,False,False,False,False,False,False,False,False,False,False,False,False,False,False,False,False,True,False,False,False,True,False,False,1
99,0,999999.0,387.0,5760.0,1,1,1,1,0,0,0,0,0,0,2,2,5,3,2,1,7,0,0,27,0,0,2,0,6,7,0.0,0.0,0.0,0,0.0,0.0,0.0,39.0,1,1,True,False,False,False,True,False,False,True,False,False,False,True,False,False,False,False,False,False,False,False,False,False,False,False,False,False,False,True,False,False,True,False,False,False,1
99,0,999999.0,0.0,999999.0,1,0,0,0,0,0,0,0,0,0,0,0,1,0,0,1,99,99,0,90,0,0,4,0,0,0,6168.0,0.0,0.0,0,6168.0,0.0,0.0,0.0,0,0,False,True,False,True,False,False,False,True,False,False,False,False,True,False,False,False,False,False,False,False,False,False,False,False,False,False,False,True,False,False,False,False,False,True,1
99,1,72500.0,0.0,31418.0,1,2,2,2,0,0,0,0,0,0,4,1,6,2,1,1,9,4,0,28,1,0,4,0,20,8,11000.0,11000.0,0.0,0,0.0,0.0,0.0,180.0,1,0,True,False,False,False,True,False,False,True,False,True,False,False,False,False,False,False,False,False,False,False,False,False,False,False,False,False,False,True,False,False,True,False,False,False,1
99,1,350000.0,0.0,63000.0,1,1,1,1,2,0,1,1,0,1,0,0,5,0,0,1,99,99,2,8,1,1,1,2,0,0,0.0,999999.0,999999.0,999999,99999.0,99999.0,99999.0,426.0,1,0,True,False,False,False,True,False,False,True,True,False,False,False,False,False,False,False,False,False,False,False,False,False,False,False,False,False,False,True,False,False,False,True,False,False,1
99,1,400000.0,0.0,218516.0,1,1,0,0,0,0,0,0,0,0,1,1,2,0,0,1,99,99,0,44,0,0,7,0,0,0,0.0,0.0,0.0,0,0.0,0.0,0.0,501.0,1,0,True,False,False,False,True,False,False,True,False,False,False,False,False,False,False,False,False,False,False,False,True,False,False,False,False,False,False,True,False,False,True,False,False,False,1
99,1,275000.0,0.0,100500.0,1,1,1,1,0,0,0,0,0,0,1,1,4,2,0,1,21,19,0,44,0,1,8,1,42,84,10000.0,10000.0,0.0,0,0.0,0.0,0.0,501.0,0,0,True,False,False,False,True,False,False,True,False,False,False,False,False,False,False,False,False,False,False,False,True,False,False,False,False,False,False,True,False,False,True,False,False,False,1
99,0,999999.0,875.0,38000.0,2,0,1,0,0,0,0,0,0,0,0,0,3,2,0,2,14,8,0,33,0,0,7,0,0,0,0.0,0.0,0.0,0,0.0,0.0,0.0,1.0,0,0,True,False,False,False,True,False,False,True,False,False,False,False,False,False,False,False,False,True,False,False,False,False,False,False,False,False,False,True,True,False,False,False,False,False,1
99,0,999999.0,462.0,11000.0,2,0,0,0,0,0,0,0,0,0,0,0,1,0,0,1,99,99,0,25,1,0,6,0,23,18,11000.0,11000.0,0.0,0,0.0,0.0,0.0,171.0,1,1,True,False,False,False,True,False,False,True,False,False,False,True,False,False,False,False,False,False,False,False,False,False,False,False,False,False,False,True,False,False,False,True,False,False,1
99,0,999999.0,625.0,29166.0,1,1,1,1,0,0,0,0,0,0,2,1,7,3,0,1,11,6,0,36,1,0,7,0,22,18,20166.0,20000.0,0.0,0,0.0,0.0,166.0,152.0,0,5,True,False,False,False,True,False,False,True,False,False,False,True,False,False,False,False,False,False,False,False,False,False,False,False,False,False,False,True,False,False,True,False,False,False,1
99,1,162500.0,0.0,35000.0,1,1,1,1,2,0,1,1,0,1,0,0,5,0,0,1,99,99,2,3,0,1,0,1,0,0,0.0,999999.0,999999.0,999999,99999.0,99999.0,99999.0,237.0,1,0,True,False,False,False,True,False,False,True,True,False,False,False,False,False,False,False,False,False,False,False,False,False,False,False,False,False,False,True,False,False,False,True,False,False,1
99,0,999999.0,462.0,51000.0,1,1,0,0,0,0,0,0,0,0,0,0,3,0,0,1,99,99,0,13,1,1,2,1,0,0,0.0,999999.0,999999.0,999999,99999.0,99999.0,99999.0,501.0,0,0,True,False,False,False,True,False,False,True,False,False,True,False,False,False,False,False,False,False,False,False,False,False,False,False,False,False,False,True,False,False,False,True,False,False,1
99,0,999999.0,0.0,999999.0,1,0,0,0,0,0,0,0,0,0,0,0,1,0,0,1,99,99,0,20,1,0,6,0,11,18,10000.0,10000.0,0.0,0,0.0,0.0,0.0,0.0,1,0,False,False,True,False,False,True,False,True,False,False,False,False,False,True,False,False,False,False,False,False,False,False,False,False,False,False,False,True,False,False,False,True,False,False,0
99,0,999999.0,362.0,7187.0,1,0,0,0,0,0,0,0,0,0,0,0,1,0,0,1,99,99,0,90,0,1,8,1,0,0,7187.0,0.0,0.0,0,3108.0,4032.0,0.0,121.0,0,7,True,False,False,False,True,False,False,True,False,False,False,True,False,False,False,False,False,False,False,False,False,False,False,False,False,False,False,True,False,False,False,False,False,True,1
99,1,400000.0,0.0,89800.0,1,1,1,1,0,0,0,0,0,0,1,1,3,1,0,1,17,17,0,48,0,0,7,0,0,0,0.0,0.0,0.0,0,0.0,0.0,0.0,501.0,1,0,True,False,False,False,True,False,False,True,False,False,False,False,False,False,False,False,False,False,False,False,True,False,False,False,False,False,False,True,False,False,True,False,False,False,1
99,0,999999.0,575.0,6480.0,4,0,0,1,0,0,0,0,0,0,0,0,1,0,0,4,99,99,0,18,1,0,5,0,0,0,0.0,0.0,0.0,0,0.0,0.0,0.0,1.0,1,0,True,False,False,False,True,False,False,True,False,False,False,False,False,False,False,False,False,True,False,False,False,False,False,False,False,False,False,True,False,False,False,True,False,False,1
99,1,400000.0,0.0,119584.0,1,1,0,0,0,0,0,0,0,0,2,2,2,0,0,1,99,99,0,40,0,1,6,2,41,77,58396.0,57196.0,0.0,0,0.0,0.0,0.0,501.0,1,2,True,False,False,False,True,False,False,True,False,False,False,True,False,False,False,False,False,False,False,False,False,False,False,False,False,False,False,True,False,False,True,False,False,False,1
99,1,400000.0,0.0,54647.0,1,1,1,1,0,0,0,0,0,0,2,1,4,2,0,1,15,11,0,46,1,0,8,0,46,84,53976.0,53848.0,0.0,0,0.0,0.0,0.0,435.0,1,2,True,False,False,False,True,False,False,True,False,False,False,True,False,False,False,False,False,False,False,False,False,False,False,False,False,True,False,False,False,False,True,False,False,False,1
99,1,162500.0,0.0,95821.0,1,1,1,1,0,0,0,0,0,0,2,1,3,1,0,1,22,22,0,45,1,0,6,0,25,15,36525.0,36525.0,0.0,0,0.0,0.0,0.0,501.0,0,6,True,False,False,False,True,False,False,True,False,False,False,True,False,False,False,False,False,False,False,False,False,False,False,False,False,False,False,True,False,False,True,False,False,False,1
99,0,999999.0,537.0,26000.0,1,1,1,1,2,0,1,1,0,1,0,0,4,0,0,1,99,99,1,11,0,1,2,1,0,0,0.0,999999.0,999999.0,999999,99999.0,99999.0,99999.0,207.0,0,0,True,False,False,False,True,False,False,True,True,False,False,False,False,False,False,False,False,False,False,False,False,False,False,False,False,False,False,True,False,False,False,True,False,False,1
99,0,999999.0,537.0,10400.0,1,1,1,1,2,0,1,1,0,1,0,0,6,0,0,1,99,99,2,0,1,0,7,0,0,0,0.0,999999.0,999999.0,999999,99999.0,99999.0,99999.0,63.0,1,0,True,False,False,False,True,False,False,True,True,False,False,False,False,False,False,False,False,False,False,False,False,False,False,False,False,False,False,True,False,False,False,True,False,False,1
99,0,999999.0,137.0,10400.0,1,0,1,0,1,0,1,0,0,0,0,0,3,0,0,1,99,99,1,30,0,0,0,0,24,47,0.0,0.0,0.0,0,0.0,0.0,0.0,104.0,1,0,True,False,False,False,True,False,False,True,True,False,False,False,False,False,False,False,False,False,False,False,False,False,True,False,False,False,False,False,False,False,False,True,False,False,1
99,0,999999.0,875.0,3231.0,1,0,0,0,0,0,0,0,0,0,0,0,1,0,0,1,99,99,0,50,0,0,8,0,22,32,3231.0,480.0,0.0,0,0.0,0.0,0.0,50.0,1,2,True,False,False,False,True,False,False,True,False,False,False,True,False,False,False,False,False,False,False,False,False,False,False,False,False,False,False,True,False,False,False,False,False,True,1
99,0,999999.0,625.0,7460.0,1,0,1,0,1,0,1,0,0,0,0,0,4,0,0,1,99,99,2,15,1,1,2,1,0,0,0.0,999999.0,999999.0,999999,0.0,0.0,0.0,59.0,0,0,True,False,False,False,True,False,False,True,True,False,False,False,False,False,False,False,False,False,False,False,False,False,True,False,False,False,False,False,False,False,False,True,False,False,1
99,1,137500.0,0.0,65500.0,1,1,1,1,2,7,1,1,0,1,0,0,6,0,0,1,99,99,3,25,1,1,6,1,29,27,12000.0,12000.0,0.0,0,0.0,0.0,0.0,368.0,1,0,True,False,False,False,True,False,False,True,True,False,False,False,False,False,False,False,False,False,False,False,False,False,False,False,False,False,False,True,False,False,False,True,False,False,0
99,1,187500.0,0.0,65000.0,1,1,1,1,0,0,0,0,0,0,2,1,3,1,1,1,4,4,0,53,1,0,8,0,41,68,38000.0,38000.0,0.0,0,0.0,0.0,0.0,501.0,0,6,True,False,False,False,True,False,False,True,False,False,False,True,False,False,False,False,False,False,False,False,False,False,False,False,False,False,False,True,False,False,True,False,False,False,1
99,0,999999.0,725.0,12037.0,2,1,1,1,2,0,1,1,0,1,0,0,5,0,0,1,99,99,1,3,0,0,0,0,0,0,0.0,999999.0,999999.0,999999,99999.0,99999.0,99999.0,79.0,1,0,True,False,False,False,True,False,False,True,True,False,False,False,False,False,False,False,False,False,False,False,False,False,False,False,False,False,False,True,False,False,False,True,False,False,1
99,1,350000.0,0.0,46000.0,1,1,0,0,0,0,0,0,0,0,2,1,2,0,0,1,99,99,0,62,1,0,7,0,36,66,46000.0,0.0,0.0,0,0.0,0.0,0.0,501.0,0,7,True,False,False,False,True,False,False,True,False,False,False,True,False,False,False,False,False,False,False,False,False,False,False,False,False,False,False,True,False,False,True,False,False,False,1
99,1,112500.0,0.0,25805.0,1,0,0,0,0,0,0,0,0,0,0,0,1,0,0,1,99,99,0,58,1,0,5,0,25,15,25805.0,25192.0,0.0,0,0.0,0.0,0.0,400.0,0,2,True,False,False,False,True,False,False,True,False,False,False,True,False,False,False,False,False,False,False,False,False,False,False,False,False,False,False,True,True,False,False,False,False,False,1
99,0,999999.0,512.0,9600.0,1,1,1,1,2,0,1,1,0,1,0,0,5,0,0,1,99,99,2,1,1,0,7,0,0,0,0.0,999999.0,999999.0,999999,99999.0,99999.0,99999.0,65.0,1,0,True,False,False,False,True,False,False,True,True,False,False,False,False,False,False,False,False,False,False,False,False,False,False,False,False,False,False,True,False,False,False,True,False,False,1
99,1,27500.0,0.0,51340.0,1,1,1,1,2,0,1,1,0,1,0,0,4,0,0,1,99,99,1,24,1,0,8,0,41,72,1300.0,0.0,0.0,0,0.0,0.0,0.0,401.0,0,0,True,False,False,False,True,False,False,True,True,False,False,False,False,False,False,False,False,False,False,False,False,False,False,True,False,False,False,False,False,False,False,True,False,False,1
99,1,187500.0,0.0,95613.0,2,3,3,2,0,0,0,0,0,0,0,0,13,1,0,1,35,35,0,55,0,0,2,0,0,0,0.0,0.0,0.0,0,0.0,0.0,0.0,372.0,1,0,True,False,False,False,True,False,False,True,False,False,False,False,False,False,False,True,False,False,False,False,False,False,False,False,False,False,False,True,False,True,False,False,False,False,1
99,0,999999.0,875.0,36943.0,1,0,0,1,0,0,0,0,0,0,0,0,2,1,0,1,30,30,0,69,1,0,7,0,25,18,33700.0,12000.0,0.0,0,9700.0,0.0,0.0,493.0,1,1,True,False,False,False,True,False,False,True,False,False,False,True,False,False,False,False,False,False,False,False,False,False,False,False,False,False,False,True,False,False,False,False,False,True,1
99,0,999999.0,0.0,999999.0,1,0,0,0,0,0,0,0,0,0,0,0,1,0,0,1,99,99,0,38,1,0,8,0,0,0,37731.0,0.0,0.0,0,0.0,0.0,0.0,0.0,1,0,False,True,False,True,False,False,False,True,False,False,False,False,True,False,False,False,False,False,False,False,False,False,True,False,False,False,False,False,True,False,False,False,False,False,1
99,1,350000.0,0.0,36780.0,1,1,2,1,0,0,0,0,0,0,1,1,4,1,0,1,33,33,0,66,0,0,3,0,25,31,4560.0,0.0,0.0,0,4560.0,0.0,0.0,283.0,0,0,True,False,False,False,True,False,False,True,False,False,False,False,False,False,False,False,False,False,False,False,True,False,False,False,False,False,False,True,False,False,True,False,False,False,1
99,0,999999.0,875.0,18000.0,7,0,0,0,0,0,0,0,0,0,0,0,1,0,0,2,99,99,0,26,0,1,7,1,24,44,20208.0,20208.0,0.0,0,0.0,0.0,0.0,313.0,0,0,True,False,False,False,True,False,False,True,False,False,False,False,False,False,False,False,False,True,False,False,False,False,False,False,False,False,False,True,False,False,False,True,False,False,1
99,0,999999.0,875.0,33000.0,1,0,1,0,0,0,0,0,0,0,0,0,3,2,0,1,19,15,0,37,0,0,4,0,11,16,30000.0,30000.0,0.0,0,0.0,0.0,0.0,331.0,0,2,True,False,False,False,True,False,False,True,False,False,False,True,False,False,False,False,False,False,False,False,False,False,False,False,False,False,False,True,True,False,False,False,False,False,1
99,1,400000.0,0.0,112500.0,1,1,1,1,0,0,0,0,0,0,2,1,3,1,0,1,22,22,0,56,1,0,8,0,41,84,99500.0,92000.0,0.0,0,0.0,0.0,0.0,501.0,0,7,True,False,False,False,True,False,False,True,False,False,False,True,False,False,False,False,False,False,False,False,False,False,False,False,False,False,False,True,False,False,True,False,False,False,1
99,1,162500.0,0.0,56765.0,1,1,2,1,5,0,1,0,0,0,1,1,5,2,0,1,16,12,0,45,0,0,8,0,25,48,30300.0,29915.0,0.0,0,0.0,0.0,0.0,374.0,1,0,True,False,False,False,True,False,False,True,False,False,False,False,False,False,False,False,False,False,False,False,True,False,False,False,False,False,False,True,False,False,True,False,False,False,1
99,1,225000.0,0.0,28971.0,1,1,1,1,0,0,0,0,0,0,2,1,5,3,0,1,18,7,0,46,1,0,2,0,41,68,14300.0,0.0,9500.0,0,4800.0,0.0,0.0,191.0,0,6,True,False,False,False,True,False,False,True,False,False,False,True,False,False,False,False,False,False,False,False,False,False,False,False,False,False,False,True,False,False,True,False,False,False,1
99,0,999999.0,487.0,23000.0,1,1,1,1,0,0,0,0,0,0,2,1,5,3,1,1,8,0,0,32,1,0,6,0,28,22,12000.0,12000.0,0.0,0,0.0,0.0,0.0,155.0,1,1,True,False,False,False,True,False,False,True,False,False,False,True,False,False,False,False,False,False,False,False,False,False,False,False,False,False,False,True,False,False,True,False,False,False,1
99,0,999999.0,575.0,42000.0,1,1,0,0,0,0,0,0,0,0,2,1,2,0,0,1,99,99,0,21,1,0,6,0,25,44,19000.0,19000.0,0.0,0,0.0,0.0,0.0,501.0,1,2,True,False,False,False,True,False,False,True,False,False,False,True,False,False,False,False,False,False,False,False,False,False,False,False,False,False,False,True,False,False,True,False,False,False,1
99,1,225000.0,0.0,35850.0,1,1,1,1,2,0,1,1,0,1,0,0,5,0,0,1,99,99,2,19,0,1,7,2,26,72,1200.0,1200.0,0.0,0,0.0,0.0,0.0,229.0,1,0,True,False,False,False,True,False,False,True,True,False,False,False,False,False,False,False,False,False,False,False,False,False,False,False,False,False,False,True,False,False,False,True,False,False,1
99,1,112500.0,0.0,13827.0,1,1,1,1,0,0,0,0,0,0,1,1,4,2,1,1,6,2,0,30,0,0,0,0,18,44,0.0,0.0,0.0,0,0.0,0.0,0.0,110.0,1,0,True,False,False,False,True,False,False,True,False,False,False,False,False,False,False,False,False,False,False,False,True,False,False,False,False,False,False,True,False,False,True,False,False,False,1
99,0,999999.0,387.0,28100.0,1,1,0,0,0,0,0,0,0,0,2,1,2,0,0,1,99,99,0,76,1,0,6,0,0,0,7600.0,0.0,0.0,0,0.0,7600.0,0.0,375.0,0,8,True,False,False,False,True,False,False,True,False,False,False,True,False,False,False,False,False,False,False,False,False,False,False,False,False,False,False,True,False,False,True,False,False,False,1
99,0,999999.0,675.0,41686.0,1,0,1,0,1,0,1,0,0,0,0,0,3,0,0,1,99,99,1,25,1,0,6,0,25,18,6700.0,6700.0,0.0,0,0.0,0.0,0.0,430.0,1,0,True,False,False,False,True,False,False,True,True,False,False,False,False,False,False,False,False,False,False,False,False,False,False,False,False,False,False,True,False,False,False,True,False,False,0
99,0,999999.0,875.0,0.0,7,0,1,1,0,0,0,0,0,0,0,0,3,2,1,5,7,4,0,27,0,1,4,1,20,9,9888.0,0.0,0.0,0,0.0,9888.0,0.0,99.0,1,0,True,False,False,False,True,False,False,True,False,False,False,False,False,True,False,False,False,False,False,False,False,False,False,False,False,False,False,True,False,True,False,False,False,False,1
99,1,85000.0,0.0,67364.0,1,1,2,1,0,0,0,0,0,0,2,1,7,2,0,1,31,29,0,79,1,0,2,0,0,0,9080.0,0.0,0.0,0,5256.0,470.0,0.0,340.0,0,7,True,False,False,False,True,False,False,True,False,False,False,True,False,False,False,False,False,False,False,False,False,False,False,False,False,False,False,True,False,False,True,False,False,False,1
99,1,400000.0,0.0,54402.0,1,1,0,0,0,0,0,0,0,0,2,1,2,0,0,1,99,99,0,68,1,0,6,0,50,79,47765.0,0.0,0.0,0,9779.0,0.0,0.0,501.0,0,7,True,False,False,False,True,False,False,True,False,False,False,True,False,False,False,False,False,False,False,False,False,False,False,False,False,False,False,True,False,False,True,False,False,False,1
99,1,85000.0,0.0,63620.0,1,0,2,0,2,0,1,0,0,0,0,0,7,2,0,1,23,22,0,44,0,0,2,0,23,18,21000.0,21000.0,0.0,0,0.0,0.0,0.0,316.0,0,5,True,False,False,False,True,False,False,True,False,False,False,True,False,False,False,False,False,False,False,False,False,False,False,False,False,False,False,True,False,False,False,True,False,False,1
99,0,999999.0,725.0,39046.0,1,0,0,0,0,0,0,0,0,0,0,0,1,0,0,1,99,99,0,37,1,0,8,0,33,76,39046.0,37846.0,800.0,0,0.0,0.0,0.0,501.0,1,1,True,False,False,False,True,False,False,True,False,False,False,True,False,False,False,False,False,False,False,False,False,False,False,False,False,False,False,True,False,False,False,True,False,False,1
99,1,137500.0,0.0,38400.0,1,1,1,1,2,0,1,1,3,1,0,0,5,0,0,1,99,99,2,9,1,1,1,1,0,0,0.0,999999.0,999999.0,999999,99999.0,99999.0,99999.0,259.0,1,0,True,False,False,False,True,False,False,True,True,False,False,False,False,False,False,False,False,False,False,False,False,False,False,False,False,False,False,True,False,False,False,True,False,False,1
99,1,400000.0,0.0,86500.0,1,1,0,0,0,0,0,0,0,0,1,1,2,0,0,1,99,99,0,58,0,0,7,0,0,0,500.0,0.0,0.0,0,0.0,0.0,0.0,501.0,1,0,True,False,False,False,True,False,False,True,False,False,False,False,False,False,False,False,False,False,False,False,True,False,False,False,False,False,False,True,False,False,True,False,False,False,1
99,1,187500.0,0.0,53000.0,1,0,0,0,0,0,0,0,0,0,0,0,1,0,0,1,99,99,0,49,1,0,8,0,31,65,53000.0,51000.0,0.0,0,0.0,0.0,0.0,501.0,1,2,True,False,False,False,True,False,False,True,False,False,False,True,False,False,False,False,False,False,False,False,False,False,False,False,False,False,False,True,False,False,False,True,False,False,1
99,1,77500.0,0.0,65000.0,1,1,1,1,0,0,0,0,0,0,1,1,3,1,1,1,2,2,0,30,0,0,8,0,35,63,32000.0,32000.0,0.0,0,0.0,0.0,0.0,501.0,1,0,True,False,False,False,True,False,False,True,False,False,False,False,False,False,False,False,False,False,False,False,True,False,True,False,False,False,False,False,False,False,True,False,False,False,1
99,0,999999.0,575.0,11801.0,1,1,1,1,0,0,0,0,0,0,1,1,3,1,0,1,18,18,0,63,0,0,2,0,24,44,0.0,0.0,0.0,0,0.0,0.0,0.0,122.0,1,0,True,False,False,False,True,False,False,True,False,False,False,False,False,False,False,False,False,False,False,False,True,False,False,False,False,False,False,True,False,False,True,False,False,False,1
99,0,999999.0,625.0,33000.0,1,1,0,0,0,0,0,0,0,0,2,1,3,0,0,1,99,99,0,25,1,0,8,0,31,33,20000.0,20000.0,0.0,0,0.0,0.0,0.0,340.0,1,1,True,False,False,False,True,False,False,True,False,False,False,True,False,False,False,False,False,False,False,False,False,False,False,False,False,False,False,True,False,False,True,False,False,False,1
99,1,187500.0,0.0,24000.0,1,0,3,0,2,0,5,0,0,0,0,0,8,0,0,1,99,99,0,9,1,1,1,2,0,0,0.0,999999.0,999999.0,999999,99999.0,99999.0,99999.0,110.0,0,0,True,False,False,False,True,False,False,True,False,False,True,False,False,False,False,False,False,False,False,False,False,False,True,False,False,False,False,False,False,False,False,True,False,False,1
99,0,999999.0,725.0,25461.0,1,1,1,2,0,0,0,0,0,0,0,0,7,0,0,1,99,99,0,16,1,1,3,1,0,0,0.0,0.0,0.0,0,0.0,0.0,0.0,124.0,0,0,True,False,False,False,True,False,False,True,False,False,False,False,False,False,True,False,False,False,False,False,False,False,False,False,False,False,False,True,False,False,False,True,False,False,1
99,0,999999.0,512.0,22800.0,2,0,1,0,1,0,1,0,0,0,0,0,3,0,0,1,99,99,1,4,0,1,0,1,0,0,0.0,999999.0,999999.0,999999,99999.0,99999.0,99999.0,228.0,1,0,True,False,False,False,True,False,False,True,True,False,False,False,False,False,False,False,False,False,False,False,False,False,False,False,False,False,False,True,False,False,False,True,False,False,1
99,0,999999.0,675.0,93600.0,1,1,1,1,2,0,1,1,3,1,0,0,3,0,0,1,99,99,0,16,1,1,4,1,0,0,0.0,0.0,0.0,0,0.0,0.0,0.0,501.0,1,0,True,False,False,False,True,False,False,True,True,False,False,False,False,False,False,False,False,False,False,False,False,False,False,False,False,True,False,False,False,False,False,True,False,False,1
99,0,999999.0,1000.0,24000.0,1,1,1,1,2,0,1,1,0,1,0,0,8,0,0,1,99,99,5,9,0,1,1,1,0,0,0.0,999999.0,999999.0,999999,99999.0,99999.0,99999.0,110.0,1,0,True,False,False,False,True,False,False,True,True,False,False,False,False,False,False,False,False,False,False,False,False,False,False,False,False,False,False,True,False,False,False,True,False,False,1
99,0,999999.0,487.0,36100.0,1,1,1,1,0,0,0,0,0,0,2,1,3,1,0,1,14,14,0,64,1,0,7,0,31,73,24100.0,24000.0,0.0,0,0.0,0.0,0.0,362.0,0,6,True,False,False,False,True,False,False,True,False,False,False,True,False,False,False,False,False,False,False,False,False,False,False,False,False,False,False,True,False,False,True,False,False,False,1
99,0,999999.0,1000.0,22000.0,2,0,0,0,0,0,0,0,0,0,0,0,1,0,0,2,99,99,0,27,1,0,7,0,41,68,40000.0,40000.0,0.0,0,0.0,0.0,0.0,501.0,1,0,True,False,False,False,True,False,False,True,False,False,False,False,False,False,False,False,False,True,False,False,False,False,False,False,False,False,False,True,False,False,False,True,False,False,1
99,1,187500.0,0.0,31542.0,1,1,1,1,1,0,1,2,0,1,0,0,4,0,0,1,99,99,1,15,0,1,3,1,0,0,0.0,999999.0,999999.0,999999,0.0,0.0,0.0,251.0,0,0,True,False,False,False,True,False,False,True,True,False,False,False,False,False,False,False,False,False,False,False,False,False,True,False,False,False,False,False,False,False,False,True,False,False,1
99,0,999999.0,575.0,38600.0,1,1,1,1,0,0,0,0,0,0,0,0,7,0,0,1,99,99,2,28,1,0,6,0,20,9,19200.0,0.0,0.0,0,0.0,0.0,19200.0,195.0,1,0,True,False,False,False,True,False,False,True,False,False,False,False,False,False,False,False,False,False,True,False,False,False,False,False,False,False,False,True,False,True,False,False,False,False,0
99,1,137500.0,0.0,7308.0,1,0,0,0,0,0,0,0,0,0,0,0,1,0,0,1,99,99,0,72,0,0,6,0,0,0,7308.0,0.0,0.0,0,7308.0,0.0,0.0,123.0,0,7,True,False,False,False,True,False,False,True,False,False,False,True,False,False,False,False,False,False,False,False,False,False,False,False,False,False,False,True,False,False,False,False,False,True,1
99,1,350000.0,0.0,66700.0,1,1,0,0,0,0,0,0,0,0,2,1,2,0,0,1,99,99,0,62,1,0,8,0,31,65,51178.0,47643.0,0.0,0,0.0,0.0,0.0,501.0,0,7,True,False,False,False,True,False,False,True,False,False,False,True,False,False,False,False,False,False,False,False,False,False,False,False,False,False,False,True,False,False,True,False,False,False,1
99,1,112500.0,0.0,37600.0,2,1,1,1,0,0,0,0,0,0,0,0,1,0,0,2,99,99,0,20,1,0,1,0,0,0,0.0,0.0,0.0,0,0.0,0.0,0.0,1.0,1,0,True,False,False,False,True,False,False,True,False,False,False,False,False,True,False,False,False,False,False,False,False,False,False,False,False,False,False,True,False,False,False,True,False,False,1
99,0,999999.0,512.0,51500.0,1,1,1,1,0,0,0,0,0,0,0,0,7,0,0,1,99,99,3,17,1,0,6,0,26,22,4500.0,4500.0,0.0,0,0.0,0.0,0.0,260.0,1,0,True,False,False,False,True,False,False,True,False,False,False,False,False,False,False,False,False,False,False,True,False,False,False,False,False,False,False,True,False,False,False,True,False,False,1
99,1,162500.0,0.0,33858.0,1,1,2,1,2,0,1,1,0,1,0,0,5,1,1,1,0,0,1,16,0,0,4,0,0,0,0.0,0.0,0.0,0,0.0,0.0,0.0,229.0,0,0,True,False,False,False,True,False,False,True,True,False,False,False,False,False,False,False,False,False,False,False,False,False,False,False,False,False,False,True,False,False,False,True,False,False,1
99,0,999999.0,462.0,15000.0,1,1,1,1,2,0,1,1,0,1,0,0,5,0,0,1,99,99,2,9,1,1,1,1,0,0,0.0,999999.0,999999.0,999999,99999.0,99999.0,99999.0,101.0,0,0,True,False,False,False,True,False,False,True,True,False,False,False,False,False,False,False,False,False,False,False,False,False,False,False,False,False,False,True,False,False,False,True,False,False,1
99,1,400000.0,0.0,77500.0,1,1,0,0,0,0,0,0,0,0,1,1,2,0,0,1,99,99,0,72,0,0,6,0,35,68,45500.0,2500.0,0.0,0,6000.0,0.0,0.0,501.0,0,0,True,False,False,False,True,False,False,True,False,False,False,False,False,False,False,False,False,False,False,False,True,False,False,False,False,False,False,True,False,False,True,False,False,False,1
99,0,999999.0,575.0,30800.0,1,1,1,1,0,0,0,0,0,0,1,1,5,2,1,1,9,2,0,30,0,1,7,1,25,44,0.0,0.0,0.0,0,0.0,0.0,0.0,203.0,1,0,True,False,False,False,True,False,False,True,False,False,False,False,False,False,False,False,False,False,False,False,True,False,True,False,False,False,False,False,False,False,True,False,False,False,1
99,1,225000.0,0.0,85800.0,1,2,1,1,0,0,0,0,0,0,4,2,5,0,0,1,99,99,0,26,1,0,5,0,27,27,4800.0,4800.0,0.0,0,0.0,0.0,0.0,501.0,1,0,True,False,False,False,True,False,False,True,False,True,False,False,False,False,False,False,False,False,False,False,False,False,False,False,False,False,False,True,False,False,True,False,False,False,1
99,0,999999.0,625.0,13960.0,1,1,2,1,2,0,1,1,0,1,0,0,4,0,0,1,99,99,0,7,0,1,0,1,0,0,0.0,999999.0,999999.0,999999,99999.0,99999.0,99999.0,107.0,0,0,True,False,False,False,True,False,False,True,True,False,False,False,False,False,False,False,False,False,False,False,False,False,False,False,False,True,False,False,False,False,False,True,False,False,1
99,1,400000.0,0.0,65000.0,2,1,0,0,0,0,0,0,0,0,1,1,2,0,0,1,99,99,0,26,0,0,8,0,24,47,30000.0,30000.0,0.0,0,0.0,0.0,0.0,501.0,0,0,True,False,False,False,True,False,False,True,False,False,False,False,False,False,False,False,False,False,False,False,True,False,False,False,False,False,False,True,False,False,True,False,False,False,1
99,0,999999.0,675.0,37769.0,1,1,1,1,1,0,1,2,0,1,0,0,5,0,0,1,99,99,2,12,1,1,2,1,0,0,0.0,999999.0,999999.0,999999,99999.0,99999.0,99999.0,255.0,1,0,True,False,False,False,True,False,False,True,True,False,False,False,False,False,False,False,False,False,False,False,False,False,False,False,False,True,False,False,False,False,False,True,False,False,1
99,1,85000.0,0.0,23400.0,1,1,1,1,2,0,1,1,0,1,0,0,4,0,0,1,99,99,1,10,1,1,1,1,0,0,0.0,999999.0,999999.0,999999,99999.0,99999.0,99999.0,186.0,0,0,True,False,False,False,True,False,False,True,True,False,False,False,False,False,False,False,False,False,False,False,False,False,False,False,False,False,False,True,False,False,False,True,False,False,1
99,1,112500.0,0.0,2018.0,1,1,1,1,2,0,1,1,0,1,0,0,4,0,0,1,99,99,1,16,1,1,5,1,25,15,0.0,0.0,0.0,0,0.0,0.0,0.0,16.0,1,0,True,False,False,False,True,False,False,True,True,False,False,False,False,False,False,False,False,False,False,False,False,False,False,True,False,False,False,False,False,False,False,True,False,False,1
99,1,137500.0,0.0,144117.0,1,0,1,0,2,7,1,0,0,0,0,0,7,0,0,1,99,99,5,22,0,0,5,0,18,44,21000.0,21000.0,0.0,0,0.0,0.0,0.0,501.0,0,0,True,False,False,False,True,False,False,True,False,False,False,False,False,False,False,False,False,False,True,False,False,False,False,False,False,False,False,True,True,False,False,False,False,False,0
99,0,999999.0,1000.0,36140.0,2,0,0,0,0,0,0,0,0,0,0,0,1,0,0,2,99,99,0,42,1,0,8,0,31,73,19000.0,0.0,19000.0,0,0.0,0.0,0.0,295.0,1,0,True,False,False,False,True,False,False,True,False,False,False,False,False,False,False,False,False,True,False,False,False,False,False,False,False,False,False,True,True,False,False,False,False,False,0
99,1,275000.0,0.0,46936.0,1,1,1,1,2,0,1,1,0,1,0,0,6,0,0,1,99,99,3,11,1,1,2,2,0,0,0.0,999999.0,999999.0,999999,99999.0,99999.0,99999.0,275.0,1,0,True,False,False,False,True,False,False,True,True,False,False,False,False,False,False,False,False,False,False,False,False,False,False,False,False,False,False,True,False,False,False,True,False,False,1
99,1,350000.0,0.0,102000.0,1,1,1,1,0,0,0,0,0,0,1,1,4,2,0,1,22,19,0,45,0,0,7,0,25,44,23000.0,23000.0,0.0,0,0.0,0.0,0.0,501.0,0,0,True,False,False,False,True,False,False,True,False,False,False,False,False,False,False,False,False,False,False,False,True,False,False,False,False,False,False,True,False,False,True,False,False,False,1
99,0,999999.0,875.0,75000.0,1,1,1,1,2,0,1,1,0,1,0,0,5,0,0,1,99,99,2,18,1,1,5,1,20,8,5000.0,5000.0,0.0,0,0.0,0.0,0.0,479.0,1,0,True,False,False,False,True,False,False,True,True,False,False,False,False,False,False,False,False,False,False,False,False,False,False,False,False,False,False,True,False,False,False,True,False,False,1
99,0,999999.0,1.0,28360.0,2,0,0,0,0,0,0,0,0,0,0,0,2,0,0,1,99,99,1,23,0,1,8,1,27,72,9000.0,9000.0,0.0,0,0.0,0.0,0.0,342.0,1,0,True,False,False,False,True,False,False,True,False,False,False,False,False,False,False,False,False,False,True,False,False,False,False,False,False,True,False,False,False,False,False,True,False,False,1
99,1,187500.0,0.0,66745.0,1,1,1,1,2,0,1,1,0,1,0,0,5,0,0,1,99,99,2,23,1,0,7,0,20,9,20000.0,20000.0,0.0,0,0.0,0.0,0.0,433.0,0,0,True,False,False,False,True,False,False,True,True,False,False,False,False,False,False,False,False,False,False,False,False,False,False,False,False,False,False,True,False,False,False,True,False,False,1
99,0,999999.0,412.0,9700.0,2,0,1,0,1,0,1,0,0,0,0,0,3,0,0,1,99,99,0,14,1,1,2,1,0,0,0.0,999999.0,999999.0,999999,99999.0,99999.0,99999.0,97.0,0,0,True,False,False,False,True,False,False,True,True,False,False,False,False,False,False,False,False,False,False,False,False,False,False,False,False,False,False,True,False,False,False,True,False,False,1
99,1,275000.0,0.0,24000.0,1,1,1,1,0,0,0,0,0,0,1,1,4,2,2,1,4,3,0,28,0,0,6,0,0,0,0.0,0.0,0.0,0,0.0,0.0,0.0,191.0,0,0,True,False,False,False,True,False,False,True,False,False,False,False,False,False,False,False,False,False,False,False,True,False,False,False,True,False,False,False,False,False,True,False,False,False,1
99,0,999999.0,1.0,39000.0,2,0,0,0,0,0,0,0,0,0,0,0,1,0,0,2,99,99,0,35,1,0,6,0,23,18,9840.0,7200.0,0.0,0,0.0,2640.0,0.0,153.0,1,0,True,False,False,False,True,False,False,True,False,False,False,False,False,False,False,False,False,True,False,False,False,False,False,False,False,False,False,True,True,False,False,False,False,False,1
99,0,999999.0,875.0,18000.0,2,0,0,0,0,0,0,0,0,0,0,0,3,0,0,1,99,99,0,14,0,1,2,1,0,0,0.0,999999.0,999999.0,999999,99999.0,99999.0,99999.0,180.0,1,0,True,False,False,False,True,False,False,True,False,False,False,False,False,False,True,False,False,False,False,False,False,False,False,False,False,False,False,True,False,False,False,True,False,False,1
99,1,400000.0,0.0,110762.0,1,1,1,1,0,0,0,0,0,0,2,1,4,2,0,1,13,11,0,46,1,0,8,0,41,68,83123.0,80983.0,0.0,0,0.0,0.0,0.0,501.0,0,6,True,False,False,False,True,False,False,True,False,False,False,True,False,False,False,False,False,False,False,False,False,False,False,False,False,False,False,True,False,False,True,False,False,False,1
99,1,187500.0,0.0,30088.0,1,0,1,0,1,0,1,0,0,0,0,0,3,0,0,1,99,99,1,49,1,0,7,0,24,44,23200.0,23200.0,0.0,0,0.0,0.0,0.0,310.0,0,0,True,False,False,False,True,False,False,True,True,False,False,False,False,False,False,False,False,False,False,False,False,False,False,False,False,False,False,True,False,True,False,False,False,False,1
99,0,999999.0,875.0,31300.0,2,0,0,1,0,0,0,0,0,0,0,0,2,1,1,1,0,0,0,28,1,0,6,0,20,8,31300.0,30000.0,0.0,0,0.0,0.0,0.0,366.0,1,1,True,False,False,False,True,False,False,True,False,False,False,True,False,False,False,False,False,False,False,False,False,False,False,False,False,False,False,True,False,False,False,True,False,False,1
99,0,999999.0,312.0,8664.0,2,0,0,0,0,0,0,0,0,0,0,0,1,0,0,1,99,99,0,49,1,0,6,0,24,47,8664.0,8664.0,0.0,0,0.0,0.0,0.0,134.0,0,6,True,False,False,False,True,False,False,True,False,False,False,True,False,False,False,False,False,False,False,False,False,False,False,False,False,False,False,True,False,False,False,True,False,False,0
99,1,350000.0,0.0,64100.0,2,1,2,1,2,0,1,1,0,1,0,0,6,0,0,1,99,99,1,6,1,0,0,0,0,0,0.0,999999.0,999999.0,999999,99999.0,99999.0,99999.0,375.0,0,0,True,False,False,False,True,False,False,True,True,False,False,False,False,False,False,False,False,False,False,False,False,False,True,False,False,False,False,False,False,False,False,True,False,False,1
99,0,999999.0,875.0,26000.0,1,0,0,0,0,0,0,0,0,0,0,0,1,0,0,1,99,99,0,52,0,0,8,0,26,47,26000.0,26000.0,0.0,0,0.0,0.0,0.0,403.0,1,2,True,False,False,False,True,False,False,True,False,False,False,True,False,False,False,False,False,False,False,False,False,False,False,False,False,False,False,True,True,False,False,False,False,False,1
99,1,400000.0,0.0,102400.0,1,1,1,1,2,0,1,1,0,1,0,0,5,0,0,1,99,99,2,13,1,1,2,2,0,0,0.0,999999.0,999999.0,999999,99999.0,99999.0,99999.0,501.0,0,0,True,False,False,False,True,False,False,True,True,False,False,False,False,False,False,False,False,False,False,False,False,False,False,False,False,False,False,True,False,False,False,True,False,False,1
99,1,137500.0,0.0,81000.0,1,1,1,1,2,0,1,1,0,1,0,0,4,0,0,1,99,99,1,15,0,1,3,1,0,0,0.0,999999.0,999999.0,999999,0.0,0.0,0.0,501.0,1,0,True,False,False,False,True,False,False,True,True,False,False,False,False,False,False,False,False,False,False,False,False,False,False,False,False,False,False,True,False,False,False,True,False,False,1
99,1,400000.0,0.0,384031.0,1,1,0,0,0,0,0,0,0,0,1,1,2,0,0,1,99,99,0,62,0,0,7,0,22,61,60000.0,35000.0,20000.0,0,0.0,0.0,0.0,501.0,0,0,True,False,False,False,True,False,False,True,False,False,False,False,False,False,False,False,False,False,False,False,True,False,False,False,False,False,False,True,False,False,True,False,False,False,1
99,1,275000.0,0.0,36761.0,1,1,0,0,0,0,0,0,0,0,2,1,2,0,0,1,99,99,0,58,1,0,7,0,30,44,31568.0,17481.0,0.0,0,0.0,0.0,0.0,443.0,0,7,True,False,False,False,True,False,False,True,False,False,False,True,False,False,False,False,False,False,False,False,False,False,False,False,False,False,False,True,False,False,True,False,False,False,1
99,1,350000.0,0.0,55967.0,2,0,0,0,0,0,0,0,0,0,0,0,1,0,0,1,99,99,0,62,1,0,6,0,34,47,55967.0,53000.0,0.0,0,0.0,0.0,0.0,501.0,0,5,True,False,False,False,True,False,False,True,False,False,False,True,False,False,False,False,False,False,False,False,False,False,False,False,False,False,False,True,True,False,False,False,False,False,1
99,1,162500.0,0.0,90852.0,1,0,0,0,0,0,0,0,0,0,0,0,1,0,0,1,99,99,0,84,1,0,2,0,0,0,90852.0,0.0,0.0,0,5963.0,0.0,0.0,501.0,0,8,True,False,False,False,True,False,False,True,False,False,False,True,False,False,False,False,False,False,False,False,False,False,False,False,False,False,False,True,False,False,False,False,False,True,1
99,1,112500.0,0.0,80000.0,1,1,1,1,2,0,1,1,0,1,0,0,3,0,0,1,99,99,0,10,0,1,1,1,0,0,0.0,999999.0,999999.0,999999,99999.0,99999.0,99999.0,501.0,0,0,True,False,False,False,True,False,False,True,True,False,False,False,False,False,False,False,False,False,False,False,False,False,False,False,False,False,False,True,False,False,False,True,False,False,1
99,1,225000.0,0.0,56000.0,1,1,1,1,2,0,1,1,0,1,0,0,5,0,0,1,99,99,2,6,0,1,0,1,0,0,0.0,999999.0,999999.0,999999,99999.0,99999.0,99999.0,378.0,0,0,True,False,False,False,True,False,False,True,True,False,False,False,False,False,False,False,False,False,False,False,False,False,False,False,False,False,False,True,False,False,False,True,False,False,1
99,0,999999.0,362.0,41200.0,1,1,1,1,2,0,1,1,0,1,0,0,4,0,0,1,99,99,1,10,0,1,1,2,0,0,0.0,999999.0,999999.0,999999,99999.0,99999.0,99999.0,317.0,0,0,True,False,False,False,True,False,False,True,True,False,False,False,False,False,False,False,False,False,False,False,False,False,False,False,False,False,False,True,False,False,False,True,False,False,1
99,0,999999.0,337.0,13624.0,1,0,1,0,0,0,0,0,0,0,0,0,2,1,0,1,34,34,0,67,0,0,5,0,0,0,6364.0,0.0,0.0,0,1248.0,5116.0,0.0,182.0,1,1,True,False,False,False,True,False,False,True,False,False,False,True,False,False,False,False,False,False,False,False,False,False,True,False,False,False,False,False,True,False,False,False,False,False,1
99,0,999999.0,725.0,42475.0,1,1,1,1,0,0,0,0,0,0,1,1,7,4,1,1,13,1,1,34,0,0,0,0,0,0,0.0,0.0,0.0,0,0.0,0.0,0.0,221.0,1,0,True,False,False,False,True,False,False,True,False,False,False,False,False,False,False,False,False,False,False,False,True,False,False,False,False,False,False,True,False,False,True,False,False,False,1
99,0,999999.0,312.0,15360.0,1,1,1,1,0,0,0,0,0,0,2,1,3,1,0,1,25,25,0,66,0,0,1,0,0,0,0.0,0.0,0.0,0,0.0,0.0,0.0,158.0,1,0,True,False,False,False,True,False,False,True,False,False,False,False,False,False,False,True,False,False,False,False,False,False,False,False,False,False,False,True,False,False,True,False,False,False,1
99,1,162500.0,0.0,4507.0,1,0,1,0,1,0,1,0,0,0,0,0,2,0,0,1,99,99,0,17,0,0,5,0,14,17,507.0,507.0,0.0,0,0.0,0.0,0.0,53.0,1,0,True,False,False,False,True,False,False,True,True,False,False,False,False,False,False,False,False,False,False,False,False,False,False,False,False,False,False,True,False,False,False,True,False,False,1
99,1,400000.0,0.0,65000.0,2,1,0,0,0,0,0,0,0,0,0,0,1,0,0,2,99,99,0,30,1,0,7,0,35,62,34000.0,34000.0,0.0,0,0.0,0.0,0.0,501.0,0,0,True,False,False,False,True,False,False,True,False,False,False,False,False,True,False,False,False,False,False,False,False,False,False,False,False,False,False,True,False,False,False,True,False,False,1
99,1,350000.0,0.0,92668.0,1,1,1,1,2,0,1,1,0,1,0,0,4,0,0,1,99,99,1,3,0,1,0,2,0,0,0.0,999999.0,999999.0,999999,99999.0,99999.0,99999.0,501.0,1,0,True,False,False,False,True,False,False,True,True,False,False,False,False,False,False,False,False,False,False,False,False,False,False,False,False,False,False,True,False,False,False,True,False,False,1
99,1,112500.0,0.0,116931.0,1,1,0,0,0,0,0,0,0,0,1,1,2,0,0,1,99,99,0,69,0,0,6,0,0,0,46431.0,0.0,0.0,0,8700.0,0.0,0.0,501.0,0,0,True,False,False,False,True,False,False,True,False,False,False,False,False,False,False,False,False,False,False,False,True,False,False,False,False,False,False,True,False,False,True,False,False,False,1
99,1,95000.0,0.0,61545.0,1,1,2,1,3,0,5,0,0,0,0,0,5,0,0,1,99,99,1,8,0,1,1,1,0,0,0.0,999999.0,999999.0,999999,99999.0,99999.0,99999.0,406.0,0,0,True,False,False,False,True,False,False,True,False,False,True,False,False,False,False,False,False,False,False,False,False,False,False,False,False,False,False,True,False,False,False,True,False,False,1
99,0,999999.0,575.0,17000.0,1,0,1,0,1,0,1,0,0,0,0,0,5,0,0,1,99,99,3,12,0,1,2,1,0,0,0.0,999999.0,999999.0,999999,99999.0,99999.0,99999.0,117.0,1,0,True,False,False,False,True,False,False,True,True,False,False,False,False,False,False,False,False,False,False,False,False,False,False,False,False,False,False,True,False,False,False,True,False,False,1
99,1,350000.0,0.0,62999.0,1,1,1,1,0,0,0,0,0,0,2,1,4,2,2,1,4,1,0,36,1,0,8,0,39,82,50608.0,49882.0,0.0,0,0.0,0.0,0.0,501.0,0,5,True,False,False,False,True,False,False,True,False,False,False,True,False,False,False,False,False,False,False,False,False,False,False,True,False,False,False,False,False,False,True,False,False,False,1
99,0,999999.0,212.0,9400.0,2,0,0,1,0,0,0,1,0,1,0,0,6,0,0,1,99,99,4,7,1,1,1,1,0,0,0.0,999999.0,999999.0,999999,99999.0,99999.0,99999.0,58.0,1,0,True,False,False,False,True,False,False,True,True,False,False,False,False,False,False,False,False,False,False,False,False,False,False,False,False,False,False,True,False,False,False,True,False,False,1
99,1,350000.0,0.0,138831.0,1,1,1,1,0,0,0,0,0,0,2,1,5,3,0,1,36,23,0,59,1,0,6,0,24,44,49624.0,30341.0,0.0,0,0.0,0.0,0.0,501.0,0,6,True,False,False,False,True,False,False,True,False,False,False,True,False,False,False,False,False,False,False,False,False,False,False,False,True,False,False,False,False,False,True,False,False,False,1
99,1,187500.0,0.0,1500.0,1,1,0,0,0,0,0,0,0,0,1,2,2,0,0,1,99,99,0,63,1,0,2,0,0,0,1500.0,0.0,0.0,0,1500.0,0.0,0.0,18.0,0,0,True,False,False,False,True,False,False,True,False,False,False,False,False,False,False,False,False,False,False,False,True,False,False,False,False,False,False,True,False,False,True,False,False,False,1
99,0,999999.0,675.0,12800.0,1,0,1,0,1,0,1,0,0,0,0,0,2,0,0,1,99,99,0,3,0,1,0,2,0,0,0.0,999999.0,999999.0,999999,99999.0,99999.0,99999.0,150.0,1,0,True,False,False,False,True,False,False,True,True,False,False,False,False,False,False,False,False,False,False,False,False,False,False,False,False,False,False,True,False,False,False,True,False,False,1
99,0,999999.0,875.0,15189.0,1,0,1,0,1,0,1,0,0,0,0,0,6,0,0,1,99,99,4,4,0,0,0,0,0,0,0.0,999999.0,999999.0,999999,99999.0,99999.0,99999.0,93.0,1,0,True,False,False,False,True,False,False,True,True,False,False,False,False,False,False,False,False,False,False,False,False,False,True,False,False,False,False,False,False,False,False,True,False,False,1
99,1,400000.0,0.0,213516.0,1,1,0,0,0,0,0,0,0,0,2,1,2,0,0,1,99,99,0,56,1,0,7,0,41,68,205516.0,195516.0,0.0,0,0.0,0.0,0.0,501.0,0,6,True,False,False,False,True,False,False,True,False,False,False,True,False,False,False,False,False,False,False,False,False,False,False,False,False,False,False,True,False,False,True,False,False,False,1
99,0,999999.0,512.0,20000.0,1,0,0,0,0,0,0,0,0,0,0,0,1,0,0,1,99,99,0,48,0,0,6,0,22,61,20000.0,20000.0,0.0,0,0.0,0.0,0.0,310.0,0,5,True,False,False,False,True,False,False,True,False,False,False,True,False,False,False,False,False,False,False,False,False,False,False,False,False,False,False,True,True,False,False,False,False,False,1
99,1,162500.0,0.0,71501.0,1,0,1,1,0,0,0,0,0,0,0,0,6,4,0,1,30,19,0,59,0,0,6,0,26,72,5817.0,441.0,0.0,0,5376.0,0.0,0.0,401.0,0,8,True,False,False,False,True,False,False,True,False,False,False,True,False,False,False,False,False,False,False,False,False,False,False,False,False,False,False,True,False,True,False,False,False,False,1
99,0,999999.0,512.0,14000.0,1,1,1,1,0,0,0,0,0,0,2,1,7,5,0,1,18,8,0,37,1,0,0,0,20,8,14000.0,14000.0,0.0,0,0.0,0.0,0.0,73.0,1,2,True,False,False,False,True,False,False,True,False,False,False,True,False,False,False,False,False,False,False,False,False,False,False,False,False,False,False,True,False,False,True,False,False,False,1
99,0,999999.0,875.0,22765.0,1,1,0,0,0,0,0,0,0,0,0,0,3,0,0,1,99,99,0,19,0,1,6,1,10,19,6125.0,6125.0,0.0,0,0.0,0.0,0.0,235.0,1,0,True,False,False,False,True,False,False,True,False,False,True,False,False,False,False,False,False,False,False,False,False,False,False,False,False,False,False,True,False,False,False,True,False,False,1
99,1,400000.0,0.0,198516.0,1,1,1,1,2,0,1,1,0,1,0,0,4,0,0,1,99,99,1,18,1,1,6,1,11,11,1000.0,1000.0,0.0,0,0.0,0.0,0.0,501.0,0,0,True,False,False,False,True,False,False,True,True,False,False,False,False,False,False,False,False,False,False,False,False,False,False,False,False,True,False,False,False,False,False,True,False,False,1
99,0,999999.0,512.0,9466.0,1,1,0,0,0,0,0,0,0,0,1,1,2,0,0,1,99,99,0,43,0,0,6,0,22,51,6908.0,6908.0,0.0,0,0.0,0.0,0.0,114.0,1,0,True,False,False,False,True,False,False,True,False,False,False,False,False,False,False,False,False,False,False,False,True,False,False,False,False,False,False,True,False,False,True,False,False,False,0
99,1,95000.0,0.0,28915.0,1,0,0,0,0,0,0,0,0,0,0,0,1,0,0,1,99,99,0,78,0,0,6,0,0,0,28915.0,0.0,0.0,0,4452.0,0.0,0.0,486.0,0,6,True,False,False,False,True,False,False,True,False,False,False,True,False,False,False,False,False,False,False,False,False,False,False,False,False,False,False,True,False,False,False,False,False,True,1
99,0,999999.0,625.0,28000.0,1,1,1,1,2,0,1,1,0,1,0,0,4,0,0,1,99,99,1,6,1,1,0,1,0,0,0.0,999999.0,999999.0,999999,99999.0,99999.0,99999.0,223.0,1,0,True,False,False,False,True,False,False,True,True,False,False,False,False,False,False,False,False,False,False,False,False,False,False,False,False,False,True,False,False,False,False,True,False,False,1
99,0,999999.0,725.0,700.0,1,1,1,1,2,0,1,1,0,1,0,0,5,0,0,1,99,99,2,18,1,1,6,1,0,0,0.0,0.0,0.0,0,0.0,0.0,0.0,4.0,1,0,True,False,False,False,True,False,False,True,True,False,False,False,False,False,False,False,False,False,False,False,False,False,False,False,False,False,False,True,False,False,False,True,False,False,1
99,0,999999.0,462.0,7440.0,1,0,1,0,0,0,0,0,0,0,0,0,2,1,0,1,30,30,0,68,0,0,3,0,0,0,7440.0,0.0,0.0,0,2640.0,4800.0,0.0,99.0,0,6,True,False,False,False,True,False,False,True,False,False,False,True,False,False,False,False,False,False,False,False,False,False,False,False,False,False,False,True,False,False,False,False,False,True,1
99,0,999999.0,512.0,58280.0,1,1,1,1,2,0,1,1,0,1,0,0,9,0,0,1,99,99,6,20,0,0,6,0,0,0,0.0,0.0,0.0,0,0.0,0.0,0.0,211.0,1,0,True,False,False,False,True,False,False,True,True,False,False,False,False,False,False,False,False,False,False,False,False,False,False,False,False,True,False,False,False,False,False,True,False,False,1
99,0,999999.0,362.0,28770.0,1,0,1,0,0,0,0,0,0,0,0,0,2,1,0,1,43,43,0,78,0,0,2,0,0,0,6516.0,0.0,0.0,0,6516.0,0.0,0.0,384.0,0,6,True,False,False,False,True,False,False,True,False,False,False,True,False,False,False,False,False,False,False,False,False,False,False,False,False,False,False,True,False,False,False,False,False,True,1
99,1,350000.0,0.0,66603.0,1,1,0,0,0,0,0,0,0,0,2,1,2,0,0,1,99,99,0,66,1,0,8,0,0,0,66603.0,0.0,0.0,0,8000.0,0.0,0.0,501.0,0,5,True,False,False,False,True,False,False,True,False,False,False,True,False,False,False,False,False,False,False,False,False,False,False,True,False,False,False,False,False,False,True,False,False,False,1
99,0,999999.0,675.0,63780.0,1,0,2,0,1,0,1,0,0,0,0,0,7,0,0,1,99,99,2,0,1,0,7,0,0,0,0.0,999999.0,999999.0,999999,99999.0,99999.0,99999.0,322.0,1,0,True,False,False,False,True,False,False,True,True,False,False,False,False,False,False,False,False,False,False,False,False,False,True,False,False,False,False,False,False,False,False,True,False,False,1
99,1,350000.0,0.0,71000.0,1,1,1,1,0,0,0,0,0,0,2,1,4,2,0,1,8,5,0,27,1,0,6,0,29,24,50000.0,50000.0,0.0,0,0.0,0.0,0.0,501.0,1,2,True,False,False,False,True,False,False,True,False,False,False,True,False,False,False,False,False,False,False,False,False,False,False,False,False,False,False,True,False,False,True,False,False,False,1
99,0,999999.0,1000.0,15989.0,1,1,1,1,2,0,1,1,0,1,0,0,9,0,0,1,99,99,6,6,0,1,1,1,0,0,0.0,999999.0,999999.0,999999,99999.0,99999.0,99999.0,62.0,1,0,True,False,False,False,True,False,False,True,True,False,False,False,False,False,False,False,False,False,False,False,False,False,False,True,False,False,False,False,False,False,False,True,False,False,1
99,1,350000.0,0.0,49000.0,1,0,0,0,0,0,0,0,0,0,0,0,1,0,0,1,99,99,0,33,1,0,7,0,35,62,49000.0,29000.0,0.0,0,0.0,0.0,0.0,501.0,1,1,True,False,False,False,True,False,False,True,False,False,False,True,False,False,False,False,False,False,False,False,False,False,False,False,False,False,False,True,False,False,False,True,False,False,1
99,1,400000.0,0.0,94300.0,1,1,1,1,0,0,0,0,0,0,2,1,5,3,0,1,20,8,0,39,1,0,8,0,46,84,83000.0,83000.0,0.0,0,0.0,0.0,0.0,501.0,0,5,True,False,False,False,True,False,False,True,False,False,False,True,False,False,False,False,False,False,False,False,False,False,False,False,False,False,False,True,False,False,True,False,False,False,1
99,0,999999.0,487.0,0.0,1,0,1,0,1,0,1,0,0,0,0,0,5,0,0,1,99,99,3,15,0,1,4,1,0,0,0.0,999999.0,999999.0,999999,0.0,0.0,0.0,1.0,0,0,True,False,False,False,True,False,False,True,True,False,False,False,False,False,False,False,False,False,False,False,False,False,False,False,False,False,False,True,False,False,False,True,False,False,1
99,0,999999.0,625.0,3600.0,3,1,2,1,0,0,0,0,0,0,0,0,15,0,0,1,99,99,0,18,0,0,0,0,0,0,0.0,0.0,0.0,0,0.0,0.0,0.0,14.0,1,0,True,False,False,False,True,False,False,True,False,False,False,False,False,False,True,False,False,False,False,False,False,False,False,False,False,False,False,True,False,False,False,True,False,False,1
99,0,999999.0,575.0,20000.0,1,1,1,1,0,0,0,0,0,0,1,1,5,3,2,1,6,1,0,27,0,1,7,1,32,42,0.0,0.0,0.0,0,0.0,0.0,0.0,135.0,0,0,True,False,False,False,True,False,False,True,False,False,False,False,False,False,False,False,False,False,False,False,True,False,False,False,False,False,False,True,False,False,True,False,False,False,1
99,1,350000.0,0.0,32900.0,1,1,1,1,0,0,0,0,0,0,2,1,4,2,0,1,11,8,0,43,1,0,8,0,41,68,17400.0,11500.0,0.0,0,0.0,0.0,0.0,262.0,0,2,True,False,False,False,True,False,False,True,False,False,False,True,False,False,False,False,False,False,False,False,False,False,False,True,False,False,False,False,False,False,True,False,False,False,1
99,1,187500.0,0.0,229316.0,1,1,0,0,0,0,0,0,0,0,2,1,2,0,0,1,99,99,0,51,1,0,6,0,41,68,229316.0,195516.0,0.0,0,0.0,0.0,0.0,501.0,0,6,True,False,False,False,True,False,False,True,False,False,False,True,False,False,False,False,False,False,False,False,False,False,False,False,False,False,False,True,False,False,True,False,False,False,1
99,1,85000.0,0.0,40248.0,1,1,1,1,0,0,0,0,0,0,1,1,3,1,0,1,16,16,0,41,0,0,6,0,20,9,0.0,0.0,0.0,0,0.0,0.0,0.0,403.0,1,0,True,False,False,False,True,False,False,True,False,False,False,False,False,False,False,False,False,False,False,False,True,False,False,False,False,False,False,True,False,False,True,False,False,False,1
99,1,162500.0,0.0,34000.0,1,1,3,1,3,0,1,2,0,1,0,0,7,2,0,1,12,10,1,41,0,0,6,0,17,8,18000.0,18000.0,0.0,0,0.0,0.0,0.0,172.0,1,0,True,False,False,False,True,False,False,True,False,False,False,False,False,False,False,False,False,False,True,False,False,False,False,False,False,False,False,True,True,False,False,False,False,False,1
99,1,137500.0,0.0,40250.0,2,1,1,1,0,0,0,0,0,0,2,1,6,2,1,1,6,4,2,28,1,0,2,0,22,18,14500.0,14500.0,0.0,0,0.0,0.0,0.0,231.0,1,1,True,False,False,False,True,False,False,True,False,False,False,True,False,False,False,False,False,False,False,False,False,False,False,False,False,False,False,True,False,False,True,False,False,False,1
99,1,225000.0,0.0,99000.0,1,1,0,0,0,0,0,0,0,0,1,1,2,0,0,1,99,99,0,60,0,0,7,0,0,0,0.0,0.0,0.0,0,0.0,0.0,0.0,501.0,1,0,True,False,False,False,True,False,False,True,False,False,False,False,False,False,False,False,False,False,False,False,True,False,False,False,False,False,False,True,False,False,True,False,False,False,1
99,1,400000.0,0.0,101124.0,2,0,0,0,0,0,0,0,0,0,0,0,1,0,0,1,99,99,0,47,1,0,8,0,61,93,101124.0,100450.0,0.0,0,0.0,0.0,0.0,501.0,1,2,True,False,False,False,True,False,False,True,False,False,False,True,False,False,False,False,False,False,False,False,False,False,False,False,False,False,False,True,True,False,False,False,False,False,1
99,0,999999.0,512.0,8560.0,2,0,0,1,0,0,0,1,0,1,0,0,3,0,0,1,99,99,1,1,1,0,7,0,0,0,0.0,999999.0,999999.0,999999,99999.0,99999.0,99999.0,86.0,1,0,True,False,False,False,True,False,False,True,True,False,False,False,False,False,False,False,False,False,False,False,False,False,False,False,False,False,False,True,False,False,False,True,False,False,1
99,0,999999.0,362.0,19300.0,1,0,0,0,0,0,0,0,0,0,0,0,1,0,0,1,99,99,0,42,1,1,7,1,20,8,19300.0,19300.0,0.0,0,0.0,0.0,0.0,299.0,1,1,True,False,False,False,True,False,False,True,False,False,False,True,False,False,False,False,False,False,False,False,False,False,False,False,False,False,False,True,False,False,False,False,True,False,1
99,0,999999.0,875.0,44000.0,1,2,3,2,2,0,1,1,0,1,0,0,9,0,0,1,99,99,1,3,1,0,0,0,0,0,0.0,999999.0,999999.0,999999,99999.0,99999.0,99999.0,163.0,1,0,True,False,False,False,True,False,False,True,True,False,False,False,False,False,False,False,False,False,False,False,False,False,False,False,False,False,False,True,False,False,False,True,False,False,1
99,1,225000.0,0.0,69085.0,1,1,0,0,0,0,0,0,0,0,1,1,2,0,0,1,99,99,0,46,0,0,8,0,24,44,24685.0,24685.0,0.0,0,0.0,0.0,0.0,501.0,0,0,True,False,False,False,True,False,False,True,False,False,False,False,False,False,False,False,False,False,False,False,True,False,True,False,False,False,False,False,False,False,True,False,False,False,1
99,1,187500.0,0.0,40530.0,1,0,0,0,0,0,0,0,0,0,0,0,1,0,0,1,99,99,0,66,1,0,6,0,24,47,40530.0,0.0,30000.0,0,3300.0,0.0,0.0,501.0,0,6,True,False,False,False,True,False,False,True,False,False,False,True,False,False,False,False,False,False,False,False,False,False,False,False,False,False,False,True,False,False,False,True,False,False,1
99,1,137500.0,0.0,35620.0,1,0,0,1,0,0,0,1,0,1,0,0,5,0,0,1,99,99,3,29,1,1,8,1,35,46,20000.0,20000.0,0.0,0,0.0,0.0,0.0,231.0,0,0,True,False,False,False,True,False,False,True,True,False,False,False,False,False,False,False,False,False,False,False,False,False,False,False,False,True,False,False,False,False,False,True,False,False,1
99,1,112500.0,0.0,70700.0,1,0,2,0,1,0,1,0,0,0,0,0,4,2,1,1,14,0,0,31,0,0,3,0,27,22,3700.0,3700.0,0.0,0,0.0,0.0,0.0,501.0,0,0,True,False,False,False,True,False,False,True,True,False,False,False,False,False,False,False,False,False,False,False,False,False,False,False,False,False,False,True,False,False,False,False,True,False,1
99,0,999999.0,875.0,52000.0,1,1,1,1,0,0,0,0,0,0,2,1,3,1,0,1,10,10,0,37,1,0,6,0,26,19,37000.0,37000.0,0.0,0,0.0,0.0,0.0,501.0,1,2,True,False,False,False,True,False,False,True,False,False,False,True,False,False,False,False,False,False,False,False,False,False,False,False,False,False,False,True,False,False,True,False,False,False,1
99,1,95000.0,0.0,54430.0,1,1,1,1,0,0,0,0,0,0,2,2,3,1,0,1,13,13,0,52,0,0,8,0,26,72,51930.0,51930.0,0.0,0,0.0,0.0,0.0,501.0,0,5,True,False,False,False,True,False,False,True,False,False,False,True,False,False,False,False,False,False,False,False,False,False,True,False,False,False,False,False,False,False,True,False,False,False,1
99,0,999999.0,875.0,18000.0,3,0,0,0,0,0,0,0,0,0,0,0,1,0,0,2,99,99,0,24,0,1,7,1,22,51,16150.0,16000.0,0.0,0,0.0,0.0,0.0,250.0,1,0,True,False,False,False,True,False,False,True,False,False,False,False,False,False,False,False,False,True,False,False,False,False,False,False,False,False,False,True,False,False,False,True,False,False,1
99,0,999999.0,1000.0,84300.0,1,1,1,1,1,0,1,2,0,1,0,0,4,0,0,1,99,99,1,16,1,1,3,2,18,44,300.0,300.0,0.0,0,0.0,0.0,0.0,501.0,1,0,True,False,False,False,True,False,False,True,True,False,False,False,False,False,False,False,False,False,False,False,False,False,False,False,False,False,False,True,False,False,False,True,False,False,1
99,1,225000.0,0.0,27000.0,1,0,0,0,0,0,0,0,0,0,0,0,1,0,0,1,99,99,0,62,0,0,7,0,21,66,27000.0,27000.0,0.0,0,0.0,0.0,0.0,419.0,0,7,True,False,False,False,True,False,False,True,False,False,False,True,False,False,False,False,False,False,False,False,False,False,False,False,False,False,False,True,False,False,False,False,False,True,1
99,0,999999.0,512.0,13000.0,1,0,0,0,0,0,0,0,0,0,0,0,1,0,0,1,99,99,0,55,0,0,7,0,25,44,13000.0,13000.0,0.0,0,0.0,0.0,0.0,202.0,1,1,True,False,False,False,True,False,False,True,False,False,False,True,False,False,False,False,False,False,False,False,False,False,True,False,False,False,False,False,True,False,False,False,False,False,1
99,1,350000.0,0.0,62133.0,1,1,1,1,0,0,0,0,0,0,2,1,4,2,0,1,39,26,0,73,1,0,2,0,0,0,21000.0,0.0,0.0,0,6000.0,0.0,0.0,486.0,0,8,True,False,False,False,True,False,False,True,False,False,False,True,False,False,False,False,False,False,False,False,False,False,False,False,False,False,False,True,False,False,True,False,False,False,1
99,0,999999.0,462.0,27000.0,2,0,0,1,0,0,0,1,3,1,0,0,2,0,0,1,99,99,0,21,0,0,6,0,22,61,0.0,0.0,0.0,0,0.0,0.0,0.0,325.0,0,0,True,False,False,False,True,False,False,True,True,False,False,False,False,False,False,False,False,False,False,False,False,False,True,False,False,False,False,False,False,False,False,True,False,False,1
99,0,999999.0,437.0,9120.0,1,0,2,0,3,0,1,0,0,0,0,0,3,1,1,1,4,4,0,26,0,0,6,0,0,0,6720.0,0.0,0.0,0,0.0,6720.0,0.0,91.0,1,1,True,False,False,False,True,False,False,True,False,False,False,True,False,False,False,False,False,False,False,False,False,False,True,False,False,False,False,False,False,False,False,True,False,False,1
99,0,999999.0,0.0,999999.0,1,0,0,0,0,0,0,0,0,0,0,0,1,0,0,1,99,99,0,86,0,0,3,0,0,0,0.0,0.0,0.0,0,0.0,0.0,0.0,0.0,1,0,False,True,False,True,False,False,False,True,False,False,False,False,True,False,False,False,False,False,False,False,False,False,False,False,False,False,False,True,False,False,False,False,False,True,1
99,0,999999.0,575.0,19000.0,1,1,1,1,2,0,1,1,0,1,0,0,3,0,0,1,99,99,0,2,1,0,7,0,0,0,0.0,999999.0,999999.0,999999,99999.0,99999.0,99999.0,190.0,1,0,True,False,False,False,True,False,False,True,True,False,False,False,False,False,False,False,False,False,False,False,False,False,False,False,False,False,False,True,False,False,False,True,False,False,1
99,1,112500.0,0.0,19000.0,1,1,1,1,2,0,1,1,0,1,0,0,5,0,0,1,99,99,2,6,0,1,1,1,0,0,0.0,999999.0,999999.0,999999,99999.0,99999.0,99999.0,128.0,0,0,True,False,False,False,True,False,False,True,True,False,False,False,False,False,False,False,False,False,False,False,False,False,False,False,False,False,False,True,False,False,False,True,False,False,1
99,1,225000.0,0.0,28600.0,1,0,1,0,0,0,0,0,0,0,0,0,3,2,0,1,10,7,0,39,0,0,8,0,26,72,28600.0,25000.0,0.0,0,0.0,0.0,3600.0,286.0,0,5,True,False,False,False,True,False,False,True,False,False,False,True,False,False,False,False,False,False,False,False,False,False,True,False,False,False,False,False,True,False,False,False,False,False,1
99,0,999999.0,625.0,37521.0,1,1,0,0,0,0,0,0,0,0,1,1,2,0,0,1,99,99,0,29,0,0,8,0,26,44,8812.0,8812.0,0.0,0,0.0,0.0,0.0,452.0,1,0,True,False,False,False,True,False,False,True,False,False,False,False,False,False,False,False,False,False,False,False,True,False,False,False,False,False,False,True,False,False,True,False,False,False,1
99,0,999999.0,725.0,39000.0,2,1,2,1,0,0,0,0,0,0,0,0,2,1,1,2,3,3,0,24,0,0,5,0,0,0,0.0,0.0,0.0,0,0.0,0.0,0.0,1.0,1,0,True,False,False,False,True,False,False,True,False,False,False,False,False,False,False,False,False,True,False,False,False,False,False,False,False,False,False,True,False,True,False,False,False,False,1
99,1,225000.0,0.0,50484.0,1,1,1,1,0,0,0,0,0,0,1,1,4,2,0,1,19,18,0,50,0,0,6,0,10,19,11440.0,11440.0,0.0,0,0.0,0.0,0.0,395.0,0,0,True,False,False,False,True,False,False,True,False,False,False,False,False,False,False,False,False,False,False,False,True,False,False,False,False,True,False,False,False,False,True,False,False,False,1
99,1,112500.0,0.0,5400.0,1,1,1,1,2,0,1,1,0,1,0,0,5,0,0,1,99,99,2,15,1,1,3,1,0,0,0.0,999999.0,999999.0,999999,0.0,0.0,0.0,36.0,0,0,True,False,False,False,True,False,False,True,True,False,False,False,False,False,False,False,False,False,False,False,False,False,False,False,False,False,False,True,False,False,False,True,False,False,1
99,0,999999.0,437.0,12000.0,1,0,1,0,0,0,0,0,0,0,0,0,9,0,0,1,99,99,0,38,1,0,4,0,0,0,0.0,0.0,0.0,0,0.0,0.0,0.0,47.0,1,0,True,False,False,False,True,False,False,True,False,False,False,False,False,False,True,False,False,False,False,False,False,False,False,False,False,False,False,True,False,False,False,False,True,False,1
99,1,95000.0,0.0,66000.0,1,1,0,0,0,0,0,0,0,0,1,2,2,0,0,1,99,99,0,53,1,0,6,0,41,68,40000.0,40000.0,0.0,0,0.0,0.0,0.0,501.0,0,0,True,False,False,False,True,False,False,True,False,False,False,False,False,False,False,False,False,False,False,False,True,False,False,False,False,False,False,True,False,False,True,False,False,False,1
99,1,95000.0,0.0,35000.0,1,1,0,0,0,0,0,0,0,0,1,1,2,0,0,1,99,99,0,30,0,0,6,0,30,65,7000.0,7000.0,0.0,0,0.0,0.0,0.0,422.0,0,0,True,False,False,False,True,False,False,True,False,False,False,False,False,False,False,False,False,False,False,False,True,False,True,False,False,False,False,False,False,False,True,False,False,False,1
99,0,999999.0,625.0,7800.0,1,1,0,0,0,0,0,0,0,0,0,0,6,0,0,1,99,99,0,3,1,0,0,0,0,0,0.0,999999.0,999999.0,999999,99999.0,99999.0,99999.0,47.0,1,0,True,False,False,False,True,False,False,True,False,False,False,False,False,False,True,False,False,False,False,False,False,False,True,False,False,False,False,False,False,False,False,True,False,False,1
99,0,999999.0,337.0,0.0,1,0,1,0,1,0,1,0,0,0,0,0,4,0,0,1,99,99,2,8,1,1,1,1,0,0,0.0,999999.0,999999.0,999999,99999.0,99999.0,99999.0,1.0,1,0,True,False,False,False,True,False,False,True,True,False,False,False,False,False,False,False,False,False,False,False,False,False,False,False,False,False,False,True,False,False,False,True,False,False,1
99,0,999999.0,512.0,48000.0,1,0,0,0,0,0,0,0,0,0,0,0,1,0,0,1,99,99,0,37,1,0,8,0,41,68,48000.0,48000.0,0.0,0,0.0,0.0,0.0,501.0,0,5,True,False,False,False,True,False,False,True,False,False,False,True,False,False,False,False,False,False,False,False,False,False,False,False,False,False,False,True,False,False,False,True,False,False,1
99,1,112500.0,0.0,11235.0,1,0,0,0,0,0,0,0,0,0,0,0,1,0,0,1,99,99,0,71,1,0,8,0,0,0,11235.0,0.0,0.0,0,7235.0,0.0,0.0,189.0,0,7,True,False,False,False,True,False,False,True,False,False,False,True,False,False,False,False,False,False,False,False,False,False,False,False,False,False,False,True,False,False,False,False,False,True,1
99,0,999999.0,437.0,15072.0,2,1,1,1,0,0,0,0,0,0,0,0,7,0,0,1,99,99,2,23,1,0,0,0,11,11,8000.0,8000.0,0.0,0,0.0,0.0,0.0,76.0,1,0,True,False,False,False,True,False,False,True,False,False,False,False,False,False,False,False,False,False,True,False,False,False,False,False,False,False,False,True,False,False,False,True,False,False,1
99,0,999999.0,725.0,44200.0,1,1,0,0,0,0,0,0,0,0,0,0,7,0,0,1,99,99,3,20,1,0,6,0,23,18,4200.0,4200.0,0.0,0,0.0,0.0,0.0,219.0,0,0,True,False,False,False,True,False,False,True,False,False,False,False,False,False,False,False,False,False,True,False,False,False,False,False,False,False,False,True,False,False,False,True,False,False,1
99,1,225000.0,0.0,13272.0,1,0,1,1,0,0,0,1,0,1,0,0,4,1,1,1,3,3,1,22,0,0,6,0,38,68,13272.0,13272.0,0.0,0,0.0,0.0,0.0,106.0,1,0,True,False,False,False,True,False,False,True,True,False,False,False,False,False,False,False,False,False,False,False,False,False,False,False,False,False,False,True,False,False,False,True,False,False,1
99,0,999999.0,875.0,56000.0,1,1,1,1,2,0,1,1,3,1,0,0,3,0,0,1,99,99,0,15,0,1,4,1,0,0,0.0,999999.0,999999.0,999999,0.0,0.0,0.0,501.0,1,0,True,False,False,False,True,False,False,True,True,False,False,False,False,False,False,False,False,False,False,False,False,False,False,False,False,False,False,True,False,False,False,True,False,False,1
99,0,999999.0,725.0,25800.0,2,1,1,1,0,0,0,0,0,0,2,1,5,1,0,1,7,7,1,35,1,0,3,0,24,47,7200.0,7200.0,0.0,0,0.0,0.0,0.0,165.0,1,5,True,False,False,False,True,False,False,True,False,False,False,True,False,False,False,False,False,False,False,False,False,False,False,False,False,False,False,True,False,False,True,False,False,False,1
99,0,999999.0,1000.0,48600.0,5,2,3,2,0,0,0,0,0,0,17,4,3,1,1,5,2,2,0,33,1,0,2,0,20,9,9600.0,9600.0,0.0,0,0.0,0.0,0.0,96.0,1,0,True,False,False,False,True,False,False,True,False,False,False,False,False,True,False,False,False,False,False,False,False,False,False,False,False,False,False,True,False,False,True,False,False,False,0
99,1,112500.0,0.0,30000.0,1,1,1,1,2,0,1,1,0,1,0,0,4,0,0,1,99,99,1,10,0,1,1,1,0,0,0.0,999999.0,999999.0,999999,99999.0,99999.0,99999.0,239.0,0,0,True,False,False,False,True,False,False,True,True,False,False,False,False,False,False,False,False,False,False,False,False,False,False,False,False,False,False,True,False,False,False,True,False,False,1
99,1,187500.0,0.0,49350.0,1,1,2,1,3,0,5,0,0,0,0,0,5,0,0,1,99,99,0,0,1,0,7,0,0,0,0.0,999999.0,999999.0,999999,99999.0,99999.0,99999.0,325.0,1,0,True,False,False,False,True,False,False,True,False,False,True,False,False,False,False,False,False,False,False,False,False,False,True,False,False,False,False,False,False,False,False,True,False,False,1
99,0,999999.0,575.0,16000.0,1,1,1,1,2,0,1,1,0,1,0,0,7,0,0,1,99,99,4,4,1,0,0,0,0,0,0.0,999999.0,999999.0,999999,99999.0,99999.0,99999.0,86.0,1,0,True,False,False,False,True,False,False,True,True,False,False,False,False,False,False,False,False,False,False,False,False,False,False,False,False,False,False,True,False,False,False,True,False,False,1
99,0,999999.0,512.0,7000.0,2,0,0,1,0,0,0,0,0,0,0,0,1,0,0,2,99,99,0,24,0,0,6,0,22,61,5600.0,5600.0,0.0,0,0.0,0.0,0.0,87.0,1,0,True,False,False,False,True,False,False,True,False,False,False,False,False,False,False,False,False,True,False,False,False,False,False,False,False,False,False,True,False,False,False,True,False,False,1
99,0,999999.0,412.0,16600.0,1,0,1,0,1,0,1,0,0,0,0,0,6,0,0,1,99,99,2,14,0,1,2,1,0,0,0.0,999999.0,999999.0,999999,99999.0,99999.0,99999.0,97.0,0,0,True,False,False,False,True,False,False,True,True,False,False,False,False,False,False,False,False,False,False,False,False,False,False,False,False,False,False,True,False,False,False,True,False,False,1
99,1,12500.0,0.0,52180.0,1,1,1,1,0,0,0,0,0,0,1,1,3,1,0,1,26,26,0,47,0,0,8,0,37,78,30600.0,28800.0,-700.0,0,0.0,0.0,0.0,501.0,1,0,True,False,False,False,True,False,False,True,False,False,False,False,False,False,False,False,False,False,False,False,True,False,False,False,False,False,False,True,False,False,True,False,False,False,1
99,0,999999.0,462.0,17640.0,1,1,2,1,3,0,5,0,0,0,0,0,5,0,0,1,99,99,1,17,1,1,5,1,0,0,0.0,0.0,0.0,0,0.0,0.0,0.0,116.0,1,0,True,False,False,False,True,False,False,True,False,False,True,False,False,False,False,False,False,False,False,False,False,False,False,False,False,False,False,True,False,False,False,True,False,False,1
99,0,999999.0,537.0,16000.0,1,1,1,1,0,0,0,0,0,0,2,2,3,1,0,1,11,11,0,32,0,0,6,0,22,18,10000.0,10000.0,0.0,0,0.0,0.0,0.0,160.0,0,5,True,False,False,False,True,False,False,True,False,False,False,True,False,False,False,False,False,False,False,False,False,False,False,False,False,True,False,False,False,False,True,False,False,False,1
99,1,137500.0,0.0,42910.0,1,1,1,1,1,0,1,2,0,1,0,0,3,0,0,1,99,99,0,13,1,1,2,2,0,0,0.0,999999.0,999999.0,999999,99999.0,99999.0,99999.0,430.0,0,0,True,False,False,False,True,False,False,True,True,False,False,False,False,False,False,False,False,False,False,False,False,False,False,False,False,False,False,True,False,False,False,True,False,False,1
99,0,999999.0,262.0,22012.0,1,0,0,0,0,0,0,0,0,0,0,0,1,0,0,1,99,99,0,61,1,0,6,0,41,68,22012.0,11006.0,0.0,0,0.0,0.0,3470.0,341.0,0,2,True,False,False,False,True,False,False,True,False,False,False,True,False,False,False,False,False,False,False,False,False,False,False,False,False,False,False,True,True,False,False,False,False,False,0
99,1,162500.0,0.0,16529.0,1,1,0,0,0,0,0,0,0,0,1,1,2,0,0,1,99,99,0,70,0,0,2,0,0,0,3370.0,0.0,0.0,0,3370.0,0.0,0.0,221.0,0,0,True,False,False,False,True,False,False,True,False,False,False,False,False,False,False,False,False,False,False,False,True,False,False,False,False,False,False,True,False,False,True,False,False,False,1
99,1,350000.0,0.0,86000.0,1,1,1,1,2,0,1,1,0,1,0,0,4,0,0,1,99,99,1,22,1,0,8,0,35,62,20000.0,20000.0,0.0,0,0.0,0.0,0.0,501.0,1,0,True,False,False,False,True,False,False,True,True,False,False,False,False,False,False,False,False,False,False,False,False,False,False,False,False,False,False,True,False,False,False,True,False,False,1
99,1,162500.0,0.0,66000.0,1,1,1,1,2,0,1,1,0,1,0,0,3,0,0,1,99,99,0,0,1,0,7,0,0,0,0.0,999999.0,999999.0,999999,99999.0,99999.0,99999.0,501.0,1,0,True,False,False,False,True,False,False,True,True,False,False,False,False,False,False,False,False,False,False,False,False,False,False,False,False,False,False,True,False,False,False,True,False,False,1
99,0,999999.0,487.0,16000.0,1,0,0,1,0,0,0,0,0,0,0,0,4,3,0,1,17,14,0,34,1,0,7,0,24,47,16000.0,16000.0,0.0,0,0.0,0.0,0.0,127.0,0,5,True,False,False,False,True,False,False,True,False,False,False,True,False,False,False,False,False,False,False,False,False,False,False,False,False,True,False,False,False,True,False,False,False,False,1
99,1,137500.0,0.0,46530.0,1,1,1,1,0,0,0,0,0,0,1,1,3,1,0,1,23,23,0,59,0,0,5,0,0,0,0.0,0.0,0.0,0,0.0,0.0,0.0,480.0,0,0,True,False,False,False,True,False,False,True,False,False,False,False,False,False,False,False,False,False,False,False,True,False,False,False,False,False,False,True,False,False,True,False,False,False,1
99,0,999999.0,512.0,27000.0,1,0,0,0,0,0,0,0,0,0,0,0,1,0,0,1,99,99,0,26,1,0,6,0,33,44,27000.0,27000.0,0.0,0,0.0,0.0,0.0,419.0,1,1,True,False,False,False,True,False,False,True,False,False,False,True,False,False,False,False,False,False,False,False,False,False,True,False,False,False,False,False,False,False,False,True,False,False,1
99,0,999999.0,725.0,9610.0,2,0,0,0,0,0,0,0,0,0,0,0,1,0,0,2,99,99,0,26,1,1,8,2,41,84,13064.0,13014.0,0.0,0,0.0,0.0,0.0,203.0,1,0,True,False,False,False,True,False,False,True,False,False,False,False,False,False,False,False,False,True,False,False,False,False,False,True,False,False,False,False,False,False,False,True,False,False,1
99,0,999999.0,1000.0,12000.0,3,0,0,0,0,0,0,0,0,0,0,0,1,0,0,3,99,99,0,19,0,0,6,0,22,61,19000.0,19000.0,0.0,0,0.0,0.0,0.0,295.0,1,0,True,False,False,False,True,False,False,True,False,False,False,False,False,False,False,False,False,True,False,False,False,False,False,False,False,False,False,True,False,False,False,True,False,False,1
99,1,350000.0,0.0,71885.0,1,1,1,1,0,0,0,0,0,0,2,1,5,3,0,1,12,10,0,36,1,0,8,0,41,68,71885.0,69500.0,0.0,0,0.0,0.0,0.0,486.0,0,5,True,False,False,False,True,False,False,True,False,False,False,True,False,False,False,False,False,False,False,False,False,False,False,False,False,False,False,True,False,False,True,False,False,False,1
99,1,350000.0,0.0,100000.0,1,1,1,1,0,0,0,0,0,0,2,1,4,2,0,1,9,6,0,44,1,0,8,0,61,93,100000.0,100000.0,0.0,0,0.0,0.0,0.0,501.0,1,5,True,False,False,False,True,False,False,True,False,False,False,True,False,False,False,False,False,False,False,False,False,False,False,False,False,False,False,True,False,False,True,False,False,False,1
99,1,225000.0,0.0,12624.0,1,1,1,1,0,0,0,0,0,0,1,1,3,1,0,1,55,55,0,78,0,0,6,0,0,0,5784.0,0.0,0.0,0,5784.0,0.0,0.0,130.0,0,0,True,False,False,False,True,False,False,True,False,False,False,False,False,False,False,False,False,False,False,False,True,False,False,False,False,False,False,True,False,False,True,False,False,False,1
99,0,999999.0,112.0,23250.0,2,2,1,1,3,0,3,4,0,3,0,0,6,0,0,1,99,99,1,7,1,1,1,1,0,0,0.0,999999.0,999999.0,999999,99999.0,99999.0,99999.0,133.0,0,0,True,False,False,False,True,False,False,True,False,False,False,False,False,False,True,False,False,False,False,False,False,False,False,False,False,False,False,True,False,False,False,True,False,False,1
99,0,999999.0,575.0,58300.0,1,1,1,1,2,0,1,1,0,1,0,0,6,0,0,1,99,99,3,0,1,0,7,0,0,0,0.0,999999.0,999999.0,999999,99999.0,99999.0,99999.0,352.0,1,0,True,False,False,False,True,False,False,True,True,False,False,False,False,False,False,False,False,False,False,False,False,False,False,False,False,True,False,False,False,False,False,True,False,False,1
99,1,225000.0,0.0,78339.0,1,1,0,0,0,0,0,0,0,0,2,1,2,0,0,1,99,99,0,85,1,0,8,0,0,0,52215.0,0.0,0.0,0,8675.0,0.0,0.0,501.0,0,6,True,False,False,False,True,False,False,True,False,False,False,True,False,False,False,False,False,False,False,False,False,False,False,False,False,False,False,True,False,False,True,False,False,False,1
99,1,225000.0,0.0,50800.0,1,1,1,1,2,0,1,1,0,1,0,0,4,0,0,1,99,99,1,20,0,0,7,0,0,0,0.0,0.0,0.0,0,0.0,0.0,0.0,397.0,0,0,True,False,False,False,True,False,False,True,True,False,False,False,False,False,False,False,False,False,False,False,False,False,False,False,False,False,False,True,False,False,False,True,False,False,1
99,1,95000.0,0.0,38687.0,1,1,0,0,0,0,0,0,0,0,2,1,2,0,0,1,99,99,0,71,1,0,7,0,25,18,34376.0,27909.0,0.0,0,6467.0,0.0,0.0,501.0,1,2,True,False,False,False,True,False,False,True,False,False,False,True,False,False,False,False,False,False,False,False,False,False,False,False,False,False,False,True,False,False,True,False,False,False,1
99,0,999999.0,237.0,32476.0,2,0,0,1,0,0,0,0,0,0,0,0,2,1,0,1,45,45,0,63,1,0,6,0,20,9,23800.0,23000.0,0.0,0,0.0,0.0,800.0,391.0,1,2,True,False,False,False,True,False,False,True,False,False,False,True,False,False,False,False,False,False,False,False,False,False,True,False,False,False,False,False,False,False,False,False,True,False,0
99,0,999999.0,875.0,31378.0,1,0,1,0,1,7,1,0,0,0,0,0,9,0,0,1,99,99,6,21,0,0,2,0,22,18,15689.0,500.0,0.0,0,0.0,15189.0,0.0,125.0,1,0,True,False,False,False,True,False,False,True,True,False,False,False,False,False,False,False,False,False,False,False,False,False,False,False,False,False,False,True,False,False,False,True,False,False,0
99,1,95000.0,0.0,9584.0,1,0,0,0,0,0,0,0,0,0,0,0,2,0,0,1,99,99,0,73,0,0,6,0,0,0,7000.0,0.0,0.0,0,7000.0,0.0,0.0,128.0,0,8,True,False,False,False,True,False,False,True,False,False,False,True,False,False,False,False,False,False,False,False,False,False,True,False,False,False,False,False,False,False,False,False,False,True,1
99,1,162500.0,0.0,79603.0,1,1,0,0,0,0,0,0,0,0,2,1,2,0,0,1,99,99,0,68,1,0,7,0,42,86,79603.0,21000.0,0.0,0,0.0,0.0,0.0,501.0,0,8,True,False,False,False,True,False,False,True,False,False,False,True,False,False,False,False,False,False,False,False,False,False,False,False,False,False,False,True,False,False,True,False,False,False,1
99,0,999999.0,575.0,23137.0,1,1,2,1,0,0,0,0,0,0,0,0,6,2,0,1,22,9,0,41,0,0,0,0,0,0,0.0,0.0,0.0,0,0.0,0.0,0.0,133.0,1,0,True,False,False,False,True,False,False,True,False,False,False,False,False,False,False,False,True,False,False,False,False,False,False,False,False,False,False,True,False,True,False,False,False,False,1
99,0,999999.0,337.0,56000.0,1,1,1,1,0,0,0,0,0,0,2,1,3,1,0,1,29,29,0,57,1,1,6,1,18,19,49000.0,49000.0,0.0,0,0.0,0.0,0.0,501.0,0,5,True,False,False,False,True,False,False,True,False,False,False,True,False,False,False,False,False,False,False,False,False,False,False,False,False,False,False,True,False,False,True,False,False,False,0
99,0,999999.0,462.0,15846.0,1,1,1,1,0,0,0,0,0,0,2,1,5,3,3,1,2,0,0,25,1,0,1,0,11,11,15846.0,15846.0,0.0,0,0.0,0.0,0.0,107.0,1,1,True,False,False,False,True,False,False,True,False,False,False,True,False,False,False,False,False,False,False,False,False,False,False,False,False,False,False,True,False,False,True,False,False,False,0
99,1,350000.0,0.0,106079.0,1,1,0,0,0,0,0,0,0,0,1,1,2,0,0,1,99,99,0,66,0,0,6,0,0,0,4848.0,0.0,0.0,0,0.0,4848.0,0.0,501.0,0,0,True,False,False,False,True,False,False,True,False,False,False,False,False,False,False,False,False,False,False,False,True,False,False,False,False,False,False,True,False,False,True,False,False,False,1
99,1,112500.0,0.0,25800.0,1,1,0,0,0,0,0,0,0,0,1,1,2,0,0,1,99,99,0,21,0,0,7,0,35,66,10400.0,10000.0,0.0,0,0.0,0.0,0.0,311.0,1,0,True,False,False,False,True,False,False,True,False,False,False,False,False,False,False,False,False,False,False,False,True,False,False,False,False,False,False,True,False,False,True,False,False,False,1
99,0,999999.0,362.0,93280.0,1,1,1,1,2,0,1,1,0,1,0,0,4,0,0,1,99,99,1,17,0,1,6,1,24,44,85000.0,85000.0,0.0,0,0.0,0.0,0.0,501.0,0,0,True,False,False,False,True,False,False,True,True,False,False,False,False,False,False,False,False,False,False,False,False,False,False,False,False,False,False,True,False,False,False,True,False,False,1
99,0,999999.0,725.0,41420.0,1,1,2,1,3,0,1,0,0,0,0,0,10,0,0,1,99,99,2,30,1,0,1,0,11,11,14820.0,14820.0,0.0,0,0.0,0.0,0.0,161.0,1,0,True,False,False,False,True,False,False,True,False,False,False,False,False,False,False,False,False,False,True,False,False,False,False,False,False,False,False,True,False,True,False,False,False,False,1
99,1,112500.0,0.0,49185.0,1,1,1,1,2,0,1,1,0,1,0,0,4,0,0,1,99,99,1,26,0,1,7,1,24,44,6200.0,6000.0,0.0,0,0.0,0.0,0.0,385.0,0,0,True,False,False,False,True,False,False,True,True,False,False,False,False,False,False,False,False,False,False,False,False,False,False,False,False,False,False,True,False,False,False,True,False,False,1
99,1,112500.0,0.0,44780.0,1,1,1,1,0,0,0,0,0,0,2,1,3,1,0,1,14,14,0,45,1,0,7,0,32,34,25000.0,25000.0,0.0,0,0.0,0.0,0.0,449.0,0,2,True,False,False,False,True,False,False,True,False,False,False,True,False,False,False,False,False,False,False,False,False,False,True,False,False,False,False,False,False,False,True,False,False,False,1
99,0,999999.0,575.0,195516.0,1,1,1,1,2,0,1,1,0,1,0,0,10,0,0,1,99,99,7,6,0,1,0,1,0,0,0.0,999999.0,999999.0,999999,99999.0,99999.0,99999.0,501.0,1,0,True,False,False,False,True,False,False,True,True,False,False,False,False,False,False,False,False,False,False,False,False,False,True,False,False,False,False,False,False,False,False,True,False,False,1
99,1,400000.0,0.0,132200.0,1,1,2,1,0,0,0,0,0,0,0,0,5,1,0,1,47,47,0,82,0,0,7,0,0,0,7700.0,0.0,0.0,0,6500.0,0.0,0.0,501.0,1,0,True,False,False,False,True,False,False,True,False,False,False,False,False,False,False,False,True,False,False,False,False,False,False,False,False,False,False,True,False,False,False,False,False,True,1
99,1,400000.0,0.0,4500.0,1,1,2,1,2,0,1,1,0,1,0,0,5,0,0,1,99,99,1,3,1,0,0,0,0,0,0.0,999999.0,999999.0,999999,99999.0,99999.0,99999.0,30.0,1,0,True,False,False,False,True,False,False,True,True,False,False,False,False,False,False,False,False,False,False,False,False,False,False,False,False,False,False,True,False,False,False,True,False,False,1
99,0,999999.0,675.0,45250.0,3,0,2,1,0,0,0,3,0,2,0,0,12,0,0,1,99,99,0,2,0,0,7,0,0,0,0.0,999999.0,999999.0,999999,99999.0,99999.0,99999.0,189.0,1,0,True,False,False,False,True,False,False,True,False,False,True,False,False,False,False,False,False,False,False,False,False,False,False,False,False,False,False,True,False,False,False,True,False,False,1
99,1,112500.0,0.0,50500.0,1,1,1,1,2,0,1,1,3,1,0,0,4,0,0,1,99,99,1,16,0,1,3,1,18,44,1500.0,1500.0,0.0,0,0.0,0.0,0.0,402.0,1,0,True,False,False,False,True,False,False,True,True,False,False,False,False,False,False,False,False,False,False,False,False,False,False,False,False,False,False,True,False,False,False,True,False,False,0
99,1,350000.0,0.0,18480.0,1,1,0,0,0,0,0,0,0,0,2,1,2,0,0,1,99,99,0,73,1,0,8,0,0,0,16980.0,0.0,0.0,0,1800.0,0.0,0.0,247.0,0,7,True,False,False,False,True,False,False,True,False,False,False,True,False,False,False,False,False,False,False,False,False,False,False,False,False,False,False,True,False,False,True,False,False,False,1
99,1,95000.0,0.0,79000.0,1,1,1,1,2,0,1,1,0,1,0,0,6,0,0,1,99,99,3,3,0,1,0,1,0,0,0.0,999999.0,999999.0,999999,99999.0,99999.0,99999.0,477.0,1,0,True,False,False,False,True,False,False,True,True,False,False,False,False,False,False,False,False,False,False,False,False,False,True,False,False,False,False,False,False,False,False,True,False,False,1
99,0,999999.0,725.0,0.0,2,0,0,0,0,0,0,0,0,0,0,0,1,0,0,2,99,99,0,67,0,0,2,0,0,0,4320.0,0.0,0.0,0,4320.0,0.0,0.0,73.0,0,0,True,False,False,False,True,False,False,True,False,False,False,False,False,False,False,False,False,True,False,False,False,False,True,False,False,False,False,False,True,False,False,False,False,False,1
99,0,999999.0,725.0,21000.0,2,0,1,0,0,0,0,0,0,0,0,0,2,1,0,2,5,5,0,22,0,0,5,0,25,44,3120.0,3120.0,0.0,0,0.0,0.0,0.0,37.0,1,0,True,False,False,False,True,False,False,True,False,False,False,False,False,True,False,False,False,False,False,False,False,False,False,False,False,False,False,True,False,False,False,True,False,False,1
99,0,999999.0,487.0,21370.0,1,1,1,1,0,0,0,0,0,0,0,0,7,0,0,1,99,99,0,1,1,0,7,0,0,0,0.0,999999.0,999999.0,999999,99999.0,99999.0,99999.0,115.0,1,0,True,False,False,False,True,False,False,True,False,False,True,False,False,False,False,False,False,False,False,False,False,False,False,False,False,False,False,True,False,False,False,True,False,False,1
99,1,187500.0,0.0,53235.0,1,0,1,1,0,0,0,2,0,2,0,0,5,0,0,1,99,99,1,2,0,0,7,0,0,0,0.0,999999.0,999999.0,999999,99999.0,99999.0,99999.0,351.0,1,0,True,False,False,False,True,False,False,True,False,False,True,False,False,False,False,False,False,False,False,False,False,False,False,False,False,False,False,True,False,False,False,True,False,False,1
99,1,187500.0,0.0,2177.0,1,0,0,0,0,0,0,0,0,0,0,0,1,0,0,1,99,99,0,71,0,0,5,0,0,0,2177.0,0.0,0.0,0,1596.0,0.0,0.0,37.0,0,8,True,False,False,False,True,False,False,True,False,False,False,True,False,False,False,False,False,False,False,False,False,False,False,False,False,False,False,True,False,False,False,False,False,True,1
99,0,999999.0,875.0,130603.0,1,1,1,1,2,0,1,1,0,1,0,0,5,0,0,1,99,99,2,9,0,1,1,1,0,0,0.0,999999.0,999999.0,999999,99999.0,99999.0,99999.0,501.0,1,0,True,False,False,False,True,False,False,True,True,False,False,False,False,False,False,False,False,False,False,False,False,False,False,False,False,False,True,False,False,False,False,True,False,False,1
99,0,999999.0,537.0,7668.0,1,0,0,0,0,0,0,0,0,0,0,0,1,0,0,1,99,99,0,72,0,0,6,0,0,0,7668.0,0.0,0.0,0,7668.0,0.0,0.0,129.0,1,2,True,False,False,False,True,False,False,True,False,False,False,True,False,False,False,False,False,False,False,False,False,False,False,False,False,False,False,True,False,False,False,False,False,True,1
99,1,137500.0,0.0,88800.0,1,1,0,0,0,0,0,0,0,0,1,1,2,0,0,1,99,99,0,30,0,1,8,2,26,72,42900.0,42000.0,0.0,0,0.0,0.0,0.0,501.0,1,0,True,False,False,False,True,False,False,True,False,False,False,False,False,False,False,False,False,False,False,False,True,False,False,False,False,False,False,True,False,False,True,False,False,False,1
99,0,999999.0,537.0,31720.0,1,0,1,0,0,0,0,0,0,0,0,0,4,0,0,1,99,99,0,34,1,0,0,0,15,15,25000.0,25000.0,0.0,0,0.0,0.0,0.0,252.0,1,1,True,False,False,False,True,False,False,True,False,False,False,True,False,False,False,False,False,False,False,False,False,False,False,False,False,False,False,True,False,False,False,False,True,False,1
99,0,999999.0,512.0,26200.0,3,1,0,0,0,0,0,0,0,0,0,0,1,0,0,2,99,99,0,24,1,0,8,0,41,84,19040.0,19000.0,0.0,0,0.0,0.0,0.0,295.0,1,0,True,False,False,False,True,False,False,True,False,False,False,False,False,False,False,False,False,True,False,False,False,False,False,False,False,False,False,True,False,False,False,True,False,False,1
99,0,999999.0,675.0,26700.0,2,1,2,1,1,0,1,2,0,1,0,0,17,0,0,1,99,99,9,14,0,0,2,0,0,0,0.0,999999.0,999999.0,999999,99999.0,99999.0,99999.0,111.0,1,0,True,False,False,False,True,False,False,True,True,False,False,False,False,False,False,False,False,False,False,False,False,False,False,False,False,False,False,True,False,False,False,True,False,False,1
99,0,999999.0,1000.0,136676.0,1,1,1,1,0,0,0,0,0,0,2,1,5,3,0,1,19,6,0,48,1,0,8,0,41,68,133454.0,132992.0,0.0,0,0.0,0.0,0.0,501.0,1,2,True,False,False,False,True,False,False,True,False,False,False,True,False,False,False,False,False,False,False,False,False,False,False,True,False,False,False,False,False,False,True,False,False,False,1
99,1,225000.0,0.0,37844.0,1,1,1,1,2,0,1,1,0,1,0,0,7,0,0,1,99,99,4,2,1,0,7,0,0,0,0.0,999999.0,999999.0,999999,99999.0,99999.0,99999.0,204.0,1,0,True,False,False,False,True,False,False,True,True,False,False,False,False,False,False,False,False,False,False,False,False,False,False,False,False,False,False,True,False,False,False,True,False,False,1
99,0,999999.0,575.0,32150.0,1,0,0,0,0,0,0,0,0,0,0,0,1,0,0,1,99,99,0,40,1,0,8,0,24,47,32150.0,32000.0,0.0,0,0.0,0.0,0.0,498.0,1,2,True,False,False,False,True,False,False,True,False,False,False,True,False,False,False,False,False,False,False,False,False,False,False,False,False,False,False,True,False,False,False,True,False,False,1
99,1,187500.0,0.0,31000.0,1,1,1,1,0,0,0,0,0,0,2,1,4,2,2,1,3,2,0,29,1,0,6,0,24,47,10000.0,10000.0,0.0,0,0.0,0.0,0.0,247.0,1,2,True,False,False,False,True,False,False,True,False,False,False,True,False,False,False,False,False,False,False,False,False,False,False,False,False,False,False,True,False,False,True,False,False,False,1
99,0,999999.0,725.0,28400.0,1,2,2,2,0,0,0,0,0,0,1,1,8,3,0,1,33,23,0,57,0,0,3,0,20,9,0.0,0.0,0.0,0,0.0,0.0,0.0,126.0,0,0,True,False,False,False,True,False,False,True,False,False,False,False,False,False,False,False,False,False,False,False,True,False,False,False,False,True,False,False,False,False,True,False,False,False,1
99,1,350000.0,0.0,85859.0,1,2,2,2,0,0,0,7,0,2,0,0,11,0,0,1,99,99,2,4,0,0,0,0,0,0,0.0,999999.0,999999.0,999999,99999.0,99999.0,99999.0,319.0,1,0,True,False,False,False,True,False,False,True,False,False,True,False,False,False,False,False,False,False,False,False,False,False,False,False,False,True,False,False,False,False,False,True,False,False,1
99,1,112500.0,0.0,26829.0,1,1,1,1,2,0,1,1,0,1,0,0,5,0,0,1,99,99,2,13,0,1,2,1,0,0,0.0,999999.0,999999.0,999999,99999.0,99999.0,99999.0,181.0,1,0,True,False,False,False,True,False,False,True,True,False,False,False,False,False,False,False,False,False,False,False,False,False,False,False,False,False,False,True,False,False,False,True,False,False,1
99,0,999999.0,362.0,22131.0,1,0,0,0,0,0,0,0,0,0,0,0,1,0,0,1,99,99,0,26,0,0,7,0,22,61,22131.0,22131.0,0.0,0,0.0,0.0,0.0,343.0,1,2,True,False,False,False,True,False,False,True,False,False,False,True,False,False,False,False,False,False,False,False,False,False,False,False,False,False,False,True,False,False,False,True,False,False,1
99,1,137500.0,0.0,33000.0,2,1,1,1,0,0,0,0,0,0,2,1,4,2,1,1,5,4,0,34,1,0,6,0,35,62,18000.0,18000.0,0.0,0,0.0,0.0,0.0,262.0,0,6,True,False,False,False,True,False,False,True,False,False,False,True,False,False,False,False,False,False,False,False,False,False,True,False,False,False,False,False,False,False,True,False,False,False,1
99,0,999999.0,362.0,7000.0,1,0,2,0,1,0,1,0,0,0,0,0,4,2,2,1,0,0,0,17,0,0,4,0,0,0,0.0,0.0,0.0,0,0.0,0.0,0.0,55.0,1,0,True,False,False,False,True,False,False,True,True,False,False,False,False,False,False,False,False,False,False,False,False,False,False,False,False,False,False,True,False,False,False,True,False,False,1
99,1,400000.0,0.0,191103.0,1,1,0,0,0,0,0,0,0,0,1,1,2,0,0,1,99,99,0,54,0,0,7,0,0,0,17500.0,0.0,0.0,0,0.0,0.0,0.0,501.0,1,0,True,False,False,False,True,False,False,True,False,False,False,False,False,False,False,False,False,False,False,False,True,False,False,False,False,False,False,True,False,False,True,False,False,False,1
99,0,999999.0,512.0,15620.0,1,0,0,1,0,0,0,0,0,0,0,0,8,5,2,1,10,2,1,38,1,0,2,0,17,11,9000.0,0.0,9000.0,0,0.0,0.0,0.0,74.0,1,2,True,False,False,False,True,False,False,True,False,False,False,True,False,False,False,False,False,False,False,False,False,False,False,False,False,False,False,True,False,False,False,False,False,True,1
99,1,225000.0,0.0,40000.0,1,1,1,1,2,0,1,1,0,1,0,0,7,0,0,1,99,99,4,15,0,1,2,1,0,0,0.0,999999.0,999999.0,999999,0.0,0.0,0.0,202.0,0,0,True,False,False,False,True,False,False,True,True,False,False,False,False,False,False,False,False,False,False,False,False,False,False,False,False,False,False,True,False,False,False,True,False,False,1
99,0,999999.0,537.0,13100.0,1,1,1,1,0,0,0,0,0,0,2,1,3,1,0,1,33,33,0,64,1,0,6,0,18,44,1100.0,1100.0,0.0,0,0.0,0.0,0.0,135.0,0,5,True,False,False,False,True,False,False,True,False,False,False,True,False,False,False,False,False,False,False,False,False,False,True,False,False,False,False,False,False,False,True,False,False,False,1
99,1,400000.0,0.0,180000.0,1,1,1,1,2,0,1,1,0,1,0,0,3,0,0,1,99,99,0,18,0,1,7,1,31,65,2000.0,2000.0,0.0,0,0.0,0.0,0.0,501.0,1,0,True,False,False,False,True,False,False,True,True,False,False,False,False,False,False,False,False,False,False,False,False,False,False,False,False,False,False,True,False,False,False,True,False,False,1
99,1,112500.0,0.0,60711.0,1,1,1,1,2,0,1,1,0,1,0,0,3,0,0,1,99,99,0,51,1,0,7,0,16,15,12808.0,10758.0,0.0,0,0.0,0.0,0.0,501.0,0,0,True,False,False,False,True,False,False,True,True,False,False,False,False,False,False,False,False,False,False,False,False,False,False,False,False,False,False,True,True,False,False,False,False,False,1
99,0,999999.0,412.0,16365.0,1,0,1,0,0,0,0,0,0,0,0,0,3,2,2,1,3,2,0,25,0,0,2,0,0,0,16365.0,0.0,0.0,0,0.0,15189.0,1176.0,164.0,1,5,True,False,False,False,True,False,False,True,False,False,False,True,False,False,False,False,False,False,False,False,False,False,False,False,False,False,False,True,False,False,False,True,False,False,1
99,0,999999.0,625.0,6720.0,1,0,1,0,1,0,1,0,0,0,0,0,3,0,0,1,99,99,1,20,1,0,6,0,0,0,0.0,0.0,0.0,0,0.0,0.0,0.0,67.0,0,0,True,False,False,False,True,False,False,True,True,False,False,False,False,False,False,False,False,False,False,False,False,False,True,False,False,False,False,False,False,False,False,True,False,False,1
99,1,275000.0,0.0,35760.0,1,0,1,1,0,0,0,0,0,0,0,0,4,2,0,1,23,21,0,48,0,0,7,0,31,73,60.0,0.0,60.0,0,0.0,0.0,0.0,275.0,1,6,True,False,False,False,True,False,False,True,False,False,False,True,False,False,False,False,False,False,False,False,False,False,False,False,False,False,False,True,True,False,False,False,False,False,1
99,1,225000.0,0.0,74828.0,1,1,1,1,2,7,1,1,0,1,0,0,4,0,0,1,99,99,1,12,1,1,2,1,0,0,0.0,999999.0,999999.0,999999,99999.0,99999.0,99999.0,501.0,0,0,True,False,False,False,True,False,False,True,True,False,False,False,False,False,False,False,False,False,False,False,False,False,True,False,False,False,False,False,False,False,False,True,False,False,1
99,0,999999.0,575.0,12000.0,1,1,1,1,2,0,1,1,0,1,0,0,5,0,0,1,99,99,2,7,1,1,1,1,0,0,0.0,999999.0,999999.0,999999,99999.0,99999.0,99999.0,79.0,1,0,True,False,False,False,True,False,False,True,True,False,False,False,False,False,False,False,False,False,False,False,False,False,False,False,False,False,False,True,False,False,False,True,False,False,1
99,0,999999.0,875.0,6000.0,1,0,0,0,0,0,0,0,0,0,0,0,1,0,0,1,99,99,0,34,0,1,7,2,24,47,6000.0,6000.0,0.0,0,0.0,0.0,0.0,93.0,1,2,True,False,False,False,True,False,False,True,False,False,False,True,False,False,False,False,False,False,False,False,False,False,False,False,False,False,False,True,False,False,False,True,False,False,1
99,1,225000.0,0.0,33570.0,1,1,1,1,2,0,1,1,0,1,0,0,7,0,0,1,99,99,3,12,0,1,2,1,0,0,0.0,999999.0,999999.0,999999,99999.0,99999.0,99999.0,175.0,1,0,True,False,False,False,True,False,False,True,True,False,False,False,False,False,False,False,False,False,False,False,False,False,False,False,False,True,False,False,False,False,False,True,False,False,1
99,1,162500.0,0.0,41000.0,1,0,2,0,0,0,0,0,0,0,0,0,5,2,0,1,39,35,0,68,0,0,4,0,0,0,6000.0,0.0,0.0,0,0.0,6000.0,0.0,270.0,1,0,True,False,False,False,True,False,False,True,False,False,False,False,False,False,False,True,False,False,False,False,False,False,False,False,False,False,False,True,False,False,False,False,False,True,1
99,0,999999.0,625.0,12000.0,1,1,0,0,0,0,0,0,0,0,1,1,3,0,0,1,99,99,0,30,0,0,7,0,0,0,0.0,0.0,0.0,0,0.0,0.0,0.0,120.0,1,0,True,False,False,False,True,False,False,True,False,False,False,False,False,False,False,False,False,False,False,False,True,False,False,False,False,False,False,True,False,False,True,False,False,False,1
99,1,187500.0,0.0,64000.0,1,1,1,1,0,0,0,0,0,0,1,1,5,3,1,1,7,1,0,28,0,0,7,0,24,44,15000.0,15000.0,0.0,0,0.0,0.0,0.0,432.0,0,0,True,False,False,False,True,False,False,True,False,False,False,False,False,False,False,False,False,False,False,False,True,False,False,False,False,False,False,True,False,False,True,False,False,False,1
99,1,137500.0,0.0,34362.0,4,1,1,1,2,0,1,1,0,1,0,0,6,0,0,1,99,99,2,6,1,1,0,1,0,0,0.0,999999.0,999999.0,999999,99999.0,99999.0,99999.0,197.0,0,0,True,False,False,False,True,False,False,True,True,False,False,False,False,False,False,False,False,False,False,False,False,False,False,False,False,False,False,True,False,False,False,True,False,False,1
99,1,187500.0,0.0,28775.0,1,1,0,0,0,0,0,0,0,0,1,1,2,0,0,1,99,99,0,78,0,0,6,0,0,0,14030.0,0.0,0.0,0,6323.0,0.0,0.0,384.0,0,0,True,False,False,False,True,False,False,True,False,False,False,False,False,False,False,False,False,False,False,False,True,False,False,False,False,False,False,True,False,False,True,False,False,False,1
99,1,400000.0,0.0,59443.0,1,0,0,0,0,0,0,0,0,0,0,0,1,0,0,1,99,99,0,74,0,0,6,0,0,0,59443.0,0.0,0.0,0,840.0,0.0,0.0,501.0,0,8,True,False,False,False,True,False,False,True,False,False,False,True,False,False,False,False,False,False,False,False,False,False,False,False,False,False,False,True,False,False,False,False,False,True,1
99,0,999999.0,462.0,0.0,1,1,1,1,0,0,0,0,0,0,2,1,6,4,1,1,10,0,0,29,1,0,2,0,27,22,0.0,0.0,0.0,0,0.0,0.0,0.0,1.0,1,1,True,False,False,False,True,False,False,True,False,False,False,True,False,False,False,False,False,False,False,False,False,False,False,False,False,False,False,True,False,False,True,False,False,False,1
99,0,999999.0,362.0,2700.0,1,0,1,0,1,0,1,0,0,0,0,0,3,0,0,1,99,99,1,4,0,0,0,0,0,0,0.0,999999.0,999999.0,999999,99999.0,99999.0,99999.0,27.0,1,0,True,False,False,False,True,False,False,True,True,False,False,False,False,False,False,False,False,False,False,False,False,False,True,False,False,False,False,False,False,False,False,True,False,False,1
99,0,999999.0,112.0,58359.0,1,1,1,1,2,0,1,1,0,1,0,0,8,0,0,1,99,99,5,0,1,0,7,0,0,0,0.0,999999.0,999999.0,999999,99999.0,99999.0,99999.0,277.0,1,0,True,False,False,False,True,False,False,True,True,False,False,False,False,False,False,False,False,False,False,False,False,False,False,False,False,False,False,True,False,False,False,True,False,False,1
99,1,350000.0,0.0,43000.0,1,0,0,0,0,0,0,0,0,0,0,0,1,0,0,1,99,99,0,48,0,0,7,0,22,61,43000.0,40000.0,0.0,0,0.0,0.0,0.0,501.0,0,6,True,False,False,False,True,False,False,True,False,False,False,True,False,False,False,False,False,False,False,False,False,False,False,False,False,False,False,True,True,False,False,False,False,False,1
99,1,225000.0,0.0,1063.0,1,0,0,0,0,0,0,0,0,0,0,0,1,0,0,1,99,99,0,74,0,0,7,0,0,0,1063.0,0.0,0.0,0,663.0,0.0,0.0,18.0,0,8,True,False,False,False,True,False,False,True,False,False,False,True,False,False,False,False,False,False,False,False,False,False,False,False,False,False,False,True,False,False,False,False,False,True,1
99,0,999999.0,1000.0,37500.0,1,1,1,1,0,0,0,0,0,0,1,1,5,3,0,1,12,6,0,32,0,0,6,0,26,22,2500.0,2500.0,0.0,0,0.0,0.0,0.0,253.0,1,0,True,False,False,False,True,False,False,True,False,False,False,False,False,False,False,False,False,False,False,False,True,True,False,False,False,False,False,False,False,False,True,False,False,False,1
99,0,999999.0,362.0,5200.0,2,0,1,0,1,0,1,0,0,0,0,0,3,0,0,1,99,99,1,7,0,1,1,1,0,0,0.0,999999.0,999999.0,999999,99999.0,99999.0,99999.0,52.0,1,0,True,False,False,False,True,False,False,True,True,False,False,False,False,False,False,False,False,False,False,False,False,False,False,False,False,False,False,True,False,False,False,True,False,False,1
99,0,999999.0,575.0,22845.0,1,0,0,0,0,0,0,0,0,0,0,0,1,0,0,1,99,99,0,52,0,0,7,0,22,61,22845.0,22845.0,0.0,0,0.0,0.0,0.0,354.0,1,2,True,False,False,False,True,False,False,True,False,False,False,True,False,False,False,False,False,False,False,False,False,False,False,False,False,False,False,True,False,False,False,True,False,False,1
99,1,162500.0,0.0,22000.0,1,1,1,1,2,7,1,1,0,1,0,0,8,0,0,1,99,99,4,17,1,1,4,1,0,0,0.0,0.0,0.0,0,0.0,0.0,0.0,104.0,0,0,True,False,False,False,True,False,False,True,True,False,False,False,False,False,False,False,False,False,False,False,False,False,False,False,False,False,False,True,False,False,False,True,False,False,1
99,0,999999.0,362.0,54831.0,1,0,0,0,0,0,0,0,0,0,0,0,1,0,0,1,99,99,0,60,1,1,8,1,48,87,54831.0,2100.0,0.0,0,0.0,0.0,0.0,501.0,0,6,True,False,False,False,True,False,False,True,False,False,False,True,False,False,False,False,False,False,False,False,False,False,False,False,False,False,False,True,False,False,False,True,False,False,1
99,0,999999.0,462.0,15000.0,1,1,1,1,0,0,0,0,0,0,1,1,5,3,3,1,4,1,0,35,0,1,3,1,6,7,3000.0,3000.0,0.0,0,0.0,0.0,0.0,101.0,1,0,True,False,False,False,True,False,False,True,False,False,False,False,False,False,False,False,False,False,False,False,True,False,False,False,False,False,False,True,False,False,True,False,False,False,0
99,0,999999.0,875.0,25000.0,1,1,1,1,0,0,0,0,0,0,2,1,4,2,2,1,4,0,0,36,1,0,7,0,32,49,22000.0,22000.0,0.0,0,0.0,0.0,0.0,199.0,1,1,True,False,False,False,True,False,False,True,False,False,False,True,False,False,False,False,False,False,False,False,False,False,False,False,False,False,False,True,False,False,True,False,False,False,1
99,0,999999.0,0.0,999999.0,1,0,0,0,0,0,0,0,0,0,0,0,1,0,0,1,99,99,0,41,0,0,0,0,0,0,1200.0,0.0,0.0,0,0.0,1200.0,0.0,0.0,0,0,False,True,False,True,False,False,False,True,False,False,False,False,True,False,False,False,False,False,False,False,False,False,False,False,False,False,False,True,False,False,False,True,False,False,1
99,1,137500.0,0.0,35000.0,1,1,1,1,2,0,1,1,0,1,0,0,4,0,0,1,99,99,1,16,1,1,4,1,0,0,0.0,0.0,0.0,0,0.0,0.0,0.0,278.0,0,0,True,False,False,False,True,False,False,True,True,False,False,False,False,False,False,False,False,False,False,False,False,False,False,False,False,False,False,True,False,False,False,True,False,False,1
99,0,999999.0,875.0,10000.0,2,0,0,1,0,0,0,1,0,1,0,0,3,0,0,1,99,99,1,3,0,0,0,0,0,0,0.0,999999.0,999999.0,999999,99999.0,99999.0,99999.0,100.0,1,0,True,False,False,False,True,False,False,True,True,False,False,False,False,False,False,False,False,False,False,False,False,False,True,False,False,False,False,False,False,False,False,True,False,False,1
99,1,225000.0,0.0,77000.0,1,1,1,1,2,0,1,1,0,1,0,0,3,0,0,1,99,99,0,4,0,1,0,2,0,0,0.0,999999.0,999999.0,999999,99999.0,99999.0,99999.0,501.0,1,0,True,False,False,False,True,False,False,True,True,False,False,False,False,False,False,False,False,False,False,False,False,False,False,False,False,False,False,True,False,False,False,True,False,False,1
99,0,999999.0,437.0,0.0,2,0,1,0,1,0,1,0,0,0,0,0,3,0,0,1,99,99,1,8,0,1,1,1,0,0,0.0,999999.0,999999.0,999999,99999.0,99999.0,99999.0,1.0,1,0,True,False,False,False,True,False,False,True,True,False,False,False,False,False,False,False,False,False,False,False,False,False,False,False,False,False,False,True,False,False,False,True,False,False,1
99,1,112500.0,0.0,18540.0,2,0,2,0,0,0,0,0,0,0,0,0,3,1,0,1,37,37,0,61,0,0,7,0,17,13,10500.0,10500.0,0.0,0,0.0,0.0,0.0,186.0,0,7,True,False,False,False,True,False,False,True,False,False,False,True,False,False,False,False,False,False,False,False,False,False,True,False,False,False,False,False,True,False,False,False,False,False,1
99,1,225000.0,0.0,60000.0,1,1,0,0,0,0,0,0,0,0,1,1,2,0,0,1,99,99,0,42,0,0,7,0,41,68,30000.0,0.0,30000.0,0,0.0,0.0,0.0,501.0,1,0,True,False,False,False,True,False,False,True,False,False,False,False,False,False,False,False,False,False,False,False,True,False,False,False,False,False,False,True,False,False,True,False,False,False,1
99,0,999999.0,1000.0,199000.0,1,1,1,1,1,0,1,2,0,1,0,0,4,0,0,1,99,99,1,4,1,1,0,2,0,0,0.0,999999.0,999999.0,999999,99999.0,99999.0,99999.0,501.0,1,0,True,False,False,False,True,False,False,True,True,False,False,False,False,False,False,False,False,False,False,False,False,False,False,False,False,False,False,True,False,False,False,True,False,False,1
99,1,27500.0,0.0,28000.0,1,1,1,1,2,0,1,1,0,1,0,0,4,0,0,1,99,99,1,3,1,0,0,0,0,0,0.0,999999.0,999999.0,999999,99999.0,99999.0,99999.0,223.0,1,0,True,False,False,False,True,False,False,True,True,False,False,False,False,False,False,False,False,False,False,False,False,False,False,False,False,False,False,True,False,False,False,True,False,False,1
99,0,999999.0,337.0,20000.0,1,1,2,1,2,0,1,1,0,1,0,0,5,1,1,1,2,2,1,15,0,1,3,1,0,0,0.0,999999.0,999999.0,999999,0.0,0.0,0.0,135.0,0,0,True,False,False,False,True,False,False,True,True,False,False,False,False,False,False,False,False,False,False,False,False,False,False,False,False,False,False,True,False,False,False,True,False,False,1
99,1,400000.0,0.0,442721.0,1,1,1,1,2,0,1,1,0,1,0,0,4,0,0,1,99,99,1,24,0,0,7,0,24,47,2000.0,2000.0,0.0,0,0.0,0.0,0.0,501.0,0,0,True,False,False,False,True,False,False,True,True,False,False,False,False,False,False,False,False,False,False,False,False,False,False,False,False,False,False,True,False,False,False,True,False,False,1
99,0,999999.0,875.0,11552.0,2,0,1,0,1,0,1,0,0,0,0,0,5,0,0,1,99,99,3,8,0,1,1,1,0,0,0.0,999999.0,999999.0,999999,99999.0,99999.0,99999.0,79.0,1,0,True,False,False,False,True,False,False,True,True,False,False,False,False,False,False,False,False,False,False,False,False,False,False,False,False,False,False,True,False,False,False,True,False,False,1
99,1,187500.0,0.0,63100.0,1,0,1,0,1,0,1,0,0,0,0,0,3,0,0,1,99,99,1,30,0,0,7,0,30,44,22300.0,22300.0,0.0,0,0.0,0.0,0.0,501.0,0,0,True,False,False,False,True,False,False,True,True,False,False,False,False,False,False,False,False,False,False,False,False,False,False,False,False,False,False,True,False,False,False,True,False,False,1
99,0,999999.0,412.0,15328.0,1,0,1,1,1,0,1,0,0,0,0,0,7,0,0,1,99,99,4,16,1,1,5,1,20,8,928.0,928.0,0.0,0,0.0,0.0,0.0,80.0,1,0,True,False,False,False,True,False,False,True,True,False,False,False,False,False,False,False,False,False,False,False,False,False,False,False,False,False,False,True,False,False,False,True,False,False,1
99,0,999999.0,675.0,15000.0,5,1,0,0,0,0,0,0,0,0,2,1,3,0,0,1,99,99,0,27,1,0,6,0,17,11,11500.0,11500.0,0.0,0,0.0,0.0,0.0,155.0,0,2,True,False,False,False,True,False,False,True,False,False,False,True,False,False,False,False,False,False,False,False,False,False,False,False,False,False,False,True,False,False,True,False,False,False,1
99,0,999999.0,675.0,50000.0,1,1,1,1,2,0,1,1,0,1,0,0,6,0,0,1,99,99,3,12,1,1,2,1,0,0,0.0,999999.0,999999.0,999999,99999.0,99999.0,99999.0,302.0,0,0,True,False,False,False,True,False,False,True,True,False,False,False,False,False,False,False,False,False,False,False,False,False,False,False,False,False,False,True,False,False,False,True,False,False,1
99,1,225000.0,0.0,23463.0,1,0,1,0,0,0,0,0,0,0,0,0,2,1,0,1,26,26,0,67,0,0,8,0,24,44,12922.0,2470.0,0.0,0,0.0,0.0,960.0,313.0,0,8,True,False,False,False,True,False,False,True,False,False,False,True,False,False,False,False,False,False,False,False,False,False,False,False,False,False,False,True,True,False,False,False,False,False,1
99,1,400000.0,0.0,160300.0,1,1,0,0,0,0,0,0,0,0,2,1,2,0,0,1,99,99,0,33,1,0,7,0,27,49,160300.0,100000.0,60000.0,0,0.0,0.0,0.0,501.0,0,1,True,False,False,False,True,False,False,True,False,False,False,True,False,False,False,False,False,False,False,False,False,False,False,False,False,True,False,False,False,False,True,False,False,False,1
99,0,999999.0,512.0,31000.0,1,2,0,0,0,0,0,0,0,0,3,2,4,0,0,1,99,99,0,24,1,0,5,0,25,44,0.0,0.0,0.0,0,0.0,0.0,0.0,242.0,1,0,True,False,False,False,True,False,False,True,False,False,False,False,False,False,True,False,False,False,False,False,False,False,False,False,False,False,False,True,False,False,True,False,False,False,1
99,1,137500.0,0.0,53276.0,1,0,1,0,0,0,0,0,0,0,0,0,3,2,0,1,48,37,0,74,0,0,2,0,0,0,4776.0,0.0,0.0,0,4776.0,0.0,0.0,501.0,0,8,True,False,False,False,True,False,False,True,False,False,False,True,False,False,False,False,False,False,False,False,False,False,False,False,False,False,False,True,False,False,False,False,False,True,1
99,1,187500.0,0.0,43550.0,2,0,0,0,0,0,0,0,0,0,0,0,1,0,0,1,99,99,0,32,0,0,7,0,41,68,43550.0,43550.0,0.0,0,0.0,0.0,0.0,501.0,1,2,True,False,False,False,True,False,False,True,False,False,False,True,False,False,False,False,False,False,False,False,False,False,False,False,False,True,False,False,False,False,False,True,False,False,1
99,1,400000.0,0.0,220516.0,2,0,0,0,0,0,0,0,0,0,0,0,1,0,0,1,99,99,0,48,1,0,7,0,46,84,220516.0,195516.0,25000.0,0,0.0,0.0,0.0,501.0,0,5,True,False,False,False,True,False,False,True,False,False,False,True,False,False,False,False,False,False,False,False,False,False,True,False,False,False,False,False,False,False,False,False,True,False,0
99,1,162500.0,0.0,39600.0,1,1,1,1,0,0,0,0,0,0,2,1,4,2,0,1,7,5,0,39,1,0,7,0,23,18,30600.0,30000.0,0.0,0,0.0,0.0,0.0,315.0,0,5,True,False,False,False,True,False,False,True,False,False,False,True,False,False,False,False,False,False,False,False,False,False,False,False,False,False,False,True,False,False,True,False,False,False,1
99,0,999999.0,512.0,19900.0,2,1,2,1,0,0,0,0,0,0,0,0,5,2,0,1,20,20,0,38,0,0,5,0,16,15,6900.0,6900.0,0.0,0,0.0,0.0,0.0,127.0,1,0,True,False,False,False,True,False,False,True,False,False,False,False,False,False,False,True,False,False,False,False,False,False,False,False,False,False,False,True,False,False,False,False,False,True,0
99,1,95000.0,0.0,25633.0,1,0,2,0,1,0,1,0,0,0,0,0,5,2,0,1,8,7,1,31,0,0,7,0,24,10,17521.0,17205.0,0.0,0,0.0,0.0,316.0,169.0,0,0,True,False,False,False,True,False,False,True,True,False,False,False,False,False,False,False,False,False,False,False,False,False,True,False,False,False,False,False,False,False,False,True,False,False,1
99,0,999999.0,387.0,23700.0,2,0,1,0,0,0,0,0,0,0,0,0,1,0,0,1,99,99,0,42,1,0,2,0,25,18,23700.0,23700.0,0.0,0,0.0,0.0,0.0,367.0,1,2,True,False,False,False,True,False,False,True,False,False,False,True,False,False,False,False,False,False,False,False,False,False,False,False,False,False,False,True,False,False,False,True,False,False,1
99,0,999999.0,875.0,39000.0,1,1,1,1,2,0,1,1,0,1,0,0,5,0,0,1,99,99,2,4,1,0,0,0,0,0,0.0,999999.0,999999.0,999999,99999.0,99999.0,99999.0,264.0,1,0,True,False,False,False,True,False,False,True,True,False,False,False,False,False,False,False,False,False,False,False,False,False,False,False,False,False,False,True,False,False,False,True,False,False,1
99,1,400000.0,0.0,84544.0,1,2,2,2,6,0,1,5,0,1,1,1,6,2,0,1,21,15,0,46,0,0,8,0,38,68,32000.0,32000.0,0.0,0,0.0,0.0,0.0,475.0,0,0,True,False,False,False,True,False,False,True,False,False,False,False,False,False,False,False,False,False,False,False,True,False,False,False,False,False,False,True,False,False,True,False,False,False,1
99,1,112500.0,0.0,45224.0,1,1,1,1,0,0,0,0,0,0,0,0,4,0,0,1,99,99,0,11,1,1,1,1,0,0,0.0,999999.0,999999.0,999999,99999.0,99999.0,99999.0,348.0,0,0,True,False,False,False,True,False,False,True,False,False,True,False,False,False,False,False,False,False,False,False,False,False,False,False,False,False,False,True,False,False,False,True,False,False,1
99,0,999999.0,412.0,45000.0,1,1,1,1,0,0,0,0,0,0,1,1,4,2,0,1,15,9,0,37,0,0,7,0,27,64,15000.0,15000.0,0.0,0,0.0,0.0,0.0,358.0,0,0,True,False,False,False,True,False,False,True,False,False,False,False,False,False,False,False,False,False,False,False,True,False,False,False,False,False,False,True,False,False,True,False,False,False,1
99,1,350000.0,0.0,0.0,1,1,1,1,2,0,1,1,0,1,0,0,3,0,0,1,99,99,0,13,0,1,2,1,0,0,0.0,999999.0,999999.0,999999,99999.0,99999.0,99999.0,1.0,0,0,True,False,False,False,True,False,False,True,True,False,False,False,False,False,False,False,False,False,False,False,False,False,False,False,False,False,False,True,False,False,False,True,False,False,1
99,0,999999.0,387.0,16455.0,1,0,0,0,0,0,0,0,0,0,0,0,1,0,0,1,99,99,0,76,0,0,8,0,0,0,16455.0,0.0,0.0,0,5902.0,0.0,0.0,277.0,0,6,True,False,False,False,True,False,False,True,False,False,False,True,False,False,False,False,False,False,False,False,False,False,False,False,False,False,False,True,False,False,False,True,False,False,1
99,1,137500.0,0.0,53600.0,1,1,1,1,2,0,1,1,0,1,0,0,4,0,0,1,99,99,1,17,0,1,4,1,0,0,0.0,0.0,0.0,0,0.0,0.0,0.0,412.0,0,0,True,False,False,False,True,False,False,True,True,False,False,False,False,False,False,False,False,False,False,False,False,False,False,False,False,False,False,True,False,False,False,True,False,False,1
99,1,162500.0,0.0,62320.0,1,2,1,1,0,0,0,0,0,0,6,1,7,0,0,1,99,99,0,27,0,0,5,0,0,0,0.0,0.0,0.0,0,0.0,0.0,0.0,315.0,1,0,True,False,False,False,True,False,False,True,False,False,False,False,False,False,False,False,False,False,False,True,False,False,False,False,False,False,False,True,False,False,True,False,False,False,1
99,1,400000.0,0.0,21270.0,1,1,0,0,0,0,0,0,0,0,2,1,2,0,0,1,99,99,0,49,1,0,6,0,0,0,0.0,0.0,0.0,0,0.0,0.0,0.0,256.0,0,7,True,False,False,False,True,False,False,True,False,False,False,True,False,False,False,False,False,False,False,False,False,False,False,False,False,False,False,True,False,False,True,False,False,False,1
99,1,95000.0,0.0,56000.0,1,1,1,1,0,0,0,0,0,0,2,1,7,5,0,1,20,9,0,46,1,0,1,0,20,8,35000.0,35000.0,0.0,0,0.0,0.0,0.0,283.0,0,6,True,False,False,False,True,False,False,True,False,False,False,True,False,False,False,False,False,False,False,False,False,False,False,False,False,False,False,True,False,False,True,False,False,False,1
99,1,350000.0,0.0,56000.0,1,1,0,0,0,0,0,0,0,0,1,1,2,0,0,1,99,99,0,47,0,0,5,0,9,6,4000.0,4000.0,0.0,0,0.0,0.0,0.0,501.0,0,0,True,False,False,False,True,False,False,True,False,False,False,False,False,False,False,False,False,False,False,False,True,False,False,False,False,False,False,True,False,False,True,False,False,False,1
99,1,400000.0,0.0,90000.0,1,1,1,1,0,0,0,0,0,0,2,1,5,3,0,1,21,14,0,45,1,0,7,0,32,37,60000.0,60000.0,0.0,0,0.0,0.0,0.0,501.0,0,6,True,False,False,False,True,False,False,True,False,False,False,True,False,False,False,False,False,False,False,False,False,False,False,False,False,False,False,True,False,False,True,False,False,False,1
99,0,999999.0,875.0,35500.0,1,1,1,1,2,0,1,1,3,1,0,0,3,0,0,1,99,99,0,14,1,1,2,2,0,0,0.0,999999.0,999999.0,999999,99999.0,99999.0,99999.0,356.0,1,0,True,False,False,False,True,False,False,True,True,False,False,False,False,False,False,False,False,False,False,False,False,False,True,False,False,False,False,False,False,False,False,True,False,False,1
99,1,112500.0,0.0,67000.0,1,1,1,1,2,7,1,1,0,1,0,0,7,0,0,1,99,99,4,24,1,0,6,0,20,8,23000.0,23000.0,0.0,0,0.0,0.0,0.0,333.0,0,0,True,False,False,False,True,False,False,True,True,False,False,False,False,False,False,False,False,False,False,False,False,False,False,False,False,False,False,True,False,True,False,False,False,False,1
99,0,999999.0,537.0,38431.0,1,0,0,0,0,0,0,0,0,0,0,0,1,0,0,1,99,99,0,40,1,0,8,0,22,60,38431.0,38431.0,0.0,0,0.0,0.0,0.0,501.0,1,2,True,False,False,False,True,False,False,True,False,False,False,True,False,False,False,False,False,False,False,False,False,False,False,False,False,False,False,True,False,False,False,True,False,False,1
99,1,137500.0,0.0,46349.0,1,1,1,1,0,0,0,0,0,0,1,1,6,3,1,1,9,1,0,26,0,0,2,0,22,18,15000.0,15000.0,0.0,0,0.0,0.0,0.0,271.0,1,0,True,False,False,False,True,False,False,True,False,False,False,False,False,False,False,False,False,False,False,False,True,False,False,False,False,False,False,True,False,False,True,False,False,False,1
99,0,999999.0,875.0,62000.0,1,1,1,1,0,0,0,0,0,0,1,2,3,1,1,1,4,4,0,36,1,0,7,0,22,45,32000.0,32000.0,0.0,0,0.0,0.0,0.0,501.0,1,0,True,False,False,False,True,False,False,True,False,False,False,False,False,False,False,False,False,False,False,False,True,False,False,False,False,False,False,True,False,False,True,False,False,False,1
99,1,162500.0,0.0,39000.0,1,0,0,0,0,0,0,0,0,0,0,0,1,0,0,1,99,99,0,30,1,0,7,0,34,47,39000.0,39000.0,0.0,0,0.0,0.0,0.0,501.0,1,2,True,False,False,False,True,False,False,True,False,False,False,True,False,False,False,False,False,False,False,False,False,False,False,False,False,False,False,True,False,False,False,True,False,False,1
99,0,999999.0,412.0,14400.0,1,0,1,0,1,0,1,0,0,0,0,0,2,0,0,1,99,99,0,48,1,0,6,0,0,0,7200.0,0.0,0.0,0,0.0,0.0,0.0,173.0,0,0,True,False,False,False,True,False,False,True,True,False,False,False,False,False,False,False,False,False,False,False,False,False,False,False,False,True,False,False,False,False,False,True,False,False,1
99,1,400000.0,0.0,139120.0,1,1,1,1,0,0,0,0,0,0,1,1,6,4,0,1,12,8,0,37,0,0,8,0,26,47,3620.0,3520.0,0.0,0,0.0,0.0,0.0,501.0,0,0,True,False,False,False,True,False,False,True,False,False,False,False,False,False,False,False,False,False,False,False,True,False,False,False,False,False,False,True,False,False,True,False,False,False,1
99,0,999999.0,875.0,28051.0,1,1,1,1,0,0,0,0,0,0,2,1,5,3,1,1,11,1,0,38,1,0,8,0,40,77,27227.0,27227.0,0.0,0,0.0,0.0,0.0,190.0,1,2,True,False,False,False,True,False,False,True,False,False,False,True,False,False,False,False,False,False,False,False,False,False,False,False,False,True,False,False,False,False,True,False,False,False,1
99,0,999999.0,575.0,27000.0,1,1,1,1,1,0,1,2,0,1,0,0,5,0,0,1,99,99,2,0,0,0,7,0,0,0,0.0,999999.0,999999.0,999999,99999.0,99999.0,99999.0,182.0,1,0,True,False,False,False,True,False,False,True,True,False,False,False,False,False,False,False,False,False,False,False,False,False,False,False,False,False,False,True,False,False,False,True,False,False,1
99,0,999999.0,537.0,17000.0,1,0,1,0,0,0,0,0,0,0,0,0,2,1,0,1,9,9,0,33,0,1,7,1,30,65,17000.0,17000.0,0.0,0,0.0,0.0,0.0,199.0,1,2,True,False,False,False,True,False,False,True,False,False,False,True,False,False,False,False,False,False,False,False,False,False,False,False,False,False,False,True,True,False,False,False,False,False,1
99,1,225000.0,0.0,108841.0,1,1,1,1,2,0,1,1,0,1,0,0,4,0,0,1,99,99,1,15,1,1,3,1,0,0,0.0,999999.0,999999.0,999999,0.0,0.0,0.0,501.0,0,0,True,False,False,False,True,False,False,True,True,False,False,False,False,False,False,False,False,False,False,False,False,False,False,False,False,False,False,True,False,False,False,True,False,False,1
99,1,225000.0,0.0,47251.0,1,1,1,1,2,0,1,1,0,1,0,0,5,0,0,1,99,99,2,11,1,1,2,1,0,0,0.0,999999.0,999999.0,999999,99999.0,99999.0,99999.0,311.0,1,0,True,False,False,False,True,False,False,True,True,False,False,False,False,False,False,False,False,False,False,False,False,False,False,False,False,True,False,False,False,False,False,True,False,False,1
99,1,187500.0,0.0,80000.0,1,1,1,1,2,0,1,1,0,1,0,0,5,0,0,1,99,99,2,3,0,0,0,0,0,0,0.0,999999.0,999999.0,999999,99999.0,99999.0,99999.0,501.0,1,0,True,False,False,False,True,False,False,True,True,False,False,False,False,False,False,False,False,False,False,False,False,False,False,False,False,False,False,True,False,False,False,True,False,False,1
99,0,999999.0,575.0,44453.0,1,0,0,0,0,0,0,0,0,0,0,0,2,0,0,1,99,99,1,84,0,0,6,0,0,0,17662.0,0.0,0.0,0,10511.0,0.0,0.0,501.0,0,8,True,False,False,False,True,False,False,True,False,False,False,True,False,False,False,False,False,False,False,False,False,False,False,False,False,False,False,True,False,False,False,True,False,False,1
99,1,187500.0,0.0,14597.0,1,0,0,0,0,0,0,0,0,0,0,0,2,0,0,1,99,99,0,88,0,1,6,1,0,0,7757.0,0.0,0.0,0,2076.0,0.0,0.0,195.0,0,8,True,False,False,False,True,False,False,True,False,False,False,True,False,False,False,False,False,False,False,False,False,False,False,False,False,False,False,True,True,False,False,False,False,False,1
99,0,999999.0,487.0,18000.0,1,0,0,0,0,0,0,0,0,0,0,0,1,0,0,1,99,99,0,49,1,0,0,0,38,68,18000.0,18000.0,0.0,0,0.0,0.0,0.0,279.0,1,2,True,False,False,False,True,False,False,True,False,False,False,True,False,False,False,False,False,False,False,False,False,False,False,False,False,False,False,True,False,False,False,False,True,False,1
99,0,999999.0,625.0,9880.0,1,1,1,1,1,0,1,2,0,1,0,0,4,0,0,1,99,99,1,7,0,0,0,0,0,0,0.0,999999.0,999999.0,999999,99999.0,99999.0,99999.0,79.0,1,0,True,False,False,False,True,False,False,True,True,False,False,False,False,False,False,False,False,False,False,False,False,False,False,False,False,False,False,True,False,False,False,True,False,False,1
99,1,225000.0,0.0,26460.0,1,0,1,1,3,0,2,0,0,0,0,0,4,0,0,1,99,99,0,18,1,1,5,1,16,15,0.0,0.0,0.0,0,0.0,0.0,0.0,207.0,1,0,True,False,False,False,True,False,False,True,False,False,True,False,False,False,False,False,False,False,False,False,False,False,False,False,False,False,False,True,False,False,False,True,False,False,1
99,0,999999.0,462.0,15189.0,1,0,1,0,1,0,1,0,0,0,0,0,5,0,0,1,99,99,3,10,0,1,2,1,0,0,0.0,999999.0,999999.0,999999,99999.0,99999.0,99999.0,104.0,1,0,True,False,False,False,True,False,False,True,True,False,False,False,False,False,False,False,False,False,False,False,False,False,True,False,False,False,False,False,False,False,False,True,False,False,1
99,0,999999.0,537.0,43000.0,1,1,0,0,0,0,0,0,0,0,2,1,2,0,0,1,99,99,0,21,1,1,7,1,23,18,21000.0,21000.0,0.0,0,0.0,0.0,0.0,501.0,1,2,True,False,False,False,True,False,False,True,False,False,False,True,False,False,False,False,False,False,False,False,False,False,False,False,False,False,False,True,False,False,True,False,False,False,1
99,1,5000.0,0.0,0.0,1,0,0,0,0,0,0,0,0,0,0,0,2,0,0,1,99,99,1,35,1,1,3,1,20,8,0.0,0.0,0.0,0,0.0,0.0,0.0,1.0,0,1,True,False,False,False,True,False,False,True,False,False,False,True,False,False,False,False,False,False,False,False,False,False,False,False,False,False,False,True,False,False,False,True,False,False,1
99,0,999999.0,362.0,20382.0,1,0,2,0,0,0,0,0,0,0,0,0,3,1,0,1,41,41,0,61,0,0,2,0,24,44,7590.0,0.0,0.0,0,7590.0,0.0,0.0,210.0,0,7,True,False,False,False,True,False,False,True,False,False,False,True,False,False,False,False,False,False,False,False,False,False,False,False,False,False,False,True,True,False,False,False,False,False,1
99,1,187500.0,0.0,72000.0,1,0,0,1,0,0,0,0,0,0,0,0,2,1,0,1,21,21,0,59,1,0,8,0,46,84,72000.0,72000.0,0.0,0,0.0,0.0,0.0,501.0,1,2,True,False,False,False,True,False,False,True,False,False,False,True,False,False,False,False,False,False,False,False,False,False,False,False,False,False,False,True,True,False,False,False,False,False,1
99,0,999999.0,512.0,47958.0,1,0,0,0,0,0,0,0,0,0,0,0,1,0,0,1,99,99,0,35,0,0,8,0,19,46,47958.0,47908.0,0.0,0,0.0,0.0,0.0,501.0,1,2,True,False,False,False,True,False,False,True,False,False,False,True,False,False,False,False,False,False,False,False,False,False,True,False,False,False,False,False,True,False,False,False,False,False,1
99,1,187500.0,0.0,30000.0,1,1,1,1,0,0,0,0,0,0,1,1,5,3,1,1,11,0,0,31,0,0,2,0,0,0,0.0,0.0,0.0,0,0.0,0.0,0.0,203.0,1,0,True,False,False,False,True,False,False,True,False,False,False,False,False,False,False,False,False,False,False,False,True,False,False,False,False,False,False,True,False,False,True,False,False,False,1
99,0,999999.0,387.0,6720.0,2,0,0,0,0,0,0,0,0,0,0,0,2,0,0,1,99,99,1,21,1,1,3,1,29,27,6720.0,6720.0,0.0,0,0.0,0.0,0.0,81.0,1,1,True,False,False,False,True,False,False,True,False,False,False,True,False,False,False,False,False,False,False,False,False,False,False,False,False,False,False,True,False,False,False,True,False,False,1
99,0,999999.0,487.0,31000.0,1,1,1,1,2,0,1,1,0,1,0,0,7,0,0,1,99,99,4,2,0,0,7,0,0,0,0.0,999999.0,999999.0,999999,99999.0,99999.0,99999.0,167.0,1,0,True,False,False,False,True,False,False,True,True,False,False,False,False,False,False,False,False,False,False,False,False,False,False,False,False,False,False,True,False,False,False,True,False,False,1
99,0,999999.0,575.0,18000.0,3,0,1,1,0,0,0,0,0,0,0,0,6,3,1,1,12,3,0,27,1,0,0,0,38,68,18000.0,18000.0,0.0,0,0.0,0.0,0.0,109.0,0,1,True,False,False,False,True,False,False,True,False,False,False,True,False,False,False,False,False,False,False,False,False,False,False,False,False,False,False,True,False,False,False,True,False,False,1
99,1,350000.0,0.0,73792.0,1,1,0,0,0,0,0,0,0,0,2,1,2,0,0,1,99,99,0,54,1,0,8,0,41,68,58068.0,57883.0,0.0,0,0.0,0.0,0.0,501.0,0,7,True,False,False,False,True,False,False,True,False,False,False,True,False,False,False,False,False,False,False,False,False,False,False,False,False,False,False,True,False,False,True,False,False,False,1
99,0,999999.0,575.0,3500.0,2,0,0,1,0,0,0,0,0,0,0,0,8,6,2,1,11,1,1,38,1,0,0,0,28,22,0.0,0.0,0.0,0,0.0,0.0,0.0,17.0,1,6,True,False,False,False,True,False,False,True,False,False,False,True,False,False,False,False,False,False,False,False,False,False,True,False,False,False,False,False,False,False,False,True,False,False,0
99,1,225000.0,0.0,78800.0,1,1,2,1,2,0,1,1,0,1,0,0,5,0,0,1,99,99,1,8,0,1,1,1,0,0,0.0,999999.0,999999.0,999999,99999.0,99999.0,99999.0,501.0,1,0,True,False,False,False,True,False,False,True,True,False,False,False,False,False,False,False,False,False,False,False,False,False,False,False,False,False,False,True,False,False,False,True,False,False,1
99,1,95000.0,0.0,62400.0,1,1,1,1,2,0,1,1,0,1,0,0,8,0,0,1,99,99,4,11,1,1,2,1,0,0,0.0,999999.0,999999.0,999999,99999.0,99999.0,99999.0,287.0,0,0,True,False,False,False,True,False,False,True,True,False,False,False,False,False,False,False,False,False,False,False,False,False,True,False,False,False,False,False,False,False,False,True,False,False,1
99,1,72500.0,0.0,32237.0,1,1,0,0,0,0,0,0,0,0,1,2,2,0,0,1,99,99,0,46,1,0,8,0,26,72,31730.0,31700.0,0.0,0,0.0,0.0,0.0,388.0,1,0,True,False,False,False,True,False,False,True,False,False,False,False,False,False,False,False,False,False,False,False,True,False,True,False,False,False,False,False,False,False,True,False,False,False,1
99,1,275000.0,0.0,42250.0,1,1,1,1,2,0,1,1,0,1,0,0,3,0,0,1,99,99,0,23,0,0,7,0,41,68,14000.0,14000.0,0.0,0,0.0,0.0,0.0,436.0,0,0,True,False,False,False,True,False,False,True,True,False,False,False,False,False,False,False,False,False,False,False,False,False,False,False,False,False,False,True,False,True,False,False,False,False,1
99,1,95000.0,0.0,36000.0,1,1,0,0,0,0,0,0,0,0,2,1,2,0,0,1,99,99,0,32,1,0,6,0,29,27,30000.0,30000.0,0.0,0,0.0,0.0,0.0,434.0,0,5,True,False,False,False,True,False,False,True,False,False,False,True,False,False,False,False,False,False,False,False,False,False,False,False,False,False,False,True,False,False,True,False,False,False,1
99,1,162500.0,0.0,42532.0,1,1,0,0,0,0,0,0,0,0,2,1,2,0,0,1,99,99,0,71,1,0,6,0,25,44,42532.0,0.0,0.0,0,11867.0,0.0,19260.0,501.0,0,8,True,False,False,False,True,False,False,True,False,False,False,True,False,False,False,False,False,False,False,False,False,False,False,False,False,False,False,True,False,False,True,False,False,False,1
99,0,999999.0,875.0,34000.0,1,1,1,1,0,0,0,0,0,0,1,1,10,5,4,1,5,0,3,22,0,1,4,1,0,0,0.0,0.0,0.0,0,0.0,0.0,0.0,136.0,1,0,True,False,False,False,True,False,False,True,False,False,False,False,False,False,False,False,False,False,False,False,True,False,False,False,False,False,False,True,False,False,True,False,False,False,1
99,1,225000.0,0.0,19212.0,1,1,1,1,2,0,1,1,0,1,0,0,4,0,0,1,99,99,1,17,0,1,5,1,24,47,995.0,995.0,0.0,0,0.0,0.0,0.0,148.0,0,0,True,False,False,False,True,False,False,True,True,False,False,False,False,False,False,False,False,False,False,False,False,False,False,False,False,False,False,True,False,False,False,True,False,False,1
99,0,999999.0,1000.0,25632.0,1,2,2,2,2,0,1,1,0,1,0,0,7,0,0,1,99,99,1,8,0,1,1,1,0,0,0.0,999999.0,999999.0,999999,99999.0,99999.0,99999.0,128.0,1,0,True,False,False,False,True,False,False,True,True,False,False,False,False,False,False,False,False,False,False,False,False,False,False,False,False,False,False,True,False,False,False,True,False,False,1
99,0,999999.0,875.0,23299.0,1,1,1,1,1,0,1,2,0,1,0,0,5,0,0,1,99,99,2,0,1,0,7,0,0,0,0.0,999999.0,999999.0,999999,99999.0,99999.0,99999.0,157.0,1,0,True,False,False,False,True,False,False,True,True,False,False,False,False,False,False,False,False,False,False,False,False,False,False,False,False,False,False,True,False,False,False,True,False,False,1
99,1,162500.0,0.0,15000.0,2,0,0,0,0,0,0,0,0,0,0,0,1,0,0,1,99,99,0,59,1,1,7,1,31,33,15000.0,15000.0,0.0,0,0.0,0.0,0.0,233.0,0,7,True,False,False,False,True,False,False,True,False,False,False,True,False,False,False,False,False,False,False,False,False,False,False,False,False,False,False,True,True,False,False,False,False,False,1
99,1,275000.0,0.0,12000.0,2,1,0,0,0,0,0,0,0,0,0,0,1,0,0,2,99,99,0,34,1,0,5,0,23,16,16000.0,0.0,16000.0,0,0.0,0.0,0.0,248.0,0,0,True,False,False,False,True,False,False,True,False,False,False,False,False,True,False,False,False,False,False,False,False,False,False,False,False,False,False,True,True,False,False,False,False,False,1
99,0,999999.0,1000.0,25500.0,3,0,0,0,0,0,0,0,0,0,0,0,1,0,0,3,99,99,0,26,1,0,8,0,61,93,65000.0,65000.0,0.0,0,0.0,0.0,0.0,501.0,1,0,True,False,False,False,True,False,False,True,False,False,False,False,False,True,False,False,False,False,False,False,False,False,False,False,False,False,False,True,False,False,False,True,False,False,1
99,0,999999.0,875.0,40920.0,2,0,0,0,0,0,0,0,0,0,0,0,1,0,0,2,99,99,0,36,0,0,6,0,42,84,40700.0,40500.0,0.0,0,0.0,0.0,0.0,501.0,1,0,True,False,False,False,True,False,False,True,False,False,False,False,False,False,False,False,False,True,False,False,False,False,False,False,False,False,False,True,True,False,False,False,False,False,1
99,1,225000.0,0.0,183515.0,1,0,0,1,0,0,0,1,0,1,0,0,3,0,0,1,99,99,1,25,0,0,6,0,0,0,0.0,0.0,0.0,0,0.0,0.0,0.0,501.0,1,0,True,False,False,False,True,False,False,True,True,False,False,False,False,False,False,False,False,False,False,False,False,False,False,False,False,False,False,True,True,False,False,False,False,False,1
99,0,999999.0,875.0,67020.0,1,1,1,1,2,0,1,1,3,1,0,0,5,0,0,1,99,99,2,11,0,1,1,2,0,0,0.0,999999.0,999999.0,999999,99999.0,99999.0,99999.0,453.0,1,0,True,False,False,False,True,False,False,True,True,False,False,False,False,False,False,False,False,False,False,False,False,False,False,False,False,False,False,True,False,False,False,True,False,False,1
99,1,350000.0,0.0,52211.0,1,2,2,2,0,0,0,0,0,0,1,2,6,1,0,1,42,42,0,73,1,0,6,0,0,0,19835.0,0.0,0.0,0,8950.0,0.0,0.0,299.0,1,0,True,False,False,False,True,False,False,True,False,False,False,False,False,False,False,False,False,False,False,False,True,False,False,False,False,False,False,True,False,False,True,False,False,False,1
99,1,350000.0,0.0,36547.0,1,1,1,1,0,0,0,0,0,0,2,1,3,1,0,1,14,14,0,60,1,0,6,0,20,9,23662.0,23662.0,0.0,0,0.0,0.0,0.0,366.0,1,2,True,False,False,False,True,False,False,True,False,False,False,True,False,False,False,False,False,False,False,False,False,False,False,False,False,True,False,False,False,False,True,False,False,False,1
99,0,999999.0,675.0,0.0,1,0,0,0,0,0,0,0,0,0,0,0,2,0,0,1,99,99,1,19,0,1,6,2,0,0,0.0,0.0,0.0,0,0.0,0.0,0.0,1.0,1,1,True,False,False,False,True,False,False,True,False,False,False,True,False,False,False,False,False,False,False,False,False,False,False,False,False,True,False,False,False,False,False,True,False,False,1
99,0,999999.0,0.0,999999.0,1,0,0,0,0,0,0,0,0,0,0,0,1,0,0,1,99,99,0,79,1,0,2,0,0,0,3000.0,0.0,0.0,0,3000.0,0.0,0.0,0.0,1,0,False,True,False,True,False,False,False,True,False,False,False,False,True,False,False,False,False,False,False,False,False,False,False,False,False,False,False,True,False,False,False,True,False,False,1
99,0,999999.0,312.0,13680.0,1,1,1,1,2,0,1,1,0,1,0,0,3,0,0,1,99,99,0,16,1,0,2,0,0,0,0.0,0.0,0.0,0,0.0,0.0,0.0,137.0,1,0,True,False,False,False,True,False,False,True,True,False,False,False,False,False,False,False,False,False,False,False,False,False,False,False,False,False,False,True,False,False,False,True,False,False,1
99,0,999999.0,625.0,15029.0,1,0,0,1,0,0,0,1,0,1,0,0,4,0,0,1,99,99,2,7,0,0,1,0,0,0,0.0,999999.0,999999.0,999999,99999.0,99999.0,99999.0,119.0,1,0,True,False,False,False,True,False,False,True,True,False,False,False,False,False,False,False,False,False,False,False,False,False,False,False,False,False,False,True,False,False,False,True,False,False,1
99,0,999999.0,537.0,1200.0,1,0,1,0,1,0,1,0,0,0,0,0,5,0,0,1,99,99,2,15,1,1,3,1,0,0,0.0,999999.0,999999.0,999999,0.0,0.0,0.0,8.0,0,0,True,False,False,False,True,False,False,True,True,False,False,False,False,False,False,False,False,False,False,False,False,False,False,False,False,False,False,True,False,False,False,True,False,False,1
99,0,999999.0,487.0,8800.0,2,1,1,1,2,0,1,1,0,1,0,0,5,0,0,1,99,99,2,2,0,0,7,0,0,0,0.0,999999.0,999999.0,999999,99999.0,99999.0,99999.0,59.0,1,0,True,False,False,False,True,False,False,True,True,False,False,False,False,False,False,False,False,False,False,False,False,False,False,False,False,False,False,True,False,False,False,True,False,False,1
99,0,999999.0,1.0,1946.0,1,1,0,0,0,0,0,0,0,0,1,1,2,0,0,1,99,99,0,64,0,0,6,0,0,0,379.0,0.0,0.0,0,379.0,0.0,0.0,23.0,0,0,True,False,False,False,True,False,False,True,False,False,False,False,False,False,False,False,False,False,False,False,True,False,False,False,False,False,False,True,False,False,True,False,False,False,1
99,1,187500.0,0.0,62756.0,1,0,0,0,0,0,0,0,0,0,0,0,1,0,0,1,99,99,0,32,1,0,8,0,25,52,62756.0,62756.0,0.0,0,0.0,0.0,0.0,501.0,1,1,True,False,False,False,True,False,False,True,False,False,False,True,False,False,False,False,False,False,False,False,False,False,False,False,False,False,False,True,False,False,False,True,False,False,1
99,1,400000.0,0.0,100000.0,1,1,1,1,0,0,0,0,0,0,2,1,4,2,0,1,11,8,0,39,1,1,8,2,41,68,50000.0,50000.0,0.0,0,0.0,0.0,0.0,501.0,0,5,True,False,False,False,True,False,False,True,False,False,False,True,False,False,False,False,False,False,False,False,False,False,False,False,False,False,False,True,False,False,True,False,False,False,1
99,1,137500.0,0.0,83607.0,1,0,2,0,0,0,0,0,0,0,0,0,7,0,0,1,99,99,0,0,0,0,7,0,0,0,0.0,999999.0,999999.0,999999,99999.0,99999.0,99999.0,416.0,1,0,True,False,False,False,True,False,False,True,False,False,True,False,False,False,False,False,False,False,False,False,False,False,True,False,False,False,False,False,False,False,False,True,False,False,1
99,0,999999.0,537.0,1468.0,1,1,1,1,2,0,1,1,0,1,0,0,7,0,0,1,99,99,4,14,1,1,2,1,0,0,0.0,999999.0,999999.0,999999,99999.0,99999.0,99999.0,8.0,1,0,True,False,False,False,True,False,False,True,True,False,False,False,False,False,False,False,False,False,False,False,False,False,False,False,False,False,False,True,False,False,False,True,False,False,1
99,1,400000.0,0.0,116649.0,1,1,1,1,0,0,0,0,0,0,2,1,3,1,0,1,11,11,0,45,1,0,7,0,41,68,65550.0,65125.0,0.0,0,0.0,0.0,0.0,501.0,1,1,True,False,False,False,True,False,False,True,False,False,False,True,False,False,False,False,False,False,False,False,False,False,False,False,False,False,False,True,False,False,True,False,False,False,1
99,1,112500.0,0.0,44150.0,1,1,1,0,0,0,0,0,0,0,2,1,3,0,0,1,99,99,0,51,1,0,4,0,25,15,38000.0,38000.0,0.0,0,0.0,0.0,0.0,455.0,0,7,True,False,False,False,True,False,False,True,False,False,False,True,False,False,False,False,False,False,False,False,False,False,False,False,False,False,False,True,False,False,True,False,False,False,1
99,0,999999.0,312.0,18000.0,1,1,1,1,0,0,0,0,0,0,2,1,5,3,0,1,15,5,0,41,1,0,1,0,16,15,18000.0,18000.0,0.0,0,0.0,0.0,0.0,122.0,0,6,True,False,False,False,True,False,False,True,False,False,False,True,False,False,False,False,False,False,False,False,False,False,False,False,False,False,False,True,False,False,True,False,False,False,1
99,1,400000.0,0.0,52865.0,1,0,1,0,1,0,1,0,0,0,0,0,2,0,0,1,99,99,0,16,1,1,3,1,20,8,865.0,865.0,0.0,0,0.0,0.0,0.0,501.0,0,0,True,False,False,False,True,False,False,True,True,False,False,False,False,False,False,False,False,False,False,False,False,False,False,False,False,False,False,True,False,False,False,True,False,False,1
99,0,999999.0,1000.0,11189.0,1,0,1,0,0,0,0,0,0,0,0,0,8,0,0,1,99,99,2,14,1,0,5,0,0,0,0.0,999999.0,999999.0,999999,99999.0,99999.0,99999.0,55.0,1,0,True,False,False,False,True,False,False,True,False,False,False,False,False,False,False,False,False,False,True,False,False,False,True,False,False,False,False,False,False,False,False,True,False,False,1
99,0,999999.0,162.0,7488.0,1,0,0,0,0,0,0,0,0,0,0,0,1,0,0,1,99,99,0,75,0,0,6,0,0,0,7488.0,0.0,0.0,0,7488.0,0.0,0.0,126.0,1,1,True,False,False,False,True,False,False,True,False,False,False,True,False,False,False,False,False,False,False,False,False,False,False,False,False,False,False,True,False,False,False,False,False,True,1
99,1,95000.0,0.0,55291.0,1,1,2,1,0,0,0,0,0,0,1,1,5,1,0,1,40,40,0,70,0,0,4,0,11,11,29313.0,3223.0,0.0,0,23090.0,0.0,0.0,358.0,0,0,True,False,False,False,True,False,False,True,False,False,False,False,False,False,False,False,False,False,False,False,True,False,False,False,False,False,False,True,False,False,True,False,False,False,1
99,0,999999.0,537.0,15000.0,1,0,0,0,0,0,0,0,0,0,0,0,1,0,0,1,99,99,0,23,1,0,8,0,49,87,15000.0,15000.0,0.0,0,0.0,0.0,0.0,233.0,1,1,True,False,False,False,True,False,False,True,False,False,False,True,False,False,False,False,False,False,False,False,False,False,False,False,False,False,False,True,False,False,False,True,False,False,1
99,0,999999.0,512.0,12000.0,1,1,0,0,0,0,0,0,0,0,1,1,2,0,0,1,99,99,0,51,0,0,7,0,0,0,0.0,0.0,0.0,0,0.0,0.0,0.0,145.0,0,0,True,False,False,False,True,False,False,True,False,False,False,False,False,False,False,False,False,False,False,False,True,False,True,False,False,False,False,False,False,False,True,False,False,False,1
99,0,999999.0,412.0,64373.0,2,0,2,0,1,0,1,0,0,0,0,0,7,0,0,1,99,99,1,30,1,0,4,0,25,15,10400.0,10400.0,0.0,0,0.0,0.0,0.0,320.0,0,0,True,False,False,False,True,False,False,True,True,False,False,False,False,False,False,False,False,False,False,False,False,False,True,False,False,False,False,False,False,False,False,True,False,False,1
99,1,225000.0,0.0,123515.0,1,1,2,1,5,0,1,0,0,0,2,1,5,2,0,1,13,11,0,50,1,0,8,0,79,92,123515.0,0.0,123515.0,0,0.0,0.0,0.0,501.0,1,2,True,False,False,False,True,False,False,True,False,False,False,True,False,False,False,False,False,False,False,False,False,False,False,False,False,True,False,False,False,False,True,False,False,False,1
99,0,999999.0,462.0,15000.0,1,0,0,0,0,0,0,0,0,0,0,0,2,0,0,1,99,99,0,66,0,0,8,0,29,72,15000.0,15000.0,0.0,0,0.0,0.0,0.0,200.0,1,0,True,False,False,False,True,False,False,True,False,False,False,False,False,False,True,False,False,False,False,False,False,False,False,False,False,False,False,True,False,False,False,True,False,False,0
99,1,37500.0,0.0,57600.0,1,1,1,1,0,0,0,0,0,0,2,1,3,1,0,1,9,9,0,39,1,0,8,0,41,68,33600.0,33600.0,0.0,0,0.0,0.0,0.0,501.0,0,5,True,False,False,False,True,False,False,True,False,False,False,True,False,False,False,False,False,False,False,False,False,False,False,True,False,False,False,False,False,False,True,False,False,False,1
99,0,999999.0,512.0,26500.0,1,0,0,0,0,0,0,0,0,0,0,0,1,0,0,1,99,99,0,35,1,0,6,0,35,49,26500.0,26500.0,0.0,0,0.0,0.0,0.0,411.0,1,2,True,False,False,False,True,False,False,True,False,False,False,True,False,False,False,False,False,False,False,False,False,False,False,False,False,False,False,True,False,False,False,False,True,False,1
99,0,999999.0,462.0,16800.0,1,0,0,0,0,0,0,0,0,0,0,0,1,0,0,1,99,99,0,40,1,0,8,0,24,44,16800.0,16800.0,0.0,0,0.0,0.0,0.0,260.0,0,5,True,False,False,False,True,False,False,True,False,False,False,True,False,False,False,False,False,False,False,False,False,False,True,False,False,False,False,False,False,False,False,True,False,False,1
99,1,400000.0,0.0,160515.0,1,1,0,0,0,0,0,0,0,0,1,1,2,0,0,1,99,99,0,47,0,0,8,0,22,61,22000.0,22000.0,0.0,0,0.0,0.0,0.0,501.0,1,0,True,False,False,False,True,False,False,True,False,False,False,False,False,False,False,False,False,False,False,False,True,False,False,False,False,False,False,True,False,False,True,False,False,False,1
99,1,400000.0,0.0,222839.0,1,1,1,1,2,0,1,1,0,1,0,0,4,0,0,1,99,99,1,7,0,1,1,2,0,0,0.0,999999.0,999999.0,999999,99999.0,99999.0,99999.0,501.0,0,0,True,False,False,False,True,False,False,True,True,False,False,False,False,False,False,False,False,False,False,False,False,False,False,False,False,False,False,True,False,False,False,True,False,False,1
99,1,112500.0,0.0,42000.0,1,1,1,1,0,0,0,0,0,0,0,0,7,0,0,1,99,99,1,18,0,0,3,0,0,0,0.0,0.0,0.0,0,0.0,0.0,0.0,218.0,1,0,True,False,False,False,True,False,False,True,False,False,False,False,False,False,False,False,False,False,True,False,False,False,False,False,False,False,False,True,False,False,False,True,False,False,1
99,1,350000.0,0.0,46431.0,1,1,1,1,0,0,0,0,0,0,2,1,3,1,0,1,20,20,0,61,1,0,6,0,29,34,37731.0,0.0,0.0,0,0.0,0.0,0.0,479.0,0,6,True,False,False,False,True,False,False,True,False,False,False,True,False,False,False,False,False,False,False,False,False,False,False,False,False,False,False,True,False,False,True,False,False,False,1
99,1,137500.0,0.0,74000.0,1,0,0,0,0,0,0,0,0,0,0,0,1,0,0,1,99,99,0,43,1,0,7,0,32,39,74000.0,50000.0,0.0,0,0.0,0.0,0.0,501.0,1,2,True,False,False,False,True,False,False,True,False,False,False,True,False,False,False,False,False,False,False,False,False,False,False,False,False,False,False,True,False,False,False,True,False,False,1
99,1,137500.0,0.0,65400.0,1,1,1,1,0,0,0,0,0,0,1,1,3,1,1,1,0,0,0,24,0,0,8,0,46,84,40400.0,40000.0,0.0,0,0.0,0.0,0.0,501.0,1,0,True,False,False,False,True,False,False,True,False,False,False,False,False,False,False,False,False,False,False,False,True,False,False,False,False,False,False,True,False,False,True,False,False,False,1
99,1,225000.0,0.0,84000.0,1,1,1,1,0,0,0,0,0,0,1,2,3,1,0,1,5,5,0,38,1,0,7,0,35,62,84000.0,84000.0,0.0,0,0.0,0.0,0.0,501.0,1,0,True,False,False,False,True,False,False,True,False,False,False,False,False,False,False,False,False,False,False,False,True,False,False,False,False,False,False,True,False,False,True,False,False,False,1
99,0,999999.0,0.0,999999.0,1,0,0,0,0,0,0,0,0,0,0,0,1,0,0,1,99,99,0,24,1,1,7,1,41,68,4700.0,1000.0,700.0,0,0.0,0.0,0.0,0.0,0,0,False,False,True,False,False,True,False,True,False,False,False,False,False,True,False,False,False,False,False,False,False,False,False,False,False,False,False,True,False,False,False,True,False,False,1
99,0,999999.0,675.0,19000.0,2,0,2,1,0,0,0,0,0,0,0,0,3,1,0,1,25,25,0,53,0,0,7,0,22,45,19000.0,19000.0,0.0,0,0.0,0.0,0.0,190.0,0,5,True,False,False,False,True,False,False,True,False,False,False,True,False,False,False,False,False,False,False,False,False,False,False,False,False,False,False,True,True,False,False,False,False,False,1
99,0,999999.0,625.0,35149.0,1,0,0,0,0,0,0,0,0,0,0,0,1,0,0,1,99,99,0,70,0,0,8,0,31,65,35149.0,0.0,0.0,0,3646.0,0.0,6526.0,501.0,0,6,True,False,False,False,True,False,False,True,False,False,False,True,False,False,False,False,False,False,False,False,False,False,False,False,False,False,False,True,False,False,False,False,False,True,1
99,0,999999.0,575.0,26339.0,2,1,1,1,2,0,1,1,0,1,0,0,5,0,0,1,99,99,2,22,0,1,7,1,31,53,11150.0,10000.0,0.0,0,0.0,0.0,1150.0,168.0,1,0,True,False,False,False,True,False,False,True,True,False,False,False,False,False,False,False,False,False,False,False,False,False,False,False,False,True,False,False,False,False,False,True,False,False,1
99,0,999999.0,725.0,14803.0,2,0,0,0,0,0,0,0,0,0,0,0,1,0,0,2,99,99,0,29,0,0,7,0,24,47,8800.0,8800.0,0.0,0,0.0,0.0,0.0,136.0,1,0,True,False,False,False,True,False,False,True,False,False,False,False,False,True,False,False,False,False,False,False,False,False,False,False,False,False,False,True,False,False,False,True,False,False,1
99,1,350000.0,0.0,92000.0,1,1,1,1,2,0,1,1,0,1,0,0,4,0,0,1,99,99,1,18,1,1,5,1,20,8,2000.0,2000.0,0.0,0,0.0,0.0,0.0,501.0,0,0,True,False,False,False,True,False,False,True,True,False,False,False,False,False,False,False,False,False,False,False,False,False,False,False,False,False,False,True,False,False,False,True,False,False,1
99,1,275000.0,0.0,29560.0,1,2,2,2,0,0,0,0,0,0,5,1,6,1,0,1,37,37,0,58,0,0,2,0,0,0,0.0,0.0,0.0,0,0.0,0.0,0.0,169.0,1,0,True,False,False,False,True,False,False,True,False,False,False,False,False,False,False,True,False,False,False,False,False,False,False,False,False,False,False,True,False,False,True,False,False,False,1
99,1,137500.0,0.0,21600.0,1,1,0,0,0,0,0,0,0,0,2,1,2,0,0,1,99,99,0,65,1,0,6,0,32,34,13600.0,12000.0,0.0,0,1600.0,0.0,0.0,288.0,0,6,True,False,False,False,True,False,False,True,False,False,False,True,False,False,False,False,False,False,False,False,False,False,False,False,False,False,False,True,False,False,True,False,False,False,1
99,0,999999.0,725.0,53000.0,1,1,1,1,0,0,0,0,0,0,2,1,4,2,0,1,25,14,0,48,1,0,6,0,30,24,26000.0,26000.0,0.0,0,0.0,0.0,0.0,408.0,0,2,True,False,False,False,True,False,False,True,False,False,False,True,False,False,False,False,False,False,False,False,False,False,False,False,False,False,False,True,False,False,True,False,False,False,1
99,0,999999.0,312.0,21480.0,1,1,1,2,0,0,0,0,0,0,0,0,9,3,0,1,35,23,0,49,1,0,4,0,17,8,4140.0,4140.0,0.0,0,0.0,0.0,0.0,80.0,1,0,True,False,False,False,True,False,False,True,False,False,False,False,False,False,False,False,True,False,False,False,False,False,False,False,False,False,False,True,False,False,False,False,False,True,1
99,0,999999.0,1.0,7200.0,2,0,0,0,0,0,0,0,0,0,0,0,1,0,0,1,99,99,0,28,1,0,8,0,20,9,7200.0,7200.0,0.0,0,0.0,0.0,0.0,112.0,0,2,True,False,False,False,True,False,False,True,False,False,False,True,False,False,False,False,False,False,False,False,False,False,False,False,False,False,False,True,False,False,False,True,False,False,1
99,0,999999.0,0.0,999999.0,1,0,0,0,0,0,0,0,0,0,0,0,1,0,0,1,99,99,0,39,1,0,7,0,0,0,8508.0,0.0,0.0,0,0.0,2052.0,6456.0,0.0,0,0,False,False,True,False,False,True,False,True,False,False,False,False,False,True,False,False,False,False,False,False,False,False,False,False,False,False,False,True,False,False,False,True,False,False,1
99,1,187500.0,0.0,97720.0,1,1,1,1,2,0,1,1,0,1,0,0,3,0,0,1,99,99,0,24,1,1,7,1,13,44,6020.0,6000.0,0.0,0,0.0,0.0,0.0,501.0,0,0,True,False,False,False,True,False,False,True,True,False,False,False,False,False,False,False,False,False,False,False,False,False,False,False,False,False,False,True,False,False,False,True,False,False,1
99,0,999999.0,462.0,11184.0,1,0,0,0,0,0,0,0,0,0,0,0,1,0,0,1,99,99,0,54,0,0,7,0,22,51,11184.0,11184.0,0.0,0,0.0,0.0,0.0,173.0,0,2,True,False,False,False,True,False,False,True,False,False,False,True,False,False,False,False,False,False,False,False,False,False,True,False,False,False,False,False,True,False,False,False,False,False,0
99,0,999999.0,875.0,1200.0,1,0,1,0,1,0,1,0,0,0,0,0,8,0,0,1,99,99,2,12,0,1,2,1,0,0,0.0,999999.0,999999.0,999999,99999.0,99999.0,99999.0,6.0,0,0,True,False,False,False,True,False,False,True,True,False,False,False,False,False,False,False,False,False,False,False,False,False,True,False,False,False,False,False,False,False,False,True,False,False,1
99,1,187500.0,0.0,28384.0,2,0,1,0,1,0,1,0,0,0,0,0,3,0,0,1,99,99,1,2,0,0,7,0,0,0,0.0,999999.0,999999.0,999999,99999.0,99999.0,99999.0,284.0,1,0,True,False,False,False,True,False,False,True,True,False,False,False,False,False,False,False,False,False,False,False,False,False,True,False,False,False,False,False,False,False,False,True,False,False,1
99,0,999999.0,875.0,25189.0,1,0,1,0,1,0,1,0,0,0,0,0,2,0,0,1,99,99,0,3,0,0,0,0,0,0,0.0,999999.0,999999.0,999999,99999.0,99999.0,99999.0,295.0,1,0,True,False,False,False,True,False,False,True,True,False,False,False,False,False,False,False,False,False,False,False,False,False,False,False,False,False,False,True,False,False,False,True,False,False,1
99,0,999999.0,1000.0,30070.0,1,0,0,1,0,0,0,1,0,1,0,0,2,0,0,1,99,99,0,5,1,1,0,2,0,0,0.0,999999.0,999999.0,999999,99999.0,99999.0,99999.0,352.0,1,0,True,False,False,False,True,False,False,True,True,False,False,False,False,False,False,False,False,False,False,False,False,False,False,False,False,False,False,True,False,False,False,True,False,False,1
99,0,999999.0,487.0,638.0,1,0,0,0,0,0,0,0,0,0,0,0,1,0,0,1,99,99,0,74,0,0,6,0,17,13,638.0,638.0,0.0,0,0.0,0.0,0.0,11.0,1,2,True,False,False,False,True,False,False,True,False,False,False,True,False,False,False,False,False,False,False,False,False,False,False,False,False,False,False,True,False,False,False,False,False,True,1
99,1,350000.0,0.0,54047.0,1,1,0,0,0,0,0,0,0,0,1,1,2,0,0,1,99,99,0,67,0,0,7,0,0,0,12397.0,0.0,0.0,0,3743.0,0.0,0.0,501.0,0,0,True,False,False,False,True,False,False,True,False,False,False,False,False,False,False,False,False,False,False,False,True,False,False,False,False,False,False,True,False,False,True,False,False,False,1
99,0,999999.0,462.0,7000.0,1,0,0,0,0,0,0,0,0,0,0,0,1,0,0,1,99,99,0,51,1,0,7,0,24,47,7000.0,7000.0,0.0,0,0.0,0.0,0.0,109.0,0,6,True,False,False,False,True,False,False,True,False,False,False,True,False,False,False,False,False,False,False,False,False,False,False,False,False,False,False,True,False,False,False,True,False,False,0
99,1,42499.0,0.0,50800.0,1,1,1,1,2,0,1,1,0,1,0,0,4,0,0,1,99,99,1,26,1,0,6,0,22,51,8800.0,6300.0,2500.0,0,0.0,0.0,0.0,391.0,1,0,True,False,False,False,True,False,False,True,True,False,False,False,False,False,False,False,False,False,False,False,False,False,False,False,False,False,False,True,False,False,False,True,False,False,1
99,1,225000.0,0.0,70729.0,1,1,1,1,2,0,1,1,3,1,0,0,3,0,0,1,99,99,0,17,0,1,5,1,11,16,199.0,199.0,0.0,0,0.0,0.0,0.0,501.0,1,0,True,False,False,False,True,False,False,True,True,False,False,False,False,False,False,False,False,False,False,False,False,False,False,False,False,False,False,True,False,False,False,True,False,False,1
99,0,999999.0,437.0,9700.0,2,0,0,1,0,0,0,0,0,0,0,0,1,0,0,2,99,99,0,22,0,0,6,0,24,47,25000.0,25000.0,0.0,0,0.0,0.0,0.0,388.0,1,0,True,False,False,False,True,False,False,True,False,False,False,False,False,False,False,False,False,True,False,False,False,False,False,False,False,False,False,True,False,False,False,True,False,False,1
99,0,999999.0,575.0,37731.0,2,0,0,0,0,0,0,0,0,0,0,0,1,0,0,2,99,99,0,49,0,0,5,0,16,15,10063.0,10063.0,0.0,0,0.0,0.0,0.0,156.0,1,0,True,False,False,False,True,False,False,True,False,False,False,False,False,False,False,False,False,True,False,False,False,False,False,False,False,False,False,True,True,False,False,False,False,False,1
99,1,400000.0,0.0,94000.0,1,1,0,0,0,0,0,0,0,0,2,1,2,0,0,1,99,99,0,53,1,1,7,2,41,68,70000.0,70000.0,0.0,0,0.0,0.0,0.0,501.0,0,5,True,False,False,False,True,False,False,True,False,False,False,True,False,False,False,False,False,False,False,False,False,False,False,False,False,False,False,True,False,False,True,False,False,False,1
99,0,999999.0,1000.0,51882.0,1,1,1,1,0,0,0,0,0,0,2,1,4,2,0,1,15,12,0,41,1,0,6,0,41,68,30000.0,0.0,30000.0,0,0.0,0.0,0.0,413.0,1,2,True,False,False,False,True,False,False,True,False,False,False,True,False,False,False,False,False,False,False,False,False,False,False,False,False,False,False,True,False,False,True,False,False,False,1
99,1,187500.0,0.0,34000.0,1,1,2,1,3,0,5,0,0,0,0,0,6,0,0,1,99,99,1,2,1,0,7,0,0,0,0.0,999999.0,999999.0,999999,99999.0,99999.0,99999.0,199.0,1,0,True,False,False,False,True,False,False,True,False,False,True,False,False,False,False,False,False,False,False,False,False,False,False,False,False,False,False,True,False,False,False,True,False,False,1
99,1,225000.0,0.0,58000.0,1,1,1,1,0,0,0,0,0,0,1,2,4,2,0,1,16,13,0,47,1,0,8,0,41,68,18000.0,0.0,18000.0,0,0.0,0.0,0.0,461.0,1,0,True,False,False,False,True,False,False,True,False,False,False,False,False,False,False,False,False,False,False,False,True,False,False,True,False,False,False,False,False,False,True,False,False,False,1
99,0,999999.0,875.0,34000.0,1,1,1,1,2,0,1,1,0,1,0,0,4,0,0,1,99,99,1,4,1,0,0,0,0,0,0.0,999999.0,999999.0,999999,99999.0,99999.0,99999.0,270.0,1,0,True,False,False,False,True,False,False,True,True,False,False,False,False,False,False,False,False,False,False,False,False,False,False,False,False,False,False,True,False,False,False,True,False,False,1
99,1,187500.0,0.0,40000.0,1,1,1,1,0,0,0,0,0,0,1,1,5,3,1,1,12,3,0,32,0,0,6,0,0,0,0.0,0.0,0.0,0,0.0,0.0,0.0,270.0,1,0,True,False,False,False,True,False,False,True,False,False,False,False,False,False,False,False,False,False,False,False,True,False,False,False,False,False,False,True,False,False,True,False,False,False,1
99,0,999999.0,512.0,23678.0,3,0,0,2,0,0,0,4,0,3,0,0,2,0,0,3,99,99,0,21,1,0,5,0,29,27,11000.0,11000.0,0.0,0,0.0,0.0,0.0,245.0,1,0,True,False,False,False,True,False,False,True,False,False,False,False,False,False,False,False,False,True,False,False,False,False,False,False,False,False,False,True,False,False,False,True,False,False,0
99,1,187500.0,0.0,18000.0,2,0,0,0,0,0,0,0,0,0,0,0,1,0,0,1,99,99,0,26,1,0,6,0,26,22,18000.0,18000.0,0.0,0,0.0,0.0,0.0,279.0,0,7,True,False,False,False,True,False,False,True,False,False,False,True,False,False,False,False,False,False,False,False,False,False,False,False,False,False,False,True,False,False,False,True,False,False,1
99,0,999999.0,625.0,60000.0,2,2,1,1,5,7,3,4,0,3,0,0,3,0,0,2,99,99,0,2,1,0,7,0,0,0,0.0,999999.0,999999.0,999999,99999.0,99999.0,99999.0,90.0,1,0,True,False,False,False,True,False,False,True,False,False,False,False,False,True,False,False,False,False,False,False,False,False,False,False,False,False,False,True,False,False,False,True,False,False,1
99,0,999999.0,575.0,58600.0,1,1,1,1,2,0,1,1,0,1,0,0,4,0,0,1,99,99,1,6,0,1,0,1,0,0,0.0,999999.0,999999.0,999999,99999.0,99999.0,99999.0,466.0,0,0,True,False,False,False,True,False,False,True,True,False,False,False,False,False,False,False,False,False,False,False,False,False,False,False,False,False,False,True,False,False,False,True,False,False,1
99,1,225000.0,0.0,10000.0,1,1,1,1,0,0,0,0,0,0,2,1,5,3,0,1,19,17,0,43,1,0,7,0,29,27,10000.0,10000.0,0.0,0,0.0,0.0,0.0,64.0,0,5,True,False,False,False,True,False,False,True,False,False,False,True,False,False,False,False,False,False,False,False,False,False,False,False,False,False,False,True,False,False,True,False,False,False,1
99,0,999999.0,112.0,33068.0,1,1,3,1,3,0,5,0,0,0,0,0,6,0,0,1,99,99,0,2,0,0,7,0,0,0,0.0,999999.0,999999.0,999999,99999.0,99999.0,99999.0,190.0,1,0,True,False,False,False,True,False,False,True,False,False,True,False,False,False,False,False,False,False,False,False,False,False,True,False,False,False,False,False,False,False,False,True,False,False,1
99,1,112500.0,0.0,52428.0,1,1,1,1,0,0,0,0,0,0,1,1,4,2,0,1,29,19,0,52,0,0,2,0,0,0,0.0,0.0,0.0,0,0.0,0.0,0.0,410.0,0,0,True,False,False,False,True,False,False,True,False,False,False,False,False,False,False,False,False,False,False,False,True,False,False,False,False,True,False,False,False,False,True,False,False,False,1
99,1,137500.0,0.0,33000.0,1,1,1,1,0,0,0,0,0,0,2,1,6,4,1,1,19,1,0,60,1,0,7,0,25,15,33000.0,33000.0,0.0,0,0.0,0.0,0.0,193.0,0,2,True,False,False,False,True,False,False,True,False,False,False,True,False,False,False,False,False,False,False,False,False,False,False,False,False,False,False,True,False,False,True,False,False,False,1
99,0,999999.0,625.0,20200.0,2,0,0,1,0,0,0,1,0,1,0,0,2,0,0,1,99,99,0,0,1,0,7,0,0,0,0.0,999999.0,999999.0,999999,99999.0,99999.0,99999.0,236.0,1,0,True,False,False,False,True,False,False,True,True,False,False,False,False,False,False,False,False,False,False,False,False,False,True,False,False,False,False,False,False,False,False,True,False,False,1
99,0,999999.0,487.0,20000.0,1,0,0,0,0,0,0,0,0,0,0,0,1,0,0,1,99,99,0,24,1,1,8,2,26,22,20000.0,20000.0,0.0,0,0.0,0.0,0.0,310.0,1,1,True,False,False,False,True,False,False,True,False,False,False,True,False,False,False,False,False,False,False,False,False,False,False,False,False,True,False,False,False,False,False,True,False,False,1
99,1,162500.0,0.0,69540.0,1,1,2,1,3,0,2,0,0,0,0,0,5,0,0,1,99,99,1,6,0,0,0,0,0,0,0.0,999999.0,999999.0,999999,99999.0,99999.0,99999.0,458.0,1,0,True,False,False,False,True,False,False,True,False,False,True,False,False,False,False,False,False,False,False,False,False,False,False,False,False,False,False,True,False,False,False,True,False,False,1
99,1,112500.0,0.0,49000.0,1,1,0,0,0,0,0,0,0,0,1,1,2,0,0,1,99,99,0,57,0,0,6,0,16,15,17000.0,17000.0,0.0,0,0.0,0.0,0.0,501.0,0,0,True,False,False,False,True,False,False,True,False,False,False,False,False,False,False,False,False,False,False,False,True,False,False,False,False,False,False,True,False,False,True,False,False,False,1
99,0,999999.0,875.0,49900.0,1,1,0,0,0,0,0,0,0,0,2,1,2,0,0,1,99,99,0,51,1,0,7,0,30,24,28000.0,28000.0,0.0,0,0.0,0.0,0.0,501.0,1,2,True,False,False,False,True,False,False,True,False,False,False,True,False,False,False,False,False,False,False,False,False,False,True,False,False,False,False,False,False,False,True,False,False,False,1
99,1,400000.0,0.0,55000.0,1,1,1,1,0,0,0,0,0,0,1,1,4,2,0,1,22,16,0,51,0,0,8,0,41,68,0.0,0.0,0.0,0,0.0,0.0,0.0,423.0,1,0,True,False,False,False,True,False,False,True,False,False,False,False,False,False,False,False,False,False,False,False,True,False,False,False,False,True,False,False,False,False,True,False,False,False,1
99,0,999999.0,537.0,8000.0,1,0,0,0,0,0,0,0,0,0,0,0,1,0,0,1,99,99,0,39,1,1,8,1,32,42,8000.0,12000.0,-4000.0,0,0.0,0.0,0.0,124.0,1,2,True,False,False,False,True,False,False,True,False,False,False,True,False,False,False,False,False,False,False,False,False,False,False,False,False,False,False,True,False,False,False,True,False,False,1
99,0,999999.0,487.0,42097.0,1,0,1,0,1,0,1,0,0,0,0,0,3,0,0,1,99,99,1,14,0,1,2,1,0,0,0.0,999999.0,999999.0,999999,99999.0,99999.0,99999.0,422.0,0,0,True,False,False,False,True,False,False,True,True,False,False,False,False,False,False,False,False,False,False,False,False,False,False,False,True,False,False,False,False,False,False,True,False,False,1
99,0,999999.0,387.0,0.0,2,0,1,0,0,0,0,0,0,0,0,0,4,3,0,1,9,6,0,40,0,0,4,0,0,0,0.0,0.0,0.0,0,0.0,0.0,0.0,1.0,0,5,True,False,False,False,True,False,False,True,False,False,False,True,False,False,False,False,False,False,False,False,False,False,False,False,False,False,False,True,False,False,False,True,False,False,1
99,1,400000.0,0.0,195000.0,1,1,1,1,2,0,1,1,0,1,0,0,4,0,0,1,99,99,1,13,1,1,2,1,0,0,0.0,999999.0,999999.0,999999,99999.0,99999.0,99999.0,501.0,1,0,True,False,False,False,True,False,False,True,True,False,False,False,False,False,False,False,False,False,False,False,False,False,False,False,False,True,False,False,False,False,False,True,False,False,1
99,1,350000.0,0.0,29681.0,1,1,0,0,0,0,0,0,0,0,1,1,2,0,0,1,99,99,0,63,0,0,3,0,17,13,1200.0,1200.0,0.0,0,0.0,0.0,0.0,357.0,0,0,True,False,False,False,True,False,False,True,False,False,False,False,False,False,False,False,False,False,False,False,True,False,False,False,False,False,False,True,False,False,True,False,False,False,1
99,0,999999.0,537.0,20000.0,1,0,1,0,0,0,0,0,0,0,0,0,2,1,0,1,21,21,0,38,0,0,6,0,24,47,6000.0,6000.0,0.0,0,0.0,0.0,0.0,241.0,0,5,True,False,False,False,True,False,False,True,False,False,False,True,False,False,False,False,False,False,False,False,False,False,False,False,False,False,False,True,True,False,False,False,False,False,1
99,0,999999.0,875.0,38000.0,1,1,1,1,0,0,0,0,0,0,1,1,4,2,0,1,14,10,0,40,0,0,6,0,18,44,13000.0,13000.0,0.0,0,0.0,0.0,0.0,302.0,0,0,True,False,False,False,True,False,False,True,False,False,False,False,False,False,False,False,False,False,False,False,True,False,False,False,False,False,False,True,False,False,True,False,False,False,1
99,1,52500.0,0.0,53295.0,1,1,1,1,2,0,1,1,0,1,0,0,6,0,0,1,99,99,3,17,0,1,6,1,24,44,0.0,0.0,0.0,0,0.0,0.0,0.0,306.0,0,0,True,False,False,False,True,False,False,True,True,False,False,False,False,False,False,False,False,False,False,False,False,False,False,False,False,False,False,True,False,False,False,True,False,False,1
99,1,162500.0,0.0,159779.0,1,1,1,1,0,0,0,0,0,0,1,1,8,6,0,1,19,11,0,44,0,0,7,0,38,68,18000.0,18000.0,0.0,0,0.0,0.0,0.0,501.0,1,0,True,False,False,False,True,False,False,True,False,False,False,False,False,False,False,False,False,False,False,False,True,False,False,False,False,True,False,False,False,False,True,False,False,False,1
99,1,137500.0,0.0,30500.0,1,1,1,1,0,0,0,0,0,0,1,1,4,2,0,1,9,5,0,39,0,0,1,0,17,11,14500.0,14500.0,0.0,0,0.0,0.0,0.0,243.0,1,0,True,False,False,False,True,False,False,True,False,False,False,False,False,False,False,False,False,False,False,False,True,False,False,False,False,False,False,True,False,False,True,False,False,False,1
99,1,275000.0,0.0,44030.0,1,0,1,0,1,0,1,0,0,0,0,0,3,0,0,1,99,99,1,19,1,1,6,1,24,47,3859.0,3859.0,0.0,0,0.0,0.0,0.0,441.0,1,0,True,False,False,False,True,False,False,True,True,False,False,False,False,False,False,False,False,False,False,False,False,False,False,False,False,False,False,True,False,False,False,True,False,False,1
99,0,999999.0,675.0,15000.0,1,1,1,1,0,0,0,0,0,0,2,1,6,3,1,1,17,0,0,38,1,1,6,2,29,27,15000.0,15000.0,0.0,0,0.0,0.0,0.0,88.0,1,1,True,False,False,False,True,False,False,True,False,False,False,True,False,False,False,False,False,False,False,False,False,False,False,False,False,False,False,True,False,False,True,False,False,False,1
99,0,999999.0,875.0,13000.0,2,0,1,0,1,0,1,0,0,0,0,0,2,0,0,1,99,99,0,6,0,1,1,1,0,0,0.0,999999.0,999999.0,999999,99999.0,99999.0,99999.0,152.0,1,0,True,False,False,False,True,False,False,True,True,False,False,False,False,False,False,False,False,False,False,False,False,False,False,False,False,False,False,True,False,False,False,True,False,False,1
99,1,162500.0,0.0,65000.0,1,1,1,1,2,0,1,1,0,1,0,0,5,0,0,1,99,99,1,9,0,1,1,1,0,0,0.0,999999.0,999999.0,999999,99999.0,99999.0,99999.0,429.0,0,0,True,False,False,False,True,False,False,True,True,False,False,False,False,False,False,False,False,False,False,False,False,False,False,False,False,False,False,True,False,False,False,True,False,False,1
99,0,999999.0,162.0,0.0,1,0,0,0,0,0,0,0,0,0,0,0,1,0,0,1,99,99,0,55,0,0,6,0,22,61,0.0,0.0,0.0,0,0.0,0.0,0.0,1.0,0,5,True,False,False,False,True,False,False,True,False,False,False,True,False,False,False,False,False,False,False,False,False,False,False,False,False,False,False,True,False,False,False,False,True,False,1
99,0,999999.0,675.0,65300.0,1,0,0,0,0,0,0,0,0,0,0,0,1,0,0,1,99,99,0,32,1,0,8,0,61,93,65300.0,65000.0,0.0,0,0.0,0.0,0.0,501.0,1,1,True,False,False,False,True,False,False,True,False,False,False,True,False,False,False,False,False,False,False,False,False,False,False,False,False,False,False,True,False,False,False,True,False,False,0
99,0,999999.0,512.0,12264.0,3,0,0,0,0,0,0,0,0,0,0,0,1,0,0,2,99,99,0,18,0,0,6,0,26,52,6000.0,6000.0,0.0,0,0.0,0.0,0.0,93.0,1,0,True,False,False,False,True,False,False,True,False,False,False,False,False,True,False,False,False,False,False,False,False,False,False,False,False,False,False,True,False,False,False,True,False,False,1
99,0,999999.0,0.0,999999.0,1,0,0,0,0,0,0,0,0,0,0,0,1,0,0,1,99,99,0,19,1,1,6,1,20,8,174.0,0.0,0.0,0,24.0,0.0,0.0,0.0,1,0,False,False,True,False,False,True,False,True,False,False,False,False,False,True,False,False,False,False,False,False,False,False,False,True,False,False,False,False,False,False,False,True,False,False,0
99,0,999999.0,362.0,15189.0,2,0,1,0,1,0,1,0,0,0,0,0,8,0,0,1,99,99,6,6,1,1,0,1,0,0,0.0,999999.0,999999.0,999999,99999.0,99999.0,99999.0,75.0,0,0,True,False,False,False,True,False,False,True,True,False,False,False,False,False,False,False,False,False,False,False,False,False,True,False,False,False,False,False,False,False,False,True,False,False,1
99,1,187500.0,0.0,42605.0,1,0,1,0,0,0,0,0,0,0,0,0,2,1,0,1,41,41,0,72,0,0,6,0,0,0,14600.0,0.0,0.0,0,9800.0,0.0,0.0,501.0,0,7,True,False,False,False,True,False,False,True,False,False,False,True,False,False,False,False,False,False,False,False,False,False,False,False,False,False,False,True,False,False,False,True,False,False,1
99,0,999999.0,512.0,38000.0,1,0,0,1,0,0,0,1,0,1,0,0,2,0,0,1,99,99,0,6,1,1,1,1,0,0,0.0,999999.0,999999.0,999999,99999.0,99999.0,99999.0,445.0,0,0,True,False,False,False,True,False,False,True,True,False,False,False,False,False,False,False,False,False,False,False,False,False,True,False,False,False,False,False,False,False,False,True,False,False,1
99,1,162500.0,0.0,15112.0,9,1,1,1,0,0,0,0,0,0,0,0,1,0,0,9,99,99,0,38,1,0,2,0,31,65,7000.0,7000.0,0.0,0,0.0,0.0,0.0,109.0,0,0,True,False,False,False,True,False,False,True,False,False,False,False,False,True,False,False,False,False,False,False,False,False,False,False,False,False,False,True,False,False,False,True,False,False,1
99,0,999999.0,512.0,12513.0,1,0,0,0,0,0,0,0,0,0,0,0,1,0,0,1,99,99,0,68,1,0,8,0,22,60,12513.0,12484.0,0.0,0,0.0,0.0,0.0,210.0,0,6,True,False,False,False,True,False,False,True,False,False,False,True,False,False,False,False,False,False,False,False,False,False,True,False,False,False,False,False,False,False,False,True,False,False,0
99,1,225000.0,0.0,58500.0,1,1,1,1,0,0,0,0,0,0,2,1,5,3,0,1,19,13,0,51,1,0,7,0,37,49,35000.0,0.0,35000.0,0,0.0,0.0,0.0,386.0,0,6,True,False,False,False,True,False,False,True,False,False,False,True,False,False,False,False,False,False,False,False,False,False,False,False,False,False,False,True,False,False,True,False,False,False,1
99,0,999999.0,1000.0,45000.0,2,0,0,0,0,0,0,0,0,0,0,0,1,0,0,1,99,99,0,31,1,0,7,0,22,18,45000.0,45000.0,0.0,0,0.0,0.0,0.0,501.0,1,1,True,False,False,False,True,False,False,True,False,False,False,True,False,False,False,False,False,False,False,False,False,False,True,False,False,False,False,False,True,False,False,False,False,False,1
99,0,999999.0,512.0,20000.0,2,0,0,0,0,0,0,0,0,0,0,0,1,0,0,2,99,99,0,20,0,1,7,1,6,7,0.0,0.0,0.0,0,0.0,0.0,0.0,1.0,1,0,True,False,False,False,True,False,False,True,False,False,False,False,False,False,False,False,False,True,False,False,False,False,False,False,False,False,False,True,False,False,False,True,False,False,1
99,1,350000.0,0.0,80235.0,1,1,1,1,2,0,1,1,0,1,0,0,5,0,0,1,99,99,2,15,0,1,4,1,0,0,0.0,999999.0,999999.0,999999,0.0,0.0,0.0,501.0,1,0,True,False,False,False,True,False,False,True,True,False,False,False,False,False,False,False,False,False,False,False,False,False,False,False,False,True,False,False,False,False,False,True,False,False,1
99,1,95000.0,0.0,52000.0,1,1,1,1,2,7,1,1,0,1,0,0,3,0,0,1,99,99,0,11,1,1,2,2,0,0,0.0,999999.0,999999.0,999999,99999.0,99999.0,99999.0,501.0,0,0,True,False,False,False,True,False,False,True,True,False,False,False,False,False,False,False,False,False,False,False,False,False,True,False,False,False,False,False,False,False,False,True,False,False,1
99,1,275000.0,0.0,45148.0,1,0,2,0,1,0,1,0,0,0,0,0,5,0,0,1,99,99,2,11,1,1,2,1,0,0,0.0,999999.0,999999.0,999999,99999.0,99999.0,99999.0,305.0,0,0,True,False,False,False,True,False,False,True,True,False,False,False,False,False,False,False,False,False,False,False,False,False,False,False,False,False,False,True,False,False,False,True,False,False,1
99,1,187500.0,0.0,42161.0,2,1,0,0,0,0,0,0,0,0,1,1,2,0,0,1,99,99,0,30,0,0,7,0,22,61,42161.0,42031.0,0.0,0,0.0,0.0,0.0,501.0,0,0,True,False,False,False,True,False,False,True,False,False,False,False,False,False,False,False,False,False,False,False,True,False,False,False,False,False,False,True,False,False,True,False,False,False,1
99,0,999999.0,1000.0,55500.0,1,1,1,1,2,0,1,1,0,1,0,0,4,0,0,1,99,99,1,19,1,1,7,1,21,66,5500.0,5500.0,0.0,0,0.0,0.0,0.0,427.0,1,0,True,False,False,False,True,False,False,True,True,False,False,False,False,False,False,False,False,False,False,False,False,False,False,False,False,False,False,True,False,False,False,True,False,False,1
99,0,999999.0,575.0,30800.0,1,1,1,1,2,0,1,1,0,1,0,0,5,0,0,1,99,99,1,2,0,0,7,0,0,0,0.0,999999.0,999999.0,999999,99999.0,99999.0,99999.0,203.0,1,0,True,False,False,False,True,False,False,True,True,False,False,False,False,False,False,False,False,False,False,False,False,False,True,False,False,False,False,False,False,False,False,True,False,False,1
99,1,162500.0,0.0,47000.0,1,1,1,1,0,0,0,0,0,0,1,1,4,2,2,1,4,0,0,33,0,0,7,0,38,68,0.0,0.0,0.0,0,0.0,0.0,0.0,374.0,1,0,True,False,False,False,True,False,False,True,False,False,False,False,False,False,False,False,False,False,False,False,True,False,False,False,False,False,False,True,False,False,True,False,False,False,1
99,1,187500.0,0.0,22844.0,1,1,0,0,0,0,0,0,0,0,1,1,2,0,0,1,99,99,0,68,0,0,6,0,0,0,3682.0,0.0,0.0,0,3682.0,0.0,0.0,305.0,0,0,True,False,False,False,True,False,False,True,False,False,False,False,False,False,False,False,False,False,False,False,True,False,False,False,False,False,False,True,False,False,True,False,False,False,1
99,1,225000.0,0.0,57601.0,1,0,0,0,0,0,0,0,0,0,0,0,2,0,0,1,99,99,1,68,1,0,8,0,46,84,28973.0,0.0,0.0,0,7728.0,0.0,0.0,501.0,0,6,True,False,False,False,True,False,False,True,False,False,False,True,False,False,False,False,False,False,False,False,False,False,False,False,False,False,False,True,True,False,False,False,False,False,1
99,1,225000.0,0.0,19700.0,1,0,0,0,0,0,0,0,0,0,0,0,1,0,0,1,99,99,0,52,1,0,6,0,30,67,19700.0,0.0,18000.0,0,0.0,0.0,0.0,305.0,0,6,True,False,False,False,True,False,False,True,False,False,False,True,False,False,False,False,False,False,False,False,False,False,False,False,False,False,False,True,False,False,False,True,False,False,0
99,0,999999.0,312.0,11400.0,1,1,1,1,0,0,0,0,0,0,1,1,5,3,0,1,10,7,0,32,0,0,1,0,0,0,0.0,0.0,0.0,0,0.0,0.0,0.0,77.0,0,0,True,False,False,False,True,False,False,True,False,False,False,False,False,False,False,False,False,False,False,False,True,False,False,False,False,False,False,True,False,False,True,False,False,False,1
99,0,999999.0,575.0,28472.0,1,0,1,0,0,0,0,0,0,0,0,0,2,1,0,1,19,19,0,50,0,0,6,0,23,18,15472.0,15472.0,0.0,0,0.0,0.0,0.0,343.0,1,1,True,False,False,False,True,False,False,True,False,False,False,True,False,False,False,False,False,False,False,False,False,False,False,False,False,False,False,True,False,False,False,False,False,True,1
99,0,999999.0,875.0,18000.0,2,0,0,0,0,0,0,0,0,0,0,0,1,0,0,1,99,99,0,21,1,0,7,0,18,44,18000.0,18000.0,0.0,0,0.0,0.0,0.0,279.0,1,1,True,False,False,False,True,False,False,True,False,False,False,True,False,False,False,False,False,False,False,False,False,False,False,False,False,False,False,True,False,False,False,True,False,False,1
99,0,999999.0,575.0,29000.0,1,1,1,1,0,0,0,0,0,0,0,0,6,0,0,1,99,99,1,31,0,1,7,1,0,0,0.0,0.0,0.0,0,0.0,0.0,0.0,170.0,1,0,True,False,False,False,True,False,False,True,False,False,False,False,False,False,False,False,False,False,True,False,False,False,False,False,False,False,False,True,False,False,False,True,False,False,1
99,1,162500.0,0.0,51991.0,1,1,0,0,0,0,0,0,0,0,0,0,3,0,0,1,99,99,0,23,1,0,2,0,17,11,2991.0,2991.0,0.0,0,0.0,0.0,0.0,501.0,0,0,True,False,False,False,True,False,False,True,False,False,False,False,False,False,True,False,False,False,False,False,False,False,False,False,False,False,False,True,False,False,False,True,False,False,1
99,1,27500.0,0.0,13272.0,1,1,0,0,0,0,0,0,0,0,2,1,2,0,0,1,99,99,0,72,1,0,2,0,0,0,9504.0,0.0,0.0,0,0.0,0.0,0.0,177.0,0,7,True,False,False,False,True,False,False,True,False,False,False,True,False,False,False,False,False,False,False,False,False,False,True,False,False,False,False,False,False,False,True,False,False,False,1
99,1,400000.0,0.0,14358.0,1,1,1,1,0,0,0,0,0,0,2,1,4,2,0,1,53,46,0,84,1,0,3,0,0,0,8748.0,0.0,0.0,0,7440.0,1308.0,0.0,112.0,0,8,True,False,False,False,True,False,False,True,False,False,False,True,False,False,False,False,False,False,False,False,False,False,False,False,False,False,False,True,False,False,True,False,False,False,1
99,0,999999.0,875.0,24504.0,2,0,0,0,0,0,0,0,0,0,0,0,1,0,0,1,99,99,0,25,1,0,8,0,41,68,24504.0,24500.0,0.0,0,0.0,0.0,0.0,380.0,1,1,True,False,False,False,True,False,False,True,False,False,False,True,False,False,False,False,False,False,False,False,False,False,False,False,False,False,False,True,False,False,False,True,False,False,1
99,1,112500.0,0.0,15000.0,3,0,0,1,0,0,0,1,0,1,0,0,3,0,0,1,99,99,1,3,0,0,0,0,0,0,0.0,999999.0,999999.0,999999,99999.0,99999.0,99999.0,150.0,1,0,True,False,False,False,True,False,False,True,True,False,False,False,False,False,False,False,False,False,False,False,False,False,False,False,False,False,False,True,False,False,False,True,False,False,1
99,1,400000.0,0.0,12000.0,1,0,1,0,1,0,1,0,0,0,0,0,3,0,0,1,99,99,0,20,0,0,6,0,0,0,0.0,0.0,0.0,0,0.0,0.0,0.0,120.0,0,0,True,False,False,False,True,False,False,True,True,False,False,False,False,False,False,False,False,False,False,False,False,False,True,False,False,False,False,False,False,False,False,True,False,False,1
99,1,350000.0,0.0,151500.0,1,1,0,0,0,0,0,0,0,0,1,2,2,0,0,1,99,99,0,36,1,0,8,0,61,93,111000.0,111000.0,0.0,0,0.0,0.0,0.0,501.0,0,0,True,False,False,False,True,False,False,True,False,False,False,False,False,False,False,False,False,False,False,False,True,False,False,False,False,False,False,True,False,False,True,False,False,False,1
99,1,400000.0,0.0,59083.0,2,0,0,0,0,0,0,0,0,0,0,0,1,0,0,2,99,99,0,33,1,0,8,0,37,78,50200.0,50000.0,0.0,0,0.0,0.0,0.0,501.0,1,0,True,False,False,False,True,False,False,True,False,False,False,False,False,False,False,False,False,True,False,False,False,False,False,False,False,False,False,True,False,False,False,True,False,False,1
99,0,999999.0,675.0,23500.0,1,1,1,1,2,0,1,1,0,1,0,0,5,0,0,1,99,99,2,10,0,1,1,1,0,0,0.0,999999.0,999999.0,999999,99999.0,99999.0,99999.0,159.0,1,0,True,False,False,False,True,False,False,True,True,False,False,False,False,False,False,False,False,False,False,False,False,False,False,False,False,False,False,True,False,False,False,True,False,False,1
99,0,999999.0,875.0,74000.0,1,1,1,1,0,0,0,0,0,0,0,0,6,0,0,1,99,99,1,39,0,0,6,0,24,47,20000.0,20000.0,0.0,0,0.0,0.0,0.0,424.0,1,0,True,False,False,False,True,False,False,True,False,False,False,False,False,False,False,False,False,False,False,True,False,False,False,False,False,False,False,True,True,False,False,False,False,False,1
99,1,400000.0,0.0,123515.0,1,1,1,1,2,0,1,1,0,1,0,0,4,0,0,1,99,99,1,12,1,1,2,2,0,0,0.0,999999.0,999999.0,999999,99999.0,99999.0,99999.0,501.0,1,0,True,False,False,False,True,False,False,True,True,False,False,False,False,False,False,False,False,False,False,False,False,False,False,False,False,False,False,True,False,False,False,True,False,False,1
99,0,999999.0,437.0,14000.0,1,1,1,1,2,0,1,1,0,1,0,0,3,0,0,1,99,99,0,0,0,0,7,0,0,0,0.0,999999.0,999999.0,999999,99999.0,99999.0,99999.0,140.0,1,0,True,False,False,False,True,False,False,True,True,False,False,False,False,False,False,False,False,False,False,False,False,False,False,False,False,False,False,True,False,False,False,True,False,False,1
99,1,137500.0,0.0,56472.0,1,1,1,1,2,0,1,1,0,1,0,0,9,0,0,1,99,99,5,18,1,1,6,1,18,44,5000.0,5000.0,0.0,0,0.0,0.0,0.0,214.0,1,0,True,False,False,False,True,False,False,True,True,False,False,False,False,False,False,False,False,False,False,False,False,False,False,False,False,False,False,True,False,False,False,True,False,False,1
99,1,112500.0,0.0,24042.0,1,1,0,0,0,0,0,0,0,0,1,1,2,0,0,1,99,99,0,70,0,0,7,0,0,0,5000.0,0.0,0.0,0,5000.0,0.0,0.0,321.0,0,0,True,False,False,False,True,False,False,True,False,False,False,False,False,False,False,False,False,False,False,False,True,False,False,False,True,False,False,False,False,False,True,False,False,False,1
99,1,162500.0,0.0,59547.0,1,0,1,0,1,0,1,0,0,0,0,0,2,0,0,1,99,99,0,27,1,0,7,0,18,19,10000.0,10000.0,0.0,0,0.0,0.0,0.0,501.0,0,0,True,False,False,False,True,False,False,True,True,False,False,False,False,False,False,False,False,False,False,False,False,False,False,False,True,False,False,False,False,False,False,True,False,False,1
99,1,400000.0,0.0,58400.0,1,1,1,1,0,0,0,0,0,0,2,1,4,2,0,1,16,14,0,48,1,0,8,0,22,32,30500.0,0.0,30000.0,0,0.0,0.0,0.0,464.0,1,2,True,False,False,False,True,False,False,True,False,False,False,True,False,False,False,False,False,False,False,False,False,False,False,False,False,False,False,True,False,False,True,False,False,False,1
99,0,999999.0,575.0,20100.0,1,1,1,1,0,0,0,0,0,0,2,1,3,1,1,1,1,1,0,25,1,0,3,0,23,16,20100.0,20000.0,0.0,0,0.0,0.0,0.0,201.0,1,1,True,False,False,False,True,False,False,True,False,False,False,True,False,False,False,False,False,False,False,False,False,False,False,False,False,False,False,True,False,False,True,False,False,False,1
99,1,400000.0,0.0,174000.0,1,1,1,1,0,0,0,0,0,0,2,1,5,3,0,1,9,9,0,36,1,0,8,0,41,68,138000.0,118000.0,0.0,0,0.0,0.0,0.0,501.0,1,1,True,False,False,False,True,False,False,True,False,False,False,True,False,False,False,False,False,False,False,False,False,False,False,True,False,False,False,False,False,False,True,False,False,False,1
99,0,999999.0,625.0,39000.0,1,0,0,1,0,0,0,1,0,1,0,0,2,0,0,1,99,99,0,28,0,1,8,1,22,60,2000.0,2000.0,0.0,0,0.0,0.0,0.0,470.0,1,0,True,False,False,False,True,False,False,True,True,False,False,False,False,False,False,False,False,False,False,False,False,False,False,False,False,True,False,False,False,False,False,True,False,False,1
99,1,350000.0,0.0,42000.0,1,0,1,0,1,0,1,0,0,0,0,0,3,0,0,1,99,99,1,20,0,1,6,1,11,16,2000.0,2000.0,0.0,0,0.0,0.0,0.0,421.0,0,0,True,False,False,False,True,False,False,True,True,False,False,False,False,False,False,False,False,False,False,False,False,False,False,False,False,False,False,True,False,False,False,True,False,False,1
99,0,999999.0,0.0,999999.0,1,0,0,0,0,0,0,0,0,0,0,0,1,0,0,1,99,99,0,22,1,1,8,2,17,26,8030.0,8000.0,0.0,0,0.0,0.0,0.0,0.0,1,0,False,False,True,False,False,True,False,True,False,False,False,False,False,True,False,False,False,False,False,False,False,False,False,False,False,False,False,True,False,False,False,True,False,False,0
99,0,999999.0,487.0,27932.0,1,0,1,0,1,0,1,0,0,0,0,0,2,0,0,1,99,99,0,29,1,0,7,0,25,18,24060.0,24000.0,0.0,0,0.0,0.0,0.0,336.0,0,0,True,False,False,False,True,False,False,True,True,False,False,False,False,False,False,False,False,False,False,False,False,False,False,False,False,False,False,True,False,False,False,True,False,False,1
99,1,112500.0,0.0,49500.0,1,1,1,1,0,0,0,0,0,0,2,1,3,1,0,1,48,48,0,79,1,0,6,0,0,0,15248.0,0.0,0.0,0,7800.0,0.0,0.0,501.0,0,8,True,False,False,False,True,False,False,True,False,False,False,True,False,False,False,False,False,False,False,False,False,False,False,False,False,False,False,True,False,False,True,False,False,False,1
99,0,999999.0,412.0,13000.0,2,0,0,1,0,0,0,1,0,1,0,0,3,0,0,1,99,99,1,2,1,0,7,0,0,0,0.0,999999.0,999999.0,999999,99999.0,99999.0,99999.0,130.0,1,0,True,False,False,False,True,False,False,True,True,False,False,False,False,False,False,False,False,False,False,False,False,False,False,False,False,False,False,True,False,False,False,True,False,False,1
99,1,137500.0,0.0,117252.0,1,1,1,1,0,0,0,0,0,0,2,1,7,3,0,1,24,19,0,57,1,0,7,0,31,33,41480.0,41480.0,0.0,0,0.0,0.0,0.0,501.0,0,6,True,False,False,False,True,False,False,True,False,False,False,True,False,False,False,False,False,False,False,False,False,False,False,False,False,True,False,False,False,False,True,False,False,False,1
99,0,999999.0,0.0,999999.0,1,0,0,0,0,0,0,0,0,0,0,0,1,0,0,1,99,99,0,19,0,1,7,2,25,44,4100.0,4100.0,0.0,0,0.0,0.0,0.0,0.0,1,0,False,False,True,False,False,True,False,True,False,False,False,False,False,True,False,False,False,False,False,False,False,False,False,False,False,False,False,True,False,False,False,True,False,False,0
99,1,112500.0,0.0,22800.0,1,1,1,1,2,0,1,1,0,1,0,0,6,0,0,1,99,99,3,7,0,1,1,1,0,0,0.0,999999.0,999999.0,999999,99999.0,99999.0,99999.0,138.0,1,0,True,False,False,False,True,False,False,True,True,False,False,False,False,False,False,False,False,False,False,False,False,False,False,False,False,False,False,True,False,False,False,True,False,False,1
99,1,187500.0,0.0,43400.0,1,1,1,1,0,0,0,0,0,0,2,1,4,2,0,1,10,7,0,34,1,0,7,0,24,47,43400.0,40000.0,0.0,0,0.0,0.0,0.0,345.0,0,6,True,False,False,False,True,False,False,True,False,False,False,True,False,False,False,False,False,False,False,False,False,False,False,False,False,False,False,True,False,False,True,False,False,False,1
99,1,275000.0,0.0,57840.0,1,1,1,1,0,0,0,0,0,0,1,1,4,2,1,1,7,3,0,36,0,0,7,0,26,72,10890.0,10740.0,0.0,0,0.0,0.0,0.0,460.0,0,0,True,False,False,False,True,False,False,True,False,False,False,False,False,False,False,False,False,False,False,False,True,False,False,False,False,False,False,True,False,False,True,False,False,False,1
99,1,350000.0,0.0,117000.0,1,1,1,1,2,0,1,1,0,1,0,0,4,0,0,1,99,99,1,32,1,0,6,0,40,77,17000.0,17000.0,0.0,0,0.0,0.0,0.0,501.0,1,0,True,False,False,False,True,False,False,True,True,False,False,False,False,False,False,False,False,False,False,False,False,False,False,False,False,False,False,True,False,False,False,False,True,False,1
99,0,999999.0,625.0,32720.0,1,0,2,0,0,0,0,0,0,0,0,0,4,0,0,1,99,99,1,39,1,0,6,0,20,8,18000.0,18000.0,0.0,0,0.0,0.0,0.0,252.0,1,0,True,False,False,False,True,False,False,True,False,False,False,False,False,False,False,False,False,False,True,False,False,False,True,False,False,False,False,False,False,False,False,True,False,False,1
99,0,999999.0,575.0,27803.0,1,1,1,1,2,0,1,1,0,1,0,0,6,0,0,1,99,99,3,23,0,0,6,0,18,44,4210.0,4210.0,0.0,0,0.0,0.0,0.0,159.0,1,0,True,False,False,False,True,False,False,True,True,False,False,False,False,False,False,False,False,False,False,False,False,False,False,False,False,True,False,False,False,False,False,True,False,False,0
99,0,999999.0,575.0,17157.0,1,0,0,0,0,0,0,0,0,0,0,0,1,0,0,1,99,99,0,36,0,1,7,1,11,16,17157.0,16895.0,0.0,0,0.0,0.0,0.0,266.0,1,2,True,False,False,False,True,False,False,True,False,False,False,True,False,False,False,False,False,False,False,False,False,False,False,False,False,False,False,True,True,False,False,False,False,False,1
99,1,162500.0,0.0,17430.0,1,1,0,0,0,0,0,0,0,0,1,1,2,0,0,1,99,99,0,70,0,0,6,0,6,19,6630.0,630.0,0.0,0,6000.0,0.0,0.0,233.0,0,0,True,False,False,False,True,False,False,True,False,False,False,False,False,False,False,False,False,False,False,False,True,False,True,False,False,False,False,False,False,False,True,False,False,False,1
99,0,999999.0,337.0,28240.0,1,1,1,1,2,0,1,1,0,1,0,0,9,0,0,1,99,99,6,12,1,1,2,1,0,0,0.0,999999.0,999999.0,999999,99999.0,99999.0,99999.0,113.0,0,0,True,False,False,False,True,False,False,True,True,False,False,False,False,False,False,False,False,False,False,False,False,False,False,False,False,False,False,True,False,False,False,True,False,False,1
99,0,999999.0,675.0,21000.0,1,0,1,0,1,0,1,0,0,0,0,0,3,0,0,1,99,99,1,11,0,1,2,1,0,0,0.0,999999.0,999999.0,999999,99999.0,99999.0,99999.0,210.0,1,0,True,False,False,False,True,False,False,True,True,False,False,False,False,False,False,False,False,False,False,False,False,False,False,False,False,False,False,True,False,False,False,True,False,False,1
99,1,187500.0,0.0,76900.0,1,1,0,0,0,0,0,0,0,0,3,1,3,0,0,1,99,99,0,28,1,0,7,0,24,47,30000.0,30000.0,0.0,0,0.0,0.0,0.0,501.0,0,0,True,False,False,False,True,False,False,True,False,False,False,False,False,False,True,False,False,False,False,False,False,False,False,False,False,False,False,True,False,False,True,False,False,False,1
99,0,999999.0,625.0,11000.0,3,2,1,1,0,0,0,0,0,0,0,0,1,0,0,3,99,99,0,19,1,0,6,0,26,19,3000.0,3000.0,0.0,0,0.0,0.0,0.0,47.0,1,0,True,False,False,False,True,False,False,True,False,False,False,False,False,False,False,False,False,True,False,False,False,False,False,False,False,False,False,True,False,False,False,True,False,False,0
99,1,275000.0,0.0,27847.0,1,1,0,0,0,0,0,0,0,0,1,1,2,0,0,1,99,99,0,61,0,0,6,0,0,0,0.0,0.0,0.0,0,0.0,0.0,0.0,335.0,0,0,True,False,False,False,True,False,False,True,False,False,False,False,False,False,False,False,False,False,False,False,True,False,False,False,False,False,False,True,False,False,True,False,False,False,1
99,0,999999.0,487.0,11880.0,1,1,1,1,2,0,1,1,0,1,0,0,6,0,0,1,99,99,3,11,0,1,2,1,0,0,0.0,999999.0,999999.0,999999,99999.0,99999.0,99999.0,70.0,1,0,True,False,False,False,True,False,False,True,True,False,False,False,False,False,False,False,False,False,False,False,False,False,False,False,False,True,False,False,False,False,False,True,False,False,1
99,1,187500.0,0.0,23636.0,1,0,0,0,0,0,0,0,0,0,0,0,1,0,0,1,99,99,0,57,0,0,1,0,31,53,23636.0,13848.0,8400.0,0,1388.0,0.0,0.0,366.0,0,6,True,False,False,False,True,False,False,True,False,False,False,True,False,False,False,False,False,False,False,False,False,False,False,False,False,False,False,True,False,False,False,False,False,True,0
99,1,350000.0,0.0,111810.0,1,1,1,1,2,0,1,1,0,1,0,0,5,0,0,1,99,99,2,15,1,1,2,2,0,0,0.0,999999.0,999999.0,999999,0.0,0.0,0.0,501.0,0,0,True,False,False,False,True,False,False,True,True,False,False,False,False,False,False,False,False,False,False,False,False,False,False,False,False,False,False,True,False,False,False,True,False,False,1
99,1,162500.0,0.0,19876.0,1,1,1,1,2,0,1,1,0,1,0,0,3,0,0,1,99,99,0,37,1,0,7,0,23,18,9156.0,780.0,0.0,0,4956.0,3420.0,0.0,205.0,1,0,True,False,False,False,True,False,False,True,True,False,False,False,False,False,False,False,False,False,False,False,False,False,False,False,False,False,False,True,False,False,False,True,False,False,0
99,0,999999.0,625.0,28941.0,1,0,1,0,0,0,0,0,0,0,0,0,2,1,0,1,15,15,0,33,0,1,7,1,37,78,28941.0,28941.0,0.0,0,0.0,0.0,0.0,339.0,1,2,True,False,False,False,True,False,False,True,False,False,False,True,False,False,False,False,False,False,False,False,False,False,False,False,False,False,False,True,False,False,False,False,True,False,0
99,1,187500.0,0.0,103000.0,2,0,0,0,0,0,0,0,0,0,0,0,1,0,0,2,99,99,0,60,0,0,6,0,24,44,30000.0,30000.0,0.0,0,0.0,0.0,0.0,465.0,1,0,True,False,False,False,True,False,False,True,False,False,False,False,False,False,False,False,False,True,False,False,False,False,False,False,False,False,False,True,True,False,False,False,False,False,1
99,0,999999.0,625.0,85500.0,1,0,0,0,0,0,0,0,0,0,0,0,2,0,0,1,99,99,1,35,1,0,6,0,27,50,50000.0,0.0,50000.0,0,0.0,0.0,0.0,501.0,0,0,True,False,False,False,True,False,False,True,False,False,False,False,False,False,False,False,False,False,True,False,False,False,False,False,False,False,False,True,False,False,False,True,False,False,1
99,0,999999.0,437.0,17500.0,2,1,1,1,2,0,1,1,0,1,0,0,9,0,0,1,99,99,5,2,1,0,7,0,0,0,0.0,999999.0,999999.0,999999,99999.0,99999.0,99999.0,70.0,1,0,True,False,False,False,True,False,False,True,True,False,False,False,False,False,False,False,False,False,False,False,False,False,False,False,False,False,False,True,False,False,False,True,False,False,1
99,0,999999.0,537.0,35135.0,1,1,0,0,0,0,0,0,0,0,1,2,2,0,0,1,99,99,0,46,1,1,7,1,20,31,0.0,0.0,0.0,0,0.0,0.0,0.0,423.0,1,0,True,False,False,False,True,False,False,True,False,False,False,False,False,False,False,False,False,False,False,False,True,False,False,False,False,False,False,True,False,False,True,False,False,False,1
99,0,999999.0,875.0,26000.0,1,2,2,1,0,0,0,0,0,0,0,0,11,2,2,1,4,1,1,25,0,1,6,1,24,44,3000.0,3000.0,0.0,0,0.0,0.0,0.0,101.0,1,0,True,False,False,False,True,False,False,True,False,False,False,False,False,False,False,False,False,False,False,True,False,False,False,False,False,False,False,True,False,False,False,False,True,False,1
99,0,999999.0,725.0,15000.0,1,1,1,1,0,0,0,0,0,0,2,1,5,3,0,1,14,6,0,37,1,0,6,0,11,18,15000.0,15000.0,0.0,0,0.0,0.0,0.0,101.0,0,2,True,False,False,False,True,False,False,True,False,False,False,True,False,False,False,False,False,False,False,False,False,False,True,False,False,False,False,False,False,False,True,False,False,False,1
99,0,999999.0,875.0,58000.0,2,0,0,1,0,0,0,0,0,0,0,0,5,0,0,1,99,99,0,27,1,0,5,0,25,15,18000.0,18000.0,0.0,0,0.0,0.0,0.0,392.0,1,0,True,False,False,False,True,False,False,True,False,False,False,False,False,False,True,False,False,False,False,False,False,False,False,False,False,False,False,True,False,False,False,True,False,False,1
99,0,999999.0,1000.0,28000.0,2,0,0,0,0,0,0,0,0,0,0,0,1,0,0,2,99,99,0,27,1,0,8,0,48,87,47250.0,47000.0,0.0,0,0.0,0.0,0.0,501.0,1,0,True,False,False,False,True,False,False,True,False,False,False,False,False,False,False,False,False,True,False,False,False,False,False,False,False,False,False,True,False,False,False,True,False,False,1
99,0,999999.0,337.0,35000.0,1,1,1,1,2,0,1,1,0,1,0,0,5,0,0,1,99,99,2,13,1,1,2,1,0,0,0.0,999999.0,999999.0,999999,99999.0,99999.0,99999.0,237.0,0,0,True,False,False,False,True,False,False,True,True,False,False,False,False,False,False,False,False,False,False,False,False,False,False,False,False,False,False,True,False,False,False,True,False,False,1
99,1,400000.0,0.0,65000.0,2,0,0,0,0,0,0,0,0,0,0,0,1,0,0,2,99,99,0,52,1,0,8,0,25,31,39110.0,39000.0,0.0,0,0.0,0.0,0.0,501.0,0,0,True,False,False,False,True,False,False,True,False,False,False,False,False,True,False,False,False,False,False,False,False,False,False,False,False,True,False,False,False,True,False,False,False,False,1
99,1,112500.0,0.0,9000.0,1,1,1,1,2,0,1,1,0,1,0,0,3,0,0,1,99,99,0,1,1,0,7,0,0,0,0.0,999999.0,999999.0,999999,99999.0,99999.0,99999.0,90.0,1,0,True,False,False,False,True,False,False,True,True,False,False,False,False,False,False,False,False,False,False,False,False,False,False,False,False,True,False,False,False,False,False,True,False,False,1
99,1,275000.0,0.0,130000.0,1,1,2,1,4,0,2,0,0,0,0,0,7,0,0,1,99,99,2,7,0,1,1,2,0,0,0.0,999999.0,999999.0,999999,99999.0,99999.0,99999.0,501.0,0,0,True,False,False,False,True,False,False,True,False,False,True,False,False,False,False,False,False,False,False,False,False,False,False,False,False,True,False,False,False,False,False,True,False,False,1
99,0,999999.0,625.0,21000.0,1,1,1,1,2,0,1,1,0,1,0,0,3,0,0,1,99,99,0,9,1,1,1,1,0,0,0.0,999999.0,999999.0,999999,99999.0,99999.0,99999.0,210.0,1,0,True,False,False,False,True,False,False,True,True,False,False,False,False,False,False,False,False,False,False,False,False,False,False,False,False,False,False,True,False,False,False,True,False,False,1
99,1,275000.0,0.0,55009.0,1,1,1,1,0,0,0,0,0,0,1,1,3,1,0,1,23,23,0,67,0,0,7,0,24,44,21500.0,8000.0,0.0,0,5500.0,0.0,0.0,501.0,1,0,True,False,False,False,True,False,False,True,False,False,False,False,False,False,False,False,False,False,False,False,True,False,False,False,False,False,False,True,False,False,True,False,False,False,1
99,1,187500.0,0.0,46540.0,1,1,0,0,0,0,0,0,0,0,1,1,2,0,0,1,99,99,0,60,0,0,6,0,11,16,7944.0,7944.0,0.0,0,0.0,0.0,0.0,501.0,0,0,True,False,False,False,True,False,False,True,False,False,False,False,False,False,False,False,False,False,False,False,True,False,False,False,False,False,False,True,False,False,True,False,False,False,1
99,0,999999.0,875.0,1700.0,1,0,1,0,1,0,1,0,0,0,0,0,8,0,0,1,99,99,6,13,0,1,2,1,0,0,0.0,999999.0,999999.0,999999,99999.0,99999.0,99999.0,8.0,1,0,True,False,False,False,True,False,False,True,True,False,False,False,False,False,False,False,False,False,False,False,False,False,False,False,False,False,False,True,False,False,False,True,False,False,1
99,0,999999.0,1000.0,26000.0,2,0,0,0,0,0,0,0,0,0,0,0,1,0,0,2,99,99,0,40,0,0,7,0,24,47,18500.0,18500.0,0.0,0,0.0,0.0,0.0,287.0,1,0,True,False,False,False,True,False,False,True,False,False,False,False,False,False,False,False,False,True,False,False,False,False,False,False,False,False,False,True,False,False,False,True,False,False,1
99,1,137500.0,0.0,52015.0,1,1,2,1,1,0,1,2,0,1,0,0,6,0,0,1,99,99,2,16,0,1,5,1,20,8,615.0,615.0,0.0,0,0.0,0.0,0.0,298.0,0,0,True,False,False,False,True,False,False,True,True,False,False,False,False,False,False,False,False,False,False,False,False,False,True,False,False,False,False,False,False,False,False,True,False,False,1
99,0,999999.0,362.0,18000.0,1,1,0,0,0,0,0,0,0,0,2,2,2,0,0,1,99,99,0,36,0,0,6,0,19,17,8000.0,8000.0,0.0,0,0.0,0.0,0.0,217.0,0,6,True,False,False,False,True,False,False,True,False,False,False,True,False,False,False,False,False,False,False,False,False,False,False,False,False,False,False,True,False,False,True,False,False,False,0
99,1,400000.0,0.0,201516.0,1,1,1,1,0,0,0,0,0,0,2,1,4,2,2,1,4,1,0,34,1,0,8,0,61,93,200516.0,195516.0,0.0,0,0.0,0.0,0.0,501.0,0,5,True,False,False,False,True,False,False,True,False,False,False,True,False,False,False,False,False,False,False,False,False,False,False,False,False,False,False,True,False,False,True,False,False,False,1
99,0,999999.0,312.0,8400.0,1,0,0,1,0,0,0,0,0,0,0,0,6,3,0,1,10,5,1,34,1,0,8,0,24,47,8400.0,8400.0,0.0,0,0.0,0.0,0.0,49.0,1,0,True,False,False,False,True,False,False,True,False,False,False,False,False,False,False,False,False,False,True,False,False,False,False,False,False,False,False,True,False,True,False,False,False,False,1
99,0,999999.0,437.0,21000.0,1,0,0,0,0,0,0,0,0,0,0,0,2,0,0,1,99,99,1,24,1,0,7,0,35,68,7200.0,7200.0,0.0,0,0.0,0.0,0.0,253.0,1,2,True,False,False,False,True,False,False,True,False,False,False,True,False,False,False,False,False,False,False,False,False,False,False,False,False,False,False,True,False,False,False,True,False,False,1
99,1,95000.0,0.0,25560.0,1,0,2,0,2,0,1,0,0,0,0,0,4,2,0,1,19,11,0,43,0,0,7,0,26,72,13000.0,13000.0,0.0,0,0.0,0.0,0.0,197.0,0,6,True,False,False,False,True,False,False,True,False,False,False,True,False,False,False,False,False,False,False,False,False,False,True,False,False,False,False,False,False,False,False,False,True,False,0
99,0,999999.0,575.0,78728.0,1,1,1,1,2,0,1,1,0,1,0,0,5,0,0,1,99,99,2,6,1,1,0,1,0,0,0.0,999999.0,999999.0,999999,99999.0,99999.0,99999.0,501.0,1,0,True,False,False,False,True,False,False,True,True,False,False,False,False,False,False,False,False,False,False,False,False,False,False,False,True,False,False,False,False,False,False,True,False,False,1
99,0,999999.0,387.0,16560.0,1,1,1,1,2,0,1,1,0,1,0,0,4,0,0,1,99,99,1,20,1,1,3,2,11,11,8400.0,8400.0,0.0,0,0.0,0.0,0.0,127.0,1,0,True,False,False,False,True,False,False,True,True,False,False,False,False,False,False,False,False,False,False,False,False,False,False,False,False,False,False,True,False,False,False,True,False,False,0
99,0,999999.0,512.0,38620.0,1,1,1,2,2,0,1,1,0,1,0,0,5,1,1,1,4,4,1,19,1,1,5,1,0,0,0.0,0.0,0.0,0,0.0,0.0,0.0,247.0,1,0,True,False,False,False,True,False,False,True,True,False,False,False,False,False,False,False,False,False,False,False,False,False,False,False,False,False,False,True,False,False,False,True,False,False,1
99,0,999999.0,675.0,26000.0,1,1,0,0,0,0,0,0,0,0,1,1,2,0,0,1,99,99,0,37,0,0,3,0,22,61,0.0,0.0,0.0,0,0.0,0.0,0.0,313.0,0,0,True,False,False,False,True,False,False,True,False,False,False,False,False,False,False,False,False,False,False,False,True,False,False,False,False,False,False,True,False,False,True,False,False,False,1
99,1,275000.0,0.0,28876.0,1,1,1,1,2,0,1,1,0,1,0,0,3,0,0,1,99,99,0,41,1,0,5,0,26,22,14500.0,14500.0,0.0,0,0.0,0.0,0.0,298.0,0,0,True,False,False,False,True,False,False,True,True,False,False,False,False,False,False,False,False,False,False,False,False,False,False,False,False,False,False,True,False,False,False,True,False,False,1
99,1,400000.0,0.0,84500.0,1,1,1,1,0,0,0,0,0,0,2,1,4,2,0,1,23,7,0,49,1,0,6,0,24,47,63750.0,63750.0,0.0,0,0.0,0.0,0.0,501.0,0,6,True,False,False,False,True,False,False,True,False,False,False,True,False,False,False,False,False,False,False,False,False,False,False,False,False,False,False,True,False,False,True,False,False,False,1
99,1,225000.0,0.0,30788.0,1,0,1,0,1,0,1,0,0,0,0,0,3,0,0,1,99,99,1,12,0,1,2,1,0,0,0.0,999999.0,999999.0,999999,99999.0,99999.0,99999.0,308.0,0,0,True,False,False,False,True,False,False,True,True,False,False,False,False,False,False,False,False,False,False,False,False,False,False,False,False,False,False,True,False,False,False,True,False,False,1
99,0,999999.0,462.0,12260.0,1,0,0,0,0,0,0,0,0,0,0,0,1,0,0,1,99,99,0,58,1,0,6,0,10,19,12260.0,12260.0,0.0,0,0.0,0.0,0.0,190.0,0,6,True,False,False,False,True,False,False,True,False,False,False,True,False,False,False,False,False,False,False,False,False,False,False,False,False,False,False,True,False,False,False,True,False,False,0
99,1,187500.0,0.0,16079.0,1,1,1,1,0,0,0,0,0,0,2,2,3,1,0,1,64,64,0,84,1,0,6,0,0,0,6698.0,0.0,0.0,0,6516.0,182.0,0.0,166.0,0,0,True,False,False,False,True,False,False,True,False,False,False,False,False,False,False,True,False,False,False,False,False,False,False,False,False,False,False,True,False,False,True,False,False,False,1
99,0,999999.0,675.0,51400.0,1,0,0,0,0,0,0,0,0,0,0,0,1,0,0,1,99,99,0,37,0,0,7,0,41,72,51400.0,51000.0,0.0,0,0.0,0.0,0.0,501.0,0,5,True,False,False,False,True,False,False,True,False,False,False,True,False,False,False,False,False,False,False,False,False,False,False,False,False,False,False,True,True,False,False,False,False,False,1
99,1,187500.0,0.0,63803.0,1,1,1,1,0,0,0,0,0,0,1,1,5,3,0,1,19,16,0,44,0,1,7,1,26,72,10183.0,10183.0,0.0,0,0.0,0.0,0.0,408.0,1,0,True,False,False,False,True,False,False,True,False,False,False,False,False,False,False,False,False,False,False,False,True,False,False,False,False,False,False,True,False,False,True,False,False,False,1
99,0,999999.0,625.0,640.0,4,0,1,0,0,0,0,0,0,0,0,0,1,0,0,2,99,99,0,40,1,0,2,0,27,22,12000.0,12000.0,0.0,0,0.0,0.0,0.0,186.0,1,0,True,False,False,False,True,False,False,True,False,False,False,False,False,False,False,False,False,True,False,False,False,False,False,False,False,False,False,True,False,False,False,True,False,False,0
99,0,999999.0,0.0,999999.0,1,0,0,0,0,0,0,0,0,0,0,0,1,0,0,1,99,99,0,16,0,0,2,0,0,0,0.0,0.0,0.0,0,0.0,0.0,0.0,0.0,1,0,False,False,True,False,False,True,False,True,False,False,False,False,False,True,False,False,False,False,False,False,False,False,True,False,False,False,False,False,False,False,False,True,False,False,1
99,0,999999.0,1000.0,60000.0,1,1,1,1,2,0,1,1,0,1,0,0,5,0,0,1,99,99,2,6,1,1,0,1,0,0,0.0,999999.0,999999.0,999999,99999.0,99999.0,99999.0,405.0,1,0,True,False,False,False,True,False,False,True,True,False,False,False,False,False,False,False,False,False,False,False,False,False,False,True,False,False,False,False,False,False,False,True,False,False,1
99,0,999999.0,487.0,9600.0,1,0,1,0,1,0,1,0,0,0,0,0,4,0,0,1,99,99,2,14,0,1,2,1,0,0,0.0,999999.0,999999.0,999999,99999.0,99999.0,99999.0,76.0,1,0,True,False,False,False,True,False,False,True,True,False,False,False,False,False,False,False,False,False,False,False,False,False,False,False,False,False,False,True,False,False,False,True,False,False,1
99,0,999999.0,575.0,23200.0,1,1,1,1,0,0,0,0,0,0,0,0,5,0,0,1,99,99,0,17,0,1,5,1,18,44,1200.0,1200.0,0.0,0,0.0,0.0,0.0,157.0,1,0,True,False,False,False,True,False,False,True,False,False,False,False,False,False,True,False,False,False,False,False,False,False,False,False,False,False,False,True,False,False,False,True,False,False,1
99,1,112500.0,0.0,66082.0,1,1,1,2,0,0,0,0,0,0,2,1,4,1,0,1,32,32,0,60,1,0,7,0,27,64,48644.0,10472.0,0.0,0,0.0,0.0,0.0,501.0,0,7,True,False,False,False,True,False,False,True,False,False,False,True,False,False,False,False,False,False,False,False,False,False,True,False,False,False,False,False,False,False,True,False,False,False,1
99,0,999999.0,875.0,19200.0,6,0,0,0,0,0,0,0,0,0,0,0,1,0,0,3,99,99,0,23,1,0,6,0,11,11,10142.0,10142.0,0.0,0,0.0,0.0,0.0,157.0,0,0,True,False,False,False,True,False,False,True,False,False,False,False,False,True,False,False,False,False,False,False,False,False,False,False,False,False,False,True,False,False,False,True,False,False,1
99,0,999999.0,875.0,63170.0,1,1,0,0,0,0,0,0,0,0,2,1,2,0,0,1,99,99,0,41,1,1,8,1,30,44,31670.0,34000.0,-2400.0,0,0.0,0.0,0.0,501.0,1,1,True,False,False,False,True,False,False,True,False,False,False,True,False,False,False,False,False,False,False,False,False,False,False,False,False,False,False,True,False,False,True,False,False,False,1
99,1,225000.0,0.0,60531.0,1,1,0,0,0,0,0,0,0,0,2,1,2,0,0,1,99,99,0,63,1,0,7,0,35,66,60531.0,10000.0,0.0,0,0.0,0.0,800.0,501.0,0,5,True,False,False,False,True,False,False,True,False,False,False,True,False,False,False,False,False,False,False,False,False,False,False,False,False,False,False,True,False,False,True,False,False,False,1
99,0,999999.0,387.0,57000.0,2,0,1,0,0,0,0,0,0,0,0,0,1,0,0,2,99,99,0,22,0,0,3,0,0,0,0.0,0.0,0.0,0,0.0,0.0,0.0,1.0,1,0,True,False,False,False,True,False,False,True,False,False,False,False,False,False,False,False,False,True,False,False,False,False,True,False,False,False,False,False,False,False,False,True,False,False,1
99,1,95000.0,0.0,22762.0,1,0,3,0,1,7,1,0,0,0,0,0,8,3,1,1,8,4,2,52,0,0,6,0,22,61,8146.0,8146.0,0.0,0,0.0,0.0,0.0,105.0,0,0,True,False,False,False,True,False,False,True,True,False,False,False,False,False,False,False,False,False,False,False,False,False,True,False,False,False,False,False,False,False,False,True,False,False,1
99,0,999999.0,875.0,67020.0,1,1,1,1,0,0,0,0,0,0,1,1,5,3,0,1,16,11,0,35,0,0,7,0,22,61,34020.0,34000.0,0.0,0,0.0,0.0,0.0,453.0,1,0,True,False,False,False,True,False,False,True,False,False,False,False,False,False,False,False,False,False,False,False,True,False,False,False,False,False,False,True,False,False,True,False,False,False,0
99,0,999999.0,725.0,10800.0,1,1,1,1,2,0,1,1,0,1,0,0,6,0,0,1,99,99,3,1,0,0,7,0,0,0,0.0,999999.0,999999.0,999999,99999.0,99999.0,99999.0,65.0,1,0,True,False,False,False,True,False,False,True,True,False,False,False,False,False,False,False,False,False,False,False,False,False,False,False,False,False,False,True,False,False,False,True,False,False,1
99,0,999999.0,0.0,999999.0,1,0,0,0,0,0,0,0,0,0,0,0,1,0,0,1,99,99,0,32,1,0,4,0,26,32,1100.0,1100.0,0.0,0,0.0,0.0,0.0,0.0,1,0,False,True,False,True,False,False,False,True,False,False,False,False,True,False,False,False,False,False,False,False,False,False,True,False,False,False,False,False,False,False,False,True,False,False,1
99,1,350000.0,0.0,44930.0,1,1,1,1,0,0,0,0,0,0,1,1,3,1,0,1,10,10,0,47,0,0,4,0,0,0,0.0,0.0,0.0,0,0.0,0.0,0.0,450.0,0,0,True,False,False,False,True,False,False,True,False,False,False,False,False,False,False,False,False,False,False,False,True,False,False,False,False,False,False,True,False,False,True,False,False,False,1
99,1,137500.0,0.0,51761.0,1,0,2,0,1,0,1,0,0,0,0,0,6,0,0,1,99,99,1,34,1,0,8,0,27,64,9800.0,9800.0,0.0,0,0.0,0.0,0.0,297.0,0,0,True,False,False,False,True,False,False,True,True,False,False,False,False,False,False,False,False,False,False,False,False,False,True,False,False,False,False,False,False,False,False,True,False,False,1
99,0,999999.0,312.0,11670.0,1,1,1,1,2,0,1,1,0,1,0,0,7,0,0,1,99,99,4,5,1,1,0,1,0,0,0.0,999999.0,999999.0,999999,99999.0,99999.0,99999.0,63.0,1,0,True,False,False,False,True,False,False,True,True,False,False,False,False,False,False,False,False,False,False,False,False,False,False,False,False,False,False,True,False,False,False,True,False,False,1
99,0,999999.0,625.0,25000.0,1,0,2,0,6,0,3,0,0,0,0,0,7,0,0,1,99,99,0,4,0,0,0,0,0,0,0.0,999999.0,999999.0,999999,99999.0,99999.0,99999.0,130.0,1,0,True,False,False,False,True,False,False,True,False,False,False,False,False,False,True,False,False,False,False,False,False,False,False,False,False,False,False,True,False,False,False,True,False,False,1
99,1,162500.0,0.0,43400.0,1,1,1,1,0,0,0,0,0,0,2,1,5,3,1,1,13,1,0,39,1,0,7,0,31,33,43400.0,43000.0,0.0,0,0.0,0.0,0.0,293.0,0,5,True,False,False,False,True,False,False,True,False,False,False,True,False,False,False,False,False,False,False,False,False,False,True,False,False,False,False,False,False,False,True,False,False,False,1
99,1,187500.0,0.0,38500.0,1,1,1,1,2,0,1,1,0,1,0,0,4,0,0,1,99,99,1,10,1,1,2,1,0,0,0.0,999999.0,999999.0,999999,99999.0,99999.0,99999.0,306.0,1,0,True,False,False,False,True,False,False,True,True,False,False,False,False,False,False,False,False,False,False,False,False,False,False,False,False,True,False,False,False,False,False,True,False,False,1
99,1,137500.0,0.0,61000.0,1,1,1,1,0,0,0,0,0,0,1,1,4,2,0,1,19,16,0,47,0,0,8,0,24,44,30000.0,30000.0,0.0,0,0.0,0.0,0.0,469.0,0,0,True,False,False,False,True,False,False,True,False,False,False,False,False,False,False,False,False,False,False,False,True,False,False,False,False,True,False,False,False,False,True,False,False,False,1
99,1,400000.0,0.0,228464.0,1,1,1,1,0,0,0,0,0,0,2,1,3,1,0,1,24,24,0,51,1,0,8,0,41,68,220123.0,195516.0,0.0,0,0.0,0.0,0.0,501.0,1,2,True,False,False,False,True,False,False,True,False,False,False,True,False,False,False,False,False,False,False,False,False,False,False,False,False,False,False,True,False,False,True,False,False,False,1
99,0,999999.0,362.0,29000.0,1,1,1,1,2,0,1,1,0,1,0,0,4,0,0,1,99,99,1,0,0,0,7,0,0,0,0.0,999999.0,999999.0,999999,99999.0,99999.0,99999.0,231.0,1,0,True,False,False,False,True,False,False,True,True,False,False,False,False,False,False,False,False,False,False,False,False,False,False,False,False,False,False,True,False,False,False,True,False,False,1
99,0,999999.0,412.0,908.0,1,1,1,1,2,0,1,1,0,1,0,0,3,0,0,1,99,99,0,9,0,1,1,1,0,0,0.0,999999.0,999999.0,999999,99999.0,99999.0,99999.0,9.0,1,0,True,False,False,False,True,False,False,True,True,False,False,False,False,False,False,False,False,False,False,False,False,False,False,False,False,True,False,False,False,False,False,True,False,False,1
99,1,137500.0,0.0,51463.0,1,1,0,0,0,0,0,0,0,0,2,2,2,0,0,1,99,99,0,57,0,0,7,0,30,44,25983.0,25983.0,0.0,0,0.0,0.0,0.0,501.0,0,7,True,False,False,False,True,False,False,True,False,False,False,True,False,False,False,False,False,False,False,False,False,False,True,False,False,False,False,False,False,False,True,False,False,False,1
99,0,999999.0,487.0,10200.0,2,1,1,1,0,0,0,0,0,0,2,1,3,1,1,1,2,2,0,26,1,1,2,1,25,18,8000.0,8000.0,0.0,0,0.0,0.0,0.0,102.0,1,2,True,False,False,False,True,False,False,True,False,False,False,True,False,False,False,False,False,False,False,False,False,False,False,False,False,False,False,True,False,False,True,False,False,False,1
99,1,162500.0,0.0,44339.0,1,1,0,0,0,0,0,0,0,0,2,2,2,0,0,1,99,99,0,66,0,0,4,0,11,11,32926.0,20000.0,0.0,0,5672.0,0.0,0.0,501.0,0,7,True,False,False,False,True,False,False,True,False,False,False,True,False,False,False,False,False,False,False,False,False,False,True,False,False,False,False,False,False,False,True,False,False,False,1
99,1,187500.0,0.0,53157.0,1,0,0,0,0,0,0,0,0,0,0,0,1,0,0,1,99,99,0,53,0,0,6,0,31,73,53157.0,48838.0,0.0,0,0.0,0.0,0.0,501.0,0,2,True,False,False,False,True,False,False,True,False,False,False,True,False,False,False,False,False,False,False,False,False,False,False,False,False,False,False,True,False,False,False,False,False,True,1
99,1,225000.0,0.0,90000.0,1,1,1,1,2,0,1,1,0,1,0,0,4,0,0,1,99,99,0,1,1,0,7,0,0,0,0.0,999999.0,999999.0,999999,99999.0,99999.0,99999.0,501.0,1,0,True,False,False,False,True,False,False,True,True,False,False,False,False,False,False,False,False,False,False,False,False,False,False,False,False,False,False,True,False,False,False,True,False,False,1
99,0,999999.0,1000.0,66500.0,1,1,1,1,0,0,0,0,0,0,1,1,5,3,0,1,28,19,0,50,0,0,6,0,24,44,23000.0,23000.0,0.0,0,0.0,0.0,0.0,431.0,1,0,True,False,False,False,True,False,False,True,False,False,False,False,False,False,False,False,False,False,False,False,True,False,False,False,False,False,False,True,False,False,True,False,False,False,1
99,0,999999.0,1000.0,98000.0,1,3,1,2,2,0,1,1,0,1,0,0,11,0,0,1,99,99,5,16,1,0,4,0,0,0,0.0,0.0,0.0,0,0.0,0.0,0.0,360.0,0,0,True,False,False,False,True,False,False,True,True,False,False,False,False,False,False,False,False,False,False,False,False,False,False,False,False,False,False,True,False,False,False,True,False,False,1
99,0,999999.0,412.0,6000.0,1,1,1,1,0,0,0,0,0,0,0,0,4,0,0,1,99,99,1,42,0,0,3,0,22,18,1800.0,1800.0,0.0,0,0.0,0.0,0.0,46.0,1,0,True,False,False,False,True,False,False,True,False,False,False,False,False,False,False,False,False,False,False,True,False,False,False,False,False,False,False,True,False,True,False,False,False,False,1
99,1,225000.0,0.0,60000.0,2,1,1,1,0,0,0,0,0,0,1,1,4,2,1,1,5,2,0,30,0,0,7,0,0,0,0.0,0.0,0.0,0,0.0,0.0,0.0,477.0,0,0,True,False,False,False,True,False,False,True,False,False,False,False,False,False,False,False,False,False,False,False,True,False,False,False,False,False,False,True,False,False,True,False,False,False,1
99,1,77500.0,0.0,43500.0,3,1,1,1,2,0,1,1,0,1,0,0,5,0,0,1,99,99,2,8,0,1,1,1,0,0,0.0,999999.0,999999.0,999999,99999.0,99999.0,99999.0,294.0,0,0,True,False,False,False,True,False,False,True,True,False,False,False,False,False,False,False,False,False,False,False,False,False,False,False,False,False,False,True,False,False,False,True,False,False,1
99,0,999999.0,675.0,21000.0,1,1,2,1,4,0,1,0,0,0,2,1,4,1,0,1,12,12,0,24,1,0,6,0,27,50,10000.0,10000.0,0.0,0,0.0,0.0,0.0,162.0,0,2,True,False,False,False,True,False,False,True,False,False,False,True,False,False,False,False,False,False,False,False,False,False,False,False,False,False,False,True,False,False,True,False,False,False,1
99,0,999999.0,575.0,40.0,2,0,0,0,0,0,0,0,0,0,0,0,1,0,0,2,99,99,0,48,1,0,8,0,26,72,20050.0,20000.0,0.0,0,0.0,0.0,0.0,311.0,0,0,True,False,False,False,True,False,False,True,False,False,False,False,False,False,False,False,False,True,False,False,False,False,False,False,False,False,False,True,False,False,False,True,False,False,1
99,0,999999.0,512.0,10000.0,2,0,0,1,0,0,0,1,0,1,0,0,6,0,0,1,99,99,4,6,0,1,0,1,0,0,0.0,999999.0,999999.0,999999,99999.0,99999.0,99999.0,62.0,0,0,True,False,False,False,True,False,False,True,True,False,False,False,False,False,False,False,False,False,False,False,False,False,False,False,False,False,False,True,False,False,False,True,False,False,1
99,1,225000.0,0.0,26450.0,1,0,1,0,2,0,1,0,0,0,0,0,2,0,0,1,99,99,0,57,0,0,8,0,22,45,19250.0,19250.0,0.0,0,0.0,0.0,0.0,319.0,1,2,True,False,False,False,True,False,False,True,False,False,False,True,False,False,False,False,False,False,False,False,False,False,False,False,False,True,False,False,False,False,False,True,False,False,1
99,1,350000.0,0.0,70000.0,1,1,1,1,0,0,0,0,0,0,1,1,4,2,2,1,0,0,0,35,0,0,6,0,0,0,0.0,0.0,0.0,0,0.0,0.0,0.0,501.0,1,0,True,False,False,False,True,False,False,True,False,False,False,False,False,False,False,False,False,False,False,False,True,False,False,False,False,False,False,True,False,False,True,False,False,False,1
99,1,225000.0,0.0,128702.0,1,1,1,1,0,0,0,0,0,0,2,1,4,2,0,1,7,5,0,36,1,0,8,0,38,68,128702.0,124584.0,0.0,0,0.0,0.0,0.0,501.0,1,2,True,False,False,False,True,False,False,True,False,False,False,True,False,False,False,False,False,False,False,False,False,False,False,False,False,False,False,True,False,False,True,False,False,False,1
99,0,999999.0,362.0,13992.0,1,1,0,0,0,0,0,0,0,0,1,2,2,0,0,1,99,99,0,73,1,0,1,0,0,0,6996.0,0.0,0.0,0,0.0,6996.0,0.0,187.0,1,0,True,False,False,False,True,False,False,True,False,False,False,False,False,False,False,False,False,False,False,False,True,False,False,False,False,True,False,False,False,False,True,False,False,False,1
99,1,187500.0,0.0,71000.0,1,1,1,1,0,0,0,0,0,0,1,1,5,3,0,1,18,14,0,34,0,0,7,0,22,51,30000.0,30000.0,0.0,0,0.0,0.0,0.0,468.0,0,0,True,False,False,False,True,False,False,True,False,False,False,False,False,False,False,False,False,False,False,False,True,False,False,False,False,False,False,True,False,False,True,False,False,False,1
99,1,112500.0,0.0,28000.0,1,1,1,1,2,0,1,1,0,1,0,0,7,0,0,1,99,99,4,12,1,1,2,1,0,0,0.0,999999.0,999999.0,999999,99999.0,99999.0,99999.0,151.0,1,0,True,False,False,False,True,False,False,True,True,False,False,False,False,False,False,False,False,False,False,False,False,False,False,False,False,False,False,True,False,False,False,True,False,False,1
99,0,999999.0,0.0,999999.0,1,0,0,0,0,0,0,0,0,0,0,0,1,0,0,1,99,99,0,21,0,1,8,2,26,72,1100.0,1100.0,0.0,0,0.0,0.0,0.0,0.0,1,0,False,False,True,False,False,True,False,True,False,False,False,False,False,True,False,False,False,False,False,False,False,False,False,False,False,False,False,True,False,False,False,True,False,False,1
99,0,999999.0,437.0,17000.0,1,1,1,1,2,0,1,1,0,1,0,0,5,0,0,1,99,99,2,1,1,0,7,0,0,0,0.0,999999.0,999999.0,999999,99999.0,99999.0,99999.0,115.0,1,0,True,False,False,False,True,False,False,True,True,False,False,False,False,False,False,False,False,False,False,False,False,False,False,False,False,False,False,True,False,False,False,True,False,False,1
99,1,95000.0,0.0,0.0,1,0,1,0,1,0,1,0,0,0,0,0,2,0,0,1,99,99,0,25,1,0,6,0,0,0,0.0,0.0,0.0,0,0.0,0.0,0.0,1.0,0,0,True,False,False,False,True,False,False,True,True,False,False,False,False,False,False,False,False,False,False,False,False,False,True,False,False,False,False,False,False,False,False,True,False,False,1
99,1,137500.0,0.0,55320.0,1,1,1,1,2,0,1,1,0,1,0,0,7,0,0,1,99,99,4,4,1,0,0,0,0,0,0.0,999999.0,999999.0,999999,99999.0,99999.0,99999.0,298.0,1,0,True,False,False,False,True,False,False,True,True,False,False,False,False,False,False,False,False,False,False,False,False,False,False,False,False,False,False,True,False,False,False,True,False,False,1
99,0,999999.0,462.0,28000.0,1,1,1,1,2,0,1,1,0,1,0,0,6,0,0,1,99,99,3,7,0,1,1,1,0,0,0.0,999999.0,999999.0,999999,99999.0,99999.0,99999.0,169.0,0,0,True,False,False,False,True,False,False,True,True,False,False,False,False,False,False,False,False,False,False,False,False,False,False,False,False,False,False,True,False,False,False,True,False,False,1
99,1,275000.0,0.0,69113.0,1,1,1,1,2,0,1,1,0,1,0,0,4,0,0,1,99,99,1,21,0,1,7,1,26,52,9010.0,9000.0,0.0,0,0.0,0.0,0.0,501.0,0,0,True,False,False,False,True,False,False,True,True,False,False,False,False,False,False,False,False,False,False,False,False,False,False,False,False,False,False,True,False,False,False,True,False,False,1
99,0,999999.0,462.0,7197.0,1,0,0,0,0,0,0,0,0,0,0,0,1,0,0,1,99,99,0,74,0,0,6,0,20,9,7197.0,0.0,0.0,0,6654.0,543.0,0.0,121.0,1,2,True,False,False,False,True,False,False,True,False,False,False,True,False,False,False,False,False,False,False,False,False,False,False,False,False,False,False,True,False,False,False,False,False,True,1
99,1,162500.0,0.0,51400.0,1,0,0,0,0,0,0,0,0,0,0,0,2,0,0,1,99,99,1,69,1,0,6,0,0,0,37400.0,0.0,0.0,0,3000.0,0.0,0.0,501.0,1,5,True,False,False,False,True,False,False,True,False,False,False,True,False,False,False,False,False,False,False,False,False,False,False,False,False,False,False,True,False,False,False,True,False,False,1
99,0,999999.0,625.0,14000.0,1,0,0,0,0,0,0,0,0,0,0,0,1,0,0,1,99,99,0,23,1,0,6,0,35,68,14000.0,14000.0,0.0,0,0.0,0.0,0.0,217.0,1,1,True,False,False,False,True,False,False,True,False,False,False,True,False,False,False,False,False,False,False,False,False,False,True,False,False,False,False,False,False,False,False,True,False,False,0
99,1,275000.0,0.0,63350.0,1,1,1,1,0,0,0,0,0,0,0,0,5,0,0,1,99,99,0,7,1,1,1,2,0,0,0.0,999999.0,999999.0,999999,99999.0,99999.0,99999.0,428.0,0,0,True,False,False,False,True,False,False,True,False,False,False,False,False,False,True,False,False,False,False,False,False,False,False,False,False,False,False,True,False,False,False,True,False,False,1
99,1,400000.0,0.0,175169.0,1,0,1,1,4,0,2,0,0,0,0,0,5,0,0,1,99,99,0,0,0,0,7,0,0,0,0.0,999999.0,999999.0,999999,99999.0,99999.0,99999.0,501.0,1,0,True,False,False,False,True,False,False,True,False,False,True,False,False,False,False,False,False,False,False,False,False,False,False,False,False,False,False,True,False,False,False,True,False,False,1
99,1,162500.0,0.0,39000.0,1,1,1,1,0,0,0,0,0,0,1,1,3,1,1,1,2,2,0,25,0,0,6,0,36,66,13000.0,13000.0,0.0,0,0.0,0.0,0.0,391.0,1,0,True,False,False,False,True,False,False,True,False,False,False,False,False,False,False,False,False,False,False,False,True,False,False,False,False,False,False,True,False,False,True,False,False,False,1
99,0,999999.0,875.0,45400.0,1,1,1,1,2,0,1,1,0,1,0,0,4,0,0,1,99,99,1,1,0,0,7,0,0,0,0.0,999999.0,999999.0,999999,99999.0,99999.0,99999.0,361.0,1,0,True,False,False,False,True,False,False,True,True,False,False,False,False,False,False,False,False,False,False,False,False,False,True,False,False,False,False,False,False,False,False,True,False,False,1
99,0,999999.0,412.0,10000.0,1,1,1,1,2,0,1,1,0,1,0,0,7,0,0,1,99,99,4,13,0,1,2,1,0,0,0.0,999999.0,999999.0,999999,99999.0,99999.0,99999.0,54.0,1,0,True,False,False,False,True,False,False,True,True,False,False,False,False,False,False,False,False,False,False,False,False,False,False,False,False,False,False,True,False,False,False,True,False,False,1
99,1,187500.0,0.0,93600.0,1,1,1,1,2,0,1,1,0,1,0,0,4,0,0,1,99,99,1,6,1,1,0,1,0,0,0.0,999999.0,999999.0,999999,99999.0,99999.0,99999.0,501.0,1,0,True,False,False,False,True,False,False,True,True,False,False,False,False,False,False,False,False,False,False,False,False,False,True,False,False,False,False,False,False,False,False,True,False,False,1
99,1,42499.0,0.0,27700.0,1,0,2,0,1,0,1,0,0,0,0,0,6,2,2,1,3,2,2,22,0,1,7,1,16,38,4000.0,4000.0,0.0,0,0.0,0.0,0.0,162.0,1,0,True,False,False,False,True,False,False,True,True,False,False,False,False,False,False,False,False,False,False,False,False,False,False,False,False,False,False,True,False,True,False,False,False,False,1
99,0,999999.0,675.0,6720.0,1,0,1,0,0,0,0,0,0,0,0,0,3,2,2,1,4,3,0,25,0,1,7,1,0,0,6720.0,0.0,0.0,0,0.0,6720.0,0.0,67.0,1,1,True,False,False,False,True,False,False,True,False,False,False,True,False,False,False,False,False,False,False,False,False,False,True,False,False,False,False,False,False,False,False,False,True,False,1
99,1,95000.0,0.0,28641.0,1,0,1,0,0,0,0,0,0,0,0,0,3,2,0,1,11,7,0,40,0,0,7,0,30,24,28641.0,0.0,0.0,0,0.0,0.0,28641.0,287.0,0,7,True,False,False,False,True,False,False,True,False,False,False,True,False,False,False,False,False,False,False,False,False,False,True,False,False,False,False,False,False,False,False,False,True,False,1
99,1,225000.0,0.0,104000.0,1,1,0,0,0,0,0,0,0,0,2,1,2,0,0,1,99,99,0,27,1,0,7,0,41,68,70000.0,70000.0,0.0,0,0.0,0.0,0.0,501.0,1,2,True,False,False,False,True,False,False,True,False,False,False,True,False,False,False,False,False,False,False,False,False,False,False,False,False,False,False,True,False,False,True,False,False,False,1
99,1,162500.0,0.0,42494.0,1,1,0,0,0,0,0,0,0,0,2,1,2,0,0,1,99,99,0,62,1,0,6,0,24,19,35235.0,31887.0,0.0,0,916.0,0.0,0.0,501.0,1,2,True,False,False,False,True,False,False,True,False,False,False,True,False,False,False,False,False,False,False,False,False,False,False,False,False,False,False,True,False,False,True,False,False,False,1
99,0,999999.0,675.0,39000.0,2,0,0,1,0,0,0,0,0,0,0,0,4,1,1,1,2,2,0,29,1,0,3,0,29,27,20000.0,20000.0,0.0,0,0.0,0.0,0.0,300.0,1,1,True,False,False,False,True,False,False,True,False,False,False,True,False,False,False,False,False,False,False,False,False,False,False,False,False,False,False,True,False,False,False,True,False,False,1
99,0,999999.0,875.0,22000.0,2,0,1,0,0,0,0,0,0,0,0,0,2,1,0,2,8,8,0,29,0,0,6,0,31,40,16000.0,16000.0,0.0,0,0.0,0.0,0.0,187.0,1,0,True,False,False,False,True,False,False,True,False,False,False,False,False,False,False,False,False,True,False,False,False,False,False,False,False,False,False,True,True,False,False,False,False,False,1
99,1,137500.0,0.0,14667.0,1,1,1,1,2,0,1,1,0,1,0,0,4,0,0,1,99,99,1,14,1,1,2,1,0,0,0.0,999999.0,999999.0,999999,99999.0,99999.0,99999.0,113.0,0,0,True,False,False,False,True,False,False,True,True,False,False,False,False,False,False,False,False,False,False,False,False,False,False,False,False,False,False,True,False,False,False,True,False,False,1
99,0,999999.0,575.0,31575.0,3,0,0,1,0,0,0,0,0,0,0,0,8,0,0,1,99,99,0,32,1,0,2,0,20,8,10000.0,10000.0,0.0,0,0.0,0.0,0.0,142.0,1,0,True,False,False,False,True,False,False,True,False,False,False,False,False,False,True,False,False,False,False,False,False,False,False,False,False,False,False,True,False,False,False,True,False,False,0
99,0,999999.0,0.0,999999.0,1,0,0,0,0,0,0,0,0,0,0,0,1,0,0,1,99,99,0,36,1,0,6,0,11,18,24000.0,24000.0,0.0,0,0.0,0.0,0.0,0.0,0,0,False,False,True,False,False,True,False,True,False,False,False,False,False,True,False,False,False,False,False,False,False,False,True,False,False,False,False,False,False,True,False,False,False,False,0
99,1,112500.0,0.0,45235.0,1,0,1,0,1,0,1,0,0,0,0,0,2,0,0,1,99,99,0,44,1,1,8,2,35,66,36000.0,36000.0,0.0,0,0.0,0.0,0.0,501.0,1,0,True,False,False,False,True,False,False,True,True,False,False,False,False,False,False,False,False,False,False,False,False,False,False,False,False,False,False,True,True,False,False,False,False,False,1
99,1,400000.0,0.0,54114.0,1,1,0,0,0,0,0,0,0,0,0,0,4,0,0,1,99,99,1,47,1,0,6,0,41,68,25500.0,13000.0,5500.0,0,0.0,0.0,0.0,423.0,0,0,True,False,False,False,True,False,False,True,False,False,False,False,False,False,False,False,False,False,False,True,False,False,False,False,False,False,False,True,False,False,False,True,False,False,1
99,0,999999.0,1.0,14100.0,1,1,1,1,2,0,1,1,0,1,0,0,5,0,0,1,99,99,2,17,1,1,3,2,0,0,0.0,0.0,0.0,0,0.0,0.0,0.0,90.0,1,0,True,False,False,False,True,False,False,True,True,False,False,False,False,False,False,False,False,False,False,False,False,False,False,False,False,True,False,False,False,False,False,True,False,False,1
99,1,350000.0,0.0,52900.0,1,1,1,1,2,0,1,1,0,1,0,0,4,0,0,1,99,99,1,8,0,1,0,1,0,0,0.0,999999.0,999999.0,999999,99999.0,99999.0,99999.0,421.0,0,0,True,False,False,False,True,False,False,True,True,False,False,False,False,False,False,False,False,False,False,False,False,False,False,False,False,False,False,True,False,False,False,True,False,False,1
99,1,112500.0,0.0,36000.0,1,1,1,1,0,0,0,0,0,0,1,1,4,2,2,1,2,0,0,23,0,1,7,1,6,7,10000.0,6000.0,4000.0,0,0.0,0.0,0.0,286.0,1,0,True,False,False,False,True,False,False,True,False,False,False,False,False,False,False,False,False,False,False,False,True,False,False,False,False,False,False,True,False,False,True,False,False,False,0
99,0,999999.0,0.0,999999.0,1,0,0,0,0,0,0,0,0,0,0,0,1,0,0,1,99,99,0,80,1,0,8,0,0,0,6000.0,0.0,0.0,0,6000.0,0.0,0.0,0.0,1,0,False,True,False,True,False,False,False,True,False,False,False,False,True,False,False,False,False,False,False,False,False,False,False,False,False,False,False,True,False,True,False,False,False,False,1
99,0,999999.0,212.0,5700.0,1,1,1,1,2,0,1,1,0,1,0,0,5,0,0,1,99,99,2,2,1,0,7,0,0,0,0.0,999999.0,999999.0,999999,99999.0,99999.0,99999.0,39.0,1,0,True,False,False,False,True,False,False,True,True,False,False,False,False,False,False,False,False,False,False,False,False,False,True,False,False,False,False,False,False,False,False,True,False,False,1
99,0,999999.0,675.0,4480.0,2,0,1,0,1,0,1,0,0,0,0,0,5,0,0,1,99,99,3,11,0,1,2,1,0,0,0.0,999999.0,999999.0,999999,99999.0,99999.0,99999.0,31.0,1,0,True,False,False,False,True,False,False,True,True,False,False,False,False,False,False,False,False,False,False,False,False,False,False,False,False,False,False,True,False,False,False,True,False,False,1
99,0,999999.0,625.0,800.0,1,0,1,0,1,0,1,0,0,0,0,0,2,0,0,1,99,99,0,32,0,0,0,0,0,0,800.0,0.0,0.0,0,800.0,0.0,0.0,10.0,0,0,True,False,False,False,True,False,False,True,True,False,False,False,False,False,False,False,False,False,False,False,False,False,True,False,False,False,False,False,False,False,False,True,False,False,1
99,0,999999.0,725.0,29900.0,1,1,1,1,0,0,0,0,0,0,1,1,3,1,0,1,10,10,0,44,0,0,7,0,0,0,0.0,0.0,0.0,0,0.0,0.0,0.0,300.0,1,0,True,False,False,False,True,False,False,True,False,False,False,False,False,False,False,False,False,False,False,False,True,False,False,False,False,False,False,True,False,False,True,False,False,False,1
99,1,225000.0,0.0,99000.0,1,1,0,0,0,0,0,0,0,0,2,1,2,0,0,1,99,99,0,61,1,0,8,0,24,47,99000.0,89000.0,0.0,0,0.0,0.0,0.0,501.0,1,2,True,False,False,False,True,False,False,True,False,False,False,True,False,False,False,False,False,False,False,False,False,False,False,False,False,False,False,True,False,False,True,False,False,False,1
99,1,225000.0,0.0,64400.0,1,1,1,1,2,0,1,1,0,1,0,0,4,0,0,1,99,99,1,23,1,0,7,0,26,19,12000.0,12000.0,0.0,0,0.0,0.0,0.0,501.0,1,0,True,False,False,False,True,False,False,True,True,False,False,False,False,False,False,False,False,False,False,False,False,False,False,False,False,False,False,True,False,False,False,True,False,False,1
99,0,999999.0,262.0,14000.0,1,0,0,0,0,0,0,0,0,0,0,0,1,0,0,1,99,99,0,38,1,0,6,0,30,24,14000.0,14000.0,0.0,0,0.0,0.0,0.0,217.0,0,2,True,False,False,False,True,False,False,True,False,False,False,True,False,False,False,False,False,False,False,False,False,False,True,False,False,False,False,False,False,False,False,False,True,False,1
99,1,400000.0,0.0,195516.0,1,1,1,1,0,0,0,0,0,0,1,1,4,2,0,1,12,7,0,40,0,1,7,1,0,0,0.0,0.0,0.0,0,0.0,0.0,0.0,501.0,0,0,True,False,False,False,True,False,False,True,False,False,False,False,False,False,False,False,False,False,False,False,True,False,False,False,False,False,False,True,False,False,True,False,False,False,1
99,0,999999.0,675.0,15600.0,2,1,2,1,0,0,0,0,0,0,1,1,7,4,1,1,10,0,1,34,0,0,6,0,17,13,0.0,0.0,0.0,0,0.0,0.0,0.0,81.0,1,0,True,False,False,False,True,False,False,True,False,False,False,False,False,False,False,False,False,False,False,False,True,False,False,False,False,False,False,True,False,False,True,False,False,False,1
99,0,999999.0,1000.0,125600.0,1,1,1,1,2,0,1,1,0,1,0,0,4,0,0,1,99,99,1,22,0,0,7,0,36,66,21000.0,21000.0,0.0,0,0.0,0.0,0.0,501.0,1,0,True,False,False,False,True,False,False,True,True,False,False,False,False,False,False,False,False,False,False,False,False,False,False,False,False,False,False,True,False,False,False,True,False,False,1
99,0,999999.0,387.0,6000.0,2,0,0,1,0,0,0,1,0,1,0,0,6,0,0,1,99,99,3,11,1,1,2,1,0,0,0.0,999999.0,999999.0,999999,99999.0,99999.0,99999.0,36.0,1,0,True,False,False,False,True,False,False,True,True,False,False,False,False,False,False,False,False,False,False,False,False,False,False,False,False,False,False,True,False,False,False,True,False,False,1
99,0,999999.0,875.0,57000.0,1,1,1,1,0,0,0,0,0,0,2,1,4,2,0,1,18,15,0,43,1,0,6,0,23,16,3000.0,3000.0,0.0,0,0.0,0.0,0.0,438.0,1,2,True,False,False,False,True,False,False,True,False,False,False,True,False,False,False,False,False,False,False,False,False,False,False,False,False,True,False,False,False,False,True,False,False,False,1
99,1,400000.0,0.0,17865.0,1,1,1,1,2,7,1,1,0,1,0,0,3,0,0,1,99,99,0,15,0,1,3,1,0,0,0.0,999999.0,999999.0,999999,0.0,0.0,0.0,179.0,0,0,True,False,False,False,True,False,False,True,True,False,False,False,False,False,False,False,False,False,False,False,False,False,False,False,False,True,False,False,False,False,False,True,False,False,1
99,1,72500.0,0.0,31317.0,1,1,1,1,2,0,1,1,0,1,0,0,5,0,0,1,99,99,2,9,0,1,1,1,0,0,0.0,999999.0,999999.0,999999,99999.0,99999.0,99999.0,206.0,1,0,True,False,False,False,True,False,False,True,True,False,False,False,False,False,False,False,False,False,False,False,False,False,False,False,False,False,False,True,False,False,False,True,False,False,1
99,1,350000.0,0.0,63498.0,1,1,1,1,0,0,0,0,0,0,1,1,3,1,1,1,0,0,0,33,0,0,7,0,25,44,32870.0,31900.0,0.0,0,0.0,0.0,0.0,501.0,1,0,True,False,False,False,True,False,False,True,False,False,False,False,False,False,False,False,False,False,False,False,True,False,False,True,False,False,False,False,False,False,True,False,False,False,1
99,0,999999.0,725.0,0.0,2,0,0,0,0,0,0,0,0,0,0,0,1,0,0,1,99,99,0,41,0,0,6,0,0,0,0.0,0.0,0.0,0,0.0,0.0,0.0,1.0,0,5,True,False,False,False,True,False,False,True,False,False,False,True,False,False,False,False,False,False,False,False,False,False,False,False,False,False,False,True,False,False,False,False,False,True,1
99,1,225000.0,0.0,40000.0,1,1,1,1,2,0,1,1,0,1,0,0,4,0,0,1,99,99,1,15,1,1,3,1,0,0,0.0,999999.0,999999.0,999999,0.0,0.0,0.0,318.0,1,0,True,False,False,False,True,False,False,True,True,False,False,False,False,False,False,False,False,False,False,False,False,False,False,False,False,False,False,True,False,False,False,True,False,False,1
99,1,400000.0,0.0,65710.0,1,1,1,1,0,0,0,0,0,0,1,1,4,2,0,1,19,7,0,35,0,0,7,0,26,47,25500.0,25500.0,0.0,0,0.0,0.0,0.0,501.0,0,0,True,False,False,False,True,False,False,True,False,False,False,False,False,False,False,False,False,False,False,False,True,False,False,False,False,False,False,True,False,False,True,False,False,False,1
99,1,162500.0,0.0,24826.0,1,1,2,1,0,0,0,0,0,0,1,1,4,1,0,1,32,32,0,52,0,0,7,0,0,0,4380.0,0.0,0.0,0,0.0,0.0,0.0,191.0,0,0,True,False,False,False,True,False,False,True,False,False,False,False,False,False,False,False,False,False,False,False,True,False,False,False,False,False,False,True,False,False,True,False,False,False,1
99,1,137500.0,0.0,39000.0,1,0,0,0,0,0,0,0,0,0,0,0,1,0,0,1,99,99,0,31,1,0,7,0,23,18,39000.0,39000.0,0.0,0,0.0,0.0,0.0,501.0,1,1,True,False,False,False,True,False,False,True,False,False,False,True,False,False,False,False,False,False,False,False,False,False,False,False,False,False,False,True,False,False,False,True,False,False,1
99,0,999999.0,625.0,19510.0,2,0,0,0,0,0,0,0,0,0,0,0,1,0,0,1,99,99,0,20,1,0,7,0,32,39,19510.0,19500.0,0.0,0,0.0,0.0,0.0,302.0,1,1,True,False,False,False,True,False,False,True,False,False,False,True,False,False,False,False,False,False,False,False,False,False,False,False,False,False,False,True,False,False,False,True,False,False,1
99,0,999999.0,412.0,23000.0,1,1,1,1,2,0,1,1,0,1,0,0,5,0,0,1,99,99,2,3,1,0,0,0,0,0,0.0,999999.0,999999.0,999999,99999.0,99999.0,99999.0,155.0,1,0,True,False,False,False,True,False,False,True,True,False,False,False,False,False,False,False,False,False,False,False,False,False,False,False,False,False,False,True,False,False,False,True,False,False,1
99,1,225000.0,0.0,74530.0,1,1,1,1,1,0,1,2,0,1,0,0,3,0,0,1,99,99,0,2,1,0,7,0,0,0,0.0,999999.0,999999.0,999999,99999.0,99999.0,99999.0,501.0,1,0,True,False,False,False,True,False,False,True,True,False,False,False,False,False,False,False,False,False,False,False,False,False,False,False,False,False,False,True,False,False,False,True,False,False,1
99,1,112500.0,0.0,30978.0,1,1,1,1,0,0,0,0,0,0,2,1,4,2,0,1,27,16,0,51,1,0,6,0,23,18,23000.0,23000.0,0.0,0,0.0,0.0,0.0,238.0,0,6,True,False,False,False,True,False,False,True,False,False,False,True,False,False,False,False,False,False,False,False,False,False,False,False,False,False,False,True,False,False,True,False,False,False,1
99,0,999999.0,625.0,64036.0,1,0,2,0,4,0,1,0,0,0,0,0,4,2,0,1,27,17,0,48,0,0,7,0,22,45,24722.0,21680.0,0.0,0,0.0,0.0,2400.0,493.0,0,2,True,False,False,False,True,False,False,True,False,False,False,True,False,False,False,False,False,False,False,False,False,False,False,False,False,False,False,True,False,False,False,False,True,False,0
99,0,999999.0,387.0,11250.0,1,1,1,1,0,0,0,0,0,0,2,1,4,2,2,1,2,1,0,27,1,0,2,0,11,11,11250.0,11250.0,0.0,0,0.0,0.0,0.0,89.0,0,2,True,False,False,False,True,False,False,True,False,False,False,True,False,False,False,False,False,False,False,False,False,False,False,False,False,False,False,True,False,False,True,False,False,False,1
99,0,999999.0,875.0,40400.0,1,1,1,1,2,0,1,1,0,1,0,0,4,0,0,1,99,99,1,3,0,0,0,0,0,0,0.0,999999.0,999999.0,999999,99999.0,99999.0,99999.0,321.0,1,0,True,False,False,False,True,False,False,True,True,False,False,False,False,False,False,False,False,False,False,False,False,False,True,False,False,False,False,False,False,False,False,True,False,False,1
99,0,999999.0,487.0,54000.0,1,1,1,1,0,0,0,0,0,0,1,1,3,1,1,1,1,1,0,24,0,0,2,0,23,18,9000.0,9000.0,0.0,0,0.0,0.0,0.0,501.0,1,0,True,False,False,False,True,False,False,True,False,False,False,False,False,False,False,False,False,False,False,False,True,False,False,False,False,False,False,True,False,False,True,False,False,False,1
99,0,999999.0,337.0,9572.0,1,0,0,0,0,0,0,0,0,0,0,0,2,0,0,1,99,99,0,39,0,0,7,0,0,0,2000.0,0.0,0.0,0,0.0,2000.0,0.0,115.0,1,0,True,False,False,False,True,False,False,True,False,False,False,False,False,False,True,False,False,False,False,False,False,False,True,False,False,False,False,False,True,False,False,False,False,False,1
99,0,999999.0,575.0,10000.0,1,0,1,0,1,0,1,0,0,0,0,0,5,0,0,1,99,99,3,5,0,1,0,1,0,0,0.0,999999.0,999999.0,999999,99999.0,99999.0,99999.0,66.0,1,0,True,False,False,False,True,False,False,True,True,False,False,False,False,False,False,False,False,False,False,False,False,False,False,False,False,False,False,True,False,False,False,True,False,False,1
99,0,999999.0,462.0,24174.0,2,0,0,1,0,0,0,0,0,0,0,0,1,0,0,2,99,99,0,29,0,1,2,1,31,73,7800.0,7800.0,0.0,0,0.0,0.0,0.0,121.0,1,0,True,False,False,False,True,False,False,True,False,False,False,False,False,False,False,False,False,True,False,False,False,False,False,False,False,False,False,True,False,False,False,True,False,False,1
99,1,112500.0,0.0,27280.0,1,1,1,1,2,0,1,1,0,1,0,0,6,0,0,1,99,99,2,5,0,1,0,1,0,0,0.0,999999.0,999999.0,999999,99999.0,99999.0,99999.0,160.0,1,0,True,False,False,False,True,False,False,True,True,False,False,False,False,False,False,False,False,False,False,False,False,False,False,False,False,False,False,True,False,False,False,True,False,False,1
99,1,400000.0,0.0,108100.0,1,1,1,1,2,0,1,1,3,1,0,0,5,0,0,1,99,99,2,11,1,1,2,1,0,0,0.0,999999.0,999999.0,999999,99999.0,99999.0,99999.0,501.0,1,0,True,False,False,False,True,False,False,True,True,False,False,False,False,False,False,False,False,False,False,False,False,False,False,False,False,False,False,True,False,False,False,True,False,False,1
99,1,225000.0,0.0,54700.0,1,1,0,0,0,0,0,0,0,0,1,1,2,0,0,1,99,99,0,66,0,0,6,0,0,0,1200.0,0.0,0.0,0,0.0,0.0,0.0,501.0,0,0,True,False,False,False,True,False,False,True,False,False,False,False,False,False,False,False,False,False,False,False,True,False,False,False,False,False,False,True,False,False,True,False,False,False,1
99,1,162500.0,0.0,78374.0,1,1,0,0,0,0,0,0,0,0,2,1,2,0,0,1,99,99,0,29,1,0,8,0,31,65,39287.0,39072.0,0.0,0,0.0,0.0,0.0,501.0,1,1,True,False,False,False,True,False,False,True,False,False,False,True,False,False,False,False,False,False,False,False,False,False,False,False,False,False,False,True,False,False,True,False,False,False,1
99,0,999999.0,675.0,44000.0,1,1,2,1,2,0,1,1,0,1,0,0,5,0,0,1,99,99,1,1,0,0,7,0,0,0,0.0,999999.0,999999.0,999999,99999.0,99999.0,99999.0,290.0,1,0,True,False,False,False,True,False,False,True,True,False,False,False,False,False,False,False,False,False,False,False,False,False,False,False,False,False,False,True,False,False,False,True,False,False,1
99,0,999999.0,537.0,12000.0,7,0,0,0,0,0,0,0,0,0,0,0,1,0,0,2,99,99,0,22,1,0,0,0,24,47,6000.0,6000.0,0.0,0,0.0,0.0,0.0,93.0,1,0,True,False,False,False,True,False,False,True,False,False,False,False,False,True,False,False,False,False,False,False,False,False,False,False,False,False,False,True,False,False,False,True,False,False,0
99,0,999999.0,575.0,28000.0,1,0,0,0,0,0,0,0,0,0,0,0,1,0,0,1,99,99,0,45,0,1,7,1,21,66,28000.0,28000.0,0.0,0,0.0,0.0,0.0,434.0,0,2,True,False,False,False,True,False,False,True,False,False,False,True,False,False,False,False,False,False,False,False,False,True,False,False,False,False,False,False,False,False,False,True,False,False,1
99,0,999999.0,512.0,36000.0,1,0,0,0,0,0,0,0,0,0,0,0,1,0,0,1,99,99,0,25,0,0,8,0,30,44,36000.0,36000.0,0.0,0,0.0,0.0,0.0,501.0,0,2,True,False,False,False,True,False,False,True,False,False,False,True,False,False,False,False,False,False,False,False,False,False,False,False,False,False,False,True,False,False,False,True,False,False,1
99,1,350000.0,0.0,51000.0,1,1,1,1,2,0,1,1,0,1,0,0,5,0,0,1,99,99,2,5,1,1,0,1,0,0,0.0,999999.0,999999.0,999999,99999.0,99999.0,99999.0,345.0,0,0,True,False,False,False,True,False,False,True,True,False,False,False,False,False,False,False,False,False,False,False,False,False,False,False,False,False,False,True,False,False,False,True,False,False,1
99,0,999999.0,412.0,20000.0,2,1,1,2,0,0,0,1,3,1,0,0,9,0,0,1,99,99,3,3,0,0,0,0,0,0,0.0,999999.0,999999.0,999999,99999.0,99999.0,99999.0,80.0,1,0,True,False,False,False,True,False,False,True,True,False,False,False,False,False,False,False,False,False,False,False,False,False,False,False,False,False,False,True,False,False,False,True,False,False,1
99,0,999999.0,625.0,14500.0,2,1,1,1,2,0,1,1,0,1,0,0,5,0,0,1,99,99,2,0,1,0,7,0,0,0,0.0,999999.0,999999.0,999999,99999.0,99999.0,99999.0,98.0,1,0,True,False,False,False,True,False,False,True,True,False,False,False,False,False,False,False,False,False,False,False,False,False,False,False,False,False,False,True,False,False,False,True,False,False,1
99,1,187500.0,0.0,58603.0,3,0,1,1,0,0,0,1,0,1,0,0,3,0,0,1,99,99,1,10,1,1,1,2,0,0,0.0,999999.0,999999.0,999999,99999.0,99999.0,99999.0,501.0,1,0,True,False,False,False,True,False,False,True,True,False,False,False,False,False,False,False,False,False,False,False,False,False,False,False,False,False,False,True,False,False,False,True,False,False,1
99,0,999999.0,412.0,20000.0,2,1,0,0,0,0,0,0,0,0,2,1,2,0,0,1,99,99,0,28,1,1,7,1,22,45,0.0,0.0,0.0,0,0.0,0.0,0.0,241.0,1,2,True,False,False,False,True,False,False,True,False,False,False,True,False,False,False,False,False,False,False,False,False,False,False,True,False,False,False,False,False,False,True,False,False,False,1
99,0,999999.0,625.0,6720.0,1,0,1,0,0,0,0,0,0,0,0,0,4,3,0,1,16,12,0,37,0,0,2,0,6,7,6720.0,6720.0,0.0,0,0.0,0.0,0.0,53.0,0,2,True,False,False,False,True,False,False,True,False,False,False,True,False,False,False,False,False,False,False,False,False,False,False,False,False,False,False,True,True,False,False,False,False,False,1
99,0,999999.0,412.0,18000.0,1,1,1,1,2,0,1,1,0,1,0,0,10,0,0,1,99,99,6,9,1,1,1,1,0,0,0.0,999999.0,999999.0,999999,99999.0,99999.0,99999.0,75.0,1,0,True,False,False,False,True,False,False,True,True,False,False,False,False,False,False,False,False,False,False,False,False,False,False,False,False,False,False,True,False,False,False,True,False,False,1
99,1,85000.0,0.0,38600.0,1,1,4,1,1,0,1,2,0,1,0,0,11,2,1,1,19,4,4,42,0,0,6,0,28,22,16000.0,16000.0,0.0,0,0.0,0.0,0.0,143.0,0,0,True,False,False,False,True,False,False,True,True,False,False,False,False,False,False,False,False,False,False,False,False,False,False,False,False,False,False,True,True,False,False,False,False,False,0
99,1,187500.0,0.0,37664.0,1,1,0,0,0,0,0,0,0,0,2,1,2,0,0,1,99,99,0,90,1,1,8,1,0,0,35000.0,0.0,0.0,0,7000.0,0.0,0.0,501.0,0,7,True,False,False,False,True,False,False,True,False,False,False,True,False,False,False,False,False,False,False,False,False,False,False,False,False,False,False,True,False,False,True,False,False,False,1
99,0,999999.0,262.0,7060.0,1,0,1,0,0,0,0,0,0,0,0,0,2,1,1,1,1,1,0,39,0,0,7,0,41,68,7060.0,0.0,0.0,0,0.0,7060.0,0.0,83.0,1,1,True,False,False,False,True,False,False,True,False,False,False,True,False,False,False,False,False,False,False,False,False,False,True,False,False,False,False,False,False,False,False,True,False,False,1
99,0,999999.0,487.0,16000.0,1,1,1,1,2,7,1,1,0,1,0,0,4,0,0,1,99,99,1,1,0,0,7,0,0,0,0.0,999999.0,999999.0,999999,99999.0,99999.0,99999.0,127.0,1,0,True,False,False,False,True,False,False,True,True,False,False,False,False,False,False,False,False,False,False,False,False,False,False,False,False,False,False,True,False,False,False,True,False,False,1
99,0,999999.0,412.0,33000.0,1,1,1,1,0,0,0,0,0,0,1,1,5,3,0,1,8,5,0,40,0,0,7,0,22,51,23000.0,23000.0,0.0,0,0.0,0.0,0.0,223.0,1,0,True,False,False,False,True,False,False,True,False,False,False,False,False,False,False,False,False,False,False,False,True,False,False,False,False,True,False,False,False,False,True,False,False,False,1
99,0,999999.0,875.0,39150.0,1,2,1,1,0,0,0,0,0,0,0,0,8,0,0,1,99,99,1,30,1,0,1,0,20,9,5000.0,5000.0,0.0,0,0.0,0.0,0.0,176.0,1,0,True,False,False,False,True,False,False,True,False,False,False,False,False,False,False,False,False,False,True,False,False,False,False,False,False,False,False,True,False,True,False,False,False,False,1
99,1,162500.0,0.0,108000.0,1,1,0,0,0,0,0,0,0,0,1,1,2,0,0,1,99,99,0,46,0,0,7,0,35,46,48000.0,45000.0,0.0,0,0.0,0.0,0.0,501.0,1,0,True,False,False,False,True,False,False,True,False,False,False,False,False,False,False,False,False,False,False,False,True,False,False,False,False,False,False,True,False,False,True,False,False,False,1
99,0,999999.0,437.0,13572.0,1,0,1,0,1,0,1,0,0,0,0,0,5,0,0,1,99,99,3,31,1,0,6,0,0,0,7560.0,0.0,0.0,0,0.0,7560.0,0.0,89.0,0,0,True,False,False,False,True,False,False,True,True,False,False,False,False,False,False,False,False,False,False,False,False,False,True,False,False,False,False,False,False,False,False,True,False,False,1
99,1,137500.0,0.0,45000.0,1,1,1,1,0,0,0,0,0,0,2,1,4,2,0,1,14,7,0,48,1,0,6,0,29,27,40000.0,40000.0,0.0,0,0.0,0.0,0.0,358.0,0,5,True,False,False,False,True,False,False,True,False,False,False,True,False,False,False,False,False,False,False,False,False,False,False,False,True,False,False,False,False,False,True,False,False,False,1
99,0,999999.0,675.0,25600.0,1,1,1,1,2,0,1,1,0,1,0,0,4,0,0,1,99,99,1,6,0,1,0,2,0,0,0.0,999999.0,999999.0,999999,99999.0,99999.0,99999.0,204.0,0,0,True,False,False,False,True,False,False,True,True,False,False,False,False,False,False,False,False,False,False,False,False,False,False,False,False,False,False,True,False,False,False,True,False,False,1
99,0,999999.0,625.0,12000.0,1,1,1,1,0,0,0,0,0,0,1,1,3,1,1,1,1,1,0,27,0,0,6,0,17,26,0.0,0.0,0.0,0,0.0,0.0,0.0,120.0,1,0,True,False,False,False,True,False,False,True,False,False,False,False,False,False,False,False,False,False,False,False,True,False,False,False,False,False,False,True,False,False,True,False,False,False,1
99,0,999999.0,625.0,30248.0,1,0,1,0,0,0,0,0,0,0,0,0,2,1,0,1,16,16,0,41,0,0,7,0,23,45,30248.0,30248.0,0.0,0,0.0,0.0,0.0,354.0,0,5,True,False,False,False,True,False,False,True,False,False,False,True,False,False,False,False,False,False,False,False,False,False,False,False,False,False,False,True,False,False,False,True,False,False,1
99,0,999999.0,875.0,18200.0,1,1,0,0,0,0,0,0,0,0,0,0,4,0,0,1,99,99,0,19,1,0,3,0,0,0,0.0,0.0,0.0,0,0.0,0.0,0.0,142.0,1,0,True,False,False,False,True,False,False,True,False,False,False,False,False,False,True,False,False,False,False,False,False,False,False,False,False,False,False,True,False,False,False,True,False,False,1
99,0,999999.0,1.0,3804.0,1,0,0,0,0,0,0,0,0,0,0,0,1,0,0,1,99,99,0,69,1,0,7,0,0,0,3804.0,0.0,0.0,0,3804.0,0.0,0.0,64.0,0,7,True,False,False,False,True,False,False,True,False,False,False,True,False,False,False,False,False,False,False,False,False,False,False,False,False,False,False,True,True,False,False,False,False,False,1
99,1,112500.0,0.0,8000.0,2,2,2,2,0,0,0,0,0,0,13,4,2,0,0,2,99,99,0,22,0,0,2,0,6,7,5500.0,5500.0,0.0,0,0.0,0.0,0.0,139.0,1,0,True,False,False,False,True,False,False,True,False,False,False,False,False,True,False,False,False,False,False,False,False,False,False,False,False,False,False,True,False,False,True,False,False,False,0
99,0,999999.0,437.0,36890.0,2,1,1,1,0,0,0,0,0,0,2,1,6,2,2,1,4,0,1,17,1,0,2,0,37,49,19000.0,19000.0,0.0,0,0.0,0.0,0.0,211.0,1,1,True,False,False,False,True,False,False,True,False,False,False,True,False,False,False,False,False,False,False,False,False,True,False,False,False,False,False,False,False,False,True,False,False,False,0
99,1,400000.0,0.0,50000.0,1,1,1,1,0,0,0,0,0,0,2,1,4,2,1,1,6,3,0,31,1,1,7,1,32,39,50000.0,50000.0,0.0,0,0.0,0.0,0.0,398.0,1,5,True,False,False,False,True,False,False,True,False,False,False,True,False,False,False,False,False,False,False,False,False,False,False,False,False,False,False,True,False,False,True,False,False,False,1
99,0,999999.0,162.0,9360.0,1,1,0,0,0,0,0,0,0,0,2,1,2,0,0,1,99,99,0,75,1,0,7,0,0,0,7560.0,0.0,0.0,0,0.0,7560.0,0.0,125.0,0,5,True,False,False,False,True,False,False,True,False,False,False,True,False,False,False,False,False,False,False,False,False,False,False,True,False,False,False,False,False,False,True,False,False,False,1
99,0,999999.0,675.0,19000.0,2,0,2,1,0,0,0,4,0,3,0,0,2,0,0,2,99,99,0,26,0,0,6,0,11,16,10000.0,10000.0,0.0,0,0.0,0.0,0.0,501.0,1,0,True,False,False,False,True,False,False,True,False,False,False,False,False,False,False,False,False,True,False,False,False,False,False,False,False,False,False,True,False,False,False,True,False,False,1
99,0,999999.0,575.0,6460.0,1,0,2,0,0,0,0,0,0,0,0,0,5,2,0,1,31,26,0,53,0,0,4,0,17,13,5872.0,0.0,0.0,0,0.0,0.0,5872.0,43.0,0,5,True,False,False,False,True,False,False,True,False,False,False,True,False,False,False,False,False,False,False,False,False,False,False,False,False,False,False,True,False,False,False,False,True,False,1
99,0,999999.0,537.0,34910.0,1,1,2,1,0,0,0,0,0,0,2,1,7,3,2,1,6,0,0,30,1,0,1,0,26,22,13650.0,13650.0,0.0,0,0.0,0.0,0.0,176.0,0,5,True,False,False,False,True,False,False,True,False,False,False,True,False,False,False,False,False,False,False,False,False,False,False,False,False,False,False,True,False,False,True,False,False,False,1
99,0,999999.0,1000.0,56921.0,1,1,1,1,0,0,0,0,0,0,2,1,3,1,0,1,5,5,0,35,1,0,8,0,79,92,31921.0,30121.0,0.0,0,0.0,0.0,0.0,501.0,0,2,True,False,False,False,True,False,False,True,False,False,False,True,False,False,False,False,False,False,False,False,False,False,False,False,False,False,False,True,False,False,True,False,False,False,1
99,1,275000.0,0.0,29500.0,2,0,1,0,1,0,1,0,0,0,0,0,3,0,0,1,99,99,1,23,0,1,8,1,27,67,3000.0,3000.0,0.0,0,0.0,0.0,0.0,304.0,0,0,True,False,False,False,True,False,False,True,True,False,False,False,False,False,False,False,False,False,False,False,False,False,False,False,False,False,False,True,False,False,False,True,False,False,1
99,1,112500.0,0.0,20376.0,2,1,1,1,2,0,1,1,0,1,0,0,4,0,0,1,99,99,1,20,1,0,6,0,35,62,0.0,0.0,0.0,0,0.0,0.0,0.0,157.0,0,0,True,False,False,False,True,False,False,True,True,False,False,False,False,False,False,False,False,False,False,False,False,False,False,False,False,False,False,True,False,False,False,True,False,False,1
99,0,999999.0,675.0,20000.0,1,0,0,0,0,0,0,0,0,0,0,0,3,0,0,1,99,99,0,20,1,1,7,1,0,0,0.0,0.0,0.0,0,0.0,0.0,0.0,206.0,1,0,True,False,False,False,True,False,False,True,False,False,False,False,False,False,True,False,False,False,False,False,False,False,False,False,False,False,False,True,False,False,False,True,False,False,1
99,0,999999.0,412.0,24000.0,1,0,0,0,0,0,0,0,0,0,0,0,1,0,0,1,99,99,0,37,1,0,7,0,41,68,24000.0,24000.0,0.0,0,0.0,0.0,0.0,372.0,1,2,True,False,False,False,True,False,False,True,False,False,False,True,False,False,False,False,False,False,False,False,False,False,False,False,False,False,False,True,False,False,False,True,False,False,1
99,1,350000.0,0.0,133500.0,1,1,1,1,2,0,1,1,0,1,0,0,6,0,0,1,99,99,1,8,1,1,1,2,0,0,0.0,999999.0,999999.0,999999,99999.0,99999.0,99999.0,501.0,1,0,True,False,False,False,True,False,False,True,True,False,False,False,False,False,False,False,False,False,False,False,False,False,False,False,False,True,False,False,False,False,False,True,False,False,1
99,0,999999.0,875.0,40400.0,1,1,1,1,0,0,0,0,0,0,1,1,4,2,2,1,3,1,0,26,0,1,7,1,22,61,28400.0,28400.0,0.0,0,0.0,0.0,0.0,321.0,1,0,True,False,False,False,True,False,False,True,False,False,False,False,False,False,False,False,False,False,False,False,True,False,True,False,False,False,False,False,False,False,True,False,False,False,1
99,0,999999.0,625.0,37500.0,1,1,1,1,0,0,0,0,0,0,2,1,3,1,1,1,1,1,0,28,1,1,8,1,30,65,25000.0,25000.0,0.0,0,0.0,0.0,0.0,376.0,0,5,True,False,False,False,True,False,False,True,False,False,False,True,False,False,False,False,False,False,False,False,False,False,True,False,False,False,False,False,False,False,True,False,False,False,0
99,1,112500.0,0.0,53000.0,1,1,1,1,2,0,1,1,0,1,0,0,4,0,0,1,99,99,1,18,1,1,6,1,16,15,3000.0,3000.0,0.0,0,0.0,0.0,0.0,408.0,0,0,True,False,False,False,True,False,False,True,True,False,False,False,False,False,False,False,False,False,False,False,False,False,False,False,False,False,False,True,False,False,False,True,False,False,0
99,1,225000.0,0.0,61438.0,1,1,1,1,2,0,1,1,0,1,0,0,4,0,0,1,99,99,1,16,0,1,4,1,20,8,229.0,229.0,0.0,0,0.0,0.0,0.0,489.0,1,0,True,False,False,False,True,False,False,True,True,False,False,False,False,False,False,False,False,False,False,False,False,False,True,False,False,False,False,False,False,True,False,False,False,False,1
99,0,999999.0,487.0,34000.0,1,0,0,0,0,0,0,0,0,0,0,0,3,0,0,1,99,99,2,34,1,0,2,0,20,8,16000.0,16000.0,0.0,0,0.0,0.0,0.0,351.0,0,2,True,False,False,False,True,False,False,True,False,False,False,True,False,False,False,False,False,False,False,False,False,False,False,False,False,False,False,True,False,False,False,True,False,False,1
99,1,400000.0,0.0,83300.0,1,1,1,1,2,0,1,1,0,1,0,0,4,0,0,1,99,99,1,25,0,0,8,0,16,15,8100.0,8000.0,0.0,0,0.0,0.0,0.0,501.0,0,0,True,False,False,False,True,False,False,True,True,False,False,False,False,False,False,False,False,False,False,False,False,False,False,False,False,False,False,True,False,False,False,True,False,False,1
99,0,999999.0,162.0,30000.0,1,1,1,1,0,0,0,0,0,0,0,0,6,0,0,1,99,99,0,13,0,0,2,0,0,0,0.0,999999.0,999999.0,999999,99999.0,99999.0,99999.0,176.0,0,0,True,False,False,False,True,False,False,True,False,False,False,False,False,False,True,False,False,False,False,False,False,False,False,False,False,False,False,True,False,False,False,True,False,False,1
99,0,999999.0,262.0,15000.0,2,0,1,0,0,0,0,0,0,0,0,0,1,0,0,2,99,99,0,33,1,1,8,2,11,16,2000.0,2000.0,0.0,0,0.0,0.0,0.0,31.0,0,0,True,False,False,False,True,False,False,True,False,False,False,False,False,False,False,False,False,True,False,False,False,False,False,False,False,False,False,True,False,False,False,True,False,False,1
99,1,112500.0,0.0,18000.0,2,1,1,1,0,0,0,0,0,0,2,1,5,3,0,1,16,11,0,52,1,0,2,0,20,8,8000.0,8000.0,0.0,0,0.0,0.0,0.0,122.0,0,6,True,False,False,False,True,False,False,True,False,False,False,True,False,False,False,False,False,False,False,False,False,False,False,False,False,False,False,True,False,False,True,False,False,False,1
99,1,275000.0,0.0,37091.0,3,0,0,0,0,0,0,0,0,0,0,0,1,0,0,1,99,99,0,39,1,0,8,0,30,67,37091.0,0.0,33658.0,0,2527.0,0.0,0.0,501.0,0,6,True,False,False,False,True,False,False,True,False,False,False,True,False,False,False,False,False,False,False,False,False,False,False,True,False,False,False,False,True,False,False,False,False,False,0
99,0,999999.0,725.0,14160.0,1,1,0,0,0,0,0,0,0,0,1,1,2,0,0,1,99,99,0,44,0,0,1,0,25,18,900.0,900.0,0.0,0,0.0,0.0,0.0,171.0,1,0,True,False,False,False,True,False,False,True,False,False,False,False,False,False,False,False,False,False,False,False,True,False,False,False,False,True,False,False,False,False,True,False,False,False,0
99,0,999999.0,675.0,35000.0,3,1,0,1,0,0,0,0,0,0,0,0,4,0,0,1,99,99,0,18,1,1,6,1,24,19,5000.0,5000.0,0.0,0,0.0,0.0,0.0,274.0,1,0,True,False,False,False,True,False,False,True,False,False,False,False,False,False,True,False,False,False,False,False,False,False,False,False,False,False,False,True,False,False,False,True,False,False,1
99,0,999999.0,362.0,0.0,1,0,0,0,0,0,0,0,0,0,0,0,1,0,0,1,99,99,0,32,1,0,7,0,29,48,0.0,0.0,0.0,0,0.0,0.0,0.0,1.0,0,2,True,False,False,False,True,False,False,True,False,False,False,True,False,False,False,False,False,False,False,False,False,False,True,False,False,False,False,False,False,False,False,False,True,False,1
99,0,999999.0,487.0,27000.0,1,0,0,0,0,0,0,0,0,0,0,0,1,0,0,1,99,99,0,37,1,0,7,0,23,18,27000.0,27000.0,0.0,0,0.0,0.0,0.0,419.0,1,2,True,False,False,False,True,False,False,True,False,False,False,True,False,False,False,False,False,False,False,False,False,False,False,False,False,False,False,True,False,False,False,True,False,False,1
99,1,225000.0,0.0,50000.0,1,1,1,1,2,7,1,1,0,1,0,0,3,0,0,1,99,99,0,15,1,1,4,1,0,0,0.0,999999.0,999999.0,999999,0.0,0.0,0.0,501.0,0,0,True,False,False,False,True,False,False,True,True,False,False,False,False,False,False,False,False,False,False,False,False,False,False,False,False,False,False,True,False,False,False,True,False,False,1
99,1,187500.0,0.0,55876.0,1,0,3,0,1,0,1,0,0,0,0,0,9,1,1,1,4,4,5,26,0,0,6,0,24,44,16089.0,13289.0,0.0,0,0.0,0.0,2800.0,208.0,1,0,True,False,False,False,True,False,False,True,True,False,False,False,False,False,False,False,False,False,False,False,False,False,False,False,False,False,False,True,False,False,False,False,True,False,1
99,1,225000.0,0.0,40000.0,1,1,1,1,0,0,0,0,0,0,2,1,3,1,0,1,7,7,0,45,1,0,7,0,43,86,40000.0,40000.0,0.0,0,0.0,0.0,0.0,401.0,0,8,True,False,False,False,True,False,False,True,False,False,False,True,False,False,False,False,False,False,False,False,False,False,False,False,False,False,False,True,False,False,True,False,False,False,1
99,1,400000.0,0.0,45000.0,1,1,1,1,0,0,0,0,0,0,1,2,4,2,0,1,16,12,0,47,1,0,6,0,20,8,21000.0,21000.0,0.0,0,0.0,0.0,0.0,358.0,0,0,True,False,False,False,True,False,False,True,False,False,False,False,False,False,False,False,False,False,False,False,True,False,False,False,False,False,False,True,False,False,True,False,False,False,1
99,0,999999.0,1000.0,18000.0,8,2,0,0,0,0,0,0,0,0,0,0,1,0,0,7,99,99,0,24,1,0,5,0,25,44,6000.0,6000.0,0.0,0,0.0,0.0,0.0,93.0,0,0,True,False,False,False,True,False,False,True,False,False,False,False,False,True,False,False,False,False,False,False,False,False,False,False,False,False,False,True,False,False,False,True,False,False,0
99,0,999999.0,875.0,18500.0,1,0,0,0,0,0,0,0,0,0,0,0,1,0,0,1,99,99,0,20,0,1,7,1,41,68,18500.0,18500.0,0.0,0,0.0,0.0,0.0,287.0,1,1,True,False,False,False,True,False,False,True,False,False,False,True,False,False,False,False,False,False,False,False,False,False,True,False,False,False,False,False,False,False,False,True,False,False,0
99,1,350000.0,0.0,9394.0,1,0,0,0,0,0,0,0,0,0,0,0,1,0,0,1,99,99,0,75,0,0,6,0,0,0,9394.0,0.0,0.0,0,0.0,0.0,0.0,158.0,0,6,True,False,False,False,True,False,False,True,False,False,False,True,False,False,False,False,False,False,False,False,False,False,False,False,False,False,False,True,False,False,False,False,False,True,1
99,1,400000.0,0.0,66820.0,1,1,1,1,2,0,1,1,0,1,0,0,4,0,0,1,99,99,1,15,1,1,3,1,0,0,520.0,999999.0,999999.0,999999,0.0,0.0,120.0,501.0,1,0,True,False,False,False,True,False,False,True,True,False,False,False,False,False,False,False,False,False,False,False,False,False,False,False,False,False,False,True,False,False,False,True,False,False,1
99,1,350000.0,0.0,8540.0,1,1,0,0,0,0,0,0,0,0,1,1,2,0,0,1,99,99,0,61,0,0,6,0,0,0,0.0,0.0,0.0,0,0.0,0.0,0.0,103.0,0,0,True,False,False,False,True,False,False,True,False,False,False,False,False,False,False,False,False,False,False,False,True,False,False,False,False,False,False,True,False,False,True,False,False,False,1
99,0,999999.0,875.0,24000.0,1,1,1,1,0,0,0,0,0,0,1,1,5,3,0,1,18,8,0,40,0,0,7,0,26,72,4000.0,4000.0,0.0,0,0.0,0.0,0.0,158.0,1,0,True,False,False,False,True,False,False,True,False,False,False,False,False,False,False,False,False,False,False,False,True,False,False,False,False,False,False,True,False,False,True,False,False,False,1
99,0,999999.0,675.0,38400.0,3,0,0,1,0,0,0,0,0,0,0,0,3,2,0,3,18,16,0,38,1,0,1,0,20,9,5760.0,5760.0,0.0,0,0.0,0.0,0.0,130.0,0,0,True,False,False,False,True,False,False,True,False,False,False,False,False,True,False,False,False,False,False,False,False,False,False,False,False,False,False,True,False,True,False,False,False,False,1
99,1,350000.0,0.0,76200.0,1,1,1,1,2,0,1,1,0,1,0,0,6,0,0,1,99,99,3,8,0,1,1,2,0,0,0.0,999999.0,999999.0,999999,99999.0,99999.0,99999.0,437.0,0,0,True,False,False,False,True,False,False,True,True,False,False,False,False,False,False,False,False,False,False,False,False,False,False,False,False,False,False,True,False,False,False,True,False,False,1
99,0,999999.0,537.0,16355.0,2,0,1,0,0,0,0,0,0,0,0,0,1,0,0,2,99,99,0,36,1,1,6,1,18,44,2800.0,2800.0,0.0,0,0.0,0.0,0.0,43.0,1,0,True,False,False,False,True,False,False,True,False,False,False,False,False,False,False,False,False,True,False,False,False,False,False,False,False,False,False,True,False,False,False,True,False,False,1
99,0,999999.0,575.0,22199.0,1,1,2,1,3,0,1,0,0,0,0,0,7,0,0,1,99,99,2,31,1,0,1,0,24,19,9900.0,9900.0,0.0,0,0.0,0.0,0.0,110.0,0,0,True,False,False,False,True,False,False,True,False,False,False,False,False,False,False,False,False,False,True,False,False,False,False,False,False,False,False,True,False,True,False,False,False,False,1
99,1,225000.0,0.0,49194.0,1,1,1,1,1,3,1,2,0,1,0,0,3,0,0,1,99,99,0,10,1,1,1,1,0,0,0.0,999999.0,999999.0,999999,99999.0,99999.0,99999.0,493.0,1,0,True,False,False,False,True,False,False,True,True,False,False,False,False,False,False,False,False,False,False,False,False,False,False,False,False,False,False,True,False,False,False,True,False,False,1
99,1,112500.0,0.0,9609.0,1,1,1,1,2,0,1,1,0,1,0,0,5,0,0,1,99,99,2,8,1,1,0,1,0,0,0.0,999999.0,999999.0,999999,99999.0,99999.0,99999.0,65.0,0,0,True,False,False,False,True,False,False,True,True,False,False,False,False,False,False,False,False,False,False,False,False,False,False,False,False,False,False,True,False,False,False,True,False,False,1
99,0,999999.0,187.0,6910.0,1,0,0,0,0,0,0,0,0,0,0,0,1,0,0,1,99,99,0,60,0,0,7,0,0,0,6910.0,0.0,0.0,0,4200.0,2680.0,0.0,107.0,0,6,True,False,False,False,True,False,False,True,False,False,False,True,False,False,False,False,False,False,False,False,False,False,False,False,False,False,False,True,True,False,False,False,False,False,1
99,1,112500.0,0.0,27000.0,1,0,0,1,0,0,0,0,0,0,0,0,5,3,0,1,21,18,0,62,1,0,4,0,27,19,27000.0,27000.0,0.0,0,0.0,0.0,0.0,173.0,0,7,True,False,False,False,True,False,False,True,False,False,False,True,False,False,False,False,False,False,False,False,False,False,True,False,False,False,False,False,True,False,False,False,False,False,1
99,0,999999.0,312.0,14000.0,2,1,0,0,0,0,0,0,0,0,2,1,2,0,0,1,99,99,0,27,1,1,7,1,24,44,5000.0,5000.0,0.0,0,0.0,0.0,0.0,169.0,0,6,True,False,False,False,True,False,False,True,False,False,False,True,False,False,False,False,False,False,False,False,False,False,False,False,False,False,False,True,False,False,True,False,False,False,0
99,0,999999.0,412.0,9000.0,1,0,1,0,2,0,1,0,0,0,0,0,2,0,0,1,99,99,0,21,1,0,6,0,23,18,7000.0,7000.0,0.0,0,0.0,0.0,0.0,108.0,0,6,True,False,False,False,True,False,False,True,False,False,False,True,False,False,False,False,False,False,False,False,False,False,False,False,False,False,False,True,False,False,False,True,False,False,1
99,1,350000.0,0.0,13315.0,1,1,1,1,2,0,1,1,0,1,0,0,5,0,0,1,99,99,2,14,0,1,2,1,0,0,0.0,999999.0,999999.0,999999,99999.0,99999.0,99999.0,90.0,0,0,True,False,False,False,True,False,False,True,True,False,False,False,False,False,False,False,False,False,False,False,False,False,False,False,False,False,False,True,False,False,False,True,False,False,1
99,1,95000.0,0.0,68000.0,1,1,2,1,0,0,0,0,0,0,0,0,10,0,0,1,99,99,1,24,1,0,2,0,23,18,18000.0,18000.0,0.0,0,0.0,0.0,0.0,264.0,1,0,True,False,False,False,True,False,False,True,False,False,False,False,False,False,False,False,False,False,False,True,False,False,False,False,False,False,False,True,False,True,False,False,False,False,1
99,0,999999.0,625.0,24660.0,1,1,2,1,0,0,0,0,0,0,1,1,6,3,0,1,23,19,0,43,0,0,7,0,24,44,14400.0,14400.0,0.0,0,0.0,0.0,0.0,138.0,1,0,True,False,False,False,True,False,False,True,False,False,False,False,False,False,False,False,False,False,False,False,True,False,False,False,False,True,False,False,False,False,True,False,False,False,1
99,1,400000.0,0.0,19417.0,2,0,0,0,0,0,0,0,0,0,0,0,1,0,0,2,99,99,0,66,1,0,8,0,0,0,25250.0,0.0,0.0,0,1500.0,0.0,450.0,425.0,0,0,True,False,False,False,True,False,False,True,False,False,False,False,False,False,False,False,False,True,False,False,False,False,False,False,False,False,False,True,False,False,False,True,False,False,1
99,0,999999.0,537.0,50988.0,1,1,2,1,0,0,0,0,0,0,1,1,5,2,1,1,13,0,0,42,0,0,6,0,21,18,34000.0,34000.0,0.0,0,0.0,0.0,0.0,336.0,0,0,True,False,False,False,True,False,False,True,False,False,False,False,False,False,False,False,False,False,False,False,True,False,False,False,False,True,False,False,False,False,True,False,False,False,1
99,0,999999.0,337.0,12000.0,1,1,1,1,2,0,1,1,0,1,0,0,3,0,0,1,99,99,0,7,1,1,1,1,0,0,0.0,999999.0,999999.0,999999,99999.0,99999.0,99999.0,120.0,1,0,True,False,False,False,True,False,False,True,True,False,False,False,False,False,False,False,False,False,False,False,False,False,False,False,False,True,False,False,False,False,False,True,False,False,1
99,0,999999.0,312.0,22401.0,1,0,1,0,1,0,1,0,0,0,0,0,16,0,0,1,99,99,9,6,1,0,0,0,0,0,0.0,999999.0,999999.0,999999,99999.0,99999.0,99999.0,93.0,1,0,True,False,False,False,True,False,False,True,True,False,False,False,False,False,False,False,False,False,False,False,False,False,True,False,False,False,False,False,False,False,False,True,False,False,1
99,0,999999.0,725.0,56740.0,1,2,1,1,0,0,0,0,0,0,5,1,7,0,0,1,99,99,0,20,1,0,2,0,20,8,3600.0,3600.0,0.0,0,0.0,0.0,0.0,287.0,1,0,True,False,False,False,True,False,False,True,False,False,False,False,False,False,True,False,False,False,False,False,False,False,False,False,False,False,False,True,False,False,True,False,False,False,0
99,1,137500.0,0.0,48120.0,1,1,1,1,2,0,1,1,0,1,0,0,5,0,0,1,99,99,2,13,1,1,2,1,0,0,0.0,999999.0,999999.0,999999,99999.0,99999.0,99999.0,317.0,0,0,True,False,False,False,True,False,False,True,True,False,False,False,False,False,False,False,False,False,False,False,False,False,True,False,False,False,False,False,False,False,False,True,False,False,1
99,1,162500.0,0.0,52602.0,1,1,1,1,0,0,0,0,0,0,1,1,4,2,0,1,14,12,0,31,0,0,2,0,0,0,0.0,0.0,0.0,0,0.0,0.0,0.0,418.0,1,0,True,False,False,False,True,False,False,True,False,False,False,False,False,False,False,False,False,False,False,False,True,False,False,False,False,False,False,True,False,False,True,False,False,False,1
99,0,999999.0,1000.0,96228.0,1,1,0,0,0,0,0,0,0,0,1,1,2,0,0,1,99,99,0,25,0,0,8,0,61,93,25828.0,25023.0,0.0,0,0.0,0.0,0.0,501.0,1,0,True,False,False,False,True,False,False,True,False,False,False,False,False,False,False,False,False,False,False,False,True,False,False,False,False,False,False,True,False,False,True,False,False,False,1
99,1,400000.0,0.0,132806.0,1,1,0,0,0,0,0,0,0,0,1,1,2,0,0,1,99,99,0,67,0,0,7,0,0,0,64603.0,0.0,0.0,0,6000.0,0.0,0.0,501.0,0,0,True,False,False,False,True,False,False,True,False,False,False,False,False,False,False,False,False,False,False,False,True,False,False,False,False,False,False,True,False,False,True,False,False,False,1
99,0,999999.0,512.0,11600.0,1,1,0,0,0,0,0,0,0,0,1,1,2,0,0,1,99,99,0,78,0,0,3,0,0,0,3100.0,0.0,0.0,0,3100.0,0.0,0.0,155.0,0,0,True,False,False,False,True,False,False,True,False,False,False,False,False,False,False,False,False,False,False,False,True,False,False,False,False,False,False,True,False,False,True,False,False,False,1
99,0,999999.0,725.0,32640.0,1,1,1,1,2,0,1,1,0,1,0,0,5,0,0,1,99,99,2,17,1,1,3,1,20,12,1740.0,1740.0,0.0,0,0.0,0.0,0.0,215.0,0,0,True,False,False,False,True,False,False,True,True,False,False,False,False,False,False,False,False,False,False,False,False,False,False,False,False,False,False,True,False,False,False,True,False,False,1
99,0,999999.0,462.0,1200.0,1,0,0,0,0,0,0,0,0,0,0,0,1,0,0,1,99,99,0,45,1,0,8,0,0,0,1200.0,0.0,0.0,0,0.0,0.0,0.0,19.0,1,1,True,False,False,False,True,False,False,True,False,False,False,True,False,False,False,False,False,False,False,False,False,False,False,False,False,False,False,True,True,False,False,False,False,False,1
99,0,999999.0,537.0,30528.0,1,1,0,0,0,0,0,0,0,0,0,0,3,0,0,1,99,99,0,27,0,0,0,0,23,18,0.0,0.0,0.0,0,0.0,0.0,0.0,315.0,1,0,True,False,False,False,True,False,False,True,False,False,False,False,False,False,True,False,False,False,False,False,False,False,False,False,False,False,False,True,False,False,False,True,False,False,1
99,0,999999.0,675.0,50000.0,1,1,1,1,2,0,1,1,0,1,0,0,3,0,0,1,99,99,0,1,0,0,7,0,0,0,0.0,999999.0,999999.0,999999,99999.0,99999.0,99999.0,501.0,1,0,True,False,False,False,True,False,False,True,True,False,False,False,False,False,False,False,False,False,False,False,False,False,False,False,False,False,False,True,False,False,False,True,False,False,1
99,1,187500.0,0.0,34892.0,1,1,1,1,1,0,1,2,0,1,0,0,3,0,0,1,99,99,0,12,0,1,2,1,0,0,0.0,999999.0,999999.0,999999,99999.0,99999.0,99999.0,350.0,0,0,True,False,False,False,True,False,False,True,True,False,False,False,False,False,False,False,False,False,False,False,False,False,False,False,False,False,False,True,False,False,False,True,False,False,1
99,1,137500.0,0.0,38268.0,1,1,1,1,0,0,0,0,0,0,1,1,4,2,1,1,5,1,0,32,0,0,6,0,41,68,1500.0,0.0,1500.0,0,0.0,0.0,0.0,304.0,1,0,True,False,False,False,True,False,False,True,False,False,False,False,False,False,False,False,False,False,False,False,True,False,False,False,False,False,False,True,False,False,True,False,False,False,1
99,1,400000.0,0.0,165815.0,1,1,1,1,2,0,1,1,0,1,0,0,6,0,0,1,99,99,3,20,0,1,7,1,11,16,500.0,500.0,0.0,0,0.0,0.0,0.0,501.0,0,0,True,False,False,False,True,False,False,True,True,False,False,False,False,False,False,False,False,False,False,False,False,False,False,False,False,False,False,True,False,False,False,True,False,False,1
99,0,999999.0,537.0,1468.0,1,1,1,1,2,0,1,1,0,1,0,0,7,0,0,1,99,99,4,5,1,0,0,0,0,0,0.0,999999.0,999999.0,999999,99999.0,99999.0,99999.0,8.0,1,0,True,False,False,False,True,False,False,True,True,False,False,False,False,False,False,False,False,False,False,False,False,False,False,False,False,False,False,True,False,False,False,True,False,False,1
99,0,999999.0,462.0,17280.0,1,1,1,1,2,0,1,1,0,1,0,0,5,0,0,1,99,99,2,11,0,0,2,0,0,0,0.0,999999.0,999999.0,999999,99999.0,99999.0,99999.0,117.0,1,0,True,False,False,False,True,False,False,True,True,False,False,False,False,False,False,False,False,False,False,False,False,False,False,False,False,False,False,True,False,False,False,True,False,False,1
99,1,137500.0,0.0,45000.0,1,0,1,0,0,0,0,0,0,0,0,0,2,1,0,1,11,11,0,41,0,0,7,0,34,49,45000.0,45000.0,0.0,0,0.0,0.0,0.0,501.0,0,5,True,False,False,False,True,False,False,True,False,False,False,True,False,False,False,False,False,False,False,False,False,False,True,False,False,False,False,False,False,False,False,False,True,False,1
99,0,999999.0,675.0,16730.0,1,1,2,1,2,0,1,1,3,1,0,0,7,0,0,1,99,99,3,13,1,1,2,1,0,0,0.0,999999.0,999999.0,999999,99999.0,99999.0,99999.0,87.0,1,0,True,False,False,False,True,False,False,True,True,False,False,False,False,False,False,False,False,False,False,False,False,False,True,False,False,False,False,False,False,False,False,True,False,False,1
99,1,225000.0,0.0,17572.0,1,1,1,1,2,0,1,1,0,1,0,0,11,0,0,1,99,99,3,13,0,1,2,1,0,0,0.0,999999.0,999999.0,999999,99999.0,99999.0,99999.0,67.0,0,0,True,False,False,False,True,False,False,True,True,False,False,False,False,False,False,False,False,False,False,False,False,False,False,False,False,False,False,True,False,False,False,True,False,False,1
99,0,999999.0,875.0,55000.0,1,0,0,0,0,0,0,0,0,0,0,0,1,0,0,1,99,99,0,26,1,0,7,0,42,84,55000.0,55000.0,0.0,0,0.0,0.0,0.0,501.0,1,5,True,False,False,False,True,False,False,True,False,False,False,True,False,False,False,False,False,False,False,False,False,False,False,False,False,False,False,True,False,False,False,True,False,False,1
99,1,275000.0,0.0,33600.0,2,0,1,0,1,0,1,0,0,0,0,0,2,0,0,1,99,99,0,24,0,1,8,1,11,16,1800.0,1800.0,0.0,0,0.0,0.0,0.0,405.0,0,0,True,False,False,False,True,False,False,True,True,False,False,False,False,False,False,False,False,False,False,False,False,False,False,False,False,False,False,True,False,False,False,True,False,False,1
99,1,72500.0,0.0,49450.0,1,0,0,0,0,0,0,0,0,0,0,0,1,0,0,1,99,99,0,71,0,1,8,1,0,0,49450.0,0.0,0.0,0,2411.0,0.0,0.0,501.0,0,6,True,False,False,False,True,False,False,True,False,False,False,True,False,False,False,False,False,False,False,False,False,False,False,False,False,False,False,True,False,False,False,True,False,False,1
99,0,999999.0,1000.0,41429.0,1,1,1,1,0,0,0,0,0,0,2,1,3,1,1,1,1,1,0,34,1,0,3,0,17,8,25000.0,25000.0,0.0,0,0.0,0.0,0.0,415.0,0,2,True,False,False,False,True,False,False,True,False,False,False,True,False,False,False,False,False,False,False,False,False,False,False,False,False,False,False,True,False,False,True,False,False,False,1
99,1,350000.0,0.0,96000.0,1,1,1,1,0,0,0,0,0,0,1,1,3,1,0,1,15,15,0,44,0,0,8,0,26,72,40000.0,40000.0,0.0,0,0.0,0.0,0.0,501.0,0,0,True,False,False,False,True,False,False,True,False,False,False,False,False,False,False,False,False,False,False,False,True,False,False,False,False,False,False,True,False,False,True,False,False,False,1
99,0,999999.0,675.0,65302.0,1,1,1,1,0,0,0,0,0,0,0,0,5,0,0,1,99,99,1,33,0,1,8,1,24,44,302.0,300.0,0.0,0,0.0,0.0,0.0,430.0,1,0,True,False,False,False,True,False,False,True,False,False,False,False,False,False,False,False,False,False,False,True,False,False,True,False,False,False,False,False,False,False,False,True,False,False,1
99,1,95000.0,0.0,9000.0,1,0,2,0,0,0,0,0,0,0,0,0,7,1,1,1,0,0,1,31,0,0,3,0,0,0,0.0,0.0,0.0,0,0.0,0.0,0.0,45.0,0,0,True,False,False,False,True,False,False,True,False,False,False,False,False,False,False,False,False,False,True,False,False,False,False,False,False,False,False,True,False,False,False,True,False,False,1
99,1,137500.0,0.0,39824.0,1,1,1,1,2,0,1,1,0,1,0,0,5,0,0,1,99,99,2,1,1,0,7,0,0,0,0.0,999999.0,999999.0,999999,99999.0,99999.0,99999.0,269.0,1,0,True,False,False,False,True,False,False,True,True,False,False,False,False,False,False,False,False,False,False,False,False,False,False,False,False,False,False,True,False,False,False,True,False,False,1
99,0,999999.0,625.0,20699.0,1,1,1,1,0,0,0,0,0,0,2,1,4,2,1,1,5,3,0,26,1,0,6,0,22,51,20699.0,20699.0,0.0,0,0.0,0.0,0.0,165.0,1,1,True,False,False,False,True,False,False,True,False,False,False,True,False,False,False,False,False,False,False,False,False,False,False,False,False,False,False,True,False,False,True,False,False,False,1
99,1,275000.0,0.0,52040.0,1,1,2,1,0,0,0,0,0,0,0,0,5,1,0,1,38,38,0,68,0,0,3,0,0,0,5100.0,0.0,0.0,0,4116.0,0.0,984.0,343.0,0,0,True,False,False,False,True,False,False,True,False,False,False,False,False,False,False,False,True,False,False,False,False,False,False,False,False,False,False,True,False,False,False,False,False,True,1
99,1,12500.0,0.0,57566.0,1,1,3,1,2,0,1,1,0,1,0,0,9,2,0,1,9,5,2,24,0,0,7,0,26,52,9336.0,9336.0,0.0,0,0.0,0.0,0.0,224.0,0,0,True,False,False,False,True,False,False,True,True,False,False,False,False,False,False,False,False,False,False,False,False,False,False,False,False,False,False,True,False,False,False,False,True,False,0
99,1,350000.0,0.0,74259.0,1,1,2,1,0,0,0,0,0,0,0,0,4,1,0,1,56,56,0,84,0,0,3,0,0,0,25405.0,0.0,0.0,0,7655.0,0.0,0.0,501.0,0,0,True,False,False,False,True,False,False,True,False,False,False,False,False,False,False,False,True,False,False,False,False,False,False,False,False,False,False,True,False,False,False,False,False,True,1
99,1,162500.0,0.0,64733.0,1,1,1,1,0,0,0,0,0,0,2,1,4,2,1,1,7,0,0,41,1,0,7,0,26,19,30133.0,29700.0,0.0,0,0.0,0.0,0.0,501.0,0,5,True,False,False,False,True,False,False,True,False,False,False,True,False,False,False,False,False,False,False,False,False,False,False,False,False,False,False,True,False,False,True,False,False,False,1
99,1,400000.0,0.0,66000.0,1,1,1,1,2,0,1,1,0,1,0,0,5,0,0,1,99,99,2,20,1,1,7,1,25,15,3000.0,3000.0,0.0,0,0.0,0.0,0.0,422.0,0,0,True,False,False,False,True,False,False,True,True,False,False,False,False,False,False,False,False,False,False,False,False,False,False,False,False,False,False,True,False,False,False,True,False,False,1
99,1,225000.0,0.0,49900.0,1,1,1,1,0,0,0,0,0,0,1,1,3,1,0,1,22,22,0,54,0,0,7,0,29,48,24000.0,24000.0,0.0,0,0.0,0.0,0.0,501.0,0,0,True,False,False,False,True,False,False,True,False,False,False,False,False,False,False,False,False,False,False,False,True,False,False,False,False,False,False,True,False,False,True,False,False,False,1
99,1,400000.0,0.0,46300.0,1,1,0,0,0,0,0,0,0,0,1,1,2,0,0,1,99,99,0,61,0,0,7,0,38,68,0.0,0.0,0.0,0,0.0,0.0,0.0,501.0,0,0,True,False,False,False,True,False,False,True,False,False,False,False,False,False,False,False,False,False,False,False,True,False,False,False,False,False,False,True,False,False,True,False,False,False,1
99,1,112500.0,0.0,57000.0,1,1,1,1,2,0,1,1,0,1,0,0,4,0,0,1,99,99,1,18,1,1,6,1,0,0,0.0,0.0,0.0,0,0.0,0.0,0.0,446.0,0,0,True,False,False,False,True,False,False,True,True,False,False,False,False,False,False,False,False,False,False,False,False,False,False,False,False,False,False,True,False,False,False,True,False,False,1
99,1,162500.0,0.0,54750.0,1,0,1,0,0,0,0,0,0,0,0,0,3,2,0,1,57,41,0,76,0,0,2,0,0,0,4000.0,0.0,0.0,0,4000.0,0.0,0.0,501.0,0,0,True,False,False,False,True,False,False,True,False,False,False,False,False,False,False,True,False,False,False,False,False,False,False,False,False,False,False,True,False,True,False,False,False,False,1
99,0,999999.0,675.0,13000.0,1,1,1,1,0,0,0,0,0,0,2,2,4,2,0,1,10,9,0,30,0,0,3,0,0,0,0.0,0.0,0.0,0,0.0,0.0,0.0,103.0,1,1,True,False,False,False,True,False,False,True,False,False,False,True,False,False,False,False,False,False,False,False,False,False,False,False,False,False,False,True,False,False,True,False,False,False,1
99,1,112500.0,0.0,254757.0,1,1,1,1,0,0,0,0,0,0,2,1,7,2,2,1,4,2,3,33,1,0,7,0,31,33,37000.0,37000.0,0.0,0,0.0,0.0,0.0,501.0,1,2,True,False,False,False,True,False,False,True,False,False,False,True,False,False,False,False,False,False,False,False,False,False,False,False,False,True,False,False,False,False,True,False,False,False,1
99,0,999999.0,312.0,4870.0,1,1,2,1,2,0,1,1,0,1,0,0,7,2,2,1,4,2,1,35,0,0,2,0,16,15,0.0,0.0,0.0,0,0.0,0.0,0.0,25.0,0,0,True,False,False,False,True,False,False,True,True,False,False,False,False,False,False,False,False,False,False,False,False,False,False,False,False,False,False,True,False,False,False,True,False,False,0
99,1,350000.0,0.0,109000.0,1,1,2,2,0,0,0,0,0,0,0,0,6,1,0,1,39,39,0,66,0,0,6,0,0,0,5000.0,0.0,0.0,0,0.0,5000.0,0.0,501.0,0,0,True,False,False,False,True,False,False,True,False,False,False,False,False,False,False,False,True,False,False,False,False,False,False,False,False,True,False,False,False,False,False,False,True,False,1
99,0,999999.0,875.0,80484.0,1,1,0,0,0,0,0,0,0,0,1,1,2,0,0,1,99,99,0,34,0,0,7,0,22,18,22484.0,0.0,22484.0,0,0.0,0.0,0.0,501.0,1,0,True,False,False,False,True,False,False,True,False,False,False,False,False,False,False,False,False,False,False,False,True,False,False,False,False,False,False,True,False,False,True,False,False,False,1
99,0,999999.0,462.0,10000.0,2,1,1,2,1,0,1,2,0,1,0,0,6,2,2,1,4,1,1,25,1,0,2,0,27,19,10000.0,10000.0,0.0,0,0.0,0.0,0.0,57.0,1,0,True,False,False,False,True,False,False,True,True,False,False,False,False,False,False,False,False,False,False,False,False,False,False,False,False,False,False,True,False,True,False,False,False,False,1
99,0,999999.0,0.0,999999.0,1,0,0,0,0,0,0,0,0,0,0,0,1,0,0,1,99,99,0,63,1,1,6,1,0,0,8064.0,0.0,0.0,0,6624.0,1440.0,0.0,0.0,1,0,False,False,True,False,False,True,False,True,False,False,False,False,False,True,False,False,False,False,False,False,False,False,False,False,False,False,False,True,False,True,False,False,False,False,1
99,1,275000.0,0.0,72904.0,1,1,1,0,0,0,0,0,0,0,0,0,4,0,0,1,99,99,0,23,0,0,3,0,0,0,6012.0,0.0,0.0,0,0.0,6012.0,0.0,501.0,1,0,True,False,False,False,True,False,False,True,False,False,False,False,False,False,True,False,False,False,False,False,False,False,False,False,False,False,False,True,False,False,False,False,True,False,1
99,0,999999.0,625.0,31397.0,1,1,1,1,2,0,1,1,0,1,0,0,5,0,0,1,99,99,0,0,0,0,7,0,0,0,0.0,999999.0,999999.0,999999,99999.0,99999.0,99999.0,201.0,1,0,True,False,False,False,True,False,False,True,True,False,False,False,False,False,False,False,False,False,False,False,False,False,False,False,False,False,False,True,False,False,False,True,False,False,1
99,0,999999.0,575.0,44200.0,1,1,1,1,2,0,1,1,0,1,0,0,5,0,0,1,99,99,2,7,0,1,0,1,0,0,0.0,999999.0,999999.0,999999,99999.0,99999.0,99999.0,299.0,1,0,True,False,False,False,True,False,False,True,True,False,False,False,False,False,False,False,False,False,False,False,False,False,False,False,False,False,False,True,False,False,False,True,False,False,1
99,0,999999.0,875.0,16895.0,2,0,0,0,0,0,0,0,0,0,0,0,1,0,0,2,99,99,0,26,0,1,8,1,33,60,19769.0,19283.0,0.0,0,0.0,0.0,0.0,306.0,1,0,True,False,False,False,True,False,False,True,False,False,False,False,False,False,False,False,False,True,False,False,False,False,False,False,False,False,False,True,False,False,False,True,False,False,1
99,0,999999.0,575.0,92000.0,2,0,1,0,0,0,0,0,0,0,0,0,7,4,0,1,21,12,0,42,0,0,6,0,6,19,20000.0,20000.0,0.0,0,0.0,0.0,0.0,458.0,1,0,True,False,False,False,True,False,False,True,False,False,False,False,False,False,False,True,False,False,False,False,False,False,False,False,False,False,False,True,False,True,False,False,False,False,1
99,1,162500.0,0.0,42000.0,1,1,1,1,2,0,1,1,0,1,0,0,7,0,0,1,99,99,3,6,1,1,0,1,0,0,0.0,999999.0,999999.0,999999,99999.0,99999.0,99999.0,218.0,1,0,True,False,False,False,True,False,False,True,True,False,False,False,False,False,False,False,False,False,False,False,False,False,False,False,False,False,False,True,False,False,False,True,False,False,1
99,1,400000.0,0.0,87000.0,1,1,0,0,0,0,0,0,0,0,2,1,2,0,0,1,99,99,0,53,1,0,8,0,48,87,75000.0,75000.0,0.0,0,0.0,0.0,0.0,501.0,0,7,True,False,False,False,True,False,False,True,False,False,False,True,False,False,False,False,False,False,False,False,False,False,False,False,False,False,False,True,False,False,True,False,False,False,1
99,0,999999.0,337.0,46429.0,1,0,1,0,1,0,1,0,0,0,0,0,2,0,0,1,99,99,0,27,1,0,7,0,33,76,18880.0,0.0,18880.0,0,0.0,0.0,0.0,501.0,0,0,True,False,False,False,True,False,False,True,True,False,False,False,False,False,False,False,False,False,False,False,False,False,False,False,False,False,False,True,False,False,False,True,False,False,0
99,0,999999.0,875.0,35000.0,1,0,0,0,0,0,0,0,0,0,0,0,1,0,0,1,99,99,0,23,1,1,8,2,20,52,35000.0,35000.0,0.0,0,0.0,0.0,0.0,501.0,1,1,True,False,False,False,True,False,False,True,False,False,False,True,False,False,False,False,False,False,False,False,False,False,False,False,False,False,False,True,False,False,False,True,False,False,1
99,0,999999.0,512.0,19450.0,1,1,1,1,2,0,1,1,0,1,0,0,3,0,0,1,99,99,0,10,0,1,1,1,0,0,0.0,999999.0,999999.0,999999,99999.0,99999.0,99999.0,195.0,1,0,True,False,False,False,True,False,False,True,True,False,False,False,False,False,False,False,False,False,False,False,False,False,False,False,False,False,False,True,False,False,False,True,False,False,1
99,1,95000.0,0.0,32474.0,1,0,0,1,0,0,0,0,0,0,0,0,6,2,0,1,14,13,2,60,1,0,1,0,20,8,0.0,0.0,0.0,0,0.0,0.0,0.0,186.0,0,5,True,False,False,False,True,False,False,True,False,False,False,True,False,False,False,False,False,False,False,False,False,False,False,False,False,False,False,True,False,False,False,False,True,False,1
99,1,350000.0,0.0,51670.0,1,1,0,0,0,0,0,0,0,0,2,1,2,0,0,1,99,99,0,61,1,0,7,0,43,86,51670.0,48329.0,0.0,0,0.0,0.0,0.0,501.0,0,5,True,False,False,False,True,False,False,True,False,False,False,True,False,False,False,False,False,False,False,False,False,False,False,False,False,False,False,True,False,False,True,False,False,False,1
99,0,999999.0,462.0,14000.0,3,1,0,0,0,0,0,0,0,0,3,4,2,0,0,2,99,99,0,22,1,1,7,1,11,11,3240.0,3240.0,0.0,0,0.0,0.0,0.0,117.0,1,0,True,False,False,False,True,False,False,True,False,False,False,False,False,True,False,False,False,False,False,False,False,False,False,False,False,False,False,True,False,False,True,False,False,False,1
99,1,225000.0,0.0,52000.0,1,1,1,1,2,0,1,1,0,1,0,0,7,0,0,1,99,99,3,16,1,1,4,1,0,0,0.0,0.0,0.0,0,0.0,0.0,0.0,270.0,0,0,True,False,False,False,True,False,False,True,True,False,False,False,False,False,False,False,False,False,False,False,False,False,False,False,False,False,False,True,False,False,False,True,False,False,1
99,1,112500.0,0.0,43900.0,1,1,1,1,0,0,0,0,0,0,1,1,4,2,1,1,7,2,0,25,0,1,7,1,22,18,9400.0,9400.0,0.0,0,0.0,0.0,0.0,349.0,1,0,True,False,False,False,True,False,False,True,False,False,False,False,False,False,False,False,False,False,False,False,True,False,False,False,False,False,False,True,False,False,True,False,False,False,1
99,0,999999.0,675.0,20400.0,3,2,1,1,2,0,1,1,0,1,0,0,7,0,0,1,99,99,1,2,1,0,7,0,0,0,0.0,999999.0,999999.0,999999,99999.0,99999.0,99999.0,101.0,1,0,True,False,False,False,True,False,False,True,True,False,False,False,False,False,False,False,False,False,False,False,False,False,False,False,False,False,False,True,False,False,False,True,False,False,1
99,1,225000.0,0.0,0.0,1,0,0,0,0,0,0,0,0,0,0,0,1,0,0,1,99,99,0,51,1,0,6,0,20,8,0.0,0.0,0.0,0,0.0,0.0,0.0,1.0,0,6,True,False,False,False,True,False,False,True,False,False,False,True,False,False,False,False,False,False,False,False,False,False,False,False,False,False,False,True,True,False,False,False,False,False,1
99,1,350000.0,0.0,74000.0,1,1,1,1,0,0,0,0,0,0,2,1,5,3,0,1,17,7,0,41,1,0,8,0,37,78,60000.0,60000.0,0.0,0,0.0,0.0,0.0,500.0,1,1,True,False,False,False,True,False,False,True,False,False,False,True,False,False,False,False,False,False,False,False,False,False,False,True,False,False,False,False,False,False,True,False,False,False,1
99,1,400000.0,0.0,33000.0,1,1,1,1,2,0,1,1,0,1,0,0,4,0,0,1,99,99,1,0,1,0,7,0,0,0,0.0,999999.0,999999.0,999999,99999.0,99999.0,99999.0,262.0,1,0,True,False,False,False,True,False,False,True,True,False,False,False,False,False,False,False,False,False,False,False,False,False,False,False,False,False,False,True,False,False,False,True,False,False,1
99,0,999999.0,675.0,30300.0,1,1,0,0,0,0,0,0,0,0,2,1,2,0,0,1,99,99,0,54,1,0,8,0,41,68,18300.0,18000.0,0.0,0,0.0,0.0,0.0,365.0,1,2,True,False,False,False,True,False,False,True,False,False,False,True,False,False,False,False,False,False,False,False,False,False,False,False,False,True,False,False,False,False,True,False,False,False,1
99,0,999999.0,575.0,9600.0,2,0,1,0,0,0,0,0,0,0,0,0,2,1,1,1,1,1,0,21,0,0,4,0,27,22,9600.0,9600.0,0.0,0,0.0,0.0,0.0,112.0,1,1,True,False,False,False,True,False,False,True,False,False,False,True,False,False,False,False,False,False,False,False,False,False,False,False,False,False,False,True,False,False,False,True,False,False,0
99,1,225000.0,0.0,38000.0,1,1,2,1,2,2,7,1,0,1,0,0,9,0,0,1,99,99,4,21,0,0,6,0,23,18,0.0,0.0,0.0,0,0.0,0.0,0.0,144.0,1,0,True,False,False,False,True,False,False,True,True,False,False,False,False,False,False,False,False,False,False,False,False,False,False,False,False,False,False,True,False,False,False,True,False,False,0
99,0,999999.0,675.0,10000.0,1,0,1,0,0,0,0,0,0,0,0,0,4,3,1,1,13,4,0,33,0,0,6,0,16,15,10000.0,4000.0,0.0,0,0.0,6000.0,0.0,79.0,1,2,True,False,False,False,True,False,False,True,False,False,False,True,False,False,False,False,False,False,False,False,False,False,True,False,False,False,False,False,False,False,False,True,False,False,1
99,0,999999.0,312.0,23000.0,1,1,0,0,0,0,0,0,0,0,2,1,2,0,0,1,99,99,0,61,1,0,8,0,48,90,23000.0,23000.0,0.0,0,0.0,0.0,0.0,277.0,1,2,True,False,False,False,True,False,False,True,False,False,False,True,False,False,False,False,False,False,False,False,False,False,False,True,False,False,False,False,False,False,True,False,False,False,1
99,0,999999.0,875.0,29400.0,1,1,1,1,0,0,0,0,0,0,1,1,7,5,1,1,17,4,0,39,0,0,7,0,0,0,0.0,0.0,0.0,0,0.0,0.0,0.0,158.0,1,0,True,False,False,False,True,False,False,True,False,False,False,False,False,False,False,False,False,False,False,False,True,False,False,False,False,False,False,True,False,False,True,False,False,False,1
99,1,162500.0,0.0,35320.0,1,1,1,1,2,0,1,1,0,1,0,0,9,0,0,1,99,99,6,14,1,1,3,1,0,0,0.0,999999.0,999999.0,999999,99999.0,99999.0,99999.0,137.0,1,0,True,False,False,False,True,False,False,True,True,False,False,False,False,False,False,False,False,False,False,False,False,False,False,False,False,False,False,True,False,False,False,True,False,False,1
99,1,95000.0,0.0,35230.0,2,1,1,1,2,0,1,1,0,1,0,0,5,0,0,1,99,99,2,11,1,1,1,1,0,0,0.0,999999.0,999999.0,999999,99999.0,99999.0,99999.0,238.0,0,0,True,False,False,False,True,False,False,True,True,False,False,False,False,False,False,False,False,False,False,False,False,False,False,False,False,False,False,True,False,False,False,True,False,False,1
99,1,275000.0,0.0,35760.0,1,0,1,1,1,0,1,0,0,0,0,0,4,0,0,1,99,99,1,21,0,0,5,0,11,22,17700.0,17700.0,0.0,0,0.0,0.0,0.0,275.0,1,0,True,False,False,False,True,False,False,True,True,False,False,False,False,False,False,False,False,False,False,False,False,False,False,False,False,False,False,True,False,False,False,True,False,False,1
99,1,400000.0,0.0,56320.0,1,1,1,1,2,2,7,1,0,1,0,0,5,0,0,1,99,99,2,18,0,1,6,1,17,26,5000.0,5000.0,0.0,0,0.0,0.0,0.0,360.0,0,0,True,False,False,False,True,False,False,True,True,False,False,False,False,False,False,False,False,False,False,False,False,False,False,False,False,True,False,False,False,False,False,True,False,False,1
99,1,275000.0,0.0,75000.0,1,1,1,1,2,0,1,1,0,1,0,0,3,0,0,1,99,99,0,0,1,0,7,0,0,0,0.0,999999.0,999999.0,999999,99999.0,99999.0,99999.0,501.0,1,0,True,False,False,False,True,False,False,True,True,False,False,False,False,False,False,False,False,False,False,False,False,False,False,False,False,False,False,True,False,False,False,True,False,False,1
99,1,95000.0,0.0,70000.0,1,1,1,1,0,0,0,0,0,0,0,0,8,0,0,1,99,99,0,8,1,1,1,1,0,0,0.0,999999.0,999999.0,999999,99999.0,99999.0,99999.0,315.0,0,0,True,False,False,False,True,False,False,True,False,False,True,False,False,False,False,False,False,False,False,False,False,False,True,False,False,False,False,False,False,False,False,True,False,False,1
99,1,350000.0,0.0,69000.0,1,1,1,1,0,0,0,0,0,0,2,1,5,2,0,1,19,16,0,50,1,0,7,0,29,27,38000.0,38000.0,0.0,0,0.0,0.0,0.0,455.0,0,7,True,False,False,False,True,False,False,True,False,False,False,True,False,False,False,False,False,False,False,False,False,False,False,False,False,False,False,True,False,False,True,False,False,False,1
99,0,999999.0,625.0,49000.0,1,1,0,0,0,0,0,0,0,0,1,2,2,0,0,1,99,99,0,37,1,1,7,1,41,68,18000.0,18000.0,0.0,0,0.0,0.0,0.0,501.0,0,0,True,False,False,False,True,False,False,True,False,False,False,False,False,False,False,False,False,False,False,False,True,False,False,False,False,False,False,True,False,False,True,False,False,False,1
99,0,999999.0,537.0,84892.0,1,1,1,2,2,0,1,1,0,1,0,0,7,0,0,1,99,99,1,1,0,0,7,0,0,0,0.0,999999.0,999999.0,999999,99999.0,99999.0,99999.0,422.0,1,0,True,False,False,False,True,False,False,True,True,False,False,False,False,False,False,False,False,False,False,False,False,False,False,False,False,False,False,True,False,False,False,True,False,False,1
99,1,275000.0,0.0,52143.0,1,0,1,0,1,0,1,0,0,0,0,0,2,0,0,1,99,99,0,52,0,0,8,0,41,68,27907.0,27500.0,0.0,0,0.0,0.0,0.0,501.0,0,0,True,False,False,False,True,False,False,True,True,False,False,False,False,False,False,False,False,False,False,False,False,False,False,False,False,False,False,True,False,False,False,True,False,False,1
99,0,999999.0,875.0,80000.0,1,1,0,0,0,0,0,0,0,0,2,1,2,0,0,1,99,99,0,45,1,0,6,0,39,73,40000.0,30000.0,10000.0,0,0.0,0.0,0.0,501.0,0,5,True,False,False,False,True,False,False,True,False,False,False,True,False,False,False,False,False,False,False,False,False,False,False,False,False,False,False,True,False,False,True,False,False,False,1
99,1,112500.0,0.0,13478.0,1,0,0,0,0,0,0,0,0,0,0,0,1,0,0,1,99,99,0,79,0,0,8,0,0,0,13478.0,0.0,0.0,0,2856.0,0.0,0.0,227.0,0,7,True,False,False,False,True,False,False,True,False,False,False,True,False,False,False,False,False,False,False,False,False,False,False,False,False,False,False,True,False,False,False,False,False,True,1
99,1,225000.0,0.0,70000.0,1,1,1,1,2,0,1,1,0,1,0,0,3,0,0,1,99,99,0,25,1,0,7,0,24,44,6000.0,6000.0,0.0,0,0.0,0.0,0.0,501.0,0,0,True,False,False,False,True,False,False,True,True,False,False,False,False,False,False,False,False,False,False,False,False,False,False,False,False,False,False,True,False,False,False,True,False,False,1
99,1,350000.0,0.0,57000.0,1,0,0,0,0,0,0,0,0,0,0,0,1,0,0,1,99,99,0,45,0,0,8,0,24,47,57000.0,57000.0,0.0,0,0.0,0.0,0.0,501.0,0,5,True,False,False,False,True,False,False,True,False,False,False,True,False,False,False,False,False,False,False,False,False,False,False,False,False,False,False,True,False,False,False,True,False,False,1
99,0,999999.0,875.0,49900.0,1,1,1,1,0,0,0,0,0,0,2,1,3,1,1,1,1,1,0,25,1,0,6,0,37,49,36000.0,36000.0,0.0,0,0.0,0.0,0.0,500.0,1,1,True,False,False,False,True,False,False,True,False,False,False,True,False,False,False,False,False,False,False,False,False,False,False,False,False,False,False,True,False,False,True,False,False,False,1
99,0,999999.0,512.0,35888.0,1,1,1,1,2,0,1,1,0,1,0,0,7,0,0,1,99,99,3,8,1,1,1,1,0,0,0.0,999999.0,999999.0,999999,99999.0,99999.0,99999.0,187.0,0,0,True,False,False,False,True,False,False,True,True,False,False,False,False,False,False,False,False,False,False,False,False,False,False,False,False,False,False,True,False,False,False,True,False,False,1
99,1,225000.0,0.0,440.0,1,1,1,1,2,0,1,1,0,1,0,0,5,0,0,1,99,99,2,3,1,0,0,0,0,0,0.0,999999.0,999999.0,999999,99999.0,99999.0,99999.0,3.0,1,0,True,False,False,False,True,False,False,True,True,False,False,False,False,False,False,False,False,False,False,False,False,False,False,False,False,False,False,True,False,False,False,True,False,False,1
99,1,187500.0,0.0,44800.0,1,0,0,1,0,0,0,0,0,0,0,0,6,4,0,1,27,18,0,51,1,0,1,0,23,18,0.0,0.0,0.0,0,0.0,0.0,0.0,253.0,0,6,True,False,False,False,True,False,False,True,False,False,False,True,False,False,False,False,False,False,False,False,False,False,False,False,False,False,False,True,True,False,False,False,False,False,1
99,0,999999.0,575.0,45000.0,1,0,0,0,0,0,0,0,0,0,0,0,1,0,0,1,99,99,0,30,1,0,7,0,34,49,45000.0,45000.0,0.0,0,0.0,0.0,0.0,501.0,1,2,True,False,False,False,True,False,False,True,False,False,False,True,False,False,False,False,False,False,False,False,False,False,True,False,False,False,False,False,False,False,False,True,False,False,1
99,1,85000.0,0.0,11900.0,1,1,0,0,0,0,0,0,0,0,1,1,2,0,0,1,99,99,0,68,0,1,7,1,23,18,3000.0,0.0,0.0,0,3000.0,0.0,0.0,159.0,0,0,True,False,False,False,True,False,False,True,False,False,False,False,False,False,False,False,False,False,False,False,True,False,False,False,False,False,False,True,False,False,True,False,False,False,1
99,1,162500.0,0.0,41626.0,1,1,2,1,2,0,1,1,0,1,0,0,4,0,0,1,99,99,0,0,0,0,7,0,0,0,0.0,999999.0,999999.0,999999,99999.0,99999.0,99999.0,320.0,1,0,True,False,False,False,True,False,False,True,True,False,False,False,False,False,False,False,False,False,False,False,False,False,False,False,False,True,False,False,False,False,False,True,False,False,1
99,1,162500.0,0.0,16000.0,1,1,1,1,2,0,1,1,0,1,0,0,4,0,0,1,99,99,1,11,1,1,2,1,0,0,0.0,999999.0,999999.0,999999,99999.0,99999.0,99999.0,127.0,1,0,True,False,False,False,True,False,False,True,True,False,False,False,False,False,False,False,False,False,False,False,False,False,False,False,False,False,False,True,False,False,False,True,False,False,1
99,1,350000.0,0.0,36850.0,1,1,0,0,0,0,0,0,0,0,2,1,2,0,0,1,99,99,0,64,1,0,6,0,29,39,21850.0,5750.0,0.0,0,11000.0,0.0,0.0,444.0,0,6,True,False,False,False,True,False,False,True,False,False,False,True,False,False,False,False,False,False,False,False,False,False,False,False,False,False,False,True,False,False,True,False,False,False,1
99,1,137500.0,0.0,46966.0,1,0,2,0,1,0,1,0,0,0,0,0,4,0,0,1,99,99,1,17,0,1,5,1,14,26,90.0,90.0,0.0,0,0.0,0.0,0.0,373.0,0,0,True,False,False,False,True,False,False,True,True,False,False,False,False,False,False,False,False,False,False,False,False,False,True,False,False,False,False,False,False,False,False,True,False,False,1
99,1,225000.0,0.0,36200.0,1,1,1,1,1,0,1,2,0,1,0,0,4,0,0,1,99,99,1,9,1,1,1,1,0,0,0.0,999999.0,999999.0,999999,99999.0,99999.0,99999.0,288.0,0,0,True,False,False,False,True,False,False,True,True,False,False,False,False,False,False,False,False,False,False,False,False,False,False,False,False,False,False,True,False,False,False,True,False,False,1
99,0,999999.0,412.0,14128.0,1,1,0,0,0,0,0,0,0,0,1,1,2,0,0,1,99,99,0,28,0,0,7,0,0,0,2628.0,0.0,0.0,0,0.0,2628.0,0.0,170.0,0,0,True,False,False,False,True,False,False,True,False,False,False,False,False,False,False,False,False,False,False,False,True,False,True,False,False,False,False,False,False,False,True,False,False,False,1
99,0,999999.0,512.0,19628.0,1,1,1,1,2,7,1,1,0,1,0,0,3,0,0,1,99,99,0,21,0,0,4,0,13,10,1700.0,0.0,1700.0,0,0.0,0.0,0.0,202.0,1,0,True,False,False,False,True,False,False,True,True,False,False,False,False,False,False,False,False,False,False,False,False,False,False,False,False,False,False,True,False,False,False,True,False,False,0
99,0,999999.0,875.0,15500.0,2,0,1,0,0,0,0,0,0,0,0,0,4,2,0,1,7,7,0,39,0,0,4,0,19,17,9500.0,9500.0,0.0,0,0.0,0.0,0.0,123.0,1,1,True,False,False,False,True,False,False,True,False,False,False,True,False,False,False,False,False,False,False,False,False,False,False,False,False,False,False,True,True,False,False,False,False,False,1
99,0,999999.0,162.0,9890.0,1,0,1,0,1,0,1,0,0,0,0,0,3,0,0,1,99,99,1,1,0,0,7,0,0,0,0.0,999999.0,999999.0,999999,99999.0,99999.0,99999.0,99.0,1,0,True,False,False,False,True,False,False,True,True,False,False,False,False,False,False,False,False,False,False,False,False,False,True,False,False,False,False,False,False,False,False,True,False,False,1
99,1,400000.0,0.0,137577.0,1,1,1,1,0,0,0,0,0,0,2,1,4,2,0,1,9,6,0,38,1,0,7,0,41,68,137000.0,125000.0,0.0,0,0.0,0.0,0.0,501.0,1,2,True,False,False,False,True,False,False,True,False,False,False,True,False,False,False,False,False,False,False,False,False,False,False,False,False,False,False,True,False,False,True,False,False,False,1
99,1,400000.0,0.0,318309.0,2,1,1,0,4,0,6,0,0,0,0,0,2,0,0,2,99,99,0,10,1,1,1,1,0,0,0.0,999999.0,999999.0,999999,99999.0,99999.0,99999.0,94.0,1,0,True,False,False,False,True,False,False,True,False,False,False,False,False,True,False,False,False,False,False,False,False,False,False,False,False,False,False,True,False,False,False,True,False,False,1
99,0,999999.0,625.0,11300.0,3,0,0,0,0,0,0,0,0,0,0,0,1,0,0,1,99,99,0,25,1,0,6,0,29,27,11300.0,11300.0,0.0,0,0.0,0.0,0.0,175.0,1,1,True,False,False,False,True,False,False,True,False,False,False,True,False,False,False,False,False,False,False,False,False,False,False,False,False,False,False,True,False,False,False,True,False,False,1
99,1,225000.0,0.0,56000.0,1,1,1,1,2,0,1,1,0,1,0,0,4,0,0,1,99,99,1,26,0,1,8,1,26,72,20000.0,20000.0,0.0,0,0.0,0.0,0.0,438.0,0,0,True,False,False,False,True,False,False,True,True,False,False,False,False,False,False,False,False,False,False,False,False,False,False,False,False,False,False,True,False,False,False,True,False,False,1
99,0,999999.0,625.0,8840.0,5,0,0,0,0,0,0,0,0,0,0,0,1,0,0,5,99,99,0,30,1,1,3,1,38,68,5000.0,5000.0,0.0,0,0.0,0.0,0.0,78.0,1,0,True,False,False,False,True,False,False,True,False,False,False,False,False,False,False,False,False,True,False,False,False,False,False,False,False,False,False,True,False,False,False,True,False,False,1
99,1,162500.0,0.0,56765.0,1,1,2,1,2,0,1,1,0,1,0,0,5,0,0,1,99,99,1,12,0,1,2,2,0,0,0.0,999999.0,999999.0,999999,99999.0,99999.0,99999.0,374.0,1,0,True,False,False,False,True,False,False,True,True,False,False,False,False,False,False,False,False,False,False,False,False,False,False,False,False,False,False,True,False,False,False,True,False,False,1
99,1,137500.0,0.0,0.0,1,1,1,1,2,0,1,1,0,1,0,0,7,0,0,1,99,99,4,14,0,1,2,1,0,0,0.0,999999.0,999999.0,999999,99999.0,99999.0,99999.0,1.0,1,0,True,False,False,False,True,False,False,True,True,False,False,False,False,False,False,False,False,False,False,False,False,False,True,False,False,False,False,False,False,False,False,True,False,False,1
99,1,85000.0,0.0,118000.0,1,1,1,1,0,0,0,0,0,0,2,2,3,1,0,1,19,19,0,43,0,0,8,0,41,68,56000.0,56000.0,0.0,0,0.0,0.0,0.0,501.0,1,2,True,False,False,False,True,False,False,True,False,False,False,True,False,False,False,False,False,False,False,False,False,False,True,False,False,False,False,False,False,False,True,False,False,False,1
99,1,225000.0,0.0,66000.0,1,1,1,1,2,0,1,1,0,1,0,0,4,0,0,1,99,99,1,3,1,0,0,0,0,0,0.0,999999.0,999999.0,999999,99999.0,99999.0,99999.0,501.0,1,0,True,False,False,False,True,False,False,True,True,False,False,False,False,False,False,False,False,False,False,False,False,False,False,True,False,False,False,False,False,False,False,True,False,False,1
99,0,999999.0,875.0,36000.0,1,1,1,1,2,0,1,1,0,1,0,0,4,0,0,1,99,99,1,9,1,1,1,1,0,0,0.0,999999.0,999999.0,999999,99999.0,99999.0,99999.0,286.0,1,0,True,False,False,False,True,False,False,True,True,False,False,False,False,False,False,False,False,False,False,False,False,False,False,False,False,False,False,True,False,False,False,True,False,False,1
99,0,999999.0,1.0,30000.0,1,1,1,1,0,0,0,0,0,0,1,1,4,2,0,1,10,7,0,33,0,0,7,0,24,44,18000.0,13000.0,0.0,0,0.0,0.0,3000.0,239.0,1,0,True,False,False,False,True,False,False,True,False,False,False,False,False,False,False,False,False,False,False,False,True,False,False,False,False,False,False,True,False,False,True,False,False,False,1
99,1,275000.0,0.0,191890.0,1,1,0,0,0,0,0,0,0,0,1,1,2,0,0,1,99,99,0,69,0,0,6,0,0,0,8800.0,0.0,0.0,0,4800.0,0.0,0.0,501.0,0,0,True,False,False,False,True,False,False,True,False,False,False,False,False,False,False,False,False,False,False,False,True,False,False,False,False,False,False,True,False,False,True,False,False,False,1
99,0,999999.0,537.0,33903.0,1,1,1,1,2,0,1,1,0,1,0,0,4,0,0,1,99,99,1,2,1,0,7,0,0,0,0.0,999999.0,999999.0,999999,99999.0,99999.0,99999.0,270.0,1,0,True,False,False,False,True,False,False,True,True,False,False,False,False,False,False,False,False,False,False,False,False,False,True,False,False,False,False,False,False,False,False,True,False,False,1
99,0,999999.0,575.0,7000.0,2,0,0,1,0,0,0,0,0,0,0,0,3,1,1,1,0,0,0,21,1,0,3,0,26,19,7000.0,7000.0,0.0,0,0.0,0.0,0.0,70.0,1,1,True,False,False,False,True,False,False,True,False,False,False,True,False,False,False,False,False,False,False,False,False,False,False,False,False,False,False,True,False,False,False,False,False,True,1
99,1,275000.0,0.0,108000.0,1,1,1,1,2,7,1,1,0,1,0,0,4,0,0,1,99,99,1,21,0,0,6,0,22,61,7000.0,7000.0,0.0,0,0.0,0.0,0.0,501.0,0,0,True,False,False,False,True,False,False,True,True,False,False,False,False,False,False,False,False,False,False,False,False,False,False,False,False,False,False,True,False,False,False,True,False,False,1
99,0,999999.0,387.0,16587.0,1,1,1,1,0,0,0,0,0,0,1,1,5,3,0,1,13,8,0,45,0,0,6,0,24,47,2617.0,2617.0,0.0,0,0.0,0.0,0.0,112.0,0,0,True,False,False,False,True,False,False,True,False,False,False,False,False,False,False,False,False,False,False,False,True,False,False,False,False,False,False,True,False,False,True,False,False,False,1
99,1,32500.0,0.0,16000.0,1,1,1,1,0,0,0,0,0,0,2,1,4,2,0,1,10,8,0,36,1,0,5,0,20,8,16000.0,16000.0,0.0,0,0.0,0.0,0.0,127.0,0,5,True,False,False,False,True,False,False,True,False,False,False,True,False,False,False,False,False,False,False,False,False,False,False,False,False,False,False,True,False,False,True,False,False,False,1
99,1,137500.0,0.0,41000.0,1,1,1,1,1,0,1,2,0,1,0,0,5,0,0,1,99,99,2,5,1,1,0,1,0,0,0.0,999999.0,999999.0,999999,99999.0,99999.0,99999.0,277.0,1,0,True,False,False,False,True,False,False,True,True,False,False,False,False,False,False,False,False,False,False,False,False,False,False,False,False,False,False,True,False,False,False,True,False,False,1
99,0,999999.0,512.0,0.0,1,0,0,0,0,0,0,0,0,0,0,0,1,0,0,1,99,99,0,40,1,0,6,0,23,18,0.0,0.0,0.0,0,0.0,0.0,0.0,1.0,0,2,True,False,False,False,True,False,False,True,False,False,False,True,False,False,False,False,False,False,False,False,False,False,True,False,False,False,False,False,True,False,False,False,False,False,1
99,0,999999.0,675.0,6500.0,1,0,0,0,0,0,0,0,0,0,0,0,1,0,0,1,99,99,0,37,0,0,6,0,22,51,6500.0,4800.0,0.0,0,0.0,0.0,1700.0,101.0,1,1,True,False,False,False,True,False,False,True,False,False,False,True,False,False,False,False,False,False,False,False,False,False,False,False,False,False,False,True,False,False,False,False,True,False,1
99,0,999999.0,725.0,34000.0,1,0,1,0,1,0,1,0,0,0,0,0,3,0,0,1,99,99,1,6,1,1,0,1,0,0,0.0,999999.0,999999.0,999999,99999.0,99999.0,99999.0,340.0,1,0,True,False,False,False,True,False,False,True,True,False,False,False,False,False,False,False,False,False,False,False,False,False,True,False,False,False,False,False,False,False,False,True,False,False,1
99,1,187500.0,0.0,39000.0,1,1,1,1,2,0,1,1,0,1,0,0,4,0,0,1,99,99,1,4,1,0,0,0,0,0,0.0,999999.0,999999.0,999999,99999.0,99999.0,99999.0,310.0,1,0,True,False,False,False,True,False,False,True,True,False,False,False,False,False,False,False,False,False,False,False,False,False,False,False,False,False,False,True,False,False,False,True,False,False,1
99,0,999999.0,462.0,46200.0,3,1,1,1,0,0,0,0,0,0,2,1,3,1,0,1,21,21,0,41,1,0,7,0,25,15,40000.0,40000.0,0.0,0,0.0,0.0,0.0,476.0,1,1,True,False,False,False,True,False,False,True,False,False,False,True,False,False,False,False,False,False,False,False,False,False,True,False,False,False,False,False,False,False,True,False,False,False,0
99,0,999999.0,537.0,14000.0,4,0,0,0,0,0,0,0,0,0,0,0,2,0,0,1,99,99,1,26,0,1,7,1,20,9,8000.0,8000.0,0.0,0,0.0,0.0,0.0,169.0,0,1,True,False,False,False,True,False,False,True,False,False,False,True,False,False,False,False,False,False,False,False,False,False,False,False,False,False,False,True,False,False,False,True,False,False,1
99,1,225000.0,0.0,45000.0,1,1,1,1,2,0,1,1,0,1,0,0,7,0,0,1,99,99,4,14,1,1,2,1,0,0,0.0,999999.0,999999.0,999999,99999.0,99999.0,99999.0,242.0,1,0,True,False,False,False,True,False,False,True,True,False,False,False,False,False,False,False,False,False,False,False,False,False,False,False,False,False,False,True,False,False,False,True,False,False,1
99,1,275000.0,0.0,48716.0,1,1,1,1,2,7,1,1,0,1,0,0,7,0,0,1,99,99,4,17,0,1,4,1,0,0,5316.0,0.0,0.0,0,0.0,5316.0,0.0,263.0,0,0,True,False,False,False,True,False,False,True,True,False,False,False,False,False,False,False,False,False,False,False,False,False,True,False,False,False,False,False,False,False,False,True,False,False,1
99,1,275000.0,0.0,30000.0,2,0,0,1,0,0,0,1,0,1,0,0,2,0,0,1,99,99,0,11,1,1,2,2,0,0,0.0,999999.0,999999.0,999999,99999.0,99999.0,99999.0,351.0,1,0,True,False,False,False,True,False,False,True,True,False,False,False,False,False,False,False,False,False,False,False,False,False,False,False,False,False,False,True,False,False,False,True,False,False,1
99,0,999999.0,40.0,350.0,1,0,1,0,1,0,1,0,0,0,0,0,3,0,0,1,99,99,1,15,1,1,5,1,0,0,0.0,999999.0,999999.0,999999,0.0,0.0,0.0,4.0,1,0,True,False,False,False,True,False,False,True,True,False,False,False,False,False,False,False,False,False,False,False,False,False,False,False,False,False,False,True,False,False,False,True,False,False,1
99,1,400000.0,0.0,4042.0,1,1,1,1,0,0,0,0,0,0,1,1,6,4,2,1,9,0,0,32,0,0,7,0,22,61,0.0,0.0,0.0,0,0.0,0.0,0.0,24.0,1,0,True,False,False,False,True,False,False,True,False,False,False,False,False,False,False,False,False,False,False,False,True,False,False,False,False,False,False,True,False,False,True,False,False,False,1
99,1,225000.0,0.0,65000.0,4,0,0,1,0,0,0,0,0,0,0,0,1,0,0,2,99,99,0,26,1,0,7,0,29,27,35000.0,35000.0,0.0,0,0.0,0.0,0.0,501.0,1,0,True,False,False,False,True,False,False,True,False,False,False,False,False,False,False,False,False,True,False,False,False,False,False,False,False,False,False,True,False,False,False,True,False,False,1
99,0,999999.0,675.0,27995.0,1,1,1,1,2,0,1,1,0,1,0,0,4,0,0,1,99,99,1,0,1,0,7,0,0,0,0.0,999999.0,999999.0,999999,99999.0,99999.0,99999.0,223.0,1,0,True,False,False,False,True,False,False,True,True,False,False,False,False,False,False,False,False,False,False,False,False,False,False,False,False,True,False,False,False,False,False,True,False,False,1
99,1,187500.0,0.0,22000.0,3,0,1,0,0,0,0,0,0,0,0,0,3,0,0,1,99,99,0,0,0,0,7,0,0,0,0.0,999999.0,999999.0,999999,99999.0,99999.0,99999.0,220.0,1,0,True,False,False,False,True,False,False,True,False,False,False,False,False,False,True,False,False,False,False,False,False,False,False,False,False,False,False,True,False,False,False,True,False,False,1
99,0,999999.0,575.0,30000.0,2,0,1,1,3,0,3,0,0,0,0,0,2,0,0,2,99,99,0,10,1,1,1,1,0,0,0.0,999999.0,999999.0,999999,99999.0,99999.0,99999.0,176.0,1,0,True,False,False,False,True,False,False,True,False,False,False,False,False,True,False,False,False,False,False,False,False,False,False,False,False,False,False,True,False,False,False,True,False,False,1
99,0,999999.0,0.0,999999.0,1,0,0,0,0,0,0,0,0,0,0,0,1,0,0,1,99,99,0,90,0,0,2,0,0,0,4946.0,0.0,0.0,0,4896.0,0.0,0.0,0.0,1,0,False,True,False,True,False,False,False,True,False,False,False,False,True,False,False,False,False,False,False,False,False,False,False,False,True,False,False,False,False,False,False,False,False,True,1
99,0,999999.0,537.0,26000.0,1,0,1,0,0,0,0,0,0,0,0,0,3,0,0,1,99,99,1,20,0,0,5,0,22,45,4000.0,4000.0,0.0,0,0.0,0.0,0.0,260.0,1,2,True,False,False,False,True,False,False,True,False,False,False,True,False,False,False,False,False,False,False,False,False,False,False,False,False,False,False,True,False,False,False,True,False,False,1
99,1,275000.0,0.0,70000.0,1,1,1,1,0,0,0,0,0,0,2,2,3,1,0,1,20,20,0,45,0,0,7,0,22,61,35000.0,35000.0,0.0,0,0.0,0.0,0.0,501.0,0,5,True,False,False,False,True,False,False,True,False,False,False,True,False,False,False,False,False,False,False,False,False,False,False,False,False,False,False,True,False,False,True,False,False,False,1
99,0,999999.0,575.0,25000.0,1,0,0,0,0,0,0,0,0,0,0,0,1,0,0,1,99,99,0,48,1,0,8,0,25,52,25000.0,0.0,20000.0,0,0.0,0.0,0.0,388.0,0,2,True,False,False,False,True,False,False,True,False,False,False,True,False,False,False,False,False,False,False,False,False,False,False,False,False,False,False,True,False,False,False,True,False,False,0
99,1,85000.0,0.0,10080.0,1,0,1,0,0,0,0,0,0,0,0,0,2,1,0,1,6,6,0,43,0,0,6,0,25,44,10080.0,9680.0,0.0,0,0.0,0.0,0.0,118.0,0,6,True,False,False,False,True,False,False,True,False,False,False,True,False,False,False,False,False,False,False,False,False,False,True,False,False,False,False,False,False,False,False,True,False,False,1
99,1,17500.0,0.0,3000.0,1,1,1,1,0,0,0,0,0,0,1,1,7,5,0,1,14,5,0,35,0,0,6,0,30,65,3000.0,3000.0,0.0,0,0.0,0.0,0.0,16.0,0,0,True,False,False,False,True,False,False,True,False,False,False,False,False,False,False,False,False,False,False,False,True,False,False,False,False,False,False,True,False,False,True,False,False,False,1
99,0,999999.0,537.0,9834.0,1,0,0,0,0,0,0,0,0,0,0,0,1,0,0,1,99,99,0,65,0,0,7,0,42,84,9834.0,0.0,-650.0,0,7200.0,0.0,0.0,165.0,0,6,True,False,False,False,True,False,False,True,False,False,False,True,False,False,False,False,False,False,False,False,False,False,False,False,False,False,False,True,True,False,False,False,False,False,1
99,0,999999.0,462.0,11552.0,1,1,1,1,2,0,1,1,0,1,0,0,3,0,0,1,99,99,0,4,1,0,0,0,0,0,0.0,999999.0,999999.0,999999,99999.0,99999.0,99999.0,116.0,1,0,True,False,False,False,True,False,False,True,True,False,False,False,False,False,False,False,False,False,False,False,False,False,False,False,False,False,False,True,False,False,False,True,False,False,1
99,0,999999.0,625.0,16000.0,3,1,1,1,0,0,0,0,0,0,2,1,4,2,0,1,10,7,0,35,1,0,2,0,37,49,16000.0,16000.0,0.0,0,0.0,0.0,0.0,127.0,0,5,True,False,False,False,True,False,False,True,False,False,False,True,False,False,False,False,False,False,False,False,False,False,False,False,False,False,False,True,False,False,True,False,False,False,1
99,0,999999.0,412.0,11000.0,1,0,1,0,1,0,1,0,0,0,0,0,6,0,0,1,99,99,3,12,0,1,1,1,0,0,0.0,999999.0,999999.0,999999,99999.0,99999.0,99999.0,64.0,1,0,True,False,False,False,True,False,False,True,True,False,False,False,False,False,False,False,False,False,False,False,False,False,False,False,False,False,False,True,False,False,False,True,False,False,1
99,1,112500.0,0.0,22800.0,1,1,1,1,2,0,1,1,0,1,0,0,3,0,0,1,99,99,0,9,1,0,1,0,0,0,0.0,999999.0,999999.0,999999,99999.0,99999.0,99999.0,228.0,0,0,True,False,False,False,True,False,False,True,True,False,False,False,False,False,False,False,False,False,False,False,False,False,False,False,False,False,False,True,False,False,False,True,False,False,1
99,0,999999.0,1000.0,7000.0,1,0,2,0,1,0,1,0,0,0,0,0,4,1,1,1,4,4,0,20,0,1,6,1,11,11,5000.0,5000.0,0.0,0,0.0,0.0,0.0,56.0,1,0,True,False,False,False,True,False,False,True,True,False,False,False,False,False,False,False,False,False,False,False,False,False,True,False,False,False,False,False,False,False,False,True,False,False,1
99,0,999999.0,512.0,27000.0,1,0,0,0,0,0,0,0,0,0,0,0,1,0,0,1,99,99,0,54,0,0,7,0,19,46,27000.0,27000.0,0.0,0,0.0,0.0,0.0,419.0,0,5,True,False,False,False,True,False,False,True,False,False,False,True,False,False,False,False,False,False,False,False,False,False,False,False,False,False,False,True,False,False,False,True,False,False,1
99,1,350000.0,0.0,39300.0,3,1,1,2,0,0,0,0,0,0,2,1,6,1,0,1,19,19,0,61,1,0,5,0,41,68,30500.0,30500.0,0.0,0,0.0,0.0,0.0,230.0,0,7,True,False,False,False,True,False,False,True,False,False,False,True,False,False,False,False,False,False,False,False,False,False,False,False,False,False,False,True,False,False,True,False,False,False,1
99,0,999999.0,362.0,38950.0,1,1,1,1,2,0,1,1,0,1,0,0,5,0,0,1,99,99,2,5,1,1,0,1,0,0,0.0,999999.0,999999.0,999999,99999.0,99999.0,99999.0,263.0,0,0,True,False,False,False,True,False,False,True,True,False,False,False,False,False,False,False,False,False,False,False,False,False,False,False,False,False,False,True,False,False,False,True,False,False,1
99,1,400000.0,0.0,118086.0,1,1,1,1,2,0,1,1,0,1,0,0,3,0,0,1,99,99,0,16,1,1,3,2,0,0,1457.0,0.0,0.0,0,0.0,0.0,0.0,501.0,1,0,True,False,False,False,True,False,False,True,True,False,False,False,False,False,False,False,False,False,False,False,False,False,False,False,False,True,False,False,False,False,False,True,False,False,1
99,1,187500.0,0.0,47600.0,1,1,0,0,0,0,0,0,0,0,1,1,2,0,0,1,99,99,0,32,0,0,6,0,41,72,17000.0,17000.0,0.0,0,0.0,0.0,0.0,501.0,1,0,True,False,False,False,True,False,False,True,False,False,False,False,False,False,False,False,False,False,False,False,True,False,False,False,False,False,False,True,False,False,True,False,False,False,1
99,1,137500.0,0.0,60200.0,1,1,1,1,1,0,1,2,0,1,0,0,3,0,0,1,99,99,0,10,1,0,2,0,0,0,0.0,999999.0,999999.0,999999,99999.0,99999.0,99999.0,501.0,1,0,True,False,False,False,True,False,False,True,True,False,False,False,False,False,False,False,False,False,False,False,False,False,False,False,False,False,False,True,False,False,False,True,False,False,1
99,0,999999.0,537.0,15189.0,1,0,1,0,1,0,1,0,0,0,0,0,5,0,0,1,99,99,3,3,1,0,0,0,0,0,0.0,999999.0,999999.0,999999,99999.0,99999.0,99999.0,104.0,1,0,True,False,False,False,True,False,False,True,True,False,False,False,False,False,False,False,False,False,False,False,False,False,True,False,False,False,False,False,False,False,False,True,False,False,1
99,0,999999.0,725.0,39000.0,1,1,1,1,0,0,0,0,0,0,2,1,3,1,0,1,7,7,0,29,1,0,7,0,40,77,28000.0,28000.0,0.0,0,0.0,0.0,0.0,391.0,1,2,True,False,False,False,True,False,False,True,False,False,False,True,False,False,False,False,False,False,False,False,False,False,False,False,False,False,False,True,False,False,True,False,False,False,1
99,1,225000.0,0.0,18500.0,2,0,0,0,0,0,0,0,0,0,0,0,1,0,0,2,99,99,0,30,1,0,6,0,22,61,12066.0,1433.0,0.0,0,0.0,0.0,833.0,187.0,1,0,True,False,False,False,True,False,False,True,False,False,False,False,False,True,False,False,False,False,False,False,False,False,False,False,False,False,False,True,False,False,False,True,False,False,1
99,1,137500.0,0.0,36565.0,1,1,1,1,2,0,1,1,0,1,0,0,4,0,0,1,99,99,1,1,1,0,7,0,0,0,0.0,999999.0,999999.0,999999,99999.0,99999.0,99999.0,291.0,1,0,True,False,False,False,True,False,False,True,True,False,False,False,False,False,False,False,False,False,False,False,False,False,False,False,False,False,False,True,False,False,False,True,False,False,1
99,0,999999.0,725.0,35900.0,1,1,2,1,2,0,1,1,0,1,0,0,7,0,0,1,99,99,0,0,1,0,7,0,0,0,0.0,999999.0,999999.0,999999,99999.0,99999.0,99999.0,175.0,1,0,True,False,False,False,True,False,False,True,True,False,False,False,False,False,False,False,False,False,False,False,False,False,False,False,False,False,False,True,False,False,False,True,False,False,1
99,0,999999.0,625.0,0.0,2,0,1,0,0,0,0,0,0,0,0,0,1,0,0,2,99,99,0,35,1,1,6,1,27,22,28000.0,28000.0,0.0,0,0.0,0.0,0.0,434.0,1,0,True,False,False,False,True,False,False,True,False,False,False,False,False,False,False,False,False,True,False,False,False,False,False,False,False,False,False,True,False,False,False,True,False,False,1
99,0,999999.0,487.0,29780.0,1,2,1,1,2,7,1,1,0,1,0,0,8,0,0,1,99,99,3,4,0,0,0,0,0,0,0.0,999999.0,999999.0,999999,99999.0,99999.0,99999.0,137.0,1,0,True,False,False,False,True,False,False,True,True,False,False,False,False,False,False,False,False,False,False,False,False,False,False,False,False,False,False,True,False,False,False,True,False,False,1
99,0,999999.0,512.0,23575.0,1,1,1,1,0,0,0,0,0,0,2,1,3,1,1,1,1,1,0,19,1,0,5,0,41,68,23000.0,23000.0,0.0,0,0.0,0.0,0.0,236.0,1,1,True,False,False,False,True,False,False,True,False,False,False,True,False,False,False,False,False,False,False,False,False,False,False,False,False,False,False,True,False,False,True,False,False,False,1
99,0,999999.0,725.0,50000.0,1,0,1,0,0,0,0,0,0,0,0,0,3,2,0,1,31,26,0,56,0,0,6,0,22,61,20000.0,20000.0,0.0,0,0.0,0.0,0.0,501.0,0,6,True,False,False,False,True,False,False,True,False,False,False,True,False,False,False,False,False,False,False,False,False,False,True,False,False,False,False,False,False,False,False,False,False,True,1
99,0,999999.0,675.0,30600.0,1,1,1,1,2,0,1,1,0,1,0,0,5,0,0,1,99,99,1,2,1,0,7,0,0,0,0.0,999999.0,999999.0,999999,99999.0,99999.0,99999.0,202.0,1,0,True,False,False,False,True,False,False,True,True,False,False,False,False,False,False,False,False,False,False,False,False,False,False,False,False,True,False,False,False,False,False,True,False,False,1
99,1,350000.0,0.0,25400.0,1,1,1,1,0,0,0,0,0,0,2,1,5,3,1,1,16,1,0,56,1,0,6,0,23,16,25400.0,1400.0,0.0,0,0.0,0.0,4000.0,172.0,0,6,True,False,False,False,True,False,False,True,False,False,False,True,False,False,False,False,False,False,False,False,False,False,False,False,False,False,False,True,False,False,True,False,False,False,1
99,1,187500.0,0.0,72500.0,1,1,1,1,2,0,1,1,0,1,0,0,4,0,0,1,99,99,1,18,0,1,6,1,0,0,0.0,0.0,0.0,0,0.0,0.0,0.0,501.0,0,0,True,False,False,False,True,False,False,True,True,False,False,False,False,False,False,False,False,False,False,False,False,False,False,False,False,False,False,True,False,False,False,True,False,False,1
99,0,999999.0,362.0,5820.0,1,0,0,0,0,0,0,0,0,0,0,0,1,0,0,1,99,99,0,44,0,0,6,0,17,13,5820.0,0.0,5820.0,0,0.0,0.0,0.0,90.0,0,2,True,False,False,False,True,False,False,True,False,False,False,True,False,False,False,False,False,False,False,False,False,False,False,False,False,False,True,False,False,False,False,True,False,False,0
99,0,999999.0,875.0,60327.0,3,0,0,1,0,0,0,0,0,0,0,0,1,0,0,3,99,99,0,23,1,1,7,1,41,68,3000.0,3000.0,0.0,0,0.0,0.0,0.0,47.0,1,0,True,False,False,False,True,False,False,True,False,False,False,False,False,False,False,False,False,True,False,False,False,False,False,False,False,False,False,True,False,False,False,False,True,False,1
99,0,999999.0,625.0,6000.0,1,0,1,0,1,0,1,0,0,0,0,0,3,0,0,1,99,99,1,4,0,1,0,1,0,0,0.0,999999.0,999999.0,999999,99999.0,99999.0,99999.0,60.0,1,0,True,False,False,False,True,False,False,True,True,False,False,False,False,False,False,False,False,False,False,False,False,False,False,False,False,True,False,False,False,False,False,True,False,False,1
99,0,999999.0,725.0,27000.0,2,0,1,0,1,0,1,0,0,0,0,0,3,0,0,1,99,99,0,10,1,1,1,2,0,0,0.0,999999.0,999999.0,999999,99999.0,99999.0,99999.0,271.0,1,0,True,False,False,False,True,False,False,True,True,False,False,False,False,False,False,False,False,False,False,False,False,False,True,False,False,False,False,False,False,False,False,True,False,False,1
99,1,225000.0,0.0,48000.0,1,1,0,0,0,0,0,0,0,0,1,1,2,0,0,1,99,99,0,60,0,1,8,1,0,0,0.0,0.0,0.0,0,0.0,0.0,0.0,501.0,0,0,True,False,False,False,True,False,False,True,False,False,False,False,False,False,False,False,False,False,False,False,True,False,False,False,False,False,False,True,False,False,True,False,False,False,1
99,1,137500.0,0.0,31300.0,1,1,1,1,0,0,0,0,0,0,2,1,4,2,2,1,1,0,0,28,1,0,8,0,41,68,31300.0,30000.0,0.0,0,0.0,0.0,0.0,249.0,1,1,True,False,False,False,True,False,False,True,False,False,False,True,False,False,False,False,False,False,False,False,False,False,False,False,False,False,False,True,False,False,True,False,False,False,1
99,0,999999.0,412.0,9600.0,1,1,0,0,0,0,0,0,0,0,2,1,2,0,0,1,99,99,0,28,1,0,8,0,41,68,9100.0,8800.0,0.0,0,300.0,0.0,0.0,116.0,1,1,True,False,False,False,True,False,False,True,False,False,False,True,False,False,False,False,False,False,False,False,False,False,False,False,False,False,False,True,False,False,True,False,False,False,1
99,0,999999.0,575.0,87994.0,1,1,1,1,2,0,1,1,0,1,0,0,4,0,0,1,99,99,1,22,0,1,8,1,42,84,18343.0,18328.0,0.0,0,0.0,0.0,0.0,501.0,1,0,True,False,False,False,True,False,False,True,True,False,False,False,False,False,False,False,False,False,False,False,False,False,False,False,False,True,False,False,False,False,False,True,False,False,1
99,0,999999.0,412.0,15400.0,1,2,2,2,0,0,0,0,0,0,1,1,7,2,1,1,19,0,0,63,0,0,0,0,0,0,2500.0,0.0,0.0,0,0.0,2500.0,0.0,77.0,0,0,True,False,False,False,True,False,False,True,False,False,False,False,False,False,False,False,False,False,False,False,True,False,False,False,False,False,False,True,False,False,True,False,False,False,1
99,0,999999.0,1000.0,98000.0,1,3,1,2,0,0,0,4,0,2,0,0,11,0,0,1,99,99,0,13,0,1,2,1,0,0,0.0,999999.0,999999.0,999999,99999.0,99999.0,99999.0,360.0,0,0,True,False,False,False,True,False,False,True,False,False,True,False,False,False,False,False,False,False,False,False,False,False,False,False,False,False,False,True,False,False,False,True,False,False,1
99,1,350000.0,0.0,41000.0,2,1,2,1,3,0,2,0,0,0,0,0,5,0,0,1,99,99,1,1,1,0,7,0,0,0,0.0,999999.0,999999.0,999999,99999.0,99999.0,99999.0,270.0,1,0,True,False,False,False,True,False,False,True,False,False,True,False,False,False,False,False,False,False,False,False,False,False,False,False,False,False,False,True,False,False,False,True,False,False,1
99,1,112500.0,0.0,100000.0,1,1,1,1,0,0,0,0,0,0,1,1,3,1,0,1,19,19,0,41,0,0,5,0,24,44,33000.0,33000.0,0.0,0,0.0,0.0,0.0,501.0,0,0,True,False,False,False,True,False,False,True,False,False,False,False,False,False,False,False,False,False,False,False,True,False,False,False,False,False,False,True,False,False,True,False,False,False,1
99,1,275000.0,0.0,54117.0,1,1,1,1,2,0,1,1,0,1,0,0,6,0,0,1,99,99,3,24,1,0,6,0,23,16,2400.0,2400.0,0.0,0,0.0,0.0,0.0,305.0,0,0,True,False,False,False,True,False,False,True,True,False,False,False,False,False,False,False,False,False,False,False,False,False,False,False,False,False,False,True,False,False,False,True,False,False,1
99,1,275000.0,0.0,99003.0,1,1,0,0,0,0,0,0,0,0,1,1,2,0,0,1,99,99,0,65,0,0,6,0,0,0,5822.0,0.0,0.0,0,1540.0,0.0,0.0,501.0,0,0,True,False,False,False,True,False,False,True,False,False,False,False,False,False,False,False,False,False,False,False,True,False,False,False,False,False,False,True,False,False,True,False,False,False,1
99,0,999999.0,725.0,29000.0,1,0,0,1,0,0,0,0,0,0,0,0,2,1,0,1,6,6,0,37,1,0,5,0,17,11,29000.0,0.0,29000.0,0,0.0,0.0,0.0,339.0,1,1,True,False,False,False,True,False,False,True,False,False,False,True,False,False,False,False,False,False,False,False,False,False,False,False,False,False,False,True,True,False,False,False,False,False,1
99,0,999999.0,487.0,18000.0,1,0,0,0,0,0,0,0,0,0,0,0,1,0,0,1,99,99,0,34,1,0,6,0,22,60,18000.0,10000.0,8000.0,0,0.0,0.0,0.0,279.0,1,1,True,False,False,False,True,False,False,True,False,False,False,True,False,False,False,False,False,False,False,False,False,False,False,False,False,False,False,True,False,False,False,True,False,False,0
99,0,999999.0,362.0,0.0,2,0,1,0,1,0,1,0,0,0,0,0,4,0,0,1,99,99,2,2,1,0,7,0,0,0,0.0,999999.0,999999.0,999999,99999.0,99999.0,99999.0,1.0,1,0,True,False,False,False,True,False,False,True,True,False,False,False,False,False,False,False,False,False,False,False,False,False,False,False,False,False,False,True,False,False,False,True,False,False,1
99,1,275000.0,0.0,49000.0,1,1,0,0,0,0,0,0,0,0,1,1,2,0,0,1,99,99,0,61,0,0,7,0,0,0,4000.0,0.0,0.0,0,0.0,0.0,0.0,501.0,0,0,True,False,False,False,True,False,False,True,False,False,False,False,False,False,False,False,False,False,False,False,True,False,False,False,False,False,False,True,False,False,True,False,False,False,1
99,0,999999.0,575.0,31000.0,1,1,1,1,0,0,0,0,0,0,1,1,4,2,1,1,7,2,0,27,0,0,2,0,23,18,11000.0,11000.0,0.0,0,0.0,0.0,0.0,247.0,0,0,True,False,False,False,True,False,False,True,False,False,False,False,False,False,False,False,False,False,False,False,True,False,False,False,False,False,False,True,False,False,True,False,False,False,1
99,1,350000.0,0.0,136000.0,1,1,1,1,0,0,0,0,0,0,1,1,4,2,0,1,27,23,0,52,0,0,6,0,24,47,38000.0,38000.0,0.0,0,0.0,0.0,0.0,501.0,0,0,True,False,False,False,True,False,False,True,False,False,False,False,False,False,False,False,False,False,False,False,True,False,False,False,False,False,False,True,False,False,True,False,False,False,1
99,0,999999.0,575.0,16640.0,3,0,0,0,0,0,0,0,0,0,0,0,1,0,0,3,99,99,0,21,1,0,2,0,26,19,8840.0,8840.0,0.0,0,0.0,0.0,0.0,137.0,1,0,True,False,False,False,True,False,False,True,False,False,False,False,False,False,False,False,False,True,False,False,False,False,False,False,False,False,False,True,False,False,False,True,False,False,0
99,0,999999.0,1000.0,0.0,1,0,0,0,0,0,0,0,0,0,0,0,1,0,0,1,99,99,0,24,1,1,8,2,0,0,0.0,0.0,0.0,0,0.0,0.0,0.0,1.0,0,2,True,False,False,False,True,False,False,True,False,False,False,True,False,False,False,False,False,False,False,False,False,False,False,False,True,False,False,False,False,False,False,True,False,False,1
99,0,999999.0,512.0,38976.0,2,0,0,1,0,0,0,0,0,0,0,0,1,0,0,2,99,99,0,46,0,0,3,0,23,18,10000.0,10000.0,0.0,0,0.0,0.0,0.0,155.0,0,0,True,False,False,False,True,False,False,True,False,False,False,False,False,False,False,False,False,True,False,False,False,False,False,False,False,False,False,True,False,False,False,True,False,False,1
99,0,999999.0,625.0,10916.0,1,1,1,1,0,0,0,0,0,0,1,1,3,1,1,1,1,1,0,24,0,1,7,1,11,16,10916.0,10916.0,0.0,0,0.0,0.0,0.0,109.0,1,0,True,False,False,False,True,False,False,True,False,False,False,False,False,False,False,False,False,False,False,False,True,True,False,False,False,False,False,False,False,False,True,False,False,False,1
99,0,999999.0,512.0,30000.0,1,1,0,0,0,0,0,0,0,0,1,1,2,0,0,1,99,99,0,24,0,0,6,0,23,45,13000.0,13000.0,0.0,0,0.0,0.0,0.0,361.0,1,0,True,False,False,False,True,False,False,True,False,False,False,False,False,False,False,False,False,False,False,False,True,False,False,False,False,False,False,True,False,False,True,False,False,False,1
99,1,400000.0,0.0,133756.0,1,1,1,1,2,0,1,1,0,1,0,0,4,0,0,1,99,99,1,21,0,1,8,1,41,68,2750.0,2500.0,0.0,0,0.0,0.0,0.0,501.0,1,0,True,False,False,False,True,False,False,True,True,False,False,False,False,False,False,False,False,False,False,False,False,False,False,False,False,False,False,True,False,False,False,True,False,False,1
99,0,999999.0,675.0,31000.0,1,1,1,1,2,0,1,1,0,1,0,0,7,0,0,1,99,99,4,0,1,0,7,0,0,0,0.0,999999.0,999999.0,999999,99999.0,99999.0,99999.0,167.0,1,0,True,False,False,False,True,False,False,True,True,False,False,False,False,False,False,False,False,False,False,False,False,False,False,False,False,False,False,True,False,False,False,True,False,False,1
99,1,350000.0,0.0,50000.0,3,0,0,1,0,0,0,0,0,0,0,0,2,1,0,1,24,24,0,63,1,0,6,0,17,13,50000.0,50000.0,0.0,0,0.0,0.0,0.0,501.0,1,5,True,False,False,False,True,False,False,True,False,False,False,True,False,False,False,False,False,False,False,False,False,False,True,False,False,False,False,False,False,False,False,False,False,True,1
99,1,162500.0,0.0,40912.0,1,1,1,1,2,0,1,1,0,1,0,0,3,0,0,1,99,99,0,1,0,0,7,0,0,0,0.0,999999.0,999999.0,999999,99999.0,99999.0,99999.0,410.0,1,0,True,False,False,False,True,False,False,True,True,False,False,False,False,False,False,False,False,False,False,False,False,False,False,True,False,False,False,False,False,False,False,True,False,False,1
99,0,999999.0,162.0,57714.0,1,1,0,0,0,0,0,0,0,0,1,1,2,0,0,1,99,99,0,60,0,0,6,0,23,18,27239.0,27239.0,0.0,0,0.0,0.0,0.0,501.0,0,0,True,False,False,False,True,False,False,True,False,False,False,False,False,False,False,False,False,False,False,False,True,False,False,False,False,False,False,True,False,False,True,False,False,False,1
99,1,187500.0,0.0,25500.0,2,1,1,2,0,0,0,0,0,0,0,0,2,1,1,2,2,2,0,24,1,0,3,0,29,27,20000.0,20000.0,0.0,0,0.0,0.0,0.0,234.0,1,0,True,False,False,False,True,False,False,True,False,False,False,False,False,True,False,False,False,False,False,False,False,False,False,False,False,False,False,True,False,True,False,False,False,False,1
99,0,999999.0,1000.0,17200.0,1,0,0,0,0,0,0,0,0,0,0,0,1,0,0,1,99,99,0,36,0,0,7,0,26,47,17200.0,17200.0,0.0,0,0.0,0.0,0.0,267.0,1,1,True,False,False,False,True,False,False,True,False,False,False,True,False,False,False,False,False,False,False,False,False,False,False,False,False,False,False,True,True,False,False,False,False,False,1
99,1,350000.0,0.0,46000.0,1,1,2,1,2,0,1,1,0,1,0,0,5,0,0,1,99,99,0,1,0,0,7,0,0,0,0.0,999999.0,999999.0,999999,99999.0,99999.0,99999.0,294.0,1,0,True,False,False,False,True,False,False,True,True,False,False,False,False,False,False,False,False,False,False,False,False,False,False,False,False,False,False,True,False,False,False,True,False,False,1
99,1,112500.0,0.0,22223.0,2,0,0,0,0,0,0,0,0,0,0,0,2,0,0,1,99,99,0,67,0,0,0,0,18,44,12507.0,5966.0,0.0,0,5256.0,0.0,0.0,297.0,0,7,True,False,False,False,True,False,False,True,False,False,False,True,False,False,False,False,False,False,False,False,False,False,True,False,False,False,False,False,False,False,False,False,False,True,0
99,0,999999.0,462.0,14200.0,1,1,1,1,0,0,0,0,0,0,1,1,3,1,0,1,31,31,0,51,0,0,5,0,30,44,900.0,0.0,0.0,0,0.0,0.0,0.0,146.0,0,0,True,False,False,False,True,False,False,True,False,False,False,False,False,False,False,False,False,False,False,False,True,False,False,False,False,False,False,True,False,False,True,False,False,False,0
99,1,137500.0,0.0,39105.0,1,1,1,1,2,0,1,1,0,1,0,0,5,0,0,1,99,99,2,13,0,1,2,1,0,0,0.0,999999.0,999999.0,999999,99999.0,99999.0,99999.0,264.0,1,0,True,False,False,False,True,False,False,True,True,False,False,False,False,False,False,False,False,False,False,False,False,False,False,False,False,True,False,False,False,False,False,True,False,False,1
99,0,999999.0,462.0,33200.0,1,1,1,1,2,0,1,1,0,1,0,0,4,0,0,1,99,99,1,7,0,1,1,1,0,0,0.0,999999.0,999999.0,999999,99999.0,99999.0,99999.0,264.0,0,0,True,False,False,False,True,False,False,True,True,False,False,False,False,False,False,False,False,False,False,False,False,False,False,False,False,False,False,True,False,False,False,True,False,False,1
99,1,187500.0,0.0,62640.0,1,1,0,0,0,0,0,0,0,0,2,1,2,0,0,1,99,99,0,57,1,0,8,0,23,45,42120.0,32000.0,0.0,0,0.0,0.0,10000.0,501.0,0,6,True,False,False,False,True,False,False,True,False,False,False,True,False,False,False,False,False,False,False,False,False,False,True,False,False,False,False,False,False,False,True,False,False,False,1
99,0,999999.0,512.0,17532.0,2,0,1,0,1,0,1,0,0,0,0,0,5,0,0,1,99,99,1,18,1,0,5,0,22,18,0.0,0.0,0.0,0,0.0,0.0,0.0,116.0,1,0,True,False,False,False,True,False,False,True,True,False,False,False,False,False,False,False,False,False,False,False,False,False,False,False,False,False,False,True,False,False,False,True,False,False,1
99,0,999999.0,512.0,26000.0,1,1,1,1,0,0,0,0,0,0,2,1,3,1,0,1,11,11,0,49,1,0,7,0,27,64,18000.0,18000.0,0.0,0,0.0,0.0,0.0,260.0,1,2,True,False,False,False,True,False,False,True,False,False,False,True,False,False,False,False,False,False,False,False,False,False,False,False,False,False,False,True,False,False,True,False,False,False,1
99,1,162500.0,0.0,23992.0,1,1,2,1,2,7,1,1,0,1,0,0,4,1,1,1,3,3,0,23,0,0,6,0,0,0,6000.0,0.0,0.0,0,0.0,6000.0,0.0,185.0,0,0,True,False,False,False,True,False,False,True,True,False,False,False,False,False,False,False,False,False,False,False,False,False,False,False,False,False,False,True,False,False,False,True,False,False,1
99,1,112500.0,0.0,23820.0,3,1,1,1,0,0,0,0,0,0,0,0,1,0,0,3,99,99,0,0,1,0,7,0,0,0,0.0,999999.0,999999.0,999999,99999.0,99999.0,99999.0,1.0,1,0,True,False,False,False,True,False,False,True,False,False,False,False,False,True,False,False,False,False,False,False,False,False,False,False,False,False,True,False,False,False,False,True,False,False,1
99,0,999999.0,725.0,41200.0,1,1,0,0,0,0,0,0,0,0,2,1,3,0,0,1,99,99,0,56,1,0,7,0,48,87,24000.0,24000.0,0.0,0,0.0,0.0,0.0,425.0,0,6,True,False,False,False,True,False,False,True,False,False,False,True,False,False,False,False,False,False,False,False,False,False,False,False,False,False,False,True,False,False,True,False,False,False,1
99,0,999999.0,575.0,58700.0,1,1,0,0,0,0,0,0,0,0,2,1,3,0,0,1,99,99,0,43,0,0,6,0,19,17,12000.0,12000.0,0.0,0,0.0,0.0,0.0,501.0,1,0,True,False,False,False,True,False,False,True,False,False,False,False,False,False,False,False,False,False,False,True,False,False,False,False,False,True,False,False,False,False,True,False,False,False,1
99,0,999999.0,875.0,67131.0,1,0,0,0,0,0,0,0,0,0,0,0,1,0,0,1,99,99,0,56,1,0,8,0,41,68,67131.0,67131.0,0.0,0,0.0,0.0,0.0,501.0,0,6,True,False,False,False,True,False,False,True,False,False,False,True,False,False,False,False,False,False,False,False,False,False,False,False,False,False,False,True,False,False,False,True,False,False,1
99,0,999999.0,187.0,8400.0,2,0,1,0,0,0,0,0,0,0,0,0,1,0,0,2,99,99,0,29,1,0,4,0,18,19,3600.0,3600.0,0.0,0,0.0,0.0,0.0,56.0,1,0,True,False,False,False,True,False,False,True,False,False,False,False,False,False,False,False,False,True,False,False,False,False,True,False,False,False,False,False,False,True,False,False,False,False,1
99,0,999999.0,512.0,9030.0,2,0,0,0,0,0,0,0,0,0,0,0,1,0,0,2,99,99,0,52,1,0,6,0,20,8,4556.0,2000.0,0.0,0,0.0,2556.0,0.0,71.0,1,0,True,False,False,False,True,False,False,True,False,False,False,False,False,False,False,False,False,True,False,False,False,False,True,False,False,False,False,False,False,False,False,False,True,False,1
99,1,187500.0,0.0,37450.0,1,1,2,1,2,0,1,1,0,1,0,0,11,0,0,1,99,99,4,17,1,1,4,1,15,15,170.0,170.0,0.0,0,0.0,0.0,0.0,150.0,1,0,True,False,False,False,True,False,False,True,True,False,False,False,False,False,False,False,False,False,False,False,False,False,False,False,False,False,False,True,False,False,False,True,False,False,1
99,1,187500.0,0.0,26257.0,1,0,0,0,0,0,0,0,0,0,0,0,3,0,0,1,99,99,0,23,1,1,7,1,41,68,9500.0,9500.0,0.0,0,0.0,0.0,0.0,271.0,0,0,True,False,False,False,True,False,False,True,False,False,True,False,False,False,False,False,False,False,False,False,False,False,False,False,False,False,False,True,False,False,False,True,False,False,1
99,0,999999.0,575.0,21000.0,1,1,1,1,2,0,1,1,0,1,0,0,3,0,0,1,99,99,0,2,1,0,7,0,0,0,0.0,999999.0,999999.0,999999,99999.0,99999.0,99999.0,210.0,1,0,True,False,False,False,True,False,False,True,True,False,False,False,False,False,False,False,False,False,False,False,False,False,False,False,False,False,False,True,False,False,False,True,False,False,1
99,1,137500.0,0.0,52000.0,1,1,1,1,2,0,1,1,0,1,0,0,5,0,0,1,99,99,2,23,0,0,6,0,41,68,12000.0,12000.0,0.0,0,0.0,0.0,0.0,337.0,0,0,True,False,False,False,True,False,False,True,True,False,False,False,False,False,False,False,False,False,False,False,False,False,False,False,False,False,False,True,False,False,False,True,False,False,1
99,1,187500.0,0.0,24215.0,1,0,0,0,0,0,0,0,0,0,0,0,1,0,0,1,99,99,0,33,0,0,7,0,22,51,24215.0,23755.0,0.0,0,0.0,0.0,0.0,375.0,0,7,True,False,False,False,True,False,False,True,False,False,False,True,False,False,False,False,False,False,False,False,False,False,False,False,False,False,False,True,False,False,False,True,False,False,0
99,0,999999.0,625.0,46150.0,1,0,1,0,1,0,1,0,0,0,0,0,2,0,0,1,99,99,0,30,0,0,7,0,24,44,15000.0,15000.0,0.0,0,0.0,0.0,0.0,501.0,1,0,True,False,False,False,True,False,False,True,True,False,False,False,False,False,False,False,False,False,False,False,False,False,False,False,False,False,False,True,False,False,False,True,False,False,1
99,0,999999.0,312.0,35000.0,1,0,1,0,0,0,0,0,0,0,0,0,2,1,0,1,15,15,0,34,0,0,6,0,22,10,35000.0,35000.0,0.0,0,0.0,0.0,0.0,410.0,0,6,True,False,False,False,True,False,False,True,False,False,False,True,False,False,False,False,False,False,False,False,False,False,False,False,False,False,False,True,True,False,False,False,False,False,1
99,1,400000.0,0.0,32550.0,1,1,1,1,0,0,0,0,0,0,1,1,3,1,0,1,34,34,0,67,0,0,6,0,0,0,1798.0,0.0,0.0,0,1798.0,0.0,0.0,336.0,0,0,True,False,False,False,True,False,False,True,False,False,False,False,False,False,False,False,False,False,False,False,True,False,False,False,False,False,False,True,False,False,True,False,False,False,1
99,0,999999.0,512.0,55450.0,1,1,1,1,0,0,0,0,0,0,2,1,6,4,0,1,21,13,0,48,1,0,1,0,23,18,19600.0,19000.0,0.0,0,0.0,0.0,0.0,311.0,0,6,True,False,False,False,True,False,False,True,False,False,False,True,False,False,False,False,False,False,False,False,False,False,False,False,False,False,False,True,False,False,True,False,False,False,1
99,1,137500.0,0.0,31262.0,1,1,1,0,3,7,1,0,0,0,1,1,3,0,0,1,99,99,0,43,0,0,6,0,22,18,0.0,0.0,0.0,0,0.0,0.0,0.0,322.0,0,0,True,False,False,False,True,False,False,True,False,False,False,False,False,False,False,False,False,False,False,False,True,False,False,False,False,True,False,False,False,False,True,False,False,False,1
99,0,999999.0,487.0,20800.0,1,1,0,0,0,0,0,0,0,0,2,1,2,0,0,1,99,99,0,66,1,0,7,0,41,68,4000.0,4000.0,0.0,0,0.0,0.0,0.0,278.0,0,8,True,False,False,False,True,False,False,True,False,False,False,True,False,False,False,False,False,False,False,False,False,False,False,False,False,False,False,True,False,False,True,False,False,False,1
99,1,225000.0,0.0,24000.0,5,1,1,1,0,0,0,0,0,0,2,4,3,1,0,2,18,18,0,54,0,0,6,0,17,13,17000.0,17000.0,0.0,0,0.0,0.0,0.0,492.0,0,0,True,False,False,False,True,False,False,True,False,False,False,False,False,False,False,False,False,True,False,False,False,False,False,False,False,False,False,True,False,False,True,False,False,False,1
99,1,350000.0,0.0,64136.0,1,1,1,1,1,0,1,2,0,1,0,0,4,0,0,1,99,99,1,3,0,0,0,0,0,0,0.0,999999.0,999999.0,999999,99999.0,99999.0,99999.0,501.0,1,0,True,False,False,False,True,False,False,True,True,False,False,False,False,False,False,False,False,False,False,False,False,False,False,False,False,False,False,True,False,False,False,True,False,False,1
99,1,350000.0,0.0,21700.0,1,0,0,0,0,0,0,0,0,0,0,0,1,0,0,1,99,99,0,66,1,1,8,1,41,68,21700.0,0.0,0.0,0,4700.0,0.0,0.0,365.0,0,5,True,False,False,False,True,False,False,True,False,False,False,True,False,False,False,False,False,False,False,False,False,False,False,False,False,False,False,True,True,False,False,False,False,False,1
99,1,400000.0,0.0,36380.0,1,1,0,0,0,0,0,0,0,0,1,1,2,0,0,1,99,99,0,66,0,0,6,0,23,18,3480.0,0.0,0.0,0,3480.0,0.0,0.0,485.0,0,0,True,False,False,False,True,False,False,True,False,False,False,False,False,False,False,False,False,False,False,False,True,False,False,False,True,False,False,False,False,False,True,False,False,False,1
99,0,999999.0,1.0,13000.0,1,0,0,0,0,0,0,0,0,0,0,0,1,0,0,1,99,99,0,85,0,0,7,0,0,0,13000.0,0.0,0.0,0,0.0,0.0,0.0,219.0,0,7,True,False,False,False,True,False,False,True,False,False,False,True,False,False,False,False,False,False,False,False,False,False,False,False,False,False,False,True,True,False,False,False,False,False,1
99,1,400000.0,0.0,73410.0,1,1,1,1,0,0,0,0,0,0,2,1,4,2,0,1,16,13,0,47,1,0,8,0,37,78,65250.0,0.0,65000.0,0,0.0,0.0,0.0,501.0,0,6,True,False,False,False,True,False,False,True,False,False,False,True,False,False,False,False,False,False,False,False,False,False,False,False,False,False,False,True,False,False,True,False,False,False,1
99,0,999999.0,875.0,28000.0,1,1,1,1,0,0,0,0,0,0,2,1,4,2,0,1,13,6,0,40,1,1,7,2,27,50,16000.0,0.0,16000.0,0,0.0,0.0,0.0,223.0,0,5,True,False,False,False,True,False,False,True,False,False,False,True,False,False,False,False,False,False,False,False,False,False,False,False,False,True,False,False,False,False,True,False,False,False,1
99,0,999999.0,875.0,41000.0,3,1,1,1,0,0,0,0,0,0,1,1,4,2,2,1,4,2,0,21,0,0,6,0,25,18,0.0,0.0,0.0,0,0.0,0.0,0.0,326.0,1,0,True,False,False,False,True,False,False,True,False,False,False,False,False,False,False,False,False,False,False,False,True,False,False,False,False,False,False,True,False,False,True,False,False,False,1
99,0,999999.0,575.0,18000.0,1,1,1,1,0,0,0,0,0,0,2,1,7,5,3,1,8,0,0,31,1,0,7,0,23,18,18000.0,18000.0,0.0,0,0.0,0.0,0.0,97.0,1,1,True,False,False,False,True,False,False,True,False,False,False,True,False,False,False,False,False,False,False,False,False,False,False,False,False,False,False,True,False,False,True,False,False,False,1
99,0,999999.0,462.0,19794.0,1,0,1,0,0,0,0,0,0,0,0,0,7,0,0,1,99,99,0,11,0,1,2,1,0,0,0.0,999999.0,999999.0,999999,99999.0,99999.0,99999.0,103.0,0,0,True,False,False,False,True,False,False,True,False,False,False,False,False,False,True,False,False,False,False,False,False,False,False,False,False,False,False,True,False,False,False,True,False,False,1
99,1,225000.0,0.0,54056.0,1,1,1,1,0,0,0,0,0,0,2,1,8,5,0,1,26,10,0,51,1,0,0,0,23,18,15000.0,15000.0,0.0,0,0.0,0.0,0.0,239.0,1,1,True,False,False,False,True,False,False,True,False,False,False,True,False,False,False,False,False,False,False,False,False,False,False,False,False,False,False,True,False,False,True,False,False,False,1
99,0,999999.0,1000.0,135000.0,1,1,1,1,0,0,0,0,0,0,2,1,3,1,0,1,14,14,0,43,1,0,8,0,41,68,75000.0,75000.0,0.0,0,0.0,0.0,0.0,501.0,1,1,True,False,False,False,True,False,False,True,False,False,False,True,False,False,False,False,False,False,False,False,False,False,False,False,False,False,False,True,False,False,True,False,False,False,1
99,1,350000.0,0.0,58517.0,1,1,0,0,0,0,0,0,0,0,1,1,2,0,0,1,99,99,0,62,0,0,7,0,22,45,5234.0,5234.0,0.0,0,0.0,0.0,0.0,501.0,0,0,True,False,False,False,True,False,False,True,False,False,False,False,False,False,False,False,False,False,False,False,True,False,False,False,False,False,False,True,False,False,True,False,False,False,1
99,1,400000.0,0.0,81600.0,1,1,2,1,0,0,0,0,0,0,1,1,5,2,0,1,17,17,0,42,0,1,7,1,23,45,16000.0,16000.0,0.0,0,0.0,0.0,0.0,501.0,0,0,True,False,False,False,True,False,False,True,False,False,False,False,False,False,False,False,False,False,False,False,True,False,False,False,False,False,False,True,False,False,True,False,False,False,1
99,0,999999.0,282.0,21120.0,1,1,1,1,2,0,1,1,0,1,0,0,3,0,0,1,99,99,0,2,0,0,7,0,0,0,0.0,999999.0,999999.0,999999,99999.0,99999.0,99999.0,212.0,1,0,True,False,False,False,True,False,False,True,True,False,False,False,False,False,False,False,False,False,False,False,False,False,False,False,False,False,False,True,False,False,False,True,False,False,1
99,0,999999.0,675.0,23400.0,1,1,1,1,0,0,0,0,0,0,0,0,5,0,0,1,99,99,1,24,1,0,6,0,17,11,10400.0,10400.0,0.0,0,0.0,0.0,0.0,154.0,1,0,True,False,False,False,True,False,False,True,False,False,False,False,False,False,False,False,False,False,True,False,False,False,False,False,False,False,False,True,False,False,False,True,False,False,1
99,0,999999.0,675.0,5787.0,2,0,0,0,0,0,0,0,0,0,0,0,1,0,0,2,99,99,0,35,1,0,8,0,27,64,24200.0,23000.0,1200.0,0,0.0,0.0,0.0,375.0,1,0,True,False,False,False,True,False,False,True,False,False,False,False,False,False,False,False,False,True,False,False,False,False,False,False,False,False,False,True,False,False,False,True,False,False,1
99,0,999999.0,512.0,25331.0,1,0,3,0,0,0,0,0,0,0,0,0,11,4,0,1,33,19,0,50,0,0,0,0,4,12,7200.0,7200.0,0.0,0,0.0,0.0,0.0,98.0,1,1,True,False,False,False,True,False,False,True,False,False,False,True,False,False,False,False,False,False,False,False,False,False,False,False,False,False,False,True,False,False,False,True,False,False,1
99,1,187500.0,0.0,53571.0,2,1,1,1,1,0,1,2,0,1,0,0,3,0,0,1,99,99,0,49,1,0,7,0,24,47,27000.0,27000.0,0.0,0,0.0,0.0,0.0,501.0,0,0,True,False,False,False,True,False,False,True,True,False,False,False,False,False,False,False,False,False,False,False,False,False,True,False,False,False,False,False,True,False,False,False,False,False,1
99,1,187500.0,0.0,40000.0,1,1,1,1,2,0,1,1,0,1,0,0,4,0,0,1,99,99,1,3,1,0,0,0,0,0,0.0,999999.0,999999.0,999999,99999.0,99999.0,99999.0,318.0,1,0,True,False,False,False,True,False,False,True,True,False,False,False,False,False,False,False,False,False,False,False,False,False,False,False,False,False,False,True,False,False,False,True,False,False,1
99,0,999999.0,875.0,40000.0,1,1,1,1,0,0,0,0,0,0,2,1,4,2,2,1,4,2,0,32,1,0,7,0,31,33,40000.0,40000.0,0.0,0,0.0,0.0,0.0,318.0,1,1,True,False,False,False,True,False,False,True,False,False,False,True,False,False,False,False,False,False,False,False,False,False,False,False,False,False,False,True,False,False,True,False,False,False,1
99,1,187500.0,0.0,55876.0,1,0,3,0,3,0,5,0,0,0,0,0,9,0,0,1,99,99,0,4,0,0,0,0,0,0,0.0,999999.0,999999.0,999999,99999.0,99999.0,99999.0,208.0,1,0,True,False,False,False,True,False,False,True,False,False,True,False,False,False,False,False,False,False,False,False,False,False,False,False,False,False,False,True,False,False,False,True,False,False,1
99,0,999999.0,512.0,0.0,1,1,1,1,2,0,1,1,0,1,0,0,4,0,0,1,99,99,1,3,0,0,0,0,0,0,0.0,999999.0,999999.0,999999,99999.0,99999.0,99999.0,1.0,1,0,True,False,False,False,True,False,False,True,True,False,False,False,False,False,False,False,False,False,False,False,False,False,False,False,False,False,False,True,False,False,False,True,False,False,1
99,1,350000.0,0.0,25000.0,1,0,0,0,0,0,0,0,0,0,0,0,1,0,0,1,99,99,0,60,1,0,8,0,46,84,25000.0,0.0,25000.0,0,0.0,0.0,0.0,388.0,0,7,True,False,False,False,True,False,False,True,False,False,False,True,False,False,False,False,False,False,False,False,False,False,False,False,False,False,False,True,True,False,False,False,False,False,0
99,1,162500.0,0.0,73900.0,1,1,1,1,2,0,1,1,0,1,0,0,4,0,0,1,99,99,1,2,0,0,7,0,0,0,0.0,999999.0,999999.0,999999,99999.0,99999.0,99999.0,501.0,1,0,True,False,False,False,True,False,False,True,True,False,False,False,False,False,False,False,False,False,False,False,False,False,False,False,False,False,False,True,False,False,False,True,False,False,1
99,1,137500.0,0.0,58090.0,1,1,0,0,0,0,0,0,0,0,1,1,2,0,0,1,99,99,0,23,0,1,7,1,26,52,13000.0,13000.0,0.0,0,0.0,0.0,0.0,501.0,1,0,True,False,False,False,True,False,False,True,False,False,False,False,False,False,False,False,False,False,False,False,True,False,False,False,False,False,False,True,False,False,True,False,False,False,1
99,0,999999.0,875.0,26018.0,3,0,2,0,0,0,0,0,0,0,0,0,1,0,0,3,99,99,0,19,0,1,7,1,25,44,495.0,495.0,0.0,0,0.0,0.0,0.0,8.0,1,0,True,False,False,False,True,False,False,True,False,False,False,False,False,True,False,False,False,False,False,False,False,False,True,False,False,False,False,False,False,False,False,True,False,False,0
99,1,225000.0,0.0,36000.0,2,0,0,0,0,0,0,0,0,0,0,0,1,0,0,2,99,99,0,33,0,0,8,0,31,65,38100.0,37000.0,0.0,0,0.0,0.0,0.0,501.0,1,0,True,False,False,False,True,False,False,True,False,False,False,False,False,False,False,False,False,True,False,False,False,False,False,False,False,False,False,True,False,False,False,True,False,False,1
99,1,275000.0,0.0,92000.0,2,0,0,0,0,0,0,0,0,0,0,0,2,0,0,1,99,99,0,32,0,0,8,0,41,72,92000.0,90000.0,0.0,0,0.0,0.0,0.0,501.0,1,2,True,False,False,False,True,False,False,True,False,False,False,True,False,False,False,False,False,False,False,False,False,False,False,True,False,False,False,False,False,False,False,True,False,False,1
99,0,999999.0,387.0,78000.0,1,1,1,1,0,0,0,0,0,0,2,1,8,3,1,1,12,1,0,39,1,0,2,0,27,18,17000.0,17000.0,0.0,0,0.0,0.0,0.0,351.0,1,2,True,False,False,False,True,False,False,True,False,False,False,True,False,False,False,False,False,False,False,False,False,False,False,False,False,False,False,True,False,False,True,False,False,False,1
99,0,999999.0,725.0,20734.0,1,1,0,0,0,0,0,0,0,0,2,1,2,0,0,1,99,99,0,83,1,0,7,0,0,0,17376.0,0.0,0.0,0,7726.0,0.0,0.0,277.0,0,7,True,False,False,False,True,False,False,True,False,False,False,True,False,False,False,False,False,False,False,False,False,False,False,False,False,False,False,True,False,False,True,False,False,False,1
99,1,162500.0,0.0,7548.0,1,0,0,0,0,0,0,0,0,0,0,0,1,0,0,1,99,99,0,69,0,0,6,0,0,0,7548.0,0.0,0.0,0,7548.0,0.0,0.0,127.0,0,8,True,False,False,False,True,False,False,True,False,False,False,True,False,False,False,False,False,False,False,False,False,False,False,False,False,False,False,True,True,False,False,False,False,False,1
99,0,999999.0,1000.0,77000.0,1,1,1,1,2,7,1,1,3,1,0,0,3,0,0,1,99,99,0,10,1,1,1,2,0,0,0.0,999999.0,999999.0,999999,99999.0,99999.0,99999.0,501.0,1,0,True,False,False,False,True,False,False,True,True,False,False,False,False,False,False,False,False,False,False,False,False,False,False,False,False,False,False,True,False,False,False,True,False,False,1
99,1,225000.0,0.0,53979.0,1,1,1,1,2,0,1,1,0,1,0,0,4,0,0,1,99,99,1,15,1,1,3,2,0,0,0.0,999999.0,999999.0,999999,0.0,0.0,0.0,429.0,0,0,True,False,False,False,True,False,False,True,True,False,False,False,False,False,False,False,False,False,False,False,False,False,False,False,False,False,False,True,False,False,False,True,False,False,1
99,1,162500.0,0.0,39000.0,1,1,2,1,0,0,0,0,0,0,0,0,6,2,0,1,34,27,0,54,0,0,4,0,17,13,0.0,0.0,0.0,0,0.0,0.0,0.0,224.0,0,0,True,False,False,False,True,False,False,True,False,False,False,False,False,False,False,True,False,False,False,False,False,False,False,False,False,False,False,True,True,False,False,False,False,False,1
99,1,187500.0,0.0,24000.0,1,0,3,0,3,0,5,0,0,0,0,0,8,0,0,1,99,99,2,9,1,1,1,2,0,0,0.0,999999.0,999999.0,999999,99999.0,99999.0,99999.0,110.0,1,0,True,False,False,False,True,False,False,True,False,False,True,False,False,False,False,False,False,False,False,False,False,False,True,False,False,False,False,False,False,False,False,True,False,False,1
99,0,999999.0,875.0,42648.0,1,1,1,1,2,0,1,1,0,1,0,0,5,0,0,1,99,99,1,8,1,1,1,1,0,0,0.0,999999.0,999999.0,999999,99999.0,99999.0,99999.0,281.0,1,0,True,False,False,False,True,False,False,True,True,False,False,False,False,False,False,False,False,False,False,False,False,False,True,False,False,False,False,False,False,False,False,True,False,False,1
99,0,999999.0,875.0,37431.0,1,1,1,1,2,0,1,1,0,1,0,0,7,0,0,1,99,99,4,14,0,1,2,1,0,0,0.0,999999.0,999999.0,999999,99999.0,99999.0,99999.0,195.0,0,0,True,False,False,False,True,False,False,True,True,False,False,False,False,False,False,False,False,False,False,False,False,False,False,False,False,False,False,True,False,False,False,True,False,False,1
99,1,112500.0,0.0,155515.0,1,0,0,1,0,0,0,0,0,0,0,0,2,1,0,1,25,25,0,51,1,0,8,0,61,93,133515.0,0.0,123515.0,0,0.0,0.0,0.0,501.0,0,5,True,False,False,False,True,False,False,True,False,False,False,True,False,False,False,False,False,False,False,False,False,False,False,False,False,False,False,True,True,False,False,False,False,False,0
99,0,999999.0,1000.0,77000.0,1,1,1,1,0,0,0,0,0,0,2,1,3,1,0,1,10,10,0,38,1,0,7,0,41,68,30000.0,30000.0,0.0,0,0.0,0.0,0.0,501.0,1,1,True,False,False,False,True,False,False,True,False,False,False,True,False,False,False,False,False,False,False,False,False,False,False,False,False,False,False,True,False,False,True,False,False,False,1
99,0,999999.0,1000.0,44000.0,1,1,1,1,0,0,0,0,0,0,2,2,3,1,0,1,7,7,0,30,0,0,7,0,24,44,22000.0,22000.0,0.0,0,0.0,0.0,0.0,441.0,1,1,True,False,False,False,True,False,False,True,False,False,False,True,False,False,False,False,False,False,False,False,False,False,True,False,False,False,False,False,False,False,True,False,False,False,1
99,1,162500.0,0.0,40000.0,1,1,1,1,2,0,1,1,0,1,0,0,4,0,0,1,99,99,0,8,1,1,1,1,0,0,0.0,999999.0,999999.0,999999,99999.0,99999.0,99999.0,308.0,1,0,True,False,False,False,True,False,False,True,True,False,False,False,False,False,False,False,False,False,False,False,False,False,False,False,False,False,False,True,False,False,False,True,False,False,1
99,0,999999.0,512.0,12508.0,3,0,1,0,1,0,1,0,0,0,0,0,7,0,0,1,99,99,5,20,1,0,6,0,0,0,0.0,0.0,0.0,0,0.0,0.0,0.0,62.0,0,0,True,False,False,False,True,False,False,True,True,False,False,False,False,False,False,False,False,False,False,False,False,False,False,False,False,False,False,True,False,False,False,True,False,False,1
99,1,350000.0,0.0,260516.0,1,1,1,1,0,0,0,0,0,0,1,1,5,3,0,1,15,8,0,35,0,0,0,0,0,0,0.0,0.0,0.0,0,0.0,0.0,0.0,501.0,1,0,True,False,False,False,True,False,False,True,False,False,False,False,False,False,False,False,False,False,False,False,True,False,False,False,False,False,False,True,False,False,True,False,False,False,1
99,0,999999.0,725.0,13920.0,1,1,1,1,0,0,0,0,0,0,1,2,3,1,0,1,28,28,0,70,1,0,2,0,0,0,6960.0,0.0,0.0,0,6960.0,0.0,0.0,144.0,1,0,True,False,False,False,True,False,False,True,False,False,False,False,False,False,False,False,False,False,False,False,True,False,False,False,False,False,False,True,False,False,True,False,False,False,1
99,0,999999.0,1.0,20000.0,6,0,0,0,0,0,0,0,0,0,0,0,1,0,0,3,99,99,0,7,1,1,1,1,0,0,0.0,999999.0,999999.0,999999,99999.0,99999.0,99999.0,1.0,1,0,True,False,False,False,True,False,False,True,False,False,False,False,False,True,False,False,False,False,False,False,False,False,True,False,False,False,False,False,False,False,False,True,False,False,1
99,1,112500.0,0.0,2642.0,1,1,0,0,0,0,0,0,0,0,1,1,2,0,0,1,99,99,0,71,0,0,4,0,0,0,0.0,0.0,0.0,0,0.0,0.0,0.0,35.0,0,0,True,False,False,False,True,False,False,True,False,False,False,False,False,False,False,False,False,False,False,False,True,False,True,False,False,False,False,False,False,False,True,False,False,False,1
99,0,999999.0,1000.0,30000.0,2,0,0,0,0,0,0,0,0,0,0,0,1,0,0,2,99,99,0,35,1,0,8,0,35,62,45000.0,0.0,45000.0,0,0.0,0.0,0.0,501.0,1,0,True,False,False,False,True,False,False,True,False,False,False,False,False,False,False,False,False,True,False,False,False,False,False,False,False,False,False,True,False,False,False,True,False,False,1
99,0,999999.0,625.0,38400.0,1,1,1,1,0,0,0,0,0,0,2,2,5,2,1,1,8,3,0,29,0,0,7,0,35,66,14400.0,14400.0,0.0,0,0.0,0.0,0.0,253.0,1,1,True,False,False,False,True,False,False,True,False,False,False,True,False,False,False,False,False,False,False,False,False,False,True,False,False,False,False,False,False,False,True,False,False,False,1
99,1,112500.0,0.0,49699.0,1,1,0,0,0,0,0,0,0,0,1,1,2,0,0,1,99,99,0,57,0,0,6,0,21,66,38479.0,38479.0,0.0,0,0.0,0.0,0.0,501.0,0,0,True,False,False,False,True,False,False,True,False,False,False,False,False,False,False,False,False,False,False,False,True,False,False,False,False,False,False,True,False,False,True,False,False,False,1
99,0,999999.0,162.0,0.0,1,0,0,0,0,0,0,0,0,0,0,0,1,0,0,1,99,99,0,56,1,0,0,0,17,11,0.0,0.0,0.0,0,0.0,0.0,0.0,1.0,0,7,True,False,False,False,True,False,False,True,False,False,False,True,False,False,False,False,False,False,False,False,False,False,False,False,False,False,False,True,True,False,False,False,False,False,1
99,1,95000.0,0.0,0.0,1,0,1,0,0,0,0,0,0,0,0,0,2,1,0,1,25,25,0,43,0,0,6,0,0,0,0.0,0.0,0.0,0,0.0,0.0,0.0,1.0,0,6,True,False,False,False,True,False,False,True,False,False,False,True,False,False,False,False,False,False,False,False,False,False,True,False,False,False,False,False,False,False,False,True,False,False,1
99,0,999999.0,875.0,23112.0,2,0,3,0,0,0,0,0,0,0,0,0,1,0,0,2,99,99,0,31,1,0,2,0,35,49,10000.0,10000.0,0.0,0,0.0,0.0,0.0,155.0,1,0,True,False,False,False,True,False,False,True,False,False,False,False,False,False,False,False,False,True,False,False,False,False,False,False,False,False,False,True,True,False,False,False,False,False,1
99,1,187500.0,0.0,40800.0,1,1,0,0,0,0,0,0,0,0,2,1,2,0,0,1,99,99,0,53,1,0,8,0,46,84,40800.0,0.0,15500.0,0,0.0,0.0,0.0,491.0,0,7,True,False,False,False,True,False,False,True,False,False,False,True,False,False,False,False,False,False,False,False,False,False,False,False,False,False,False,True,False,False,True,False,False,False,0
99,0,999999.0,262.0,24000.0,1,0,0,0,0,0,0,0,0,0,0,0,1,0,0,1,99,99,0,48,1,0,6,0,17,13,24000.0,24000.0,0.0,0,0.0,0.0,0.0,372.0,0,6,True,False,False,False,True,False,False,True,False,False,False,True,False,False,False,False,False,False,False,False,False,False,False,False,False,False,False,True,True,False,False,False,False,False,0
99,0,999999.0,875.0,60000.0,1,0,1,0,0,0,0,0,0,0,0,0,2,1,0,1,27,27,0,46,0,0,7,0,34,49,43000.0,43000.0,0.0,0,0.0,0.0,0.0,501.0,1,0,True,False,False,False,True,False,False,True,False,False,False,False,False,False,False,True,False,False,False,False,False,False,True,False,False,False,False,False,True,False,False,False,False,False,1
99,1,137500.0,0.0,49000.0,1,1,1,1,0,0,0,0,0,0,1,1,4,2,0,1,12,9,0,39,0,0,7,0,38,68,20000.0,20000.0,0.0,0,0.0,0.0,0.0,390.0,0,0,True,False,False,False,True,False,False,True,False,False,False,False,False,False,False,False,False,False,False,False,True,False,True,False,False,False,False,False,False,False,True,False,False,False,1
99,0,999999.0,0.0,999999.0,1,0,0,0,0,0,0,0,0,0,0,0,1,0,0,1,99,99,0,70,0,0,3,0,0,0,0.0,0.0,0.0,0,0.0,0.0,0.0,0.0,1,0,False,True,False,True,False,False,False,True,False,False,False,False,True,False,False,False,False,False,False,False,False,False,False,False,False,False,False,True,False,True,False,False,False,False,1
99,0,999999.0,875.0,84000.0,1,1,0,0,0,0,0,0,0,0,2,1,2,0,0,1,99,99,0,44,1,0,7,0,41,72,54000.0,54000.0,0.0,0,0.0,0.0,0.0,501.0,1,1,True,False,False,False,True,False,False,True,False,False,False,True,False,False,False,False,False,False,False,False,False,False,False,False,False,False,False,True,False,False,True,False,False,False,1
99,1,350000.0,0.0,19600.0,1,1,0,0,0,0,0,0,0,0,1,1,2,0,0,1,99,99,0,61,0,0,6,0,0,0,3600.0,0.0,0.0,0,3600.0,0.0,0.0,236.0,0,0,True,False,False,False,True,False,False,True,False,False,False,False,False,False,False,False,False,False,False,False,True,False,False,False,False,False,False,True,False,False,True,False,False,False,1
99,1,77500.0,0.0,45000.0,1,0,0,0,0,0,0,0,0,0,0,0,1,0,0,1,99,99,0,29,0,0,7,0,19,46,45000.0,45000.0,0.0,0,0.0,0.0,0.0,501.0,1,1,True,False,False,False,True,False,False,True,False,False,False,True,False,False,False,False,False,False,False,False,False,False,False,False,False,False,False,True,False,False,False,True,False,False,1
99,1,400000.0,0.0,294516.0,1,1,0,0,0,0,0,0,0,0,1,2,2,0,0,1,99,99,0,45,1,0,7,0,41,68,96000.0,96000.0,0.0,0,0.0,0.0,0.0,501.0,0,0,True,False,False,False,True,False,False,True,False,False,False,False,False,False,False,False,False,False,False,False,True,False,False,False,False,False,False,True,False,False,True,False,False,False,1
99,1,112500.0,0.0,59000.0,2,1,1,1,2,0,1,1,0,1,0,0,9,0,0,1,99,99,1,4,1,0,0,0,0,0,0.0,999999.0,999999.0,999999,99999.0,99999.0,99999.0,219.0,1,0,True,False,False,False,True,False,False,True,True,False,False,False,False,False,False,False,False,False,False,False,False,False,False,False,False,False,False,True,False,False,False,True,False,False,1
99,1,350000.0,0.0,46234.0,1,1,0,0,0,0,0,0,0,0,2,1,2,0,0,1,99,99,0,67,1,0,6,0,30,27,37534.0,0.0,6000.0,0,10584.0,0.0,0.0,501.0,0,7,True,False,False,False,True,False,False,True,False,False,False,True,False,False,False,False,False,False,False,False,False,False,False,False,False,False,False,True,False,False,True,False,False,False,1
99,0,999999.0,875.0,0.0,1,0,1,0,0,0,0,0,0,0,0,0,2,1,0,1,6,6,0,26,0,1,7,1,22,61,0.0,0.0,0.0,0,0.0,0.0,0.0,1.0,1,1,True,False,False,False,True,False,False,True,False,False,False,True,False,False,False,False,False,False,False,False,False,False,True,False,False,False,False,False,False,False,False,False,True,False,1
99,0,999999.0,187.0,57671.0,1,1,1,1,2,7,1,1,0,1,0,0,5,0,0,1,99,99,2,19,1,1,6,1,18,44,1086.0,725.0,0.0,0,0.0,0.0,301.0,369.0,0,0,True,False,False,False,True,False,False,True,True,False,False,False,False,False,False,False,False,False,False,False,False,False,False,False,False,False,False,True,False,False,False,True,False,False,1
99,1,275000.0,0.0,27144.0,1,1,0,0,0,0,0,0,0,0,1,1,2,0,0,1,99,99,0,72,0,0,7,0,0,0,4200.0,0.0,0.0,0,4200.0,0.0,0.0,362.0,0,0,True,False,False,False,True,False,False,True,False,False,False,False,False,False,False,False,False,False,False,False,True,False,False,False,False,False,False,True,False,False,True,False,False,False,1
99,1,162500.0,0.0,37000.0,1,1,1,1,0,0,0,0,0,0,1,1,4,2,1,1,6,1,0,26,0,0,6,0,18,44,0.0,0.0,0.0,0,0.0,0.0,0.0,294.0,1,0,True,False,False,False,True,False,False,True,False,False,False,False,False,False,False,False,False,False,False,False,True,False,False,False,False,False,False,True,False,False,True,False,False,False,1
99,0,999999.0,725.0,40000.0,1,1,1,1,0,0,0,0,0,0,2,1,4,2,1,1,7,4,0,24,1,0,6,0,23,18,30000.0,30000.0,0.0,0,0.0,0.0,0.0,318.0,1,1,True,False,False,False,True,False,False,True,False,False,False,True,False,False,False,False,False,False,False,False,False,False,False,False,False,False,False,True,False,False,True,False,False,False,1
99,1,225000.0,0.0,58000.0,1,1,1,1,2,0,1,1,0,1,0,0,3,0,0,1,99,99,0,18,1,1,7,1,27,27,4000.0,4000.0,0.0,0,0.0,0.0,0.0,501.0,0,0,True,False,False,False,True,False,False,True,True,False,False,False,False,False,False,False,False,False,False,False,False,False,False,False,False,False,False,True,False,False,False,True,False,False,1
99,1,225000.0,0.0,91447.0,1,1,1,1,0,0,0,0,0,0,2,1,4,2,0,1,20,12,0,45,1,0,7,0,41,68,39491.0,39491.0,0.0,0,0.0,0.0,0.0,501.0,0,2,True,False,False,False,True,False,False,True,False,False,False,True,False,False,False,False,False,False,False,False,False,False,True,False,False,False,False,False,False,False,True,False,False,False,1
99,1,137500.0,0.0,49600.0,1,2,2,2,7,0,1,6,0,1,2,2,7,3,1,1,12,2,0,33,0,0,6,0,30,24,28000.0,28000.0,0.0,0,0.0,0.0,0.0,251.0,1,2,True,False,False,False,True,False,False,True,False,False,False,True,False,False,False,False,False,False,False,False,False,False,False,False,False,False,False,True,False,False,True,False,False,False,1
99,1,350000.0,0.0,181115.0,1,1,0,0,0,0,0,0,0,0,1,2,2,0,0,1,99,99,0,32,1,0,8,0,63,96,123815.0,0.0,123515.0,0,0.0,0.0,0.0,501.0,1,0,True,False,False,False,True,False,False,True,False,False,False,False,False,False,False,False,False,False,False,False,True,False,False,False,False,False,False,True,False,False,True,False,False,False,1
99,1,275000.0,0.0,41200.0,1,1,1,1,0,0,0,0,0,0,2,1,3,1,1,1,3,3,0,26,1,0,7,0,41,68,40000.0,40000.0,0.0,0,0.0,0.0,0.0,413.0,1,1,True,False,False,False,True,False,False,True,False,False,False,True,False,False,False,False,False,False,False,False,False,False,False,False,False,False,False,True,False,False,True,False,False,False,1
99,0,999999.0,625.0,22584.0,1,0,1,0,1,0,1,0,0,0,0,0,2,0,0,1,99,99,0,27,0,1,7,1,0,0,7512.0,0.0,0.0,0,4536.0,0.0,2976.0,272.0,1,0,True,False,False,False,True,False,False,True,True,False,False,False,False,False,False,False,False,False,False,False,False,True,False,False,False,False,False,False,False,False,False,True,False,False,1
99,1,95000.0,0.0,67111.0,1,0,2,0,0,0,0,0,0,0,0,0,5,2,0,1,27,26,0,47,0,0,6,0,24,44,21465.0,12695.0,0.0,0,0.0,0.0,0.0,429.0,0,6,True,False,False,False,True,False,False,True,False,False,False,True,False,False,False,False,False,False,False,False,False,False,True,False,False,False,False,False,True,False,False,False,False,False,1
99,0,999999.0,575.0,27876.0,1,0,0,0,0,0,0,0,0,0,0,0,1,0,0,1,99,99,0,76,0,0,7,0,25,44,27876.0,2354.0,0.0,0,11375.0,0.0,0.0,469.0,0,5,True,False,False,False,True,False,False,True,False,False,False,True,False,False,False,False,False,False,False,False,False,False,False,False,False,False,False,True,False,False,False,False,False,True,1
99,1,112500.0,0.0,55000.0,1,1,2,1,0,0,0,0,0,0,1,1,5,1,0,1,30,30,0,52,0,0,2,0,0,0,0.0,0.0,0.0,0,0.0,0.0,0.0,363.0,0,0,True,False,False,False,True,False,False,True,False,False,False,False,False,False,False,False,False,False,False,False,True,False,False,False,False,False,False,True,False,False,True,False,False,False,1
99,0,999999.0,875.0,20000.0,2,0,0,0,0,0,0,0,0,0,0,0,1,0,0,2,99,99,0,35,1,0,7,0,35,50,47512.0,47462.0,0.0,0,0.0,0.0,0.0,501.0,1,0,True,False,False,False,True,False,False,True,False,False,False,False,False,False,False,False,False,True,False,False,False,False,False,False,False,False,False,True,True,False,False,False,False,False,1
99,1,400000.0,0.0,78863.0,1,1,0,0,0,0,0,0,0,0,1,1,2,0,0,1,99,99,0,46,0,0,8,0,41,68,26082.0,20778.0,0.0,0,0.0,0.0,0.0,501.0,0,0,True,False,False,False,True,False,False,True,False,False,False,False,False,False,False,False,False,False,False,False,True,False,False,False,False,False,False,True,False,False,True,False,False,False,1
99,0,999999.0,875.0,53132.0,2,0,0,0,0,0,0,0,0,0,0,0,1,0,0,1,99,99,0,64,0,0,8,0,46,84,53132.0,51486.0,0.0,0,0.0,0.0,0.0,501.0,0,5,True,False,False,False,True,False,False,True,False,False,False,True,False,False,False,False,False,False,False,False,False,False,False,False,False,False,False,True,True,False,False,False,False,False,1
99,0,999999.0,625.0,14000.0,1,1,1,1,0,0,0,0,0,0,1,1,5,3,1,1,9,1,0,35,0,0,2,0,0,0,0.0,0.0,0.0,0,0.0,0.0,0.0,95.0,1,0,True,False,False,False,True,False,False,True,False,False,False,False,False,False,False,False,False,False,False,False,True,False,False,False,False,False,False,True,False,False,True,False,False,False,1
99,0,999999.0,412.0,15680.0,1,0,1,0,0,0,0,0,0,0,0,0,8,1,0,1,39,39,0,68,0,0,0,0,22,18,8060.0,8000.0,0.0,0,0.0,0.0,0.0,74.0,0,0,True,False,False,False,True,False,False,True,False,False,False,False,False,False,False,True,False,False,False,False,False,False,False,False,False,True,False,False,False,False,False,False,False,True,1
99,0,999999.0,875.0,32000.0,1,1,1,1,0,0,0,0,0,0,2,1,6,4,0,1,17,9,0,39,1,1,7,1,20,8,12000.0,12000.0,0.0,0,0.0,0.0,0.0,193.0,1,6,True,False,False,False,True,False,False,True,False,False,False,True,False,False,False,False,False,False,False,False,False,False,False,False,False,False,False,True,False,False,True,False,False,False,1
99,0,999999.0,875.0,17670.0,1,1,0,0,0,0,0,0,0,0,1,1,2,0,0,1,99,99,0,22,0,1,7,1,9,6,7000.0,7000.0,0.0,0,0.0,0.0,0.0,213.0,1,0,True,False,False,False,True,False,False,True,False,False,False,False,False,False,False,False,False,False,False,False,True,False,False,False,False,False,False,True,False,False,True,False,False,False,1
99,0,999999.0,625.0,17900.0,1,1,1,1,0,0,0,0,0,0,1,1,3,1,0,1,22,22,0,51,0,0,6,0,35,52,14400.0,14400.0,0.0,0,0.0,0.0,0.0,185.0,1,0,True,False,False,False,True,False,False,True,False,False,False,False,False,False,False,False,False,False,False,False,True,False,False,False,True,False,False,False,False,False,True,False,False,False,0
99,1,225000.0,0.0,3400.0,1,1,0,0,0,0,0,0,0,0,2,1,2,0,0,1,99,99,0,77,1,0,6,0,0,0,1700.0,0.0,0.0,0,0.0,1700.0,0.0,45.0,0,7,True,False,False,False,True,False,False,True,False,False,False,True,False,False,False,False,False,False,False,False,False,False,False,False,False,False,False,True,False,False,True,False,False,False,1
99,0,999999.0,512.0,13800.0,2,0,0,1,0,0,0,0,0,0,0,0,2,1,1,1,1,1,0,44,1,0,6,0,25,18,13800.0,13800.0,0.0,0,0.0,0.0,0.0,161.0,1,1,True,False,False,False,True,False,False,True,False,False,False,True,False,False,False,False,False,False,False,False,False,False,False,False,False,False,False,True,False,False,False,True,False,False,1
99,1,275000.0,0.0,100000.0,1,1,1,1,1,0,1,2,0,1,0,0,4,0,0,1,99,99,1,1,1,0,7,0,0,0,0.0,999999.0,999999.0,999999,99999.0,99999.0,99999.0,501.0,1,0,True,False,False,False,True,False,False,True,True,False,False,False,False,False,False,False,False,False,False,False,False,False,False,False,False,False,False,True,False,False,False,True,False,False,1
99,0,999999.0,487.0,14298.0,2,1,1,1,1,0,1,2,0,1,0,0,6,0,0,1,99,99,3,17,1,1,5,1,0,0,0.0,0.0,0.0,0,0.0,0.0,0.0,82.0,1,0,True,False,False,False,True,False,False,True,True,False,False,False,False,False,False,False,False,False,False,False,False,False,False,False,False,False,False,True,False,False,False,True,False,False,1
99,0,999999.0,625.0,64000.0,1,1,1,1,2,0,1,1,0,1,0,0,5,0,0,1,99,99,1,4,1,1,0,2,0,0,0.0,999999.0,999999.0,999999,99999.0,99999.0,99999.0,422.0,1,0,True,False,False,False,True,False,False,True,True,False,False,False,False,False,False,False,False,False,False,False,False,False,False,False,False,True,False,False,False,False,False,True,False,False,1
99,0,999999.0,725.0,50360.0,1,1,1,1,0,0,0,0,0,0,0,0,8,0,0,1,99,99,0,22,1,0,2,0,20,9,13000.0,13000.0,0.0,0,0.0,0.0,0.0,223.0,1,0,True,False,False,False,True,False,False,True,False,False,False,False,False,False,True,False,False,False,False,False,False,False,False,False,False,False,False,True,False,False,False,True,False,False,1
99,0,999999.0,875.0,27960.0,1,1,1,1,0,0,0,0,0,0,2,1,3,1,0,1,8,8,0,35,1,0,8,0,41,68,27960.0,27960.0,0.0,0,0.0,0.0,0.0,280.0,1,1,True,False,False,False,True,False,False,True,False,False,False,True,False,False,False,False,False,False,False,False,False,False,False,False,False,True,False,False,False,False,True,False,False,False,1
99,0,999999.0,0.0,999999.0,1,0,0,0,0,0,0,0,0,0,0,0,1,0,0,1,99,99,0,83,0,0,2,0,0,0,0.0,0.0,0.0,0,0.0,0.0,0.0,0.0,1,0,False,True,False,True,False,False,False,True,False,False,False,False,True,False,False,False,False,False,False,False,False,False,False,False,False,False,False,True,False,False,False,False,False,True,1
99,0,999999.0,575.0,26084.0,1,1,1,1,0,0,0,0,0,0,1,1,5,3,0,1,9,5,0,30,0,0,1,0,13,10,10000.0,10000.0,0.0,0,0.0,0.0,0.0,176.0,1,0,True,False,False,False,True,False,False,True,False,False,False,False,False,False,False,False,False,False,False,False,True,False,False,False,False,False,False,True,False,False,True,False,False,False,0
99,0,999999.0,625.0,14000.0,1,0,0,0,0,0,0,0,0,0,0,0,1,0,0,1,99,99,0,20,0,1,7,1,14,26,14000.0,14000.0,0.0,0,0.0,0.0,0.0,217.0,1,1,True,False,False,False,True,False,False,True,False,False,False,True,False,False,False,False,False,False,False,False,False,False,True,False,False,False,False,False,False,False,False,True,False,False,1
99,0,999999.0,625.0,44000.0,1,1,1,1,0,0,0,0,0,0,0,0,5,0,0,1,99,99,1,22,0,0,6,0,37,78,6000.0,6000.0,0.0,0,0.0,0.0,0.0,290.0,0,0,True,False,False,False,True,False,False,True,False,False,False,False,False,False,False,False,False,False,True,False,False,False,False,False,False,False,False,True,False,False,False,True,False,False,1
99,1,162500.0,0.0,49500.0,1,1,2,1,2,0,1,1,0,1,0,0,6,0,0,1,99,99,1,7,1,1,1,1,0,0,0.0,999999.0,999999.0,999999,99999.0,99999.0,99999.0,284.0,1,0,True,False,False,False,True,False,False,True,True,False,False,False,False,False,False,False,False,False,False,False,False,False,False,False,False,False,False,True,False,False,False,True,False,False,1
99,0,999999.0,725.0,13000.0,1,1,0,0,0,0,0,0,0,0,1,1,2,0,0,1,99,99,0,43,0,0,7,0,0,0,0.0,0.0,0.0,0,0.0,0.0,0.0,157.0,1,0,True,False,False,False,True,False,False,True,False,False,False,False,False,False,False,False,False,False,False,False,True,False,False,False,False,False,False,True,False,False,True,False,False,False,1
99,0,999999.0,875.0,70000.0,1,0,1,1,0,0,0,0,0,0,0,0,4,1,0,1,28,28,0,56,1,1,2,1,25,18,15000.0,15000.0,0.0,0,0.0,0.0,0.0,501.0,1,0,True,False,False,False,True,False,False,True,False,False,False,False,False,False,False,True,False,False,False,False,False,False,True,False,False,False,False,False,True,False,False,False,False,False,0
99,1,275000.0,0.0,70000.0,1,1,0,0,0,0,0,0,0,0,1,2,2,0,0,1,99,99,0,32,1,0,8,0,27,50,35000.0,0.0,35000.0,0,0.0,0.0,0.0,501.0,1,0,True,False,False,False,True,False,False,True,False,False,False,False,False,False,False,False,False,False,False,False,True,False,False,False,False,False,False,True,False,False,True,False,False,False,1
99,1,162500.0,0.0,95000.0,1,1,0,0,0,0,0,0,0,0,1,2,2,0,0,1,99,99,0,32,1,0,8,0,42,84,50000.0,50000.0,0.0,0,0.0,0.0,0.0,501.0,1,0,True,False,False,False,True,False,False,True,False,False,False,False,False,False,False,False,False,False,False,False,True,False,False,False,False,False,False,True,False,False,True,False,False,False,1
99,0,999999.0,625.0,17000.0,1,1,0,0,0,0,0,0,0,0,2,1,2,0,0,1,99,99,0,30,1,0,6,0,25,18,8000.0,8000.0,0.0,0,0.0,0.0,0.0,205.0,1,2,True,False,False,False,True,False,False,True,False,False,False,True,False,False,False,False,False,False,False,False,False,False,True,False,False,False,False,False,False,False,True,False,False,False,1
99,1,187500.0,0.0,30088.0,1,0,1,0,0,0,0,0,0,0,0,0,3,2,0,1,57,49,0,79,0,0,6,0,0,0,6888.0,0.0,0.0,0,6888.0,0.0,0.0,310.0,0,6,True,False,False,False,True,False,False,True,False,False,False,True,False,False,False,False,False,False,False,False,False,False,False,False,False,False,False,True,False,False,False,False,False,True,1
99,1,162500.0,0.0,80800.0,2,1,0,0,0,0,0,0,0,0,0,0,1,0,0,2,99,99,0,88,0,0,0,0,0,0,4220.0,0.0,0.0,0,3600.0,0.0,0.0,71.0,0,0,True,False,False,False,True,False,False,True,False,False,False,False,False,True,False,False,False,False,False,False,False,False,False,False,True,False,False,False,False,False,False,True,False,False,1
99,0,999999.0,875.0,23000.0,2,0,0,0,0,0,0,0,0,0,0,0,1,0,0,1,99,99,0,48,1,0,7,0,17,11,23000.0,14000.0,9000.0,0,0.0,0.0,0.0,357.0,1,2,True,False,False,False,True,False,False,True,False,False,False,True,False,False,False,False,False,False,False,False,False,False,False,False,True,False,False,False,True,False,False,False,False,False,1
99,1,350000.0,0.0,71603.0,2,0,0,0,0,0,0,0,0,0,0,0,1,0,0,2,99,99,0,34,0,1,8,1,24,47,200.0,200.0,0.0,0,0.0,0.0,0.0,3.0,1,0,True,False,False,False,True,False,False,True,False,False,False,False,False,True,False,False,False,False,False,False,False,False,False,False,False,False,False,True,False,False,False,True,False,False,1
99,1,400000.0,0.0,202516.0,1,1,1,1,2,0,1,1,0,1,0,0,4,0,0,1,99,99,1,14,0,1,2,1,0,0,0.0,999999.0,999999.0,999999,99999.0,99999.0,99999.0,501.0,0,0,True,False,False,False,True,False,False,True,True,False,False,False,False,False,False,False,False,False,False,False,False,False,False,False,True,False,False,False,False,False,False,True,False,False,1
99,0,999999.0,675.0,0.0,1,0,0,0,0,0,0,0,0,0,0,0,1,0,0,1,99,99,0,43,1,0,8,0,41,68,0.0,0.0,0.0,0,0.0,0.0,0.0,1.0,1,1,True,False,False,False,True,False,False,True,False,False,False,True,False,False,False,False,False,False,False,False,False,False,False,True,False,False,False,False,False,True,False,False,False,False,1
99,1,400000.0,0.0,256334.0,1,1,1,1,2,0,1,1,0,1,0,0,4,0,0,1,99,99,1,16,0,1,3,1,22,18,818.0,818.0,0.0,0,0.0,0.0,0.0,501.0,0,0,True,False,False,False,True,False,False,True,True,False,False,False,False,False,False,False,False,False,False,False,False,False,False,False,False,False,False,True,False,False,False,True,False,False,1
99,1,137500.0,0.0,36000.0,1,1,0,0,0,0,0,0,0,0,0,0,3,0,0,1,99,99,0,10,0,1,2,1,0,0,0.0,999999.0,999999.0,999999,99999.0,99999.0,99999.0,361.0,0,0,True,False,False,False,True,False,False,True,False,False,True,False,False,False,False,False,False,False,False,False,False,False,False,False,False,False,False,True,False,False,False,True,False,False,1
99,0,999999.0,575.0,3542.0,2,0,0,0,0,0,0,0,0,0,0,0,1,0,0,1,99,99,0,77,0,0,6,0,0,0,3542.0,0.0,0.0,0,1544.0,1998.0,0.0,60.0,1,1,True,False,False,False,True,False,False,True,False,False,False,True,False,False,False,False,False,False,False,False,False,False,True,False,False,False,False,False,True,False,False,False,False,False,1
99,1,225000.0,0.0,27594.0,5,3,1,1,0,0,0,0,0,0,7,4,2,0,0,3,99,99,0,26,1,0,6,0,24,47,14000.0,14000.0,0.0,0,0.0,0.0,0.0,349.0,1,0,True,False,False,False,True,False,False,True,False,False,False,False,False,True,False,False,False,False,False,False,False,False,False,True,False,False,False,False,False,False,True,False,False,False,1
99,0,999999.0,0.0,999999.0,1,0,0,0,0,0,0,0,0,0,0,0,1,0,0,1,99,99,0,40,1,0,7,0,24,19,20000.0,0.0,20000.0,0,0.0,0.0,0.0,0.0,1,0,False,False,True,False,False,True,False,True,False,False,False,False,False,True,False,False,False,False,False,False,False,False,False,False,False,False,False,True,False,True,False,False,False,False,1
99,1,77500.0,0.0,40163.0,1,1,1,1,0,0,0,0,0,0,2,1,3,1,0,1,30,30,0,61,1,0,7,0,29,22,23163.0,17849.0,0.0,0,0.0,0.0,0.0,414.0,0,7,True,False,False,False,True,False,False,True,False,False,False,True,False,False,False,False,False,False,False,False,False,False,True,False,False,False,False,False,False,False,True,False,False,False,1
99,1,112500.0,0.0,48000.0,3,1,2,1,0,0,0,0,0,0,0,0,9,0,0,1,99,99,0,24,1,0,2,0,22,18,13000.0,13000.0,0.0,0,0.0,0.0,0.0,187.0,1,0,True,False,False,False,True,False,False,True,False,False,False,False,False,False,True,False,False,False,False,False,False,False,False,False,False,False,False,True,False,True,False,False,False,False,1
99,0,999999.0,875.0,22000.0,2,0,0,0,0,0,0,0,0,0,0,0,1,0,0,1,99,99,0,32,1,0,7,0,24,47,22000.0,22000.0,0.0,0,0.0,0.0,0.0,341.0,1,2,True,False,False,False,True,False,False,True,False,False,False,True,False,False,False,False,False,False,False,False,False,False,False,False,False,False,False,True,False,False,False,False,True,False,1
99,0,999999.0,337.0,63000.0,1,0,0,0,0,0,0,0,0,0,0,0,1,0,0,1,99,99,0,71,1,0,7,0,36,50,63000.0,42000.0,0.0,0,12000.0,0.0,0.0,501.0,0,7,True,False,False,False,True,False,False,True,False,False,False,True,False,False,False,False,False,False,False,False,False,False,False,False,False,False,False,True,True,False,False,False,False,False,1
99,0,999999.0,412.0,26816.0,2,1,1,1,2,0,1,1,0,1,0,0,6,0,0,1,99,99,3,14,0,1,3,1,0,0,0.0,999999.0,999999.0,999999,99999.0,99999.0,99999.0,162.0,1,0,True,False,False,False,True,False,False,True,True,False,False,False,False,False,False,False,False,False,False,False,False,False,False,False,False,False,False,True,False,False,False,True,False,False,1
99,1,275000.0,0.0,44000.0,1,1,1,1,2,0,1,1,0,1,0,0,5,0,0,1,99,99,2,4,0,0,0,0,0,0,0.0,999999.0,999999.0,999999,99999.0,99999.0,99999.0,297.0,1,0,True,False,False,False,True,False,False,True,True,False,False,False,False,False,False,False,False,False,False,False,False,False,False,False,False,False,False,True,False,False,False,True,False,False,1
99,0,999999.0,362.0,51450.0,5,0,1,0,0,0,0,0,0,0,0,0,1,0,0,4,99,99,0,19,0,0,3,0,16,15,13000.0,13000.0,0.0,0,0.0,0.0,0.0,202.0,1,0,True,False,False,False,True,False,False,True,False,False,False,False,False,False,False,False,False,True,False,False,False,False,False,False,False,False,False,True,False,False,False,True,False,False,0
99,0,999999.0,412.0,28000.0,1,1,1,1,0,0,0,0,0,0,2,1,4,2,2,1,4,2,0,28,1,0,2,0,20,8,14000.0,14000.0,0.0,0,0.0,0.0,0.0,223.0,1,5,True,False,False,False,True,False,False,True,False,False,False,True,False,False,False,False,False,False,False,False,False,False,False,False,False,False,False,True,False,False,True,False,False,False,1
99,1,162500.0,0.0,42877.0,1,0,0,0,0,0,0,0,0,0,0,0,3,0,0,1,99,99,2,19,0,1,5,1,22,61,2320.0,800.0,0.0,0,0.0,0.0,1500.0,442.0,1,0,True,False,False,False,True,False,False,True,False,False,False,False,False,False,False,False,False,False,True,False,False,False,False,False,False,True,False,False,False,False,False,True,False,False,1
99,0,999999.0,512.0,22800.0,2,0,1,0,0,0,0,0,0,0,0,0,1,0,0,2,99,99,0,31,0,0,1,0,6,7,2400.0,2400.0,0.0,0,0.0,0.0,0.0,37.0,1,0,True,False,False,False,True,False,False,True,False,False,False,False,False,True,False,False,False,False,False,False,False,False,False,False,False,False,False,True,False,False,False,True,False,False,0
99,1,225000.0,0.0,53820.0,1,0,1,0,1,7,1,0,0,0,0,0,3,0,0,1,99,99,1,21,1,1,7,1,24,47,4500.0,4500.0,0.0,0,0.0,0.0,0.0,501.0,0,0,True,False,False,False,True,False,False,True,True,False,False,False,False,False,False,False,False,False,False,False,False,False,False,False,False,False,False,True,False,False,False,True,False,False,1
99,1,400000.0,0.0,195516.0,1,0,0,1,0,0,0,1,0,1,0,0,2,0,0,1,99,99,0,4,0,1,0,2,0,0,0.0,999999.0,999999.0,999999,99999.0,99999.0,99999.0,501.0,1,0,True,False,False,False,True,False,False,True,True,False,False,False,False,False,False,False,False,False,False,False,False,False,True,False,False,False,False,False,False,False,False,True,False,False,1
99,1,137500.0,0.0,77525.0,1,1,2,1,1,0,1,0,0,0,0,0,5,0,0,1,99,99,1,27,0,0,8,0,35,63,24939.0,24910.0,0.0,0,0.0,0.0,0.0,495.0,1,0,True,False,False,False,True,False,False,True,True,False,False,False,False,False,False,False,False,False,False,False,False,False,False,False,False,False,False,True,False,False,False,True,False,False,1
99,1,225000.0,0.0,44000.0,2,2,1,1,2,0,1,1,0,1,0,0,8,0,0,1,99,99,5,9,0,1,1,1,0,0,0.0,999999.0,999999.0,999999,99999.0,99999.0,99999.0,216.0,0,0,True,False,False,False,True,False,False,True,True,False,False,False,False,False,False,False,False,False,False,False,False,False,False,False,False,False,False,True,False,False,False,True,False,False,1
99,0,999999.0,112.0,7800.0,1,0,0,0,0,0,0,0,0,0,0,0,4,0,0,1,99,99,0,48,0,0,7,0,0,0,7800.0,0.0,0.0,0,5760.0,2040.0,0.0,62.0,0,7,True,False,False,False,True,False,False,True,False,False,False,True,False,False,False,False,False,False,False,False,False,False,False,False,False,False,False,True,False,True,False,False,False,False,1
99,0,999999.0,412.0,10298.0,1,0,1,0,1,0,1,0,0,0,0,0,3,0,0,1,99,99,1,10,1,1,1,1,0,0,0.0,999999.0,999999.0,999999,99999.0,99999.0,99999.0,103.0,1,0,True,False,False,False,True,False,False,True,True,False,False,False,False,False,False,False,False,False,False,False,False,False,False,False,False,False,False,True,False,False,False,True,False,False,1
99,0,999999.0,412.0,8376.0,1,1,1,1,2,0,1,1,0,1,0,0,6,0,0,1,99,99,3,14,1,1,2,1,0,0,0.0,999999.0,999999.0,999999,99999.0,99999.0,99999.0,51.0,0,0,True,False,False,False,True,False,False,True,True,False,False,False,False,False,False,False,False,False,False,False,False,False,False,False,False,False,False,True,False,False,False,True,False,False,1
99,1,187500.0,0.0,74677.0,1,2,2,2,2,0,1,1,0,1,0,0,7,0,0,1,99,99,2,32,1,0,6,0,20,8,24000.0,24000.0,0.0,0,0.0,0.0,0.0,364.0,0,0,True,False,False,False,True,False,False,True,True,False,False,False,False,False,False,False,False,False,False,False,False,False,False,False,False,False,False,True,False,False,False,True,False,False,1
99,1,85000.0,0.0,54989.0,1,1,0,0,0,0,0,0,0,0,2,1,2,0,0,1,99,99,0,51,1,0,7,0,23,18,30989.0,30602.0,0.0,0,0.0,0.0,0.0,501.0,0,2,True,False,False,False,True,False,False,True,False,False,False,True,False,False,False,False,False,False,False,False,False,False,False,False,False,False,False,True,False,False,True,False,False,False,0
99,0,999999.0,675.0,36800.0,2,0,0,1,0,0,0,0,0,0,0,0,1,0,0,2,99,99,0,26,0,0,1,0,14,26,6000.0,0.0,6000.0,0,0.0,0.0,0.0,93.0,1,0,True,False,False,False,True,False,False,True,False,False,False,False,False,True,False,False,False,False,False,False,False,False,False,False,False,False,False,True,False,False,False,True,False,False,0
99,1,187500.0,0.0,61321.0,1,1,1,1,0,0,0,0,0,0,2,1,4,2,0,1,20,19,0,49,1,0,8,0,35,46,36000.0,35000.0,0.0,0,0.0,0.0,0.0,479.0,1,6,True,False,False,False,True,False,False,True,False,False,False,True,False,False,False,False,False,False,False,False,False,False,False,False,False,True,False,False,False,False,True,False,False,False,1
99,0,999999.0,387.0,31000.0,1,0,0,0,0,0,0,0,0,0,0,0,3,0,0,1,99,99,0,18,1,0,3,0,0,0,0.0,0.0,0.0,0,0.0,0.0,0.0,320.0,0,0,True,False,False,False,True,False,False,True,False,False,False,False,False,False,True,False,False,False,False,False,False,False,False,False,False,False,False,True,False,False,False,True,False,False,1
99,1,350000.0,0.0,62900.0,1,1,1,1,2,0,1,1,0,1,0,0,4,0,0,1,99,99,1,7,1,1,1,1,0,0,0.0,999999.0,999999.0,999999,99999.0,99999.0,99999.0,500.0,1,0,True,False,False,False,True,False,False,True,True,False,False,False,False,False,False,False,False,False,False,False,False,False,False,False,False,False,False,True,False,False,False,True,False,False,1
99,1,187500.0,0.0,35000.0,1,1,1,1,2,0,1,1,0,1,0,0,7,0,0,1,99,99,4,16,0,1,5,2,0,0,0.0,0.0,0.0,0,0.0,0.0,0.0,182.0,0,0,True,False,False,False,True,False,False,True,True,False,False,False,False,False,False,False,False,False,False,False,False,False,False,False,False,False,False,True,False,False,False,True,False,False,1
99,1,95000.0,0.0,70000.0,1,1,1,1,0,0,0,0,0,0,0,0,8,0,0,1,99,99,0,81,0,0,7,0,0,0,5000.0,0.0,0.0,0,4000.0,1000.0,0.0,315.0,0,0,True,False,False,False,True,False,False,True,False,False,False,False,False,False,True,False,False,False,False,False,False,False,True,False,False,False,False,False,False,True,False,False,False,False,1
99,1,162500.0,0.0,41400.0,1,0,0,0,0,0,0,0,0,0,0,0,1,0,0,1,99,99,0,39,0,0,8,0,37,81,41400.0,41000.0,0.0,0,0.0,0.0,0.0,501.0,1,1,True,False,False,False,True,False,False,True,False,False,False,True,False,False,False,False,False,False,False,False,False,False,False,False,True,False,False,False,False,False,False,True,False,False,1
99,1,400000.0,0.0,268881.0,1,1,1,1,0,0,0,0,0,0,2,1,3,1,0,1,20,20,0,48,1,0,8,0,79,92,206726.0,195516.0,1000.0,0,0.0,0.0,0.0,501.0,0,6,True,False,False,False,True,False,False,True,False,False,False,True,False,False,False,False,False,False,False,False,False,False,False,False,False,False,False,True,False,False,True,False,False,False,1
99,1,350000.0,0.0,140327.0,1,0,2,0,4,0,1,0,0,0,0,0,4,2,0,1,20,13,0,47,0,0,6,0,22,51,119700.0,109000.0,0.0,0,0.0,0.0,0.0,501.0,0,6,True,False,False,False,True,False,False,True,False,False,False,True,False,False,False,False,False,False,False,False,False,False,False,False,False,False,False,True,True,False,False,False,False,False,1
99,1,85000.0,0.0,14560.0,3,0,2,0,0,0,0,0,0,0,0,0,3,1,0,1,21,21,0,52,0,0,4,0,23,18,14000.0,14000.0,0.0,0,0.0,0.0,0.0,146.0,0,6,True,False,False,False,True,False,False,True,False,False,False,True,False,False,False,False,False,False,False,False,False,False,False,False,False,False,False,True,True,False,False,False,False,False,1
99,0,999999.0,537.0,3600.0,1,0,1,0,1,0,1,0,0,0,0,0,4,0,0,1,99,99,1,15,0,1,3,1,0,0,0.0,999999.0,999999.0,999999,0.0,0.0,0.0,29.0,1,0,True,False,False,False,True,False,False,True,True,False,False,False,False,False,False,False,False,False,False,False,False,False,False,False,False,False,False,True,False,False,False,True,False,False,1
99,1,350000.0,0.0,233912.0,1,1,1,1,2,0,1,1,0,1,0,0,6,0,0,1,99,99,3,18,1,1,6,2,25,44,973.0,948.0,0.0,0,0.0,0.0,0.0,501.0,0,0,True,False,False,False,True,False,False,True,True,False,False,False,False,False,False,False,False,False,False,False,False,False,False,False,False,False,False,True,False,False,False,True,False,False,0
99,0,999999.0,537.0,29049.0,2,0,0,0,0,0,0,0,0,0,0,0,1,0,0,2,99,99,0,18,1,1,7,1,20,8,20200.0,20000.0,0.0,0,0.0,0.0,0.0,313.0,1,0,True,False,False,False,True,False,False,True,False,False,False,False,False,False,False,False,False,True,False,False,False,False,False,False,False,False,False,True,False,False,False,True,False,False,1
99,1,112500.0,0.0,67134.0,1,1,1,2,2,7,1,1,0,1,0,0,5,0,0,1,99,99,1,20,1,0,7,0,15,56,6010.0,6000.0,0.0,0,0.0,0.0,0.0,435.0,0,0,True,False,False,False,True,False,False,True,True,False,False,False,False,False,False,False,False,False,False,False,False,False,False,False,False,False,False,True,False,False,False,True,False,False,1
99,0,999999.0,625.0,17000.0,1,1,1,1,2,0,1,1,0,1,0,0,5,0,0,1,99,99,2,8,1,1,1,1,0,0,0.0,999999.0,999999.0,999999,99999.0,99999.0,99999.0,115.0,1,0,True,False,False,False,True,False,False,True,True,False,False,False,False,False,False,False,False,False,False,False,False,False,False,False,False,False,False,True,False,False,False,True,False,False,1
99,1,275000.0,0.0,135471.0,1,1,1,1,0,0,0,0,0,0,1,1,3,1,0,1,18,18,0,43,0,0,7,0,24,44,28470.0,27189.0,0.0,0,0.0,0.0,0.0,501.0,0,0,True,False,False,False,True,False,False,True,False,False,False,False,False,False,False,False,False,False,False,False,True,False,False,False,False,False,False,True,False,False,True,False,False,False,1
99,0,999999.0,0.0,999999.0,1,0,0,0,0,0,0,0,0,0,0,0,1,0,0,1,99,99,0,90,0,0,5,0,0,0,4800.0,0.0,0.0,0,4800.0,0.0,0.0,0.0,1,0,False,True,False,True,False,False,False,True,False,False,False,False,True,False,False,False,False,False,False,False,False,False,False,False,False,False,False,True,False,False,False,False,False,True,1
99,1,162500.0,0.0,38160.0,1,1,1,1,2,0,1,1,0,1,0,0,3,0,0,1,99,99,0,44,0,0,8,0,25,48,12000.0,12000.0,0.0,0,0.0,0.0,0.0,393.0,0,0,True,False,False,False,True,False,False,True,True,False,False,False,False,False,False,False,False,False,False,False,False,False,False,False,False,False,False,True,False,False,False,True,False,False,1
99,1,57500.0,0.0,7255.0,1,0,0,0,0,0,0,0,0,0,0,0,1,0,0,1,99,99,0,70,0,0,6,0,17,13,7255.0,0.0,0.0,0,6706.0,0.0,0.0,122.0,0,7,True,False,False,False,True,False,False,True,False,False,False,True,False,False,False,False,False,False,False,False,False,False,False,False,False,False,False,True,False,False,False,False,False,True,1
99,1,112500.0,0.0,15839.0,1,1,0,0,0,0,0,0,0,0,1,1,2,0,0,1,99,99,0,67,0,0,6,0,0,0,4846.0,0.0,0.0,0,4846.0,0.0,0.0,211.0,0,0,True,False,False,False,True,False,False,True,False,False,False,False,False,False,False,False,False,False,False,False,True,False,False,False,False,False,False,True,False,False,True,False,False,False,1
99,0,999999.0,575.0,23000.0,1,1,1,1,0,0,0,0,0,0,0,0,5,0,0,1,99,99,1,25,1,0,2,0,18,44,11000.0,11000.0,0.0,0,0.0,0.0,0.0,152.0,1,0,True,False,False,False,True,False,False,True,False,False,False,False,False,False,False,False,False,False,True,False,False,False,False,False,False,False,False,True,False,False,False,True,False,False,0
99,1,95000.0,0.0,28348.0,1,1,2,1,2,0,1,1,0,1,0,0,5,2,2,1,2,0,0,28,0,0,7,0,32,39,0.0,0.0,0.0,0,0.0,0.0,0.0,187.0,0,0,True,False,False,False,True,False,False,True,True,False,False,False,False,False,False,False,False,False,False,False,False,False,True,False,False,False,False,False,False,True,False,False,False,False,1
99,1,225000.0,0.0,37600.0,1,1,1,1,2,1,1,1,0,1,0,0,4,0,0,1,99,99,1,16,1,1,4,1,0,0,0.0,0.0,0.0,0,0.0,0.0,0.0,299.0,0,0,True,False,False,False,True,False,False,True,True,False,False,False,False,False,False,False,False,False,False,False,False,False,False,False,False,False,False,True,False,False,False,True,False,False,1
99,0,999999.0,0.0,999999.0,1,0,0,0,0,0,0,0,0,0,0,0,1,0,0,1,99,99,0,32,1,0,6,0,31,33,7200.0,0.0,0.0,0,0.0,0.0,0.0,0.0,1,0,False,True,False,True,False,False,False,True,False,False,False,False,True,False,False,False,False,False,False,False,False,False,False,False,False,False,False,True,False,True,False,False,False,False,1
99,0,999999.0,0.0,999999.0,1,0,0,0,0,0,0,0,0,0,0,0,1,0,0,1,99,99,0,37,1,1,8,1,41,84,3000.0,3000.0,0.0,0,0.0,0.0,0.0,0.0,0,0,False,False,True,False,False,True,False,True,False,False,False,False,False,True,False,False,False,False,False,False,False,False,False,False,True,False,False,False,False,True,False,False,False,False,1
99,1,95000.0,0.0,39000.0,1,1,1,1,0,0,0,0,0,0,2,1,5,3,1,1,15,3,0,43,1,0,6,0,29,48,39000.0,39000.0,0.0,0,0.0,0.0,0.0,264.0,0,5,True,False,False,False,True,False,False,True,False,False,False,True,False,False,False,False,False,False,False,False,False,False,True,False,False,False,False,False,False,False,True,False,False,False,1
99,0,999999.0,1000.0,50000.0,1,1,0,0,0,0,0,0,0,0,1,1,2,0,0,1,99,99,0,46,0,0,6,0,22,61,30000.0,30000.0,0.0,0,0.0,0.0,0.0,501.0,0,0,True,False,False,False,True,False,False,True,False,False,False,False,False,False,False,False,False,False,False,False,True,False,False,False,False,False,False,True,False,False,True,False,False,False,1
99,0,999999.0,437.0,0.0,1,0,1,0,1,0,1,0,0,0,0,0,6,0,0,1,99,99,4,0,0,0,7,0,0,0,0.0,999999.0,999999.0,999999,99999.0,99999.0,99999.0,1.0,1,0,True,False,False,False,True,False,False,True,True,False,False,False,False,False,False,False,False,False,False,False,False,False,False,False,False,False,False,True,False,False,False,True,False,False,1
99,0,999999.0,725.0,50360.0,1,1,1,1,2,0,1,1,0,1,0,0,8,0,0,1,99,99,2,22,1,1,2,1,16,15,8000.0,8000.0,0.0,0,0.0,0.0,0.0,223.0,1,0,True,False,False,False,True,False,False,True,True,False,False,False,False,False,False,False,False,False,False,False,False,False,False,False,False,False,False,True,False,False,False,True,False,False,1
99,1,275000.0,0.0,74000.0,1,1,0,0,0,0,0,0,0,0,1,2,2,0,0,1,99,99,0,40,1,0,6,0,16,15,13000.0,12000.0,0.0,0,0.0,0.0,0.0,501.0,1,0,True,False,False,False,True,False,False,True,False,False,False,False,False,False,False,False,False,False,False,False,True,False,False,False,True,False,False,False,False,False,True,False,False,False,1
99,1,275000.0,0.0,49297.0,1,1,0,0,0,0,0,0,0,0,1,1,2,0,0,1,99,99,0,69,0,0,6,0,0,0,3952.0,0.0,0.0,0,1403.0,0.0,0.0,501.0,0,0,True,False,False,False,True,False,False,True,False,False,False,False,False,False,False,False,False,False,False,False,True,False,False,False,False,False,False,True,False,False,True,False,False,False,1
99,1,137500.0,0.0,69603.0,2,0,0,1,0,0,0,1,0,1,0,0,2,0,0,1,99,99,0,3,0,0,0,0,0,0,0.0,999999.0,999999.0,999999,99999.0,99999.0,99999.0,501.0,1,0,True,False,False,False,True,False,False,True,True,False,False,False,False,False,False,False,False,False,False,False,False,False,False,False,False,False,False,True,False,False,False,True,False,False,1
99,0,999999.0,462.0,17189.0,1,0,1,0,1,0,1,0,0,0,0,0,4,0,0,1,99,99,2,1,0,0,7,0,0,0,0.0,999999.0,999999.0,999999,99999.0,99999.0,99999.0,136.0,1,0,True,False,False,False,True,False,False,True,True,False,False,False,False,False,False,False,False,False,False,False,False,False,False,False,False,False,False,True,False,False,False,True,False,False,1
99,1,350000.0,0.0,70573.0,1,1,1,1,2,0,1,1,0,1,0,0,6,0,0,1,99,99,3,20,0,1,6,1,24,47,7547.0,7547.0,0.0,0,0.0,0.0,0.0,396.0,1,0,True,False,False,False,True,False,False,True,True,False,False,False,False,False,False,False,False,False,False,False,False,False,False,False,False,False,False,True,False,False,False,True,False,False,1
99,1,187500.0,0.0,63000.0,1,2,2,2,0,0,0,0,0,0,2,1,13,6,0,1,21,13,0,52,1,0,4,0,13,10,12000.0,12000.0,0.0,0,0.0,0.0,0.0,251.0,1,2,True,False,False,False,True,False,False,True,False,False,False,True,False,False,False,False,False,False,False,False,False,False,False,False,False,False,False,True,False,False,True,False,False,False,1
99,1,400000.0,0.0,140165.0,1,0,1,0,0,0,0,0,0,0,0,0,3,2,0,1,50,45,0,77,0,1,8,1,0,0,9840.0,0.0,0.0,0,271.0,0.0,0.0,501.0,0,8,True,False,False,False,True,False,False,True,False,False,False,True,False,False,False,False,False,False,False,False,False,False,False,False,False,False,False,True,True,False,False,False,False,False,1
99,0,999999.0,875.0,34189.0,1,1,1,1,1,0,1,2,0,1,0,0,7,0,0,1,99,99,4,12,1,1,2,1,0,0,0.0,999999.0,999999.0,999999,99999.0,99999.0,99999.0,184.0,1,0,True,False,False,False,True,False,False,True,True,False,False,False,False,False,False,False,False,False,False,False,False,False,True,False,False,False,False,False,False,False,False,True,False,False,1
99,1,95000.0,0.0,29775.0,1,1,1,1,0,0,0,0,0,0,2,1,9,5,0,1,20,11,0,48,1,0,1,0,37,49,29775.0,27071.0,0.0,0,0.0,520.0,2184.0,113.0,0,5,True,False,False,False,True,False,False,True,False,False,False,True,False,False,False,False,False,False,False,False,False,False,False,False,False,False,False,True,False,False,True,False,False,False,1
99,0,999999.0,725.0,33000.0,1,1,1,1,0,0,0,0,0,0,2,1,6,4,1,1,16,3,0,31,1,0,6,0,24,47,15000.0,15000.0,0.0,0,0.0,0.0,0.0,199.0,1,1,True,False,False,False,True,False,False,True,False,False,False,True,False,False,False,False,False,False,False,False,False,False,False,False,False,False,False,True,False,False,True,False,False,False,1
99,0,999999.0,875.0,36000.0,1,0,1,0,2,0,3,0,0,0,0,0,4,0,0,1,99,99,1,7,1,1,1,2,0,0,0.0,999999.0,999999.0,999999,99999.0,99999.0,99999.0,286.0,1,0,True,False,False,False,True,False,False,True,False,False,False,False,False,False,True,False,False,False,False,False,False,False,True,False,False,False,False,False,False,False,False,True,False,False,1
99,1,400000.0,0.0,68174.0,1,1,1,1,2,0,1,1,0,1,0,0,5,0,0,1,99,99,2,10,1,1,1,2,0,0,0.0,999999.0,999999.0,999999,99999.0,99999.0,99999.0,461.0,0,0,True,False,False,False,True,False,False,True,True,False,False,False,False,False,False,False,False,False,False,False,False,False,False,False,False,False,False,True,False,False,False,True,False,False,1
99,0,999999.0,387.0,35000.0,1,0,0,0,0,0,0,0,0,0,0,0,1,0,0,1,99,99,0,40,1,0,7,0,27,50,35000.0,25000.0,10000.0,0,0.0,0.0,0.0,501.0,0,5,True,False,False,False,True,False,False,True,False,False,False,True,False,False,False,False,False,False,False,False,False,False,False,False,False,False,False,True,False,False,False,True,False,False,1
99,0,999999.0,725.0,18000.0,1,1,1,1,0,0,0,0,0,0,2,1,5,3,1,1,15,0,0,37,1,0,6,0,23,18,9000.0,9000.0,0.0,0,0.0,0.0,0.0,122.0,1,2,True,False,False,False,True,False,False,True,False,False,False,True,False,False,False,False,False,False,False,False,False,False,False,False,False,False,False,True,False,False,True,False,False,False,1
99,0,999999.0,512.0,32920.0,3,1,2,1,0,0,0,0,0,0,2,1,6,0,0,1,99,99,2,25,1,1,6,1,23,18,6280.0,6280.0,0.0,0,0.0,0.0,0.0,185.0,0,5,True,False,False,False,True,False,False,True,False,False,False,True,False,False,False,False,False,False,False,False,False,False,False,False,False,False,False,True,False,False,True,False,False,False,0
99,1,225000.0,0.0,70500.0,2,1,0,0,0,0,0,0,0,0,2,1,2,0,0,1,99,99,0,62,1,0,6,0,20,9,70500.0,70000.0,0.0,0,0.0,0.0,0.0,501.0,0,8,True,False,False,False,True,False,False,True,False,False,False,True,False,False,False,False,False,False,False,False,False,False,False,False,False,False,False,True,False,False,True,False,False,False,1
99,1,350000.0,0.0,50100.0,1,1,1,1,0,0,0,0,0,0,2,1,3,1,1,1,2,2,0,36,1,0,8,0,46,84,50100.0,50100.0,0.0,0,0.0,0.0,0.0,501.0,0,2,True,False,False,False,True,False,False,True,False,False,False,True,False,False,False,False,False,False,False,False,False,False,False,False,False,False,False,True,False,False,True,False,False,False,1
99,1,137500.0,0.0,55000.0,1,1,1,1,0,0,0,0,0,0,2,1,4,2,2,1,4,2,0,35,1,0,7,0,30,44,38000.0,33000.0,0.0,0,0.0,0.0,5000.0,437.0,1,2,True,False,False,False,True,False,False,True,False,False,False,True,False,False,False,False,False,False,False,False,False,False,False,False,False,False,False,True,False,False,True,False,False,False,1
99,0,999999.0,725.0,37500.0,1,1,1,1,0,0,0,0,0,0,2,1,3,1,0,1,17,17,0,63,1,0,2,0,18,19,13500.0,13000.0,0.0,0,500.0,0.0,0.0,376.0,1,2,True,False,False,False,True,False,False,True,False,False,False,True,False,False,False,False,False,False,False,False,False,False,False,False,False,False,False,True,False,False,True,False,False,False,1
99,0,999999.0,1000.0,54643.0,3,0,0,0,0,0,0,0,0,0,0,0,1,0,0,3,99,99,0,28,0,0,8,0,61,93,27500.0,25500.0,0.0,0,0.0,0.0,2000.0,426.0,1,0,True,False,False,False,True,False,False,True,False,False,False,False,False,False,False,False,False,True,False,False,False,False,False,False,False,False,False,True,False,False,False,True,False,False,1
99,0,999999.0,725.0,64169.0,1,1,1,1,0,0,0,0,0,0,1,1,5,3,0,1,9,6,0,40,0,0,1,0,22,18,13169.0,0.0,3169.0,0,0.0,0.0,0.0,434.0,0,0,True,False,False,False,True,False,False,True,False,False,False,False,False,False,False,False,False,False,False,False,True,False,False,False,False,True,False,False,False,False,True,False,False,False,1
99,1,187500.0,0.0,31000.0,1,0,1,0,1,0,1,0,0,0,0,0,3,0,0,1,99,99,0,13,1,1,2,1,0,0,0.0,999999.0,999999.0,999999,99999.0,99999.0,99999.0,311.0,1,0,True,False,False,False,True,False,False,True,True,False,False,False,False,False,False,False,False,False,False,False,False,False,False,False,False,False,False,True,False,False,False,True,False,False,1
99,1,400000.0,0.0,133150.0,2,1,1,1,2,0,1,1,0,1,0,0,4,0,0,1,99,99,1,2,1,0,7,0,0,0,0.0,999999.0,999999.0,999999,99999.0,99999.0,99999.0,501.0,1,0,True,False,False,False,True,False,False,True,True,False,False,False,False,False,False,False,False,False,False,False,False,False,False,False,False,False,False,True,False,False,False,True,False,False,1
99,1,77500.0,0.0,72341.0,1,0,0,0,0,0,0,0,0,0,0,0,2,0,0,1,99,99,0,59,1,1,8,1,27,27,27000.0,27000.0,0.0,0,0.0,0.0,0.0,501.0,1,2,True,False,False,False,True,False,False,True,False,False,False,True,False,False,False,False,False,False,False,False,False,False,False,False,False,True,False,False,False,True,False,False,False,False,1
99,0,999999.0,512.0,19900.0,2,1,2,1,4,0,1,0,0,0,2,1,5,1,1,1,1,1,1,20,1,0,7,0,16,15,6000.0,6000.0,0.0,0,0.0,0.0,0.0,127.0,1,1,True,False,False,False,True,False,False,True,False,False,False,True,False,False,False,False,False,False,False,False,False,False,False,False,False,False,False,True,False,False,True,False,False,False,0
99,0,999999.0,675.0,28500.0,3,2,2,2,0,0,0,0,0,0,0,0,1,0,0,2,99,99,0,25,0,0,6,0,23,18,3000.0,3000.0,0.0,0,0.0,0.0,0.0,47.0,1,0,True,False,False,False,True,False,False,True,False,False,False,False,False,True,False,False,False,False,False,False,False,False,False,False,False,False,False,True,False,False,False,True,False,False,1
99,0,999999.0,212.0,22000.0,2,1,1,1,0,0,0,0,0,0,1,1,3,1,1,1,2,2,0,30,0,0,2,0,0,0,0.0,0.0,0.0,0,0.0,0.0,0.0,220.0,1,0,True,False,False,False,True,False,False,True,False,False,False,False,False,False,False,False,False,False,False,False,True,False,False,False,False,False,False,True,False,False,True,False,False,False,1
99,0,999999.0,875.0,18700.0,2,0,1,1,7,0,3,0,0,0,0,0,2,0,0,2,99,99,0,17,0,0,4,0,33,60,5118.0,5118.0,0.0,0,0.0,0.0,0.0,455.0,1,0,True,False,False,False,True,False,False,True,False,False,False,False,False,True,False,False,False,False,False,False,False,False,False,False,False,False,False,True,False,False,False,True,False,False,1
99,1,187500.0,0.0,89038.0,1,1,1,1,2,0,1,1,0,1,0,0,4,0,0,1,99,99,1,29,1,0,8,0,49,90,26448.0,26448.0,0.0,0,0.0,0.0,0.0,501.0,1,0,True,False,False,False,True,False,False,True,True,False,False,False,False,False,False,False,False,False,False,False,False,False,False,False,True,False,False,False,False,False,False,True,False,False,1
99,0,999999.0,512.0,10000.0,7,0,0,0,0,0,0,0,0,0,0,0,1,0,0,7,99,99,0,19,1,0,1,0,20,8,8000.0,8000.0,0.0,0,0.0,0.0,0.0,124.0,0,0,True,False,False,False,True,False,False,True,False,False,False,False,False,True,False,False,False,False,False,False,False,False,False,False,False,False,False,True,False,False,False,True,False,False,1
99,0,999999.0,1000.0,50000.0,2,0,0,0,0,0,0,0,0,0,0,0,1,0,0,1,99,99,0,34,0,0,8,0,22,32,50000.0,50000.0,0.0,0,0.0,0.0,0.0,501.0,1,2,True,False,False,False,True,False,False,True,False,False,False,True,False,False,False,False,False,False,False,False,False,False,False,False,False,False,False,True,False,False,False,True,False,False,1
99,1,350000.0,0.0,169411.0,1,1,2,1,0,0,0,0,0,0,1,1,8,4,0,1,27,20,0,53,0,0,7,0,24,44,22411.0,22411.0,0.0,0,0.0,0.0,0.0,501.0,0,0,True,False,False,False,True,False,False,True,False,False,False,False,False,False,False,False,False,False,False,False,True,False,False,False,False,False,False,True,False,False,True,False,False,False,1
99,1,275000.0,0.0,210516.0,1,0,0,1,0,0,0,0,0,0,0,0,2,1,0,1,23,23,0,51,1,0,6,0,41,68,205516.0,195516.0,0.0,0,0.0,0.0,0.0,501.0,1,2,True,False,False,False,True,False,False,True,False,False,False,True,False,False,False,False,False,False,False,False,False,False,False,False,False,False,False,True,True,False,False,False,False,False,1
99,0,999999.0,282.0,24000.0,1,0,0,0,0,0,0,0,0,0,0,0,1,0,0,1,99,99,0,37,0,0,7,0,22,61,24000.0,24000.0,0.0,0,0.0,0.0,0.0,372.0,0,5,True,False,False,False,True,False,False,True,False,False,False,True,False,False,False,False,False,False,False,False,False,False,False,False,False,False,False,True,True,False,False,False,False,False,1
99,1,350000.0,0.0,92006.0,1,1,2,1,2,0,1,1,0,1,0,0,5,0,0,1,99,99,1,7,0,1,0,2,0,0,0.0,999999.0,999999.0,999999,99999.0,99999.0,99999.0,501.0,0,0,True,False,False,False,True,False,False,True,True,False,False,False,False,False,False,False,False,False,False,False,False,False,False,False,False,False,False,True,False,False,False,True,False,False,1
99,1,350000.0,0.0,41000.0,1,1,1,1,2,0,1,1,0,1,0,0,5,0,0,1,99,99,2,12,0,1,2,2,0,0,0.0,999999.0,999999.0,999999,99999.0,99999.0,99999.0,277.0,0,0,True,False,False,False,True,False,False,True,True,False,False,False,False,False,False,False,False,False,False,False,False,False,False,False,False,False,False,True,False,False,False,True,False,False,1
99,1,350000.0,0.0,75000.0,1,1,1,1,2,0,1,1,0,1,0,0,5,0,0,1,99,99,2,23,0,1,7,1,26,52,15000.0,15000.0,0.0,0,0.0,0.0,0.0,479.0,0,0,True,False,False,False,True,False,False,True,True,False,False,False,False,False,False,False,False,False,False,False,False,False,False,False,False,False,False,True,False,False,False,True,False,False,0
99,0,999999.0,362.0,22892.0,1,1,1,1,0,0,0,0,0,0,1,2,7,5,1,1,16,2,0,35,1,0,1,0,20,8,14822.0,14822.0,0.0,0,0.0,0.0,0.0,123.0,0,0,True,False,False,False,True,False,False,True,False,False,False,False,False,False,False,False,False,False,False,False,True,False,False,False,False,False,False,True,False,False,True,False,False,False,1
99,0,999999.0,362.0,9424.0,1,0,1,0,0,0,0,0,0,0,0,0,4,0,0,1,99,99,0,6,1,1,0,1,0,0,0.0,999999.0,999999.0,999999,99999.0,99999.0,99999.0,75.0,1,0,True,False,False,False,True,False,False,True,False,False,False,False,False,False,True,False,False,False,False,False,False,False,True,False,False,False,False,False,False,False,False,True,False,False,1
99,0,999999.0,537.0,46000.0,1,1,1,1,0,0,0,0,0,0,0,0,6,0,0,1,99,99,0,23,1,0,2,0,22,10,12000.0,12000.0,0.0,0,0.0,0.0,0.0,258.0,1,0,True,False,False,False,True,False,False,True,False,False,False,False,False,False,True,False,False,False,False,False,False,False,False,False,False,False,False,True,False,False,False,True,False,False,1
99,0,999999.0,575.0,26418.0,2,1,1,1,0,0,0,0,0,0,0,0,6,0,0,1,99,99,0,19,1,0,6,0,25,18,5558.0,5558.0,0.0,0,0.0,0.0,0.0,151.0,1,0,True,False,False,False,True,False,False,True,False,False,False,False,False,False,True,False,False,False,False,False,False,False,False,False,False,False,False,True,False,False,False,True,False,False,0
99,0,999999.0,1000.0,24000.0,2,1,1,1,2,0,1,1,0,1,0,0,5,0,0,1,99,99,2,14,0,1,2,1,0,0,0.0,999999.0,999999.0,999999,99999.0,99999.0,99999.0,162.0,1,0,True,False,False,False,True,False,False,True,True,False,False,False,False,False,False,False,False,False,False,False,False,False,False,False,False,False,False,True,False,False,False,True,False,False,1
99,0,999999.0,412.0,36199.0,5,1,0,0,0,0,0,0,0,0,1,1,2,0,0,1,99,99,0,52,0,1,8,1,41,72,33400.0,33400.0,0.0,0,0.0,0.0,0.0,436.0,0,0,True,False,False,False,True,False,False,True,False,False,False,False,False,False,False,False,False,False,False,False,True,False,False,False,False,False,False,True,False,False,True,False,False,False,1
99,1,95000.0,0.0,30569.0,1,1,0,0,0,0,0,0,0,0,2,1,2,0,0,1,99,99,0,52,1,0,7,0,24,44,27469.0,25358.0,0.0,0,0.0,0.0,0.0,368.0,0,6,True,False,False,False,True,False,False,True,False,False,False,True,False,False,False,False,False,False,False,False,False,False,False,False,False,False,False,True,False,False,True,False,False,False,1
99,0,999999.0,1000.0,90000.0,1,1,1,1,0,0,0,0,0,0,2,1,4,2,0,1,17,15,0,42,1,0,8,0,39,59,70000.0,70000.0,0.0,0,0.0,0.0,0.0,501.0,1,2,True,False,False,False,True,False,False,True,False,False,False,True,False,False,False,False,False,False,False,False,False,False,False,False,False,False,False,True,False,False,True,False,False,False,1
99,0,999999.0,462.0,16000.0,1,0,0,0,0,0,0,0,0,0,0,0,1,0,0,1,99,99,0,26,0,0,6,0,22,32,16000.0,16000.0,0.0,0,0.0,0.0,0.0,248.0,1,1,True,False,False,False,True,False,False,True,False,False,False,True,False,False,False,False,False,False,False,False,False,False,False,False,False,False,False,True,False,False,False,True,False,False,1
99,0,999999.0,487.0,35500.0,2,0,0,0,0,0,0,0,0,0,0,0,1,0,0,1,99,99,0,31,0,0,7,0,17,26,35500.0,0.0,35000.0,0,0.0,0.0,0.0,501.0,1,1,True,False,False,False,True,False,False,True,False,False,False,True,False,False,False,False,False,False,False,False,False,False,False,False,False,False,False,True,False,False,False,True,False,False,1
99,0,999999.0,0.0,999999.0,1,0,0,0,0,0,0,0,0,0,0,0,1,0,0,1,99,99,0,87,0,0,6,0,0,0,0.0,0.0,0.0,0,0.0,0.0,0.0,0.0,0,0,False,True,False,True,False,False,False,True,False,False,False,False,True,False,False,False,False,False,False,False,False,False,False,False,False,False,False,True,False,False,False,False,False,True,1
99,1,400000.0,0.0,1573.0,1,0,0,0,0,0,0,0,0,0,0,0,1,0,0,1,99,99,0,85,0,0,2,0,0,0,1573.0,0.0,0.0,0,0.0,0.0,0.0,26.0,0,8,True,False,False,False,True,False,False,True,False,False,False,True,False,False,False,False,False,False,False,False,False,False,False,False,False,False,False,True,False,False,False,True,False,False,1
99,0,999999.0,412.0,44590.0,1,0,0,1,0,0,0,1,0,1,0,0,3,0,0,1,99,99,1,24,0,1,6,1,17,13,9550.0,9500.0,0.0,0,0.0,0.0,0.0,460.0,1,0,True,False,False,False,True,False,False,True,True,False,False,False,False,False,False,False,False,False,False,False,False,False,True,False,False,False,False,False,False,False,False,True,False,False,1
99,0,999999.0,625.0,34000.0,2,0,0,0,0,0,0,0,0,0,0,0,1,0,0,1,99,99,0,35,1,0,7,0,46,84,34000.0,34000.0,0.0,0,0.0,0.0,0.0,501.0,1,1,True,False,False,False,True,False,False,True,False,False,False,True,False,False,False,False,False,False,False,False,False,False,False,False,False,False,False,True,False,False,False,False,True,False,0
99,1,112500.0,0.0,54748.0,1,2,2,2,4,0,2,5,2,7,0,0,5,0,0,1,99,99,0,21,1,0,5,0,27,29,18000.0,18000.0,0.0,0,0.0,0.0,0.0,355.0,0,0,True,False,False,False,True,False,False,True,False,False,True,False,False,False,False,False,False,False,False,False,False,False,False,False,False,False,False,True,False,False,False,False,True,False,1
99,0,999999.0,1000.0,74000.0,1,1,1,1,0,0,0,0,0,0,1,1,3,1,0,1,16,16,0,49,0,0,8,0,41,84,4000.0,4000.0,0.0,0,0.0,0.0,0.0,501.0,1,0,True,False,False,False,True,False,False,True,False,False,False,False,False,False,False,False,False,False,False,False,True,False,False,False,False,False,False,True,False,False,True,False,False,False,1
99,0,999999.0,462.0,9300.0,1,1,0,0,0,0,0,0,0,0,2,1,2,0,0,1,99,99,0,66,1,0,2,0,0,0,9300.0,0.0,0.0,0,6900.0,0.0,0.0,124.0,0,5,True,False,False,False,True,False,False,True,False,False,False,True,False,False,False,False,False,False,False,False,False,False,False,False,False,False,False,True,False,False,True,False,False,False,1
99,0,999999.0,537.0,34910.0,1,1,2,1,0,0,0,0,0,0,0,0,7,2,0,1,33,29,0,53,0,0,0,0,22,18,2400.0,2400.0,0.0,0,0.0,0.0,0.0,176.0,0,0,True,False,False,False,True,False,False,True,False,False,False,False,False,False,False,False,True,False,False,False,False,False,False,False,False,False,False,True,False,False,False,False,True,False,1
99,1,187500.0,0.0,33088.0,1,1,0,0,0,0,0,0,0,0,1,1,3,0,0,1,99,99,0,64,0,0,6,0,22,51,5290.0,0.0,0.0,0,5290.0,0.0,0.0,341.0,0,0,True,False,False,False,True,False,False,True,False,False,False,False,False,False,False,False,False,False,False,False,True,False,False,False,False,False,False,True,False,False,True,False,False,False,1
99,1,187500.0,0.0,68665.0,2,1,1,1,2,0,1,1,0,1,0,0,5,0,0,1,99,99,2,8,0,1,1,2,0,0,0.0,999999.0,999999.0,999999,99999.0,99999.0,99999.0,464.0,0,0,True,False,False,False,True,False,False,True,True,False,False,False,False,False,False,False,False,False,False,False,False,False,False,False,False,False,False,True,False,False,False,True,False,False,1
99,0,999999.0,437.0,14200.0,1,1,1,1,1,0,1,2,0,1,0,0,6,0,0,1,99,99,3,2,0,0,7,0,0,0,0.0,999999.0,999999.0,999999,99999.0,99999.0,99999.0,83.0,1,0,True,False,False,False,True,False,False,True,True,False,False,False,False,False,False,False,False,False,False,False,False,False,True,False,False,False,False,False,False,False,False,True,False,False,1
99,0,999999.0,462.0,20980.0,1,1,1,1,2,0,1,1,0,1,0,0,4,0,0,1,99,99,1,5,0,1,0,2,0,0,0.0,999999.0,999999.0,999999,99999.0,99999.0,99999.0,167.0,1,0,True,False,False,False,True,False,False,True,True,False,False,False,False,False,False,False,False,False,False,False,False,False,False,False,False,False,False,True,False,False,False,True,False,False,1
99,0,999999.0,875.0,23299.0,1,1,1,1,1,0,1,2,0,1,0,0,5,0,0,1,99,99,2,8,1,1,1,1,0,0,0.0,999999.0,999999.0,999999,99999.0,99999.0,99999.0,157.0,1,0,True,False,False,False,True,False,False,True,True,False,False,False,False,False,False,False,False,False,False,False,False,True,False,False,False,False,False,False,False,False,False,True,False,False,1
99,0,999999.0,0.0,999999.0,1,0,0,0,0,0,0,0,0,0,0,0,1,0,0,1,99,99,0,83,0,0,7,0,0,0,7668.0,0.0,0.0,0,5448.0,0.0,0.0,0.0,1,0,False,True,False,True,False,False,False,True,False,False,False,False,True,False,False,False,False,False,False,False,False,False,False,False,False,False,False,True,False,False,False,False,False,True,1
99,0,999999.0,625.0,25000.0,2,0,0,1,0,0,0,1,0,1,0,0,3,0,0,1,99,99,1,6,0,1,0,1,0,0,0.0,999999.0,999999.0,999999,99999.0,99999.0,99999.0,250.0,1,0,True,False,False,False,True,False,False,True,True,False,False,False,False,False,False,False,False,False,False,False,False,False,False,False,False,False,False,True,False,False,False,True,False,False,1
99,1,225000.0,0.0,80000.0,1,1,2,1,2,0,1,1,0,1,0,0,5,0,0,1,99,99,1,7,1,1,1,2,0,0,0.0,999999.0,999999.0,999999,99999.0,99999.0,99999.0,501.0,0,0,True,False,False,False,True,False,False,True,True,False,False,False,False,False,False,False,False,False,False,False,False,False,False,False,False,True,False,False,False,False,False,True,False,False,1
99,1,225000.0,0.0,86000.0,1,1,1,1,0,0,0,0,0,0,2,1,4,2,0,1,11,8,0,36,1,0,8,0,22,60,52000.0,52000.0,0.0,0,0.0,0.0,0.0,501.0,0,5,True,False,False,False,True,False,False,True,False,False,False,True,False,False,False,False,False,False,False,False,False,False,False,False,False,False,False,True,False,False,True,False,False,False,1
99,1,400000.0,0.0,102000.0,1,1,1,1,0,0,0,0,0,0,1,1,4,2,0,1,18,17,0,49,0,0,7,0,0,0,0.0,0.0,0.0,0,0.0,0.0,0.0,501.0,0,0,True,False,False,False,True,False,False,True,False,False,False,False,False,False,False,False,False,False,False,False,True,False,False,False,False,False,False,True,False,False,True,False,False,False,1
99,1,350000.0,0.0,119703.0,1,1,0,0,0,0,0,0,0,0,2,1,2,0,0,1,99,99,0,72,1,0,4,0,11,16,89703.0,30000.0,0.0,0,1100.0,0.0,0.0,501.0,1,7,True,False,False,False,True,False,False,True,False,False,False,True,False,False,False,False,False,False,False,False,False,False,False,False,False,False,False,True,False,False,True,False,False,False,1
99,1,275000.0,0.0,28000.0,1,1,0,0,0,0,0,0,0,0,2,1,2,0,0,1,99,99,0,60,1,0,2,0,27,27,28000.0,24000.0,0.0,0,0.0,0.0,0.0,337.0,0,6,True,False,False,False,True,False,False,True,False,False,False,True,False,False,False,False,False,False,False,False,False,False,False,False,False,False,False,True,False,False,True,False,False,False,1
99,1,162500.0,0.0,43372.0,1,0,0,0,0,0,0,0,0,0,0,0,1,0,0,1,99,99,0,61,0,0,8,0,26,72,43372.0,42000.0,884.0,0,0.0,0.0,0.0,501.0,0,7,True,False,False,False,True,False,False,True,False,False,False,True,False,False,False,False,False,False,False,False,False,False,False,False,False,False,False,True,False,False,False,True,False,False,1
99,1,162500.0,0.0,41000.0,1,1,0,0,0,0,0,0,0,0,1,1,2,0,0,1,99,99,0,30,0,0,6,0,35,66,18000.0,18000.0,0.0,0,0.0,0.0,0.0,494.0,1,0,True,False,False,False,True,False,False,True,False,False,False,False,False,False,False,False,False,False,False,False,True,False,False,False,False,False,False,True,False,False,True,False,False,False,1
99,0,999999.0,875.0,32000.0,2,0,0,1,0,0,0,1,0,1,0,0,4,0,0,1,99,99,2,6,1,1,0,1,0,0,0.0,999999.0,999999.0,999999,99999.0,99999.0,99999.0,254.0,0,0,True,False,False,False,True,False,False,True,True,False,False,False,False,False,False,False,False,False,False,False,False,False,False,False,False,False,False,True,False,False,False,True,False,False,1
99,1,225000.0,0.0,50500.0,1,1,2,1,4,0,1,3,0,1,0,0,4,1,0,1,13,13,0,36,0,0,8,0,35,62,50500.0,0.0,50500.0,0,0.0,0.0,0.0,388.0,1,2,True,False,False,False,True,False,False,True,False,False,False,True,False,False,False,False,False,False,False,False,False,False,False,False,False,True,False,False,False,False,False,False,False,True,1
99,0,999999.0,0.0,999999.0,1,0,0,0,0,0,0,0,0,0,0,0,1,0,0,1,99,99,0,29,0,1,7,1,0,0,4032.0,0.0,0.0,0,0.0,4032.0,0.0,0.0,1,0,False,True,False,True,False,False,False,True,False,False,False,False,True,False,False,False,False,False,False,False,False,False,True,False,False,False,False,False,False,False,False,True,False,False,1
99,0,999999.0,437.0,12530.0,2,0,0,1,0,0,0,0,0,0,0,0,2,1,0,1,8,8,0,31,1,0,6,0,22,18,12530.0,12500.0,0.0,0,0.0,0.0,0.0,147.0,0,2,True,False,False,False,True,False,False,True,False,False,False,True,False,False,False,False,False,False,False,False,False,False,False,False,False,False,False,True,False,False,False,True,False,False,1
99,0,999999.0,537.0,37400.0,1,0,0,0,0,0,0,0,0,0,0,0,1,0,0,1,99,99,0,27,1,0,8,0,48,87,37400.0,37000.0,0.0,0,0.0,0.0,0.0,501.0,1,1,True,False,False,False,True,False,False,True,False,False,False,True,False,False,False,False,False,False,False,False,False,False,False,False,False,False,False,True,False,False,False,True,False,False,1
99,1,187500.0,0.0,122200.0,1,1,1,1,2,0,1,1,0,1,0,0,4,0,0,1,99,99,1,16,0,1,4,1,0,0,0.0,0.0,0.0,0,0.0,0.0,0.0,501.0,0,0,True,False,False,False,True,False,False,True,True,False,False,False,False,False,False,False,False,False,False,False,False,False,False,False,False,True,False,False,False,False,False,True,False,False,1
99,0,999999.0,875.0,57553.0,1,1,1,1,0,0,0,0,0,0,1,1,4,2,0,1,26,24,0,57,0,0,7,0,24,44,20953.0,15100.0,0.0,0,0.0,1504.0,0.0,450.0,0,0,True,False,False,False,True,False,False,True,False,False,False,False,False,False,False,False,False,False,False,False,True,False,False,False,False,False,False,True,False,False,True,False,False,False,1
99,0,999999.0,725.0,6000.0,1,0,0,0,0,0,0,0,0,0,0,0,1,0,0,1,99,99,0,89,0,0,8,0,0,0,6000.0,0.0,0.0,0,6000.0,0.0,0.0,101.0,1,1,True,False,False,False,True,False,False,True,False,False,False,True,False,False,False,False,False,False,False,False,False,False,False,False,False,False,False,True,False,True,False,False,False,False,1
99,1,350000.0,0.0,24600.0,1,1,1,1,0,0,0,0,0,0,2,1,3,1,0,1,8,8,0,37,1,0,8,0,41,68,24600.0,20400.0,0.0,0,0.0,0.0,0.0,246.0,0,5,True,False,False,False,True,False,False,True,False,False,False,True,False,False,False,False,False,False,False,False,False,False,False,True,False,False,False,False,False,False,True,False,False,False,1
99,1,187500.0,0.0,95613.0,2,3,3,2,0,0,0,0,0,0,9,1,13,2,1,1,10,3,0,24,0,0,6,0,13,10,5400.0,5400.0,0.0,0,0.0,0.0,0.0,372.0,1,0,True,False,False,False,True,False,False,True,False,False,False,False,False,False,False,False,False,False,False,True,False,False,False,False,False,False,False,True,False,False,True,False,False,False,1
99,1,137500.0,0.0,50500.0,1,0,1,0,0,0,0,0,0,0,0,0,3,2,1,1,10,0,0,35,0,0,8,0,31,65,50500.0,47000.0,0.0,0,0.0,0.0,3600.0,501.0,0,6,True,False,False,False,True,False,False,True,False,False,False,True,False,False,False,False,False,False,False,False,False,False,True,False,False,False,False,False,True,False,False,False,False,False,1
99,1,225000.0,0.0,78339.0,1,1,0,0,0,0,0,0,0,0,1,1,2,0,0,1,99,99,0,74,0,0,7,0,0,0,26124.0,0.0,0.0,0,0.0,3215.0,0.0,501.0,0,0,True,False,False,False,True,False,False,True,False,False,False,False,False,False,False,False,False,False,False,False,True,False,False,False,False,False,False,True,False,False,True,False,False,False,1
99,0,999999.0,625.0,6000.0,1,1,1,1,2,0,1,1,0,1,0,0,8,0,0,1,99,99,5,11,1,1,2,1,0,0,0.0,999999.0,999999.0,999999,99999.0,99999.0,99999.0,28.0,1,0,True,False,False,False,True,False,False,True,True,False,False,False,False,False,False,False,False,False,False,False,False,False,False,False,False,False,False,True,False,False,False,True,False,False,1
99,1,137500.0,0.0,61961.0,1,1,2,1,2,0,1,1,0,1,0,0,12,0,0,1,99,99,5,17,1,1,5,1,20,8,6000.0,6000.0,0.0,0,0.0,0.0,0.0,249.0,1,0,True,False,False,False,True,False,False,True,True,False,False,False,False,False,False,False,False,False,False,False,False,False,False,False,False,False,False,True,False,False,False,True,False,False,1
99,0,999999.0,575.0,27111.0,2,1,1,1,2,0,1,1,0,1,0,0,6,0,0,1,99,99,2,1,0,0,7,0,0,0,0.0,999999.0,999999.0,999999,99999.0,99999.0,99999.0,159.0,1,0,True,False,False,False,True,False,False,True,True,False,False,False,False,False,False,False,False,False,False,False,False,False,False,False,False,False,False,True,False,False,False,True,False,False,1
99,0,999999.0,0.0,999999.0,1,0,0,0,0,0,0,0,0,0,0,0,1,0,0,1,99,99,0,30,0,0,5,0,0,0,0.0,0.0,0.0,0,0.0,0.0,0.0,0.0,1,0,False,False,True,False,False,True,False,True,False,False,False,False,False,True,False,False,False,False,False,False,False,False,False,False,False,False,False,True,False,False,False,True,False,False,1
99,0,999999.0,362.0,18200.0,1,1,1,1,2,0,1,1,0,1,0,0,4,0,0,1,99,99,1,4,0,0,0,0,0,0,0.0,999999.0,999999.0,999999,99999.0,99999.0,99999.0,145.0,1,0,True,False,False,False,True,False,False,True,True,False,False,False,False,False,False,False,False,False,False,False,False,False,False,False,False,False,False,True,False,False,False,True,False,False,1
99,1,137500.0,0.0,58000.0,1,1,0,0,0,0,0,0,0,0,2,1,2,0,0,1,99,99,0,61,1,0,6,0,25,19,22000.0,22000.0,0.0,0,0.0,0.0,0.0,501.0,1,2,True,False,False,False,True,False,False,True,False,False,False,True,False,False,False,False,False,False,False,False,False,False,False,False,False,False,False,True,False,False,True,False,False,False,1
99,0,999999.0,675.0,59100.0,1,1,1,1,2,0,1,1,0,1,0,0,3,0,0,1,99,99,0,7,0,1,1,1,0,0,0.0,999999.0,999999.0,999999,99999.0,99999.0,99999.0,501.0,1,0,True,False,False,False,True,False,False,True,True,False,False,False,False,False,False,False,False,False,False,False,False,False,False,False,False,False,False,True,False,False,False,True,False,False,1
99,1,400000.0,0.0,74886.0,2,1,0,0,0,0,0,0,0,0,0,0,1,0,0,2,99,99,0,54,1,0,8,0,48,87,4300.0,4300.0,0.0,0,0.0,0.0,0.0,67.0,1,0,True,False,False,False,True,False,False,True,False,False,False,False,False,True,False,False,False,False,False,False,False,False,False,True,False,False,False,False,False,True,False,False,False,False,1
99,1,162500.0,0.0,69917.0,1,1,1,1,0,0,0,0,0,0,2,1,5,3,0,1,25,12,0,45,1,0,7,0,25,44,30000.0,30000.0,0.0,0,0.0,0.0,0.0,447.0,0,6,True,False,False,False,True,False,False,True,False,False,False,True,False,False,False,False,False,False,False,False,False,False,False,False,False,False,False,True,False,False,True,False,False,False,1
99,0,999999.0,412.0,16954.0,1,1,1,1,0,0,0,0,0,0,2,1,5,3,0,1,30,17,0,58,0,0,1,0,14,26,0.0,0.0,0.0,0,0.0,0.0,0.0,108.0,0,0,True,False,False,False,True,False,False,True,False,False,False,False,False,False,False,True,False,False,False,False,False,False,False,False,False,False,False,True,False,False,True,False,False,False,1
99,0,999999.0,725.0,15730.0,1,1,1,1,2,0,1,1,0,1,0,0,5,0,0,1,99,99,2,0,1,0,7,0,0,0,0.0,999999.0,999999.0,999999,99999.0,99999.0,99999.0,106.0,1,0,True,False,False,False,True,False,False,True,True,False,False,False,False,False,False,False,False,False,False,False,False,False,False,False,False,False,False,True,False,False,False,True,False,False,1
99,0,999999.0,725.0,46500.0,1,1,1,1,2,0,1,1,0,1,0,0,4,0,0,1,99,99,1,1,0,0,7,0,0,0,0.0,999999.0,999999.0,999999,99999.0,99999.0,99999.0,370.0,1,0,True,False,False,False,True,False,False,True,True,False,False,False,False,False,False,False,False,False,False,False,False,False,False,False,False,False,False,True,False,False,False,True,False,False,1
99,0,999999.0,462.0,16000.0,1,1,1,1,0,0,0,0,0,0,2,1,5,2,1,1,11,2,0,36,1,0,3,0,20,8,10000.0,10000.0,0.0,0,0.0,0.0,0.0,105.0,0,5,True,False,False,False,True,False,False,True,False,False,False,True,False,False,False,False,False,False,False,False,False,False,False,False,False,False,False,True,False,False,True,False,False,False,1
99,0,999999.0,875.0,27600.0,1,1,1,1,0,0,0,0,0,0,0,0,11,0,0,1,99,99,0,26,1,0,6,0,18,8,20000.0,20000.0,0.0,0,0.0,0.0,0.0,110.0,1,0,True,False,False,False,True,False,False,True,False,False,False,False,False,False,True,False,False,False,False,False,False,False,False,False,False,False,False,True,False,False,False,True,False,False,0
99,0,999999.0,412.0,12100.0,1,0,0,1,0,0,0,0,0,0,0,0,4,2,0,1,18,5,0,35,1,0,0,0,18,19,11500.0,11500.0,0.0,0,0.0,0.0,0.0,93.0,1,2,True,False,False,False,True,False,False,True,False,False,False,True,False,False,False,False,False,False,False,False,False,False,False,False,False,False,False,True,False,False,False,True,False,False,1
99,1,187500.0,0.0,61700.0,1,1,0,0,0,0,0,0,0,0,1,1,2,0,0,1,99,99,0,44,0,0,7,0,41,68,49700.0,49000.0,0.0,0,0.0,0.0,0.0,501.0,0,0,True,False,False,False,True,False,False,True,False,False,False,False,False,False,False,False,False,False,False,False,True,False,False,False,False,False,False,True,False,False,True,False,False,False,1
99,1,85000.0,0.0,43200.0,1,0,1,0,1,0,1,0,0,0,0,0,4,0,0,1,99,99,2,19,1,0,6,0,25,18,3200.0,3200.0,0.0,0,0.0,0.0,0.0,344.0,0,0,True,False,False,False,True,False,False,True,True,False,False,False,False,False,False,False,False,False,False,False,False,False,True,False,False,False,False,False,False,False,False,True,False,False,1
99,0,999999.0,575.0,58400.0,1,1,1,0,0,0,0,0,0,0,3,2,4,0,0,1,99,99,0,37,1,0,7,0,31,33,28000.0,28000.0,0.0,0,0.0,0.0,0.0,457.0,0,0,True,False,False,False,True,False,False,True,False,True,False,False,False,False,False,False,False,False,False,False,False,False,False,False,False,True,False,False,False,False,True,False,False,False,0
99,1,350000.0,0.0,40000.0,1,1,1,1,2,0,1,1,0,1,0,0,3,0,0,1,99,99,0,21,0,0,7,0,0,0,0.0,0.0,0.0,0,0.0,0.0,0.0,412.0,1,0,True,False,False,False,True,False,False,True,True,False,False,False,False,False,False,False,False,False,False,False,False,False,False,True,False,False,False,False,False,False,False,True,False,False,1
99,0,999999.0,875.0,25000.0,1,0,2,0,2,0,5,0,0,0,0,0,3,0,0,1,99,99,0,3,1,0,0,0,0,0,0.0,999999.0,999999.0,999999,99999.0,99999.0,99999.0,250.0,1,0,True,False,False,False,True,False,False,True,False,False,True,False,False,False,False,False,False,False,False,False,False,False,False,False,False,False,False,True,False,False,False,True,False,False,1
99,0,999999.0,387.0,6276.0,1,0,0,0,0,0,0,0,0,0,0,0,1,0,0,1,99,99,0,40,1,0,7,0,0,0,6276.0,0.0,0.0,0,5100.0,1176.0,0.0,97.0,1,1,True,False,False,False,True,False,False,True,False,False,False,True,False,False,False,False,False,False,False,False,False,False,False,False,False,False,False,True,False,False,False,True,False,False,1
99,0,999999.0,412.0,0.0,1,1,1,1,2,0,1,1,0,1,0,0,3,0,0,1,99,99,0,4,0,0,0,0,0,0,0.0,999999.0,999999.0,999999,99999.0,99999.0,99999.0,1.0,1,0,True,False,False,False,True,False,False,True,True,False,False,False,False,False,False,False,False,False,False,False,False,False,True,False,False,False,False,False,False,False,False,True,False,False,1
99,1,275000.0,0.0,8721.0,1,0,1,0,0,0,0,0,0,0,0,0,2,1,0,1,35,35,0,79,0,0,8,0,0,0,8516.0,0.0,0.0,0,8446.0,0.0,0.0,116.0,0,7,True,False,False,False,True,False,False,True,False,False,False,True,False,False,False,False,False,False,False,False,False,False,False,False,False,False,False,True,False,False,False,False,False,True,1
99,1,225000.0,0.0,59186.0,1,1,1,1,2,0,1,1,0,1,0,0,4,0,0,1,99,99,1,19,0,1,6,1,11,16,1135.0,1135.0,0.0,0,0.0,0.0,0.0,455.0,0,0,True,False,False,False,True,False,False,True,True,False,False,False,False,False,False,False,False,False,False,False,False,False,False,False,False,False,False,True,False,False,False,True,False,False,1
99,0,999999.0,875.0,38600.0,1,1,0,0,0,0,0,0,0,0,1,1,2,0,0,1,99,99,0,72,0,0,5,0,30,44,18600.0,15000.0,0.0,0,0.0,0.0,0.0,501.0,1,0,True,False,False,False,True,False,False,True,False,False,False,False,False,False,False,False,False,False,False,False,True,False,False,False,False,False,False,True,False,False,True,False,False,False,1
99,0,999999.0,537.0,34520.0,1,1,1,1,2,0,1,1,3,1,0,0,6,0,0,1,99,99,2,21,0,1,6,1,26,72,6000.0,6000.0,0.0,0,0.0,0.0,0.0,194.0,1,0,True,False,False,False,True,False,False,True,True,False,False,False,False,False,False,False,False,False,False,False,False,False,False,False,False,False,False,True,False,False,False,True,False,False,1
99,0,999999.0,625.0,40000.0,1,0,0,0,0,0,0,0,0,0,0,0,1,0,0,1,99,99,0,34,1,1,8,1,25,44,40000.0,0.0,40000.0,0,0.0,0.0,0.0,501.0,1,1,True,False,False,False,True,False,False,True,False,False,False,True,False,False,False,False,False,False,False,False,False,False,False,True,False,False,False,False,True,False,False,False,False,False,1
99,0,999999.0,1.0,102000.0,1,0,0,0,0,0,0,0,0,0,0,0,2,0,0,1,99,99,1,28,1,0,7,0,41,68,34000.0,34000.0,0.0,0,0.0,0.0,0.0,501.0,0,7,True,False,False,False,True,False,False,True,False,False,False,True,False,False,False,False,False,False,False,False,False,False,False,False,False,False,False,True,False,False,False,True,False,False,1
99,1,187500.0,0.0,112600.0,1,1,1,1,2,0,1,1,0,1,0,0,4,0,0,1,99,99,1,21,1,0,7,0,31,65,3800.0,0.0,3500.0,0,0.0,0.0,0.0,501.0,0,0,True,False,False,False,True,False,False,True,True,False,False,False,False,False,False,False,False,False,False,False,False,False,False,False,False,False,False,True,False,False,False,True,False,False,1
99,1,350000.0,0.0,48000.0,1,1,1,1,0,0,0,0,0,0,2,1,3,1,0,1,24,24,0,56,1,0,2,0,16,15,16000.0,16000.0,0.0,0,0.0,0.0,0.0,495.0,0,6,True,False,False,False,True,False,False,True,False,False,False,True,False,False,False,False,False,False,False,False,False,False,False,True,False,False,False,False,False,False,True,False,False,False,1
99,0,999999.0,625.0,13031.0,3,1,1,2,5,0,3,4,0,3,0,0,5,0,0,3,99,99,2,4,0,0,0,0,0,0,0.0,999999.0,999999.0,999999,99999.0,99999.0,99999.0,10.0,1,0,True,False,False,False,True,False,False,True,False,False,False,False,False,True,False,False,False,False,False,False,False,False,False,False,False,False,False,True,False,False,False,True,False,False,1
99,1,225000.0,0.0,62560.0,1,0,1,0,0,0,0,0,0,0,0,0,5,0,0,1,99,99,2,35,0,0,7,0,22,61,25000.0,25000.0,0.0,0,0.0,0.0,0.0,412.0,0,0,True,False,False,False,True,False,False,True,False,False,False,False,False,False,False,False,False,False,True,False,False,False,True,False,False,False,False,False,True,False,False,False,False,False,1
99,1,137500.0,0.0,44400.0,1,1,1,1,0,0,0,0,0,0,1,1,3,1,0,1,23,23,0,50,0,0,5,0,14,26,5000.0,5000.0,0.0,0,0.0,0.0,0.0,458.0,0,0,True,False,False,False,True,False,False,True,False,False,False,False,False,False,False,False,False,False,False,False,True,False,False,False,False,False,False,True,False,False,True,False,False,False,0
99,1,400000.0,0.0,108552.0,1,1,2,1,4,0,1,0,0,0,2,1,4,1,0,1,37,37,0,64,1,0,6,0,27,39,53196.0,0.0,0.0,0,9410.0,0.0,0.0,501.0,0,6,True,False,False,False,True,False,False,True,False,False,False,True,False,False,False,False,False,False,False,False,False,False,False,False,False,False,False,True,False,False,True,False,False,False,1
99,0,999999.0,625.0,6876.0,2,0,1,0,1,0,1,0,0,0,0,0,4,0,0,1,99,99,1,17,1,1,5,1,0,0,0.0,0.0,0.0,0,0.0,0.0,0.0,55.0,1,0,True,False,False,False,True,False,False,True,True,False,False,False,False,False,False,False,False,False,False,False,False,False,False,False,False,False,False,True,False,False,False,True,False,False,1
99,1,187500.0,0.0,39328.0,1,1,0,0,0,0,0,0,0,0,2,1,2,0,0,1,99,99,0,73,1,0,6,0,0,0,18000.0,0.0,0.0,0,8000.0,0.0,0.0,501.0,0,8,True,False,False,False,True,False,False,True,False,False,False,True,False,False,False,False,False,False,False,False,False,False,False,False,False,False,False,True,False,False,True,False,False,False,1
99,0,999999.0,212.0,6600.0,1,0,0,0,0,0,0,0,0,0,0,0,1,0,0,1,99,99,0,89,0,0,0,0,0,0,6600.0,0.0,0.0,0,3600.0,3000.0,0.0,111.0,0,5,True,False,False,False,True,False,False,True,False,False,False,True,False,False,False,False,False,False,False,False,False,False,False,False,False,False,False,True,False,False,False,False,False,True,1
99,0,999999.0,625.0,28600.0,1,2,1,1,2,0,1,1,0,1,0,0,7,0,0,1,99,99,2,2,1,0,7,0,0,0,0.0,999999.0,999999.0,999999,99999.0,99999.0,99999.0,144.0,1,0,True,False,False,False,True,False,False,True,True,False,False,False,False,False,False,False,False,False,False,False,False,False,False,False,False,False,False,True,False,False,False,True,False,False,1
99,0,999999.0,875.0,72800.0,1,1,1,1,0,0,0,0,0,0,2,1,5,3,0,1,25,13,0,51,1,0,6,0,24,19,32800.0,26000.0,0.0,0,0.0,0.0,6800.0,480.0,1,1,True,False,False,False,True,False,False,True,False,False,False,True,False,False,False,False,False,False,False,False,False,False,True,False,False,False,False,False,False,False,True,False,False,False,1
99,1,225000.0,0.0,40000.0,1,1,1,1,2,0,1,1,0,1,0,0,7,0,0,1,99,99,4,19,1,1,6,1,0,0,0.0,0.0,0.0,0,0.0,0.0,0.0,202.0,0,0,True,False,False,False,True,False,False,True,True,False,False,False,False,False,False,False,False,False,False,False,False,False,False,False,False,False,False,True,False,False,False,True,False,False,1
99,1,95000.0,0.0,28130.0,1,1,1,1,0,0,0,0,0,0,1,1,4,2,1,1,19,3,0,42,0,1,7,1,0,0,0.0,0.0,0.0,0,0.0,0.0,0.0,216.0,1,0,True,False,False,False,True,False,False,True,False,False,False,False,False,False,False,False,False,False,False,False,True,False,False,False,False,True,False,False,False,False,True,False,False,False,1
99,0,999999.0,1000.0,27700.0,1,0,1,0,0,0,0,0,0,0,0,0,2,1,0,1,22,22,0,60,0,0,8,0,22,51,19000.0,19000.0,0.0,0,0.0,0.0,0.0,334.0,0,6,True,False,False,False,True,False,False,True,False,False,False,True,False,False,False,False,False,False,False,False,False,False,False,False,False,False,False,True,False,False,False,False,False,True,1
99,1,225000.0,0.0,45629.0,1,1,1,1,0,0,0,0,0,0,2,1,3,1,0,1,20,20,0,48,1,0,7,0,0,0,0.0,0.0,0.0,0,0.0,0.0,0.0,470.0,0,7,True,False,False,False,True,False,False,True,False,False,False,True,False,False,False,False,False,False,False,False,False,False,False,False,False,False,False,True,False,False,True,False,False,False,1
99,1,77500.0,0.0,80928.0,1,1,0,0,0,0,0,0,0,0,1,1,2,0,0,1,99,99,0,75,0,0,7,0,0,0,11584.0,0.0,0.0,0,9154.0,2430.0,0.0,501.0,0,0,True,False,False,False,True,False,False,True,False,False,False,False,False,False,False,False,False,False,False,False,True,False,False,False,False,False,False,True,False,False,True,False,False,False,1
99,0,999999.0,725.0,46050.0,1,0,1,0,0,0,0,0,0,0,0,0,4,3,0,1,24,18,0,46,0,0,3,0,6,7,17020.0,17000.0,0.0,0,0.0,0.0,0.0,360.0,1,1,True,False,False,False,True,False,False,True,False,False,False,True,False,False,False,False,False,False,False,False,False,False,False,False,False,False,False,True,False,False,False,False,True,False,1
99,0,999999.0,512.0,28600.0,1,1,1,1,0,0,0,0,0,0,1,1,5,3,0,1,11,6,0,34,0,0,8,0,26,72,8800.0,8800.0,0.0,0,0.0,0.0,0.0,193.0,0,0,True,False,False,False,True,False,False,True,False,False,False,False,False,False,False,False,False,False,False,False,True,False,False,False,False,False,False,True,False,False,True,False,False,False,1
99,1,275000.0,0.0,50.0,1,1,1,1,2,0,1,1,0,1,0,0,5,0,0,1,99,99,2,2,0,0,7,0,0,0,0.0,999999.0,999999.0,999999,99999.0,99999.0,99999.0,1.0,1,0,True,False,False,False,True,False,False,True,True,False,False,False,False,False,False,False,False,False,False,False,False,False,False,False,False,False,False,True,False,False,False,True,False,False,1
99,1,400000.0,0.0,143000.0,1,1,0,0,0,0,0,0,0,0,2,1,2,0,0,1,99,99,0,35,1,0,8,0,41,68,124000.0,120000.0,0.0,0,0.0,0.0,0.0,501.0,1,1,True,False,False,False,True,False,False,True,False,False,False,True,False,False,False,False,False,False,False,False,False,False,False,False,False,False,False,True,False,False,True,False,False,False,1
99,1,225000.0,0.0,29600.0,2,2,2,2,0,0,0,0,0,0,5,3,9,2,2,1,1,0,0,18,0,0,2,0,0,0,0.0,0.0,0.0,0,0.0,0.0,0.0,115.0,1,0,True,False,False,False,True,False,False,True,False,False,False,False,False,False,False,False,False,False,False,True,False,False,False,False,False,False,False,True,False,False,True,False,False,False,1
99,1,400000.0,0.0,74600.0,2,1,1,1,0,0,0,0,0,0,2,1,4,2,1,1,7,1,0,40,1,0,7,0,35,68,70000.0,60000.0,0.0,0,0.0,0.0,0.0,501.0,1,2,True,False,False,False,True,False,False,True,False,False,False,True,False,False,False,False,False,False,False,False,False,False,False,False,False,False,False,True,False,False,True,False,False,False,1
99,0,999999.0,462.0,200516.0,1,0,0,0,0,0,0,0,0,0,0,0,1,0,0,1,99,99,0,36,1,0,8,0,41,68,200516.0,195516.0,0.0,0,0.0,0.0,0.0,501.0,0,5,True,False,False,False,True,False,False,True,False,False,False,True,False,False,False,False,False,False,False,False,False,False,False,False,False,False,False,True,False,False,False,True,False,False,1
99,0,999999.0,675.0,36706.0,1,1,1,2,0,0,0,1,0,1,0,0,6,0,0,1,99,99,2,13,1,0,2,0,0,0,0.0,999999.0,999999.0,999999,99999.0,99999.0,99999.0,215.0,1,0,True,False,False,False,True,False,False,True,True,False,False,False,False,False,False,False,False,False,False,False,False,False,False,False,False,False,False,True,False,False,False,True,False,False,1
99,1,350000.0,0.0,97400.0,1,1,1,1,0,0,0,0,0,0,2,1,3,1,0,1,35,35,0,61,1,0,6,0,25,15,50000.0,47000.0,0.0,0,0.0,0.0,0.0,501.0,0,7,True,False,False,False,True,False,False,True,False,False,False,True,False,False,False,False,False,False,False,False,False,False,False,False,False,False,False,True,False,False,True,False,False,False,1
99,1,350000.0,0.0,228625.0,1,1,1,1,0,0,0,0,0,0,1,1,3,1,0,1,20,20,0,56,0,0,6,0,22,61,14040.0,14040.0,0.0,0,0.0,0.0,0.0,501.0,0,0,True,False,False,False,True,False,False,True,False,False,False,False,False,False,False,False,False,False,False,False,True,False,False,False,False,False,False,True,False,False,True,False,False,False,1
99,0,999999.0,675.0,40000.0,1,1,1,1,2,0,1,1,0,1,0,0,3,0,0,1,99,99,0,2,1,0,7,0,0,0,0.0,999999.0,999999.0,999999,99999.0,99999.0,99999.0,401.0,1,0,True,False,False,False,True,False,False,True,True,False,False,False,False,False,False,False,False,False,False,False,False,False,True,False,False,False,False,False,False,False,False,True,False,False,1
99,1,187500.0,0.0,77000.0,1,1,1,1,0,0,0,0,0,0,2,1,3,1,1,1,0,0,0,41,1,0,8,0,31,65,32000.0,32000.0,0.0,0,0.0,0.0,0.0,501.0,1,1,True,False,False,False,True,False,False,True,False,False,False,True,False,False,False,False,False,False,False,False,False,False,False,False,False,False,False,True,False,False,True,False,False,False,1
99,1,350000.0,0.0,43105.0,1,1,1,1,2,0,1,1,0,1,0,0,11,0,0,1,99,99,8,11,1,1,1,2,0,0,0.0,999999.0,999999.0,999999,99999.0,99999.0,99999.0,180.0,0,0,True,False,False,False,True,False,False,True,True,False,False,False,False,False,False,False,False,False,False,False,False,False,False,False,False,False,False,True,False,False,False,True,False,False,1
99,1,187500.0,0.0,36250.0,1,1,1,1,1,0,1,2,0,1,0,0,5,0,0,1,99,99,1,19,1,1,7,1,25,52,3200.0,3200.0,0.0,0,0.0,0.0,0.0,232.0,1,0,True,False,False,False,True,False,False,True,True,False,False,False,False,False,False,False,False,False,False,False,False,False,False,False,False,False,False,True,False,False,False,True,False,False,1
99,1,137500.0,0.0,66688.0,2,0,0,1,0,0,0,1,0,1,0,0,5,0,0,1,99,99,3,26,0,0,4,0,0,0,9888.0,0.0,0.0,0,0.0,9888.0,0.0,432.0,1,0,True,False,False,False,True,False,False,True,True,False,False,False,False,False,False,False,False,False,False,False,False,False,False,False,False,False,False,True,False,False,False,True,False,False,1
99,0,999999.0,675.0,18000.0,3,2,1,1,0,0,0,0,0,0,1,1,2,0,0,1,99,99,0,22,0,0,0,0,0,0,0.0,0.0,0.0,0,0.0,0.0,0.0,217.0,1,0,True,False,False,False,True,False,False,True,False,False,False,False,False,False,False,False,False,False,False,False,True,False,False,False,False,False,False,True,False,False,True,False,False,False,1
99,1,275000.0,0.0,22000.0,1,0,2,0,1,0,1,0,0,0,0,0,3,1,1,1,2,2,0,28,0,0,7,0,29,48,7000.0,7000.0,0.0,0,0.0,0.0,0.0,220.0,1,0,True,False,False,False,True,False,False,True,True,False,False,False,False,False,False,False,False,False,False,False,False,False,False,False,False,False,False,True,True,False,False,False,False,False,1
99,0,999999.0,725.0,39200.0,1,1,1,1,2,0,1,1,0,1,0,0,4,0,0,1,99,99,1,26,1,0,8,0,33,60,18000.0,15000.0,3000.0,0,0.0,0.0,0.0,306.0,1,0,True,False,False,False,True,False,False,True,True,False,False,False,False,False,False,False,False,False,False,False,False,False,False,False,False,True,False,False,False,False,False,True,False,False,1
99,1,162500.0,0.0,23000.0,1,1,0,0,0,0,0,0,0,0,1,1,2,0,0,1,99,99,0,66,0,0,6,0,0,0,10000.0,0.0,0.0,0,2000.0,0.0,0.0,307.0,0,0,True,False,False,False,True,False,False,True,False,False,False,False,False,False,False,False,False,False,False,False,True,False,False,False,False,False,False,True,False,False,True,False,False,False,1
99,0,999999.0,487.0,5500.0,2,0,1,0,0,0,0,0,0,0,0,0,1,0,0,2,99,99,0,33,1,0,1,0,23,18,14000.0,14000.0,0.0,0,0.0,0.0,0.0,217.0,1,0,True,False,False,False,True,False,False,True,False,False,False,False,False,False,False,False,False,True,False,False,False,False,False,False,False,False,False,True,False,False,False,True,False,False,1
99,1,400000.0,0.0,60760.0,1,1,0,0,0,0,0,0,0,0,2,1,2,0,0,1,99,99,0,78,1,0,7,0,42,84,36900.0,0.0,23700.0,0,13200.0,0.0,0.0,501.0,0,7,True,False,False,False,True,False,False,True,False,False,False,True,False,False,False,False,False,False,False,False,False,False,False,False,False,False,False,True,False,False,True,False,False,False,1
99,0,999999.0,212.0,14000.0,1,1,1,1,0,0,0,0,0,0,2,2,4,2,1,1,10,2,0,34,0,1,7,1,26,72,14000.0,14000.0,0.0,0,0.0,0.0,0.0,111.0,0,6,True,False,False,False,True,False,False,True,False,False,False,True,False,False,False,False,False,False,False,False,False,False,False,False,False,False,False,True,False,False,True,False,False,False,1
99,1,275000.0,0.0,18200.0,1,2,2,2,6,0,1,5,0,1,2,1,6,2,1,1,5,4,0,33,1,0,7,0,22,51,18200.0,18000.0,0.0,0,0.0,0.0,0.0,104.0,0,5,True,False,False,False,True,False,False,True,False,False,False,True,False,False,False,False,False,False,False,False,False,False,False,True,False,False,False,False,False,False,True,False,False,False,1
99,1,137500.0,0.0,0.0,1,1,1,0,0,0,0,0,0,0,1,1,4,0,0,1,99,99,0,68,0,0,4,0,0,0,0.0,0.0,0.0,0,0.0,0.0,0.0,1.0,0,0,True,False,False,False,True,False,False,True,False,False,False,False,False,False,False,False,False,False,False,False,True,False,True,False,False,False,False,False,False,False,True,False,False,False,1
99,0,999999.0,725.0,40000.0,2,0,1,1,3,0,3,0,0,0,0,0,3,0,0,2,99,99,1,12,0,1,2,1,0,0,0.0,999999.0,999999.0,999999,99999.0,99999.0,99999.0,300.0,1,0,True,False,False,False,True,False,False,True,False,False,False,False,False,True,False,False,False,False,False,False,False,False,False,False,False,False,False,True,False,False,False,True,False,False,1
99,1,400000.0,0.0,41176.0,1,0,1,0,1,0,1,0,0,0,0,0,4,0,0,1,99,99,2,9,0,1,1,2,0,0,0.0,999999.0,999999.0,999999,99999.0,99999.0,99999.0,326.0,1,0,True,False,False,False,True,False,False,True,True,False,False,False,False,False,False,False,False,False,False,False,False,False,False,False,False,False,False,True,False,False,False,True,False,False,1
99,0,999999.0,187.0,510.0,1,0,0,0,0,0,0,0,0,0,0,0,1,0,0,1,99,99,0,64,1,0,8,0,33,48,510.0,0.0,0.0,0,510.0,0.0,0.0,8.0,1,1,True,False,False,False,True,False,False,True,False,False,False,True,False,False,False,False,False,False,False,False,False,False,False,False,False,False,False,True,False,False,False,False,True,False,1
99,0,999999.0,282.0,4273.0,1,0,1,0,1,0,1,0,0,0,0,0,2,0,0,1,99,99,0,32,1,0,6,0,0,0,3588.0,0.0,0.0,0,3240.0,348.0,0.0,51.0,0,0,True,False,False,False,True,False,False,True,True,False,False,False,False,False,False,False,False,False,False,False,False,False,False,False,False,False,False,True,False,False,False,True,False,False,1
99,1,187500.0,0.0,41489.0,2,2,1,1,0,0,0,0,0,0,2,1,4,2,0,1,18,15,0,42,1,0,7,0,31,33,32199.0,32199.0,0.0,0,0.0,0.0,0.0,319.0,1,2,True,False,False,False,True,False,False,True,False,False,False,True,False,False,False,False,False,False,False,False,False,False,False,False,False,False,False,True,False,False,True,False,False,False,1
99,1,162500.0,0.0,41800.0,2,1,2,1,0,0,0,0,0,0,1,1,6,3,0,1,20,11,0,41,0,0,6,0,24,44,3000.0,3000.0,0.0,0,0.0,0.0,0.0,245.0,1,0,True,False,False,False,True,False,False,True,False,False,False,False,False,False,False,False,False,False,False,False,True,False,True,False,False,False,False,False,False,False,True,False,False,False,0
99,0,999999.0,575.0,10000.0,1,1,1,1,0,0,0,0,0,0,0,0,6,0,0,1,99,99,1,21,1,0,2,0,30,24,0.0,0.0,0.0,0,0.0,0.0,0.0,57.0,1,0,True,False,False,False,True,False,False,True,False,False,False,False,False,False,False,False,False,False,False,True,False,False,False,False,False,False,False,True,False,True,False,False,False,False,1
99,0,999999.0,575.0,44600.0,1,1,0,0,0,0,0,0,0,0,1,1,2,0,0,1,99,99,0,55,0,0,6,0,24,47,10000.0,10000.0,0.0,0,0.0,0.0,0.0,501.0,0,0,True,False,False,False,True,False,False,True,False,False,False,False,False,False,False,False,False,False,False,False,True,False,False,False,False,False,False,True,False,False,True,False,False,False,1
99,1,162500.0,0.0,23666.0,1,1,0,0,0,0,0,0,0,0,2,2,2,0,0,1,99,99,0,66,0,0,6,0,35,66,13666.0,13666.0,0.0,0,0.0,0.0,0.0,316.0,0,7,True,False,False,False,True,False,False,True,False,False,False,True,False,False,False,False,False,False,False,False,False,False,True,False,False,False,False,False,False,False,True,False,False,False,1
99,1,350000.0,0.0,68540.0,1,1,1,1,0,0,0,0,0,0,2,1,4,2,0,1,17,15,0,48,1,0,8,0,46,84,67700.0,60000.0,7700.0,0,0.0,0.0,0.0,501.0,0,6,True,False,False,False,True,False,False,True,False,False,False,True,False,False,False,False,False,False,False,False,False,False,False,False,False,False,False,True,False,False,True,False,False,False,1
99,0,999999.0,875.0,29000.0,1,0,1,0,0,0,0,0,0,0,0,0,2,1,0,1,29,29,0,49,0,1,8,2,36,66,15000.0,15000.0,0.0,0,0.0,0.0,0.0,349.0,1,1,True,False,False,False,True,False,False,True,False,False,False,True,False,False,False,False,False,False,False,False,False,False,False,True,False,False,False,False,False,True,False,False,False,False,1
99,0,999999.0,462.0,24178.0,1,1,1,1,2,0,1,1,0,1,0,0,3,0,0,1,99,99,0,8,0,0,0,0,0,0,0.0,999999.0,999999.0,999999,99999.0,99999.0,99999.0,242.0,1,0,True,False,False,False,True,False,False,True,True,False,False,False,False,False,False,False,False,False,False,False,False,False,False,False,False,False,False,True,False,False,False,True,False,False,1
99,1,187500.0,0.0,48000.0,1,1,1,1,1,0,1,2,0,1,0,0,5,0,0,1,99,99,2,14,0,1,2,1,0,0,0.0,999999.0,999999.0,999999,99999.0,99999.0,99999.0,324.0,0,0,True,False,False,False,True,False,False,True,True,False,False,False,False,False,False,False,False,False,False,False,False,False,True,False,False,False,False,False,False,False,False,True,False,False,1
99,1,225000.0,0.0,22200.0,1,1,1,1,2,0,1,1,0,1,0,0,6,0,0,1,99,99,1,6,1,1,0,1,0,0,0.0,999999.0,999999.0,999999,99999.0,99999.0,99999.0,130.0,0,0,True,False,False,False,True,False,False,True,True,False,False,False,False,False,False,False,False,False,False,False,False,False,False,False,True,False,False,False,False,False,False,True,False,False,1
99,0,999999.0,575.0,28000.0,3,0,0,0,0,0,0,0,0,0,0,0,1,0,0,2,99,99,0,50,0,0,6,0,20,9,10300.0,9100.0,0.0,0,0.0,0.0,0.0,160.0,0,0,True,False,False,False,True,False,False,True,False,False,False,False,False,False,False,False,False,True,False,False,False,False,False,False,False,False,False,True,True,False,False,False,False,False,1
99,1,225000.0,0.0,77000.0,1,1,0,0,0,0,0,0,0,0,2,1,2,0,0,1,99,99,0,62,1,0,8,0,31,65,62000.0,44000.0,0.0,0,0.0,0.0,0.0,501.0,1,2,True,False,False,False,True,False,False,True,False,False,False,True,False,False,False,False,False,False,False,False,False,False,False,False,False,False,False,True,False,False,True,False,False,False,1
99,0,999999.0,387.0,216516.0,1,1,1,1,2,0,1,1,0,1,0,0,4,0,0,1,99,99,1,3,0,0,0,0,0,0,0.0,999999.0,999999.0,999999,99999.0,99999.0,99999.0,501.0,1,0,True,False,False,False,True,False,False,True,True,False,False,False,False,False,False,False,False,False,False,False,False,False,False,False,False,False,False,True,False,False,False,True,False,False,1
99,0,999999.0,675.0,63000.0,1,0,0,0,0,0,0,0,0,0,0,0,1,0,0,1,99,99,0,50,1,0,6,0,32,62,63000.0,44000.0,0.0,0,0.0,0.0,0.0,501.0,1,1,True,False,False,False,True,False,False,True,False,False,False,True,False,False,False,False,False,False,False,False,False,False,False,False,False,False,False,True,True,False,False,False,False,False,1
99,0,999999.0,412.0,15328.0,1,0,1,1,1,0,1,0,0,0,0,0,7,0,0,1,99,99,4,18,1,0,4,0,33,48,4000.0,4000.0,0.0,0,0.0,0.0,0.0,80.0,1,0,True,False,False,False,True,False,False,True,True,False,False,False,False,False,False,False,False,False,False,False,False,False,False,False,False,False,False,True,False,False,False,True,False,False,1
99,1,112500.0,0.0,59080.0,1,1,1,1,2,0,1,1,3,1,0,0,4,0,0,1,99,99,1,8,0,1,1,1,0,0,0.0,999999.0,999999.0,999999,99999.0,99999.0,99999.0,470.0,1,0,True,False,False,False,True,False,False,True,True,False,False,False,False,False,False,False,False,False,False,False,False,False,False,False,False,False,False,True,False,False,False,True,False,False,1
99,0,999999.0,875.0,40149.0,1,0,2,0,0,0,0,0,0,0,0,0,5,2,0,1,32,21,0,56,0,0,0,0,17,13,7224.0,0.0,0.0,0,0.0,7224.0,0.0,265.0,1,0,True,False,False,False,True,False,False,True,False,False,False,False,False,False,False,True,False,False,False,False,False,False,True,False,False,False,False,False,False,False,False,False,True,False,1
99,0,999999.0,312.0,8664.0,2,0,0,0,0,0,0,0,0,0,0,0,1,0,0,2,99,99,0,37,1,0,2,0,26,18,0.0,0.0,0.0,0,0.0,0.0,0.0,1.0,0,0,True,False,False,False,True,False,False,True,False,False,False,False,False,False,False,False,False,True,False,False,False,False,False,False,False,False,False,True,False,False,False,True,False,False,1
99,0,999999.0,462.0,9000.0,1,0,0,0,0,0,0,0,0,0,0,0,1,0,0,1,99,99,0,25,1,0,4,0,23,16,9000.0,9000.0,0.0,0,0.0,0.0,0.0,140.0,1,5,True,False,False,False,True,False,False,True,False,False,False,True,False,False,False,False,False,False,False,False,False,False,False,False,False,True,False,False,False,False,False,True,False,False,0
99,0,999999.0,625.0,6876.0,2,0,1,0,0,0,0,0,0,0,0,0,4,2,0,1,17,11,0,44,0,0,3,0,23,18,0.0,0.0,0.0,0,0.0,0.0,0.0,55.0,1,1,True,False,False,False,True,False,False,True,False,False,False,True,False,False,False,False,False,False,False,False,False,False,False,False,False,False,False,True,False,False,False,False,True,False,1
99,0,999999.0,875.0,54333.0,1,0,0,0,0,0,0,0,0,0,0,0,1,0,0,1,99,99,0,49,1,0,7,0,46,84,54333.0,50930.0,0.0,0,0.0,0.0,2640.0,501.0,0,6,True,False,False,False,True,False,False,True,False,False,False,True,False,False,False,False,False,False,False,False,False,False,False,False,False,False,False,True,False,False,False,True,False,False,1
99,0,999999.0,512.0,25900.0,1,1,1,1,0,0,0,0,0,0,1,1,3,1,0,1,8,8,0,39,0,0,0,0,20,8,7900.0,6000.0,0.0,0,0.0,0.0,1900.0,259.0,1,0,True,False,False,False,True,False,False,True,False,False,False,False,False,False,False,False,False,False,False,False,True,False,False,False,False,False,False,True,False,False,True,False,False,False,1
99,1,225000.0,0.0,48000.0,2,3,2,2,0,0,0,0,0,0,0,0,1,0,0,2,99,99,0,49,1,0,6,0,23,18,0.0,0.0,0.0,0,0.0,0.0,0.0,1.0,0,0,True,False,False,False,True,False,False,True,False,False,False,False,False,True,False,False,False,False,False,False,False,False,False,False,False,False,False,True,False,False,False,True,False,False,1
99,0,999999.0,875.0,36480.0,3,1,1,1,0,0,0,0,0,0,0,0,6,0,0,1,99,99,2,35,0,0,8,0,11,22,2400.0,2400.0,0.0,0,0.0,0.0,0.0,205.0,1,0,True,False,False,False,True,False,False,True,False,False,False,False,False,False,False,False,False,False,True,False,False,False,False,False,False,True,False,False,False,True,False,False,False,False,0
99,0,999999.0,725.0,10400.0,1,1,1,1,1,0,1,2,0,1,0,0,3,0,0,1,99,99,0,1,1,0,7,0,0,0,0.0,999999.0,999999.0,999999,99999.0,99999.0,99999.0,104.0,1,0,True,False,False,False,True,False,False,True,True,False,False,False,False,False,False,False,False,False,False,False,False,False,False,False,False,False,False,True,False,False,False,True,False,False,1
99,0,999999.0,675.0,60000.0,1,1,1,1,2,7,1,1,0,1,0,0,3,0,0,1,99,99,0,19,1,0,7,0,20,8,7000.0,7000.0,0.0,0,0.0,0.0,0.0,501.0,1,0,True,False,False,False,True,False,False,True,True,False,False,False,False,False,False,False,False,False,False,False,False,False,False,False,False,False,False,True,False,False,False,True,False,False,1
99,0,999999.0,875.0,92000.0,1,1,0,0,0,0,0,0,0,0,2,2,2,0,0,1,99,99,0,56,0,0,8,0,41,68,36000.0,36000.0,0.0,0,0.0,0.0,0.0,501.0,1,1,True,False,False,False,True,False,False,True,False,False,False,True,False,False,False,False,False,False,False,False,False,False,False,False,False,False,False,True,False,False,True,False,False,False,1
99,0,999999.0,725.0,56800.0,1,1,1,1,0,0,0,0,0,0,2,1,4,2,1,1,9,0,0,33,1,1,7,1,25,36,40000.0,40000.0,0.0,0,0.0,0.0,0.0,452.0,1,1,True,False,False,False,True,False,False,True,False,False,False,True,False,False,False,False,False,False,False,False,False,False,True,False,False,False,False,False,False,False,True,False,False,False,1
99,0,999999.0,625.0,85500.0,1,0,0,0,0,0,0,0,0,0,0,0,2,0,0,1,99,99,1,44,1,0,7,0,32,62,35500.0,35000.0,0.0,0,0.0,0.0,0.0,501.0,1,2,True,False,False,False,True,False,False,True,False,False,False,True,False,False,False,False,False,False,False,False,False,False,False,False,False,False,False,True,True,False,False,False,False,False,1
99,1,137500.0,0.0,30200.0,1,0,0,0,0,0,0,0,0,0,0,0,1,0,0,1,99,99,0,40,0,0,8,0,39,68,30200.0,30000.0,0.0,0,0.0,0.0,0.0,468.0,0,2,True,False,False,False,True,False,False,True,False,False,False,True,False,False,False,False,False,False,False,False,False,False,True,False,False,False,False,False,False,False,False,True,False,False,1
99,1,400000.0,0.0,158603.0,1,1,1,1,2,0,1,1,0,1,0,0,4,0,0,1,99,99,1,17,1,1,5,2,0,0,0.0,0.0,0.0,0,0.0,0.0,0.0,501.0,1,0,True,False,False,False,True,False,False,True,True,False,False,False,False,False,False,False,False,False,False,False,False,False,False,False,False,False,False,True,False,False,False,True,False,False,1
99,0,999999.0,575.0,29000.0,1,0,1,0,1,0,1,0,0,0,0,0,3,0,0,1,99,99,1,11,1,1,2,2,0,0,0.0,999999.0,999999.0,999999,99999.0,99999.0,99999.0,290.0,0,0,True,False,False,False,True,False,False,True,True,False,False,False,False,False,False,False,False,False,False,False,False,False,False,False,False,False,False,True,False,False,False,True,False,False,1
99,1,225000.0,0.0,82500.0,1,1,0,0,0,0,0,0,0,0,1,1,2,0,0,1,99,99,0,28,0,0,6,0,22,61,17000.0,17000.0,0.0,0,0.0,0.0,0.0,501.0,1,0,True,False,False,False,True,False,False,True,False,False,False,False,False,False,False,False,False,False,False,False,True,False,False,False,False,False,False,True,False,False,True,False,False,False,1
99,0,999999.0,237.0,13000.0,1,0,2,0,1,0,1,0,0,0,0,0,5,0,0,1,99,99,1,10,1,1,1,1,0,0,0.0,999999.0,999999.0,999999,99999.0,99999.0,99999.0,88.0,0,0,True,False,False,False,True,False,False,True,True,False,False,False,False,False,False,False,False,False,False,False,False,False,True,False,False,False,False,False,False,False,False,True,False,False,1
99,0,999999.0,625.0,26000.0,2,0,0,1,0,0,0,1,0,1,0,0,5,0,0,1,99,99,3,12,1,0,2,0,0,0,0.0,999999.0,999999.0,999999,99999.0,99999.0,99999.0,178.0,1,0,True,False,False,False,True,False,False,True,True,False,False,False,False,False,False,False,False,False,False,False,False,False,False,False,False,False,False,True,False,False,False,True,False,False,1
99,1,162500.0,0.0,11537.0,1,1,1,1,2,0,1,1,0,1,0,0,3,0,0,1,99,99,0,4,0,0,0,0,0,0,0.0,999999.0,999999.0,999999,99999.0,99999.0,99999.0,116.0,1,0,True,False,False,False,True,False,False,True,True,False,False,False,False,False,False,False,False,False,False,False,False,False,False,False,False,False,False,True,False,False,False,True,False,False,1
99,1,137500.0,0.0,83063.0,1,1,2,2,1,0,1,2,0,1,0,0,7,1,1,1,1,1,2,24,0,1,7,1,11,16,7000.0,7000.0,0.0,0,0.0,0.0,0.0,413.0,1,0,True,False,False,False,True,False,False,True,True,False,False,False,False,False,False,False,False,False,False,False,False,False,False,False,False,False,False,True,False,False,False,True,False,False,1
99,0,999999.0,462.0,9887.0,1,1,1,1,0,0,0,0,0,0,0,0,6,0,0,1,99,99,2,21,1,0,2,0,20,8,1720.0,1720.0,0.0,0,0.0,0.0,0.0,57.0,1,0,True,False,False,False,True,False,False,True,False,False,False,False,False,False,False,False,False,False,True,False,False,False,False,False,False,False,False,True,False,True,False,False,False,False,1
99,0,999999.0,387.0,10840.0,1,0,0,0,0,0,0,0,0,0,0,0,1,0,0,1,99,99,0,64,0,0,6,0,18,44,10840.0,1200.0,0.0,0,4080.0,0.0,480.0,168.0,0,2,True,False,False,False,True,False,False,True,False,False,False,True,False,False,False,False,False,False,False,False,False,False,False,False,False,False,False,True,True,False,False,False,False,False,1
99,0,999999.0,512.0,17022.0,2,0,1,0,0,0,0,0,0,0,0,0,8,0,0,1,99,99,0,15,1,1,2,1,0,0,0.0,999999.0,999999.0,999999,0.0,0.0,0.0,83.0,0,0,True,False,False,False,True,False,False,True,False,False,True,False,False,False,False,False,False,False,False,False,False,False,True,False,False,False,False,False,False,False,False,True,False,False,1
99,0,999999.0,675.0,41000.0,1,1,0,0,0,0,0,0,0,0,2,1,2,0,0,1,99,99,0,29,1,0,6,0,30,44,20000.0,20000.0,0.0,0,0.0,0.0,0.0,494.0,0,1,True,False,False,False,True,False,False,True,False,False,False,True,False,False,False,False,False,False,False,False,False,False,False,False,False,True,False,False,False,False,True,False,False,False,1
99,1,225000.0,0.0,69000.0,1,1,1,1,0,0,0,0,0,0,2,1,4,2,2,1,4,2,0,36,1,0,6,0,34,49,51000.0,51000.0,0.0,0,0.0,0.0,0.0,501.0,1,2,True,False,False,False,True,False,False,True,False,False,False,True,False,False,False,False,False,False,False,False,False,False,False,False,False,False,False,True,False,False,True,False,False,False,1
99,1,350000.0,0.0,30000.0,1,1,1,1,2,0,1,1,0,1,0,0,4,0,0,1,99,99,1,11,1,1,1,2,0,0,0.0,999999.0,999999.0,999999,99999.0,99999.0,99999.0,239.0,1,0,True,False,False,False,True,False,False,True,True,False,False,False,False,False,False,False,False,False,False,False,False,False,False,False,False,False,False,True,False,False,False,True,False,False,1
99,1,225000.0,0.0,58000.0,1,1,1,1,0,0,0,0,0,0,2,1,3,1,1,1,1,1,0,36,1,0,8,0,36,66,33000.0,33000.0,0.0,0,0.0,0.0,0.0,501.0,1,2,True,False,False,False,True,False,False,True,False,False,False,True,False,False,False,False,False,False,False,False,False,False,False,False,False,False,False,True,False,False,True,False,False,False,1
99,0,999999.0,137.0,7320.0,1,1,1,1,0,0,0,0,0,0,2,1,3,1,0,1,8,8,0,65,1,0,5,0,18,8,7320.0,0.0,0.0,0,7320.0,0.0,0.0,73.0,1,2,True,False,False,False,True,False,False,True,False,False,False,True,False,False,False,False,False,False,False,False,False,False,False,False,False,False,False,True,False,False,True,False,False,False,1
99,1,27500.0,0.0,18498.0,2,0,0,0,0,0,0,0,0,0,0,0,1,0,0,1,99,99,0,69,1,0,7,0,0,0,18498.0,0.0,0.0,0,0.0,0.0,0.0,311.0,0,6,True,False,False,False,True,False,False,True,False,False,False,True,False,False,False,False,False,False,False,False,False,False,False,False,False,False,False,True,False,False,False,True,False,False,1
99,1,225000.0,0.0,26233.0,1,1,1,1,2,0,1,1,0,1,0,0,4,0,0,1,99,99,1,12,1,1,2,2,0,0,0.0,999999.0,999999.0,999999,99999.0,99999.0,99999.0,209.0,0,0,True,False,False,False,True,False,False,True,True,False,False,False,False,False,False,False,False,False,False,False,False,False,False,False,False,True,False,False,False,False,False,True,False,False,1
99,0,999999.0,575.0,65000.0,1,2,2,2,0,0,0,0,0,0,5,1,6,1,0,1,38,38,0,65,0,0,7,0,0,0,0.0,0.0,0.0,0,0.0,0.0,0.0,373.0,1,0,True,False,False,False,True,False,False,True,False,False,False,False,False,False,False,True,False,False,False,False,False,False,False,False,False,True,False,False,False,False,True,False,False,False,1
99,1,187500.0,0.0,88000.0,1,1,1,1,2,0,1,1,0,1,0,0,6,0,0,1,99,99,3,10,0,1,1,1,0,0,0.0,999999.0,999999.0,999999,99999.0,99999.0,99999.0,501.0,0,0,True,False,False,False,True,False,False,True,True,False,False,False,False,False,False,False,False,False,False,False,False,False,True,False,False,False,False,False,False,False,False,True,False,False,1
99,0,999999.0,875.0,20000.0,3,0,0,0,0,0,0,0,0,0,0,0,1,0,0,1,99,99,0,29,1,0,6,0,11,16,20000.0,20000.0,0.0,0,0.0,0.0,0.0,310.0,1,1,True,False,False,False,True,False,False,True,False,False,False,True,False,False,False,False,False,False,False,False,False,False,False,False,False,False,False,True,False,False,False,True,False,False,1
99,0,999999.0,337.0,1800.0,3,0,0,0,0,0,0,0,0,0,0,0,1,0,0,1,99,99,0,42,0,0,5,0,6,7,1800.0,1800.0,0.0,0,0.0,0.0,0.0,28.0,0,6,True,False,False,False,True,False,False,True,False,False,False,True,False,False,False,False,False,False,False,False,False,False,False,False,False,False,False,True,False,False,False,True,False,False,0
99,0,999999.0,262.0,20500.0,1,1,1,1,2,0,1,1,0,1,0,0,5,0,0,1,99,99,2,14,0,1,3,1,0,0,0.0,999999.0,999999.0,999999,99999.0,99999.0,99999.0,139.0,0,0,True,False,False,False,True,False,False,True,True,False,False,False,False,False,False,False,False,False,False,False,False,False,False,False,False,False,False,True,False,False,False,True,False,False,1
99,0,999999.0,337.0,24000.0,1,1,0,0,0,0,0,0,0,0,1,1,2,0,0,1,99,99,0,33,0,1,6,1,17,13,12000.0,12000.0,0.0,0,0.0,0.0,0.0,289.0,0,0,True,False,False,False,True,False,False,True,False,False,False,False,False,False,False,False,False,False,False,False,True,False,False,False,False,False,False,True,False,False,True,False,False,False,0
99,0,999999.0,462.0,4000.0,1,0,1,0,1,0,1,0,0,0,0,0,6,0,0,1,99,99,4,2,1,0,7,0,0,0,0.0,999999.0,999999.0,999999,99999.0,99999.0,99999.0,25.0,1,0,True,False,False,False,True,False,False,True,True,False,False,False,False,False,False,False,False,False,False,False,False,False,False,False,False,False,False,True,False,False,False,True,False,False,1
99,1,112500.0,0.0,12148.0,1,0,1,0,1,0,1,0,0,0,0,0,6,0,0,1,99,99,4,14,0,1,2,1,0,0,0.0,999999.0,999999.0,999999,99999.0,99999.0,99999.0,75.0,0,0,True,False,False,False,True,False,False,True,True,False,False,False,False,False,False,False,False,False,False,False,False,False,False,False,False,False,False,True,False,False,False,True,False,False,1
99,0,999999.0,675.0,27550.0,1,1,1,1,0,0,0,0,0,0,0,0,6,0,0,1,99,99,2,20,0,0,2,0,0,0,0.0,0.0,0.0,0,0.0,0.0,0.0,155.0,1,0,True,False,False,False,True,False,False,True,False,False,False,False,False,False,False,False,False,False,True,False,False,False,False,False,False,False,False,True,False,False,False,True,False,False,1
99,0,999999.0,725.0,45400.0,1,1,2,1,5,0,6,0,0,0,0,0,6,0,0,1,99,99,0,7,0,1,1,1,0,0,0.0,999999.0,999999.0,999999,99999.0,99999.0,99999.0,266.0,1,0,True,False,False,False,True,False,False,True,False,False,False,False,False,False,True,False,False,False,False,False,False,False,True,False,False,False,False,False,False,False,False,True,False,False,1
99,1,400000.0,0.0,264000.0,1,1,2,1,0,0,0,0,0,0,0,0,8,1,0,1,36,36,0,74,0,0,1,0,0,0,0.0,0.0,0.0,0,0.0,0.0,0.0,501.0,1,0,True,False,False,False,True,False,False,True,False,False,False,False,False,False,False,True,False,False,False,False,False,False,False,False,False,True,False,False,False,False,False,False,False,True,1
99,1,400000.0,0.0,78500.0,1,1,0,0,0,0,0,0,0,0,2,1,2,0,0,1,99,99,0,46,1,0,6,0,20,52,62500.0,0.0,60000.0,0,0.0,0.0,0.0,501.0,0,6,True,False,False,False,True,False,False,True,False,False,False,True,False,False,False,False,False,False,False,False,False,False,False,False,False,False,False,True,False,False,True,False,False,False,0
99,1,350000.0,0.0,46641.0,1,1,1,1,2,0,1,1,0,1,0,0,5,0,0,1,99,99,2,2,0,0,7,0,0,0,0.0,999999.0,999999.0,999999,99999.0,99999.0,99999.0,315.0,1,0,True,False,False,False,True,False,False,True,True,False,False,False,False,False,False,False,False,False,False,False,False,False,False,False,False,False,False,True,False,False,False,True,False,False,1
99,0,999999.0,725.0,32400.0,2,1,1,1,0,0,0,0,0,0,0,0,1,0,0,2,99,99,0,23,0,0,2,0,6,7,0.0,0.0,0.0,0,0.0,0.0,0.0,1.0,1,0,True,False,False,False,True,False,False,True,False,False,False,False,False,False,False,False,False,True,False,False,False,False,False,False,False,False,False,True,False,False,False,True,False,False,1
99,1,187500.0,0.0,47103.0,1,2,2,2,0,0,0,0,0,0,6,1,10,4,0,1,17,10,0,42,1,1,7,1,0,0,0.0,0.0,0.0,0,0.0,0.0,0.0,188.0,1,0,True,False,False,False,True,False,False,True,False,False,False,False,False,False,True,False,False,False,False,False,False,False,False,False,False,True,False,False,False,False,True,False,False,False,1
99,0,999999.0,625.0,27700.0,1,1,2,1,0,0,0,0,0,0,0,0,6,1,0,1,27,27,0,57,0,0,2,0,0,0,0.0,0.0,0.0,0,0.0,0.0,0.0,162.0,1,0,True,False,False,False,True,False,False,True,False,False,False,False,False,False,False,True,False,False,False,False,False,False,False,False,False,False,False,True,False,False,False,False,False,True,1
99,1,137500.0,0.0,39000.0,2,0,0,0,0,0,0,0,0,0,0,0,1,0,0,1,99,99,0,22,1,0,6,0,24,19,39000.0,39000.0,0.0,0,0.0,0.0,0.0,501.0,1,2,True,False,False,False,True,False,False,True,False,False,False,True,False,False,False,False,False,False,False,False,False,False,False,False,False,False,False,True,False,False,False,True,False,False,1
99,0,999999.0,725.0,7200.0,2,0,1,0,1,0,1,0,0,0,0,0,2,0,0,1,99,99,0,4,0,1,0,1,0,0,0.0,999999.0,999999.0,999999,99999.0,99999.0,99999.0,84.0,1,0,True,False,False,False,True,False,False,True,True,False,False,False,False,False,False,False,False,False,False,False,False,False,False,False,False,False,False,True,False,False,False,True,False,False,1
99,1,162500.0,0.0,61000.0,1,0,1,0,0,0,0,0,0,0,0,0,2,1,0,1,24,24,0,64,0,0,6,0,25,44,31000.0,31000.0,0.0,0,0.0,0.0,0.0,501.0,0,6,True,False,False,False,True,False,False,True,False,False,False,True,False,False,False,False,False,False,False,False,False,False,False,False,False,False,False,True,False,False,False,False,True,False,1
99,1,112500.0,0.0,91515.0,1,1,1,1,0,0,0,0,0,0,0,0,7,0,0,1,99,99,0,28,1,1,2,1,22,18,10000.0,10000.0,0.0,0,0.0,0.0,0.0,455.0,0,0,True,False,False,False,True,False,False,True,False,False,False,False,False,False,True,False,False,False,False,False,False,False,False,False,False,False,False,True,False,False,False,True,False,False,1
99,1,350000.0,0.0,50989.0,1,1,1,1,0,0,0,0,0,0,1,1,3,1,1,1,3,3,0,33,0,0,7,0,24,47,31742.0,31693.0,0.0,0,0.0,0.0,0.0,501.0,1,0,True,False,False,False,True,False,False,True,False,False,False,False,False,False,False,False,False,False,False,False,True,False,False,False,False,False,False,True,False,False,True,False,False,False,1
99,1,95000.0,0.0,97000.0,1,2,2,2,0,0,0,0,0,0,3,1,7,3,2,1,8,0,0,25,0,0,5,0,0,0,0.0,0.0,0.0,0,0.0,0.0,0.0,490.0,0,0,True,False,False,False,True,False,False,True,False,True,False,False,False,False,False,False,False,False,False,False,False,False,False,False,False,False,False,True,False,False,True,False,False,False,1
99,1,275000.0,0.0,57045.0,1,1,1,1,0,0,0,0,0,0,2,1,3,1,0,1,7,7,0,35,1,0,8,0,36,66,30000.0,30000.0,0.0,0,0.0,0.0,0.0,501.0,1,1,True,False,False,False,True,False,False,True,False,False,False,True,False,False,False,False,False,False,False,False,False,False,False,False,False,False,False,True,False,False,True,False,False,False,1
99,1,187500.0,0.0,47947.0,1,1,1,1,2,0,1,1,0,1,0,0,3,0,0,1,99,99,0,4,0,1,0,2,0,0,0.0,999999.0,999999.0,999999,99999.0,99999.0,99999.0,480.0,1,0,True,False,False,False,True,False,False,True,True,False,False,False,False,False,False,False,False,False,False,False,False,False,False,False,False,False,False,True,False,False,False,True,False,False,1
99,1,187500.0,0.0,59204.0,1,1,1,1,2,0,1,1,0,1,0,0,3,0,0,1,99,99,0,19,1,0,7,0,20,8,9800.0,9800.0,0.0,0,0.0,0.0,0.0,501.0,0,0,True,False,False,False,True,False,False,True,True,False,False,False,False,False,False,False,False,False,False,False,False,False,False,False,False,False,False,True,False,False,False,True,False,False,1
99,0,999999.0,1000.0,27600.0,1,0,1,0,0,0,0,0,0,0,0,0,5,2,0,1,16,10,1,48,0,1,8,2,61,93,23600.0,0.0,20000.0,0,0.0,0.0,0.0,187.0,0,6,True,False,False,False,True,False,False,True,False,False,False,True,False,False,False,False,False,False,False,False,False,False,True,False,False,False,False,False,True,False,False,False,False,False,1
99,0,999999.0,462.0,10000.0,3,0,0,1,0,0,0,0,0,0,0,0,4,0,0,1,99,99,0,24,1,0,0,0,29,27,2000.0,2000.0,0.0,0,0.0,0.0,0.0,77.0,1,0,True,False,False,False,True,False,False,True,False,False,False,False,False,False,True,False,False,False,False,False,False,False,False,False,False,False,False,True,False,False,False,True,False,False,1
99,0,999999.0,625.0,21600.0,1,1,0,0,0,0,0,0,0,0,0,0,5,0,0,1,99,99,3,9,1,1,1,1,0,0,0.0,999999.0,999999.0,999999,99999.0,99999.0,99999.0,146.0,1,0,True,False,False,False,True,False,False,True,False,False,False,False,False,False,False,False,False,False,True,False,False,False,False,False,False,False,False,True,False,False,False,True,False,False,1
99,0,999999.0,262.0,25000.0,1,1,1,1,2,7,1,1,0,1,0,0,4,0,0,1,99,99,1,5,0,1,0,1,0,0,0.0,999999.0,999999.0,999999,99999.0,99999.0,99999.0,192.0,1,0,True,False,False,False,True,False,False,True,True,False,False,False,False,False,False,False,False,False,False,False,False,False,False,False,False,False,False,True,False,False,False,True,False,False,1
99,0,999999.0,625.0,48000.0,1,1,0,0,0,0,0,0,0,0,1,1,2,0,0,1,99,99,0,35,0,0,6,0,41,68,18000.0,18000.0,0.0,0,0.0,0.0,0.0,501.0,1,0,True,False,False,False,True,False,False,True,False,False,False,False,False,False,False,False,False,False,False,False,True,False,False,False,False,False,False,True,False,False,True,False,False,False,1
99,0,999999.0,675.0,35000.0,1,1,1,1,2,0,1,1,0,1,0,0,6,0,0,1,99,99,3,4,1,0,0,0,0,0,0.0,999999.0,999999.0,999999,99999.0,99999.0,99999.0,211.0,1,0,True,False,False,False,True,False,False,True,True,False,False,False,False,False,False,False,False,False,False,False,False,False,True,False,False,False,False,False,False,False,False,True,False,False,1
99,1,350000.0,0.0,211000.0,1,1,1,1,2,0,1,1,0,1,0,0,4,0,0,1,99,99,1,18,1,1,5,1,0,0,0.0,0.0,0.0,0,0.0,0.0,0.0,501.0,0,0,True,False,False,False,True,False,False,True,True,False,False,False,False,False,False,False,False,False,False,False,False,False,False,False,False,True,False,False,False,False,False,True,False,False,1
99,0,999999.0,512.0,34220.0,1,1,0,0,0,0,0,0,0,0,2,1,2,0,0,1,99,99,0,34,1,0,7,0,24,47,5200.0,4000.0,1200.0,0,0.0,0.0,0.0,412.0,0,5,True,False,False,False,True,False,False,True,False,False,False,True,False,False,False,False,False,False,False,False,False,False,False,False,False,False,False,True,False,False,True,False,False,False,1
99,1,137500.0,0.0,63511.0,1,1,2,1,2,0,1,1,0,1,0,0,5,0,0,1,99,99,1,15,0,1,4,1,0,0,0.0,999999.0,999999.0,999999,0.0,0.0,0.0,419.0,0,0,True,False,False,False,True,False,False,True,True,False,False,False,False,False,False,False,False,False,False,False,False,False,False,False,False,True,False,False,False,False,False,True,False,False,1
99,1,187500.0,0.0,50397.0,1,0,0,0,0,0,0,0,0,0,0,0,1,0,0,1,99,99,0,72,1,0,7,0,31,39,50397.0,0.0,0.0,0,2106.0,0.0,0.0,501.0,1,2,True,False,False,False,True,False,False,True,False,False,False,True,False,False,False,False,False,False,False,False,False,False,False,False,False,False,False,True,True,False,False,False,False,False,1
99,0,999999.0,437.0,16000.0,1,1,1,1,2,0,1,1,1,1,0,0,7,0,0,1,99,99,4,17,0,0,1,0,0,0,0.0,0.0,0.0,0,0.0,0.0,0.0,83.0,1,0,True,False,False,False,True,False,False,True,True,False,False,False,False,False,False,False,False,False,False,False,False,False,False,False,False,False,False,True,False,False,False,True,False,False,1
99,0,999999.0,875.0,68519.0,1,1,1,1,1,0,1,2,0,1,0,0,3,0,0,1,99,99,0,17,1,1,5,2,18,44,3807.0,3807.0,0.0,0,0.0,0.0,0.0,501.0,1,0,True,False,False,False,True,False,False,True,True,False,False,False,False,False,False,False,False,False,False,False,False,False,False,False,False,False,False,True,False,False,False,True,False,False,1
99,0,999999.0,725.0,45000.0,1,1,1,0,1,0,1,0,0,0,0,0,7,0,0,1,99,99,2,2,1,0,7,0,0,0,0.0,999999.0,999999.0,999999,99999.0,99999.0,99999.0,227.0,1,0,True,False,False,False,True,False,False,True,True,False,False,False,False,False,False,False,False,False,False,False,False,False,False,False,False,False,False,True,False,False,False,True,False,False,1
99,1,350000.0,0.0,75000.0,1,0,0,0,0,0,0,0,0,0,0,0,1,0,0,1,99,99,0,58,1,0,8,0,42,78,75000.0,75000.0,0.0,0,0.0,0.0,0.0,501.0,1,2,True,False,False,False,True,False,False,True,False,False,False,True,False,False,False,False,False,False,False,False,False,False,False,False,False,False,False,True,False,False,False,False,False,True,1
99,0,999999.0,575.0,15385.0,1,1,1,1,2,0,1,1,0,1,0,0,5,0,0,1,99,99,2,15,0,1,2,1,0,0,0.0,999999.0,999999.0,999999,0.0,0.0,0.0,101.0,0,0,True,False,False,False,True,False,False,True,True,False,False,False,False,False,False,False,False,False,False,False,False,False,False,True,False,False,False,False,False,False,False,True,False,False,1
99,0,999999.0,187.0,9888.0,1,0,1,0,1,0,1,0,0,0,0,0,4,0,0,1,99,99,2,6,0,1,1,1,0,0,0.0,999999.0,999999.0,999999,99999.0,99999.0,99999.0,78.0,0,0,True,False,False,False,True,False,False,True,True,False,False,False,False,False,False,False,False,False,False,False,False,False,True,False,False,False,False,False,False,False,False,True,False,False,1
99,0,999999.0,412.0,15000.0,2,0,0,0,0,0,0,0,0,0,0,0,1,0,0,2,99,99,0,28,0,0,2,0,0,0,0.0,0.0,0.0,0,0.0,0.0,0.0,1.0,1,0,True,False,False,False,True,False,False,True,False,False,False,False,False,False,False,False,False,True,False,False,False,False,False,False,False,False,False,True,False,False,False,True,False,False,1
99,0,999999.0,625.0,5000.0,1,0,2,0,1,0,1,0,0,0,0,0,4,0,0,1,99,99,1,2,0,0,7,0,0,0,0.0,999999.0,999999.0,999999,99999.0,99999.0,99999.0,40.0,1,0,True,False,False,False,True,False,False,True,True,False,False,False,False,False,False,False,False,False,False,False,False,False,True,False,False,False,False,False,False,False,False,True,False,False,1
99,0,999999.0,487.0,19390.0,1,1,0,0,0,0,0,0,0,0,1,2,2,0,0,1,99,99,0,46,1,0,8,0,35,68,0.0,0.0,0.0,0,0.0,0.0,0.0,234.0,1,0,True,False,False,False,True,False,False,True,False,False,False,False,False,False,False,False,False,False,False,False,True,False,True,False,False,False,False,False,False,False,True,False,False,False,1
99,0,999999.0,1000.0,57500.0,1,1,1,1,2,0,1,1,0,1,0,0,3,0,0,1,99,99,0,0,1,0,7,0,0,0,0.0,999999.0,999999.0,999999,99999.0,99999.0,99999.0,501.0,1,0,True,False,False,False,True,False,False,True,True,False,False,False,False,False,False,False,False,False,False,False,False,False,False,False,False,False,False,True,False,False,False,True,False,False,1
99,0,999999.0,512.0,4200.0,1,0,1,0,1,0,1,0,0,0,0,0,4,0,0,1,99,99,2,23,1,0,6,0,0,0,0.0,0.0,0.0,0,0.0,0.0,0.0,33.0,1,0,True,False,False,False,True,False,False,True,True,False,False,False,False,False,False,False,False,False,False,False,False,False,False,False,False,False,False,True,False,False,False,True,False,False,1
99,0,999999.0,875.0,34783.0,1,1,1,1,0,0,0,0,0,0,2,1,4,1,0,1,22,22,0,34,1,0,6,0,18,19,18783.0,18783.0,0.0,0,0.0,0.0,0.0,268.0,1,2,True,False,False,False,True,False,False,True,False,False,False,True,False,False,False,False,False,False,False,False,False,False,False,False,False,False,False,True,False,False,True,False,False,False,1
99,0,999999.0,1000.0,38000.0,1,1,1,1,0,0,0,0,0,0,2,1,5,3,2,1,5,1,0,35,1,1,7,1,29,27,38000.0,38000.0,0.0,0,0.0,0.0,0.0,257.0,1,2,True,False,False,False,True,False,False,True,False,False,False,True,False,False,False,False,False,False,False,False,False,False,False,False,False,False,False,True,False,False,True,False,False,False,1
99,1,400000.0,0.0,81200.0,1,1,0,0,0,0,0,0,0,0,1,1,2,0,0,1,99,99,0,83,0,0,7,0,0,0,36800.0,0.0,0.0,0,6800.0,0.0,0.0,501.0,0,0,True,False,False,False,True,False,False,True,False,False,False,False,False,False,False,False,False,False,False,False,True,False,False,False,False,False,False,True,False,False,True,False,False,False,1
99,1,350000.0,0.0,58603.0,1,1,0,0,0,0,0,0,0,0,2,1,2,0,0,1,99,99,0,61,1,0,8,0,41,68,58603.0,0.0,0.0,0,0.0,0.0,0.0,501.0,0,8,True,False,False,False,True,False,False,True,False,False,False,True,False,False,False,False,False,False,False,False,False,False,False,False,False,False,False,True,False,False,True,False,False,False,1
99,0,999999.0,875.0,37900.0,1,0,1,0,1,0,1,0,0,0,0,0,3,0,0,1,99,99,1,12,1,1,2,1,0,0,0.0,999999.0,999999.0,999999,99999.0,99999.0,99999.0,380.0,1,0,True,False,False,False,True,False,False,True,True,False,False,False,False,False,False,False,False,False,False,False,False,False,False,False,False,False,False,True,False,False,False,True,False,False,1
99,0,999999.0,537.0,7195.0,1,0,0,0,0,0,0,0,0,0,0,0,1,0,0,1,99,99,0,39,0,0,8,0,41,84,7195.0,5900.0,0.0,0,0.0,0.0,1295.0,112.0,1,1,True,False,False,False,True,False,False,True,False,False,False,True,False,False,False,False,False,False,False,False,False,False,True,False,False,False,False,False,False,False,False,True,False,False,1
99,0,999999.0,875.0,8000.0,4,0,0,0,0,0,0,0,0,0,0,0,1,0,0,3,99,99,0,20,0,1,8,1,22,61,10000.0,4000.0,0.0,0,0.0,0.0,0.0,155.0,1,0,True,False,False,False,True,False,False,True,False,False,False,False,False,False,False,False,False,True,False,False,False,False,False,False,False,False,False,True,False,False,False,True,False,False,0
99,1,275000.0,0.0,29164.0,1,0,0,0,0,0,0,0,0,0,0,0,1,0,0,1,99,99,0,64,0,0,7,0,38,68,29164.0,28903.0,0.0,0,0.0,0.0,0.0,452.0,0,6,True,False,False,False,True,False,False,True,False,False,False,True,False,False,False,False,False,False,False,False,False,False,False,False,False,False,False,True,True,False,False,False,False,False,1
99,1,350000.0,0.0,85612.0,1,1,1,1,0,0,0,0,0,0,2,1,3,1,0,1,44,44,0,69,1,0,8,0,41,68,48612.0,0.0,36000.0,0,11000.0,0.0,0.0,501.0,0,7,True,False,False,False,True,False,False,True,False,False,False,True,False,False,False,False,False,False,False,False,False,False,False,True,False,False,False,False,False,False,True,False,False,False,0
99,0,999999.0,137.0,11520.0,1,0,1,0,0,0,0,0,0,0,0,0,5,0,0,1,99,99,1,18,0,0,4,0,14,26,3360.0,0.0,0.0,0,0.0,3360.0,0.0,78.0,0,0,True,False,False,False,True,False,False,True,False,False,False,False,False,False,False,False,False,False,True,False,False,False,True,False,False,False,False,False,False,False,False,True,False,False,1
99,1,275000.0,0.0,54274.0,1,0,0,0,0,0,0,0,0,0,0,0,1,0,0,1,99,99,0,70,1,0,7,0,0,0,54274.0,0.0,0.0,0,3543.0,0.0,0.0,501.0,0,7,True,False,False,False,True,False,False,True,False,False,False,True,False,False,False,False,False,False,False,False,False,False,False,False,False,False,False,True,True,False,False,False,False,False,1
99,1,225000.0,0.0,31800.0,2,1,1,1,0,0,0,0,0,0,0,0,7,0,0,1,99,99,1,37,1,0,2,0,20,8,12000.0,12000.0,0.0,0,0.0,0.0,0.0,165.0,0,0,True,False,False,False,True,False,False,True,False,False,False,False,False,False,False,False,False,False,False,True,False,False,False,False,False,False,False,True,False,False,False,True,False,False,1
99,1,225000.0,0.0,91731.0,1,1,1,1,2,0,1,1,0,1,0,0,5,0,0,1,99,99,2,16,1,1,4,1,0,0,0.0,0.0,0.0,0,0.0,0.0,0.0,501.0,0,0,True,False,False,False,True,False,False,True,True,False,False,False,False,False,False,False,False,False,False,False,False,False,False,False,False,False,False,True,False,False,False,True,False,False,1
99,1,137500.0,0.0,61974.0,1,1,2,1,2,0,1,1,0,1,0,0,7,1,1,1,1,1,3,23,0,0,6,0,22,61,17500.0,13500.0,0.0,0,0.0,0.0,4000.0,308.0,0,0,True,False,False,False,True,False,False,True,True,False,False,False,False,False,False,False,False,False,False,False,False,False,False,False,False,False,False,True,False,False,False,True,False,False,1
99,1,400000.0,0.0,114580.0,1,1,0,0,0,0,0,0,0,0,2,1,2,0,0,1,99,99,0,48,1,0,8,0,31,65,74598.0,74547.0,0.0,0,0.0,0.0,0.0,501.0,1,2,True,False,False,False,True,False,False,True,False,False,False,True,False,False,False,False,False,False,False,False,False,False,False,False,False,False,False,True,False,False,True,False,False,False,1
99,1,225000.0,0.0,82000.0,1,1,1,1,0,0,0,0,0,0,2,1,3,1,1,1,0,0,0,29,1,0,6,0,41,68,70000.0,0.0,70000.0,0,0.0,0.0,0.0,501.0,1,2,True,False,False,False,True,False,False,True,False,False,False,True,False,False,False,False,False,False,False,False,False,False,False,False,False,False,False,True,False,False,True,False,False,False,1
99,1,400000.0,0.0,111000.0,1,1,1,1,2,0,1,1,0,1,0,0,5,0,0,1,99,99,2,1,1,0,7,0,0,0,0.0,999999.0,999999.0,999999,99999.0,99999.0,99999.0,501.0,1,0,True,False,False,False,True,False,False,True,True,False,False,False,False,False,False,False,False,False,False,False,False,False,False,False,False,False,False,True,False,False,False,True,False,False,1
99,1,187500.0,0.0,52500.0,1,1,2,1,4,0,1,0,0,0,2,1,4,1,0,1,10,10,0,54,1,0,8,0,23,18,30000.0,29000.0,0.0,0,0.0,0.0,0.0,404.0,1,2,True,False,False,False,True,False,False,True,False,False,False,True,False,False,False,False,False,False,False,False,False,False,False,False,False,True,False,False,False,False,True,False,False,False,1
99,1,162500.0,0.0,31057.0,1,1,1,1,0,0,0,0,0,0,2,1,3,1,0,1,33,33,0,74,1,0,1,0,0,0,31057.0,0.0,0.0,0,23090.0,0.0,0.0,320.0,0,7,True,False,False,False,True,False,False,True,False,False,False,True,False,False,False,False,False,False,False,False,False,False,False,False,False,False,False,True,False,False,True,False,False,False,1
99,1,400000.0,0.0,39600.0,1,1,0,0,0,0,0,0,0,0,0,0,4,0,0,1,99,99,0,17,1,1,6,1,0,0,0.0,0.0,0.0,0,0.0,0.0,0.0,315.0,1,0,True,False,False,False,True,False,False,True,False,False,False,False,False,False,True,False,False,False,False,False,False,False,False,False,False,False,False,True,False,False,False,True,False,False,1
99,1,275000.0,0.0,29808.0,1,2,2,2,2,0,1,1,0,1,0,0,7,0,0,1,99,99,2,18,0,1,6,1,25,44,5200.0,5200.0,0.0,0,0.0,0.0,0.0,148.0,0,0,True,False,False,False,True,False,False,True,True,False,False,False,False,False,False,False,False,False,False,False,False,False,False,False,False,False,False,True,False,False,False,True,False,False,1
99,0,999999.0,312.0,22000.0,1,1,1,1,0,0,0,0,0,0,2,1,4,2,1,1,8,4,0,35,1,0,2,0,37,49,18000.0,18000.0,0.0,0,0.0,0.0,0.0,175.0,0,2,True,False,False,False,True,False,False,True,False,False,False,True,False,False,False,False,False,False,False,False,False,False,False,False,False,False,False,True,False,False,True,False,False,False,1
99,1,187500.0,0.0,77500.0,1,1,2,1,0,0,0,0,0,0,0,0,9,0,0,1,99,99,2,44,1,0,1,0,23,18,0.0,0.0,0.0,0,0.0,0.0,0.0,288.0,0,0,True,False,False,False,True,False,False,True,False,False,False,False,False,False,False,False,False,False,True,False,False,False,False,False,False,False,False,True,False,True,False,False,False,False,1
99,0,999999.0,875.0,28338.0,1,0,2,0,2,0,5,0,0,0,0,0,4,0,0,1,99,99,1,8,0,1,1,1,0,0,0.0,999999.0,999999.0,999999,99999.0,99999.0,99999.0,225.0,0,0,True,False,False,False,True,False,False,True,False,False,True,False,False,False,False,False,False,False,False,False,False,False,True,False,False,False,False,False,False,False,False,True,False,False,1
99,0,999999.0,1000.0,93482.0,1,1,0,0,0,0,0,0,0,0,2,1,2,0,0,1,99,99,0,30,1,0,8,0,79,92,56774.0,56623.0,0.0,0,0.0,0.0,0.0,501.0,1,1,True,False,False,False,True,False,False,True,False,False,False,True,False,False,False,False,False,False,False,False,False,False,False,False,False,False,False,True,False,False,True,False,False,False,1
99,1,162500.0,0.0,62794.0,1,1,1,1,0,0,0,0,0,0,2,1,3,1,0,1,24,24,0,42,1,0,5,0,20,8,36355.0,36355.0,0.0,0,0.0,0.0,0.0,501.0,1,2,True,False,False,False,True,False,False,True,False,False,False,True,False,False,False,False,False,False,False,False,False,False,True,False,False,False,False,False,False,False,True,False,False,False,1
99,1,52500.0,0.0,55033.0,1,1,2,1,0,0,0,0,0,0,0,0,6,1,0,1,33,33,0,68,0,0,7,0,20,39,21692.0,18450.0,0.0,0,3242.0,0.0,0.0,322.0,0,8,True,False,False,False,True,False,False,True,False,False,False,True,False,False,False,False,False,False,False,False,False,False,False,False,False,False,False,True,False,False,False,False,False,True,1
99,0,999999.0,0.0,999999.0,1,0,0,0,0,0,0,0,0,0,0,0,1,0,0,1,99,99,0,35,1,0,7,0,0,0,0.0,0.0,0.0,0,0.0,0.0,0.0,0.0,1,0,False,True,False,True,False,False,False,True,False,False,False,False,True,False,False,False,False,False,False,False,False,True,False,False,False,False,False,False,False,False,False,False,True,False,1
99,0,999999.0,537.0,20000.0,2,0,0,0,0,0,0,0,0,0,0,0,1,0,0,2,99,99,0,16,1,1,4,1,0,0,0.0,0.0,0.0,0,0.0,0.0,0.0,1.0,1,0,True,False,False,False,True,False,False,True,False,False,False,False,False,False,False,False,False,True,False,False,False,False,False,False,False,False,False,True,False,False,False,True,False,False,1
99,1,225000.0,0.0,132940.0,1,1,2,1,6,0,1,0,0,0,2,1,6,3,0,1,18,10,0,41,1,0,7,0,20,9,99000.0,36000.0,24000.0,0,0.0,0.0,0.0,501.0,0,6,True,False,False,False,True,False,False,True,False,False,False,True,False,False,False,False,False,False,False,False,False,False,True,False,False,False,False,False,False,False,True,False,False,False,1
99,0,999999.0,875.0,38106.0,1,1,1,1,2,0,1,1,0,1,0,0,5,0,0,1,99,99,2,1,1,0,7,0,0,0,0.0,999999.0,999999.0,999999,99999.0,99999.0,99999.0,258.0,1,0,True,False,False,False,True,False,False,True,True,False,False,False,False,False,False,False,False,False,False,False,False,False,False,False,False,False,False,True,False,False,False,True,False,False,1
99,1,225000.0,0.0,101540.0,1,1,1,1,0,0,0,0,0,0,1,1,3,1,0,1,27,27,0,53,0,0,7,0,41,68,43500.0,43500.0,0.0,0,0.0,0.0,0.0,501.0,0,0,True,False,False,False,True,False,False,True,False,False,False,False,False,False,False,False,False,False,False,False,True,False,False,False,False,False,False,True,False,False,True,False,False,False,1
99,1,400000.0,0.0,49000.0,1,0,1,0,2,0,1,0,0,0,0,0,2,0,0,1,99,99,0,53,1,0,6,0,35,62,40000.0,0.0,40000.0,0,0.0,0.0,0.0,501.0,0,6,True,False,False,False,True,False,False,True,False,False,False,True,False,False,False,False,False,False,False,False,False,False,False,False,False,False,False,True,False,False,False,True,False,False,1
99,1,225000.0,0.0,38000.0,1,1,1,1,0,0,0,0,0,0,2,2,4,2,2,1,3,2,0,36,0,0,8,0,35,62,1500.0,1500.0,0.0,0,0.0,0.0,0.0,302.0,1,2,True,False,False,False,True,False,False,True,False,False,False,True,False,False,False,False,False,False,False,False,False,False,False,False,False,False,False,True,False,False,True,False,False,False,1
99,0,999999.0,537.0,18000.0,1,1,1,1,2,0,1,1,0,1,0,0,5,0,0,1,99,99,2,7,0,1,1,1,0,0,0.0,999999.0,999999.0,999999,99999.0,99999.0,99999.0,122.0,0,0,True,False,False,False,True,False,False,True,True,False,False,False,False,False,False,False,False,False,False,False,False,False,False,False,False,False,False,True,False,False,False,True,False,False,1
99,0,999999.0,725.0,58963.0,1,1,1,1,0,0,0,0,0,0,1,1,4,2,0,1,25,21,0,51,0,1,4,1,18,44,18000.0,18000.0,0.0,0,0.0,0.0,0.0,461.0,0,0,True,False,False,False,True,False,False,True,False,False,False,False,False,False,False,False,False,False,False,False,True,False,False,False,False,False,False,True,False,False,True,False,False,False,1
99,0,999999.0,387.0,7560.0,1,0,1,0,1,0,1,0,0,0,0,0,4,0,0,1,99,99,2,5,0,1,0,1,0,0,0.0,999999.0,999999.0,999999,99999.0,99999.0,99999.0,60.0,0,0,True,False,False,False,True,False,False,True,True,False,False,False,False,False,False,False,False,False,False,False,False,False,False,False,False,False,False,True,False,False,False,True,False,False,1
99,1,225000.0,0.0,5200.0,1,0,0,0,0,0,0,0,0,0,0,0,1,0,0,1,99,99,0,47,0,0,7,0,35,62,5200.0,4000.0,0.0,0,0.0,0.0,1200.0,81.0,0,5,True,False,False,False,True,False,False,True,False,False,False,True,False,False,False,False,False,False,False,False,False,False,False,False,False,False,False,True,True,False,False,False,False,False,1
99,0,999999.0,437.0,12500.0,1,1,1,1,0,0,0,0,0,0,1,1,3,1,1,1,3,3,0,20,0,0,4,0,16,38,6500.0,6500.0,0.0,0,0.0,0.0,0.0,125.0,1,0,True,False,False,False,True,False,False,True,False,False,False,False,False,False,False,False,False,False,False,False,True,False,False,False,False,False,False,True,False,False,True,False,False,False,1
99,0,999999.0,875.0,62000.0,1,1,1,1,0,0,0,0,0,0,2,1,5,3,3,1,3,1,0,27,1,1,8,2,63,96,50000.0,0.0,50000.0,0,0.0,0.0,0.0,419.0,0,1,True,False,False,False,True,False,False,True,False,False,False,True,False,False,False,False,False,False,False,False,False,False,False,False,False,False,False,True,False,False,True,False,False,False,1
99,1,112500.0,0.0,33468.0,1,1,1,1,2,0,1,1,0,1,0,0,6,0,0,1,99,99,3,13,1,1,2,1,0,0,0.0,999999.0,999999.0,999999,99999.0,99999.0,99999.0,192.0,0,0,True,False,False,False,True,False,False,True,True,False,False,False,False,False,False,False,False,False,False,False,False,False,False,False,False,False,False,True,False,False,False,True,False,False,1
99,0,999999.0,387.0,57000.0,1,0,0,0,0,0,0,0,0,0,0,0,1,0,0,1,99,99,0,50,1,0,7,0,42,86,57000.0,57000.0,0.0,0,0.0,0.0,0.0,501.0,0,2,True,False,False,False,True,False,False,True,False,False,False,True,False,False,False,False,False,False,False,False,False,False,False,False,False,False,False,True,True,False,False,False,False,False,1
99,0,999999.0,625.0,0.0,1,0,1,0,1,0,1,0,0,0,0,0,2,0,0,1,99,99,0,12,0,1,2,1,0,0,0.0,999999.0,999999.0,999999,99999.0,99999.0,99999.0,1.0,0,0,True,False,False,False,True,False,False,True,True,False,False,False,False,False,False,False,False,False,False,False,False,False,True,False,False,False,False,False,False,False,False,True,False,False,1
99,0,999999.0,337.0,7000.0,4,0,1,1,0,0,0,0,0,0,0,0,1,0,0,3,99,99,0,36,1,0,2,0,20,8,4000.0,4000.0,0.0,0,0.0,0.0,0.0,62.0,1,0,True,False,False,False,True,False,False,True,False,False,False,False,False,False,False,False,False,True,False,False,False,False,False,False,False,False,False,True,False,False,False,False,True,False,0
99,0,999999.0,1000.0,40000.0,1,1,0,0,0,0,0,0,0,0,2,1,2,0,0,1,99,99,0,29,1,1,8,1,41,68,40000.0,40000.0,0.0,0,0.0,0.0,0.0,482.0,1,1,True,False,False,False,True,False,False,True,False,False,False,True,False,False,False,False,False,False,False,False,False,False,False,False,True,False,False,False,False,False,True,False,False,False,1
99,1,225000.0,0.0,86700.0,1,1,0,0,0,0,0,0,0,0,1,1,2,0,0,1,99,99,0,31,0,0,8,0,33,76,11150.0,0.0,9600.0,0,0.0,0.0,0.0,501.0,1,0,True,False,False,False,True,False,False,True,False,False,False,False,False,False,False,False,False,False,False,False,True,False,False,False,False,False,False,True,False,False,True,False,False,False,0
99,0,999999.0,412.0,45000.0,1,1,1,1,0,0,0,0,0,0,2,1,4,2,0,1,15,9,0,36,1,0,8,0,61,93,30000.0,30000.0,0.0,0,0.0,0.0,0.0,358.0,0,6,True,False,False,False,True,False,False,True,False,False,False,True,False,False,False,False,False,False,False,False,False,False,False,False,False,False,False,True,False,False,True,False,False,False,1
99,0,999999.0,487.0,22200.0,1,2,2,2,6,0,3,5,0,3,0,0,7,0,0,1,99,99,0,4,0,1,0,1,0,0,0.0,999999.0,999999.0,999999,99999.0,99999.0,99999.0,112.0,1,0,True,False,False,False,True,False,False,True,False,False,False,False,False,False,True,False,False,False,False,False,False,False,False,False,False,False,False,True,False,False,False,True,False,False,1
99,1,162500.0,0.0,25976.0,1,0,0,0,0,0,0,0,0,0,0,0,1,0,0,1,99,99,0,44,0,0,8,0,41,68,25976.0,23700.0,0.0,0,0.0,0.0,0.0,403.0,1,1,True,False,False,False,True,False,False,True,False,False,False,True,False,False,False,False,False,False,False,False,False,False,False,True,False,False,False,False,False,False,False,True,False,False,1
99,0,999999.0,512.0,140792.0,1,1,1,1,0,0,0,0,0,0,2,1,5,3,0,1,29,25,0,54,1,0,7,0,26,21,108603.0,50000.0,0.0,0,0.0,0.0,0.0,501.0,0,6,True,False,False,False,True,False,False,True,False,False,False,True,False,False,False,False,False,False,False,False,False,False,False,False,False,False,False,True,False,False,True,False,False,False,1
99,1,137500.0,0.0,21000.0,1,1,1,1,0,0,0,0,0,0,2,1,5,2,0,1,14,14,1,38,1,0,7,0,22,18,5000.0,5000.0,0.0,0,0.0,0.0,0.0,138.0,1,5,True,False,False,False,True,False,False,True,False,False,False,True,False,False,False,False,False,False,False,False,False,False,False,False,False,False,False,True,False,False,True,False,False,False,1
99,0,999999.0,537.0,13600.0,1,0,0,0,0,0,0,0,0,0,0,0,2,0,0,1,99,99,0,19,1,1,7,1,20,8,6000.0,6000.0,0.0,0,0.0,0.0,0.0,164.0,1,0,True,False,False,False,True,False,False,True,False,False,False,False,False,False,True,False,False,False,False,False,False,False,True,False,False,False,False,False,False,False,False,True,False,False,1
99,0,999999.0,1000.0,119400.0,1,1,1,1,0,0,0,0,0,0,2,1,4,1,0,1,11,11,1,30,1,0,7,0,41,68,40000.0,40000.0,0.0,0,0.0,0.0,0.0,501.0,1,1,True,False,False,False,True,False,False,True,False,False,False,True,False,False,False,False,False,False,False,False,False,False,False,False,False,False,False,True,False,False,True,False,False,False,1
99,0,999999.0,262.0,7908.0,1,0,2,0,4,0,5,0,0,0,0,0,5,0,0,1,99,99,0,0,0,0,7,0,0,0,0.0,999999.0,999999.0,999999,99999.0,99999.0,99999.0,53.0,1,0,True,False,False,False,True,False,False,True,False,False,True,False,False,False,False,False,False,False,False,False,False,False,True,False,False,False,False,False,False,False,False,True,False,False,1
99,1,400000.0,0.0,73410.0,1,1,1,1,0,0,0,0,0,0,1,1,4,2,0,1,16,13,0,46,0,1,8,2,31,73,5000.0,0.0,5000.0,0,0.0,0.0,0.0,501.0,0,0,True,False,False,False,True,False,False,True,False,False,False,False,False,False,False,False,False,False,False,False,True,False,False,False,False,False,False,True,False,False,True,False,False,False,1
99,1,400000.0,0.0,223216.0,1,1,1,1,0,0,0,0,0,0,1,1,3,1,0,1,22,22,0,48,0,0,7,0,22,51,2500.0,0.0,0.0,0,0.0,0.0,0.0,501.0,0,0,True,False,False,False,True,False,False,True,False,False,False,False,False,False,False,False,False,False,False,False,True,False,False,False,False,False,False,True,False,False,True,False,False,False,1
99,0,999999.0,512.0,53380.0,1,2,2,2,0,0,0,0,0,0,2,1,7,3,0,1,27,19,0,64,1,0,1,0,9,6,5980.0,5980.0,0.0,0,0.0,0.0,0.0,260.0,1,1,True,False,False,False,True,False,False,True,False,False,False,True,False,False,False,False,False,False,False,False,False,False,False,False,False,False,False,True,False,False,True,False,False,False,1
99,1,350000.0,0.0,53140.0,1,1,1,1,2,0,1,1,0,1,0,0,5,0,0,1,99,99,2,5,1,1,0,1,0,0,0.0,999999.0,999999.0,999999,99999.0,99999.0,99999.0,359.0,1,0,True,False,False,False,True,False,False,True,True,False,False,False,False,False,False,False,False,False,False,False,False,False,False,False,False,False,False,True,False,False,False,True,False,False,1
99,0,999999.0,537.0,24600.0,1,1,1,1,1,3,1,2,0,1,0,0,5,0,0,1,99,99,1,8,1,1,1,1,0,0,0.0,999999.0,999999.0,999999,99999.0,99999.0,99999.0,162.0,0,0,True,False,False,False,True,False,False,True,True,False,False,False,False,False,False,False,False,False,False,False,False,False,False,False,False,False,False,True,False,False,False,True,False,False,1
99,0,999999.0,875.0,8758.0,1,0,0,0,0,0,0,0,0,0,0,0,1,0,0,1,99,99,0,71,0,0,6,0,0,0,8758.0,0.0,0.0,0,8758.0,0.0,0.0,147.0,0,5,True,False,False,False,True,False,False,True,False,False,False,True,False,False,False,False,False,False,False,False,False,False,False,False,False,False,False,True,True,False,False,False,False,False,1
99,0,999999.0,875.0,24000.0,1,1,1,1,0,0,0,0,0,0,2,1,4,2,0,1,14,12,0,55,1,0,3,0,0,0,24000.0,0.0,0.0,0,0.0,0.0,0.0,191.0,1,1,True,False,False,False,True,False,False,True,False,False,False,True,False,False,False,False,False,False,False,False,False,False,False,False,False,False,False,True,False,False,True,False,False,False,1
99,1,350000.0,0.0,116772.0,1,0,1,0,0,0,0,0,0,0,0,0,2,1,0,1,57,57,0,82,0,0,7,0,0,0,53764.0,0.0,0.0,0,10175.0,0.0,0.0,501.0,0,8,True,False,False,False,True,False,False,True,False,False,False,True,False,False,False,False,False,False,False,False,False,False,False,False,False,False,False,True,False,False,False,False,False,True,1
99,0,999999.0,1000.0,5000.0,2,0,0,0,0,0,0,0,0,0,0,0,1,0,0,2,99,99,0,28,1,0,7,0,30,67,10000.0,10000.0,0.0,0,0.0,0.0,0.0,155.0,1,0,True,False,False,False,True,False,False,True,False,False,False,False,False,False,False,False,False,True,False,False,False,False,False,False,False,False,False,True,False,False,False,True,False,False,1
99,0,999999.0,537.0,18000.0,1,1,1,1,2,0,1,1,0,1,0,0,5,0,0,1,99,99,2,0,1,0,7,0,0,0,0.0,999999.0,999999.0,999999,99999.0,99999.0,99999.0,122.0,1,0,True,False,False,False,True,False,False,True,True,False,False,False,False,False,False,False,False,False,False,False,False,False,False,False,False,False,False,True,False,False,False,True,False,False,1
99,1,137500.0,0.0,62000.0,2,1,1,2,0,0,0,4,0,2,0,0,6,0,0,1,99,99,0,0,0,0,7,0,0,0,0.0,999999.0,999999.0,999999,99999.0,99999.0,99999.0,355.0,1,0,True,False,False,False,True,False,False,True,False,False,True,False,False,False,False,False,False,False,False,False,False,False,False,False,False,False,False,True,False,False,False,True,False,False,1
99,1,400000.0,0.0,52598.0,1,0,1,0,0,0,0,0,0,0,0,0,3,2,0,1,18,13,0,49,0,0,8,0,39,81,47991.0,2605.0,44566.0,0,0.0,0.0,0.0,501.0,0,6,True,False,False,False,True,False,False,True,False,False,False,True,False,False,False,False,False,False,False,False,False,False,False,False,False,False,False,True,True,False,False,False,False,False,1
99,0,999999.0,625.0,14500.0,1,0,1,0,1,7,1,0,0,0,0,0,4,0,0,1,99,99,2,17,1,1,4,1,0,0,0.0,0.0,0.0,0,0.0,0.0,0.0,112.0,1,0,True,False,False,False,True,False,False,True,True,False,False,False,False,False,False,False,False,False,False,False,False,False,False,False,False,False,False,True,False,False,False,True,False,False,1
99,0,999999.0,875.0,2400.0,1,0,1,0,0,0,0,0,0,0,0,0,2,1,1,1,0,0,0,20,0,0,7,0,26,52,2400.0,2400.0,0.0,0,0.0,0.0,0.0,28.0,1,1,True,False,False,False,True,False,False,True,False,False,False,True,False,False,False,False,False,False,False,False,False,False,False,False,False,False,False,True,False,False,False,False,True,False,1
99,0,999999.0,725.0,14000.0,2,0,0,0,0,0,0,0,0,0,0,0,1,0,0,1,99,99,0,26,1,0,7,0,25,15,14000.0,14000.0,0.0,0,0.0,0.0,0.0,217.0,1,2,True,False,False,False,True,False,False,True,False,False,False,True,False,False,False,False,False,False,False,False,False,False,True,False,False,False,False,False,False,False,False,True,False,False,0
99,1,137500.0,0.0,61961.0,1,1,2,1,2,0,1,1,0,1,0,0,12,3,3,1,2,0,5,20,0,0,5,0,25,44,0.0,0.0,0.0,0,0.0,0.0,0.0,249.0,1,0,True,False,False,False,True,False,False,True,True,False,False,False,False,False,False,False,False,False,False,False,False,False,False,False,False,False,False,True,False,True,False,False,False,False,1
99,1,400000.0,0.0,182118.0,1,0,0,0,0,0,0,0,0,0,0,0,1,0,0,1,99,99,0,66,1,0,8,0,22,32,182118.0,0.0,123515.0,0,0.0,0.0,0.0,501.0,0,6,True,False,False,False,True,False,False,True,False,False,False,True,False,False,False,False,False,False,False,False,False,False,False,False,False,False,False,True,False,False,False,True,False,False,1
99,1,162500.0,0.0,28600.0,1,0,1,0,1,0,1,0,0,0,0,0,2,0,0,1,99,99,0,1,0,0,7,0,0,0,0.0,999999.0,999999.0,999999,99999.0,99999.0,99999.0,335.0,1,0,True,False,False,False,True,False,False,True,True,False,False,False,False,False,False,False,False,False,False,False,False,False,True,False,False,False,False,False,False,False,False,True,False,False,1
99,1,187500.0,0.0,73000.0,1,1,1,1,2,0,1,1,0,1,0,0,7,0,0,1,99,99,4,17,0,1,4,1,14,17,5000.0,5000.0,0.0,0,0.0,0.0,0.0,380.0,0,0,True,False,False,False,True,False,False,True,True,False,False,False,False,False,False,False,False,False,False,False,False,False,False,False,False,False,False,True,False,False,False,True,False,False,1
99,0,999999.0,112.0,54400.0,1,1,1,1,2,0,1,1,0,1,0,0,6,0,0,1,99,99,3,21,0,1,7,1,26,72,800.0,800.0,0.0,0,0.0,0.0,0.0,305.0,0,0,True,False,False,False,True,False,False,True,True,False,False,False,False,False,False,False,False,False,False,False,False,False,False,False,False,False,False,True,False,False,False,True,False,False,1
99,1,112500.0,0.0,67095.0,1,0,0,1,0,0,0,0,0,0,0,0,2,1,0,1,43,43,0,65,1,0,7,0,48,87,50000.0,50000.0,0.0,0,0.0,0.0,0.0,501.0,0,7,True,False,False,False,True,False,False,True,False,False,False,True,False,False,False,False,False,False,False,False,False,False,False,False,False,False,False,True,False,False,False,False,False,True,1
99,0,999999.0,575.0,19800.0,1,1,1,1,2,0,1,1,0,1,0,0,6,0,0,1,99,99,3,10,0,0,2,0,0,0,0.0,999999.0,999999.0,999999,99999.0,99999.0,99999.0,120.0,1,0,True,False,False,False,True,False,False,True,True,False,False,False,False,False,False,False,False,False,False,False,False,False,False,False,False,False,False,True,False,False,False,True,False,False,1
99,1,162500.0,0.0,90000.0,1,1,1,1,2,0,1,1,0,1,0,0,7,0,0,1,99,99,4,7,0,1,1,1,0,0,0.0,999999.0,999999.0,999999,99999.0,99999.0,99999.0,455.0,1,0,True,False,False,False,True,False,False,True,True,False,False,False,False,False,False,False,False,False,False,False,False,False,False,False,False,False,False,True,False,False,False,True,False,False,1
99,1,350000.0,0.0,50350.0,1,1,1,1,0,0,0,0,0,0,1,1,3,1,0,1,17,17,0,46,0,0,6,0,0,0,0.0,0.0,0.0,0,0.0,0.0,0.0,501.0,0,0,True,False,False,False,True,False,False,True,False,False,False,False,False,False,False,False,False,False,False,False,True,False,False,False,True,False,False,False,False,False,True,False,False,False,1
99,1,225000.0,0.0,14382.0,1,0,0,0,0,0,0,0,0,0,0,0,1,0,0,1,99,99,0,70,0,0,7,0,35,62,14382.0,0.0,4782.0,0,9600.0,0.0,0.0,242.0,0,7,True,False,False,False,True,False,False,True,False,False,False,True,False,False,False,False,False,False,False,False,False,False,False,False,False,False,False,True,False,False,False,False,False,True,0
99,0,999999.0,625.0,12000.0,1,1,1,1,0,0,0,0,0,0,2,1,3,1,1,1,2,2,0,32,1,0,6,0,22,18,12000.0,12000.0,0.0,0,0.0,0.0,0.0,120.0,1,1,True,False,False,False,True,False,False,True,False,False,False,True,False,False,False,False,False,False,False,False,False,False,False,False,False,True,False,False,False,False,True,False,False,False,1
99,1,162500.0,0.0,26207.0,1,1,0,0,0,0,0,0,0,0,1,1,2,0,0,1,99,99,0,66,0,0,8,0,0,0,7073.0,0.0,0.0,0,3515.0,0.0,0.0,350.0,0,0,True,False,False,False,True,False,False,True,False,False,False,False,False,False,False,False,False,False,False,False,True,False,False,False,False,False,False,True,False,False,True,False,False,False,1
99,0,999999.0,575.0,44193.0,1,1,2,1,2,0,1,1,3,1,0,0,7,3,1,1,14,3,1,26,0,0,5,0,0,0,15220.0,0.0,0.0,0,8500.0,6720.0,0.0,223.0,0,0,True,False,False,False,True,False,False,True,True,False,False,False,False,False,False,False,False,False,False,False,False,False,False,False,False,False,False,True,False,False,False,False,True,False,1
99,0,999999.0,675.0,37900.0,1,0,1,0,1,0,1,0,0,0,0,0,4,0,0,1,99,99,2,8,0,1,1,1,0,0,0.0,999999.0,999999.0,999999,99999.0,99999.0,99999.0,301.0,1,0,True,False,False,False,True,False,False,True,True,False,False,False,False,False,False,False,False,False,False,False,False,False,True,False,False,False,False,False,False,False,False,True,False,False,1
99,0,999999.0,675.0,13080.0,2,0,1,0,0,0,0,0,0,0,0,0,1,0,0,2,99,99,0,27,1,0,5,0,21,8,12000.0,12000.0,0.0,0,0.0,0.0,0.0,186.0,1,0,True,False,False,False,True,False,False,True,False,False,False,False,False,False,False,False,False,True,False,False,False,False,False,False,False,False,False,True,False,False,False,True,False,False,1
99,0,999999.0,187.0,1635.0,1,0,1,0,1,0,1,0,0,0,0,0,3,0,0,1,99,99,1,6,1,1,1,1,0,0,0.0,999999.0,999999.0,999999,99999.0,99999.0,99999.0,16.0,1,0,True,False,False,False,True,False,False,True,True,False,False,False,False,False,False,False,False,False,False,False,False,False,False,False,False,False,False,True,False,False,False,True,False,False,1
99,0,999999.0,625.0,6400.0,1,0,2,0,1,0,1,0,0,0,0,0,10,0,0,1,99,99,6,5,0,1,0,1,0,0,0.0,999999.0,999999.0,999999,99999.0,99999.0,99999.0,26.0,1,0,True,False,False,False,True,False,False,True,True,False,False,False,False,False,False,False,False,False,False,False,False,False,False,False,False,False,False,True,False,False,False,True,False,False,1
99,0,999999.0,412.0,52000.0,1,1,0,0,0,0,0,0,0,0,2,1,3,0,0,1,99,99,1,26,1,0,6,0,31,33,32000.0,32000.0,0.0,0,0.0,0.0,0.0,501.0,0,2,True,False,False,False,True,False,False,True,False,False,False,True,False,False,False,False,False,False,False,False,False,False,False,False,False,True,False,False,False,False,True,False,False,False,1
99,1,225000.0,0.0,48556.0,1,1,1,1,0,0,0,0,0,0,1,1,4,2,2,1,4,1,0,43,0,0,6,0,0,0,300.0,0.0,0.0,0,0.0,0.0,0.0,386.0,0,0,True,False,False,False,True,False,False,True,False,False,False,False,False,False,False,False,False,False,False,False,True,False,False,False,False,False,False,True,False,False,True,False,False,False,1
99,1,187500.0,0.0,70000.0,1,1,0,0,0,0,0,0,0,0,2,1,2,0,0,1,99,99,0,55,1,0,8,0,41,68,51000.0,31000.0,0.0,0,0.0,0.0,0.0,501.0,0,5,True,False,False,False,True,False,False,True,False,False,False,True,False,False,False,False,False,False,False,False,False,False,False,False,False,False,False,True,False,False,True,False,False,False,1
99,0,999999.0,875.0,28125.0,1,1,1,1,0,0,0,0,0,0,0,0,13,0,0,1,99,99,5,21,1,0,2,0,25,18,224.0,224.0,0.0,0,0.0,0.0,0.0,117.0,1,0,True,False,False,False,True,False,False,True,False,False,False,False,False,False,False,False,False,False,True,False,False,False,False,False,False,False,False,True,False,False,False,True,False,False,1
99,1,112500.0,0.0,52737.0,1,1,1,1,2,0,1,1,0,1,0,0,4,0,0,1,99,99,1,38,1,0,6,0,34,53,3225.0,3225.0,0.0,0,0.0,0.0,0.0,412.0,1,0,True,False,False,False,True,False,False,True,True,False,False,False,False,False,False,False,False,False,False,False,False,False,False,False,False,False,False,True,True,False,False,False,False,False,1
99,0,999999.0,675.0,21200.0,1,1,2,1,5,0,3,4,0,3,0,0,9,0,0,1,99,99,2,2,1,0,7,0,0,0,0.0,999999.0,999999.0,999999,99999.0,99999.0,99999.0,80.0,1,0,True,False,False,False,True,False,False,True,False,False,False,False,False,False,True,False,False,False,False,False,False,False,False,False,False,False,False,True,False,False,False,True,False,False,1
99,0,999999.0,725.0,34976.0,1,0,1,0,1,0,1,0,0,0,0,0,3,0,0,1,99,99,1,4,0,1,0,2,0,0,0.0,999999.0,999999.0,999999,99999.0,99999.0,99999.0,350.0,1,0,True,False,False,False,True,False,False,True,True,False,False,False,False,False,False,False,False,False,False,False,False,False,False,False,False,False,False,True,False,False,False,True,False,False,1
99,1,187500.0,0.0,31293.0,1,1,0,0,0,0,0,0,0,0,1,1,2,0,0,1,99,99,0,64,0,0,6,0,0,0,4080.0,0.0,0.0,0,4080.0,0.0,0.0,377.0,0,0,True,False,False,False,True,False,False,True,False,False,False,False,False,False,False,False,False,False,False,False,True,False,False,False,False,False,False,True,False,False,True,False,False,False,1
99,1,22500.0,0.0,3511.0,1,1,1,1,2,0,1,1,0,1,0,0,3,0,0,1,99,99,0,22,1,1,6,1,0,0,0.0,0.0,0.0,0,0.0,0.0,0.0,36.0,0,0,True,False,False,False,True,False,False,True,True,False,False,False,False,False,False,False,False,False,False,False,False,False,False,False,False,False,False,True,False,False,False,True,False,False,1
99,1,27500.0,0.0,24062.0,1,1,1,1,0,0,0,0,0,0,2,1,3,1,1,1,1,1,0,36,1,0,8,0,37,78,18950.0,16200.0,2300.0,0,0.0,0.0,0.0,241.0,1,2,True,False,False,False,True,False,False,True,False,False,False,True,False,False,False,False,False,False,False,False,False,False,False,True,False,False,False,False,False,False,True,False,False,False,1
99,0,999999.0,1000.0,23200.0,5,1,0,1,0,0,0,0,0,0,2,1,2,0,0,1,99,99,0,41,1,0,0,0,20,9,1200.0,1200.0,-1200.0,1200,0.0,0.0,0.0,279.0,0,2,True,False,False,False,True,False,False,True,False,False,False,True,False,False,False,False,False,False,False,False,False,False,False,False,False,False,False,True,False,False,True,False,False,False,1
99,0,999999.0,675.0,13100.0,1,1,1,1,2,0,1,1,0,1,0,0,7,0,0,1,99,99,4,9,1,1,1,1,0,0,0.0,999999.0,999999.0,999999,99999.0,99999.0,99999.0,71.0,1,0,True,False,False,False,True,False,False,True,True,False,False,False,False,False,False,False,False,False,False,False,False,False,False,False,False,False,False,True,False,False,False,True,False,False,1
99,1,137500.0,0.0,83043.0,1,0,1,0,1,0,1,0,0,0,0,0,6,0,0,1,99,99,3,27,0,0,6,0,24,44,11009.0,5525.0,0.0,0,0.0,2172.0,0.0,466.0,0,0,True,False,False,False,True,False,False,True,True,False,False,False,False,False,False,False,False,False,False,False,False,False,True,False,False,False,False,False,False,False,False,True,False,False,0
99,1,187500.0,0.0,5000.0,2,1,0,0,0,0,0,0,0,0,1,2,2,0,0,1,99,99,0,49,1,0,6,0,26,47,5000.0,0.0,5000.0,0,0.0,0.0,0.0,60.0,0,0,True,False,False,False,True,False,False,True,False,False,False,False,False,False,False,False,False,False,False,False,True,False,False,False,False,False,False,True,False,False,True,False,False,False,1
99,0,999999.0,675.0,44904.0,1,1,1,1,0,0,0,0,0,0,1,1,3,1,1,1,4,4,0,39,0,0,7,0,0,0,5866.0,0.0,0.0,0,5866.0,0.0,0.0,450.0,1,0,True,False,False,False,True,False,False,True,False,False,False,False,False,False,False,False,False,False,False,False,True,False,False,False,False,False,False,True,False,False,True,False,False,False,1
99,0,999999.0,875.0,36850.0,1,1,1,2,2,0,1,1,3,1,0,0,5,0,0,1,99,99,1,9,0,1,1,1,0,0,0.0,999999.0,999999.0,999999,99999.0,99999.0,99999.0,243.0,1,0,True,False,False,False,True,False,False,True,True,False,False,False,False,False,False,False,False,False,False,False,False,False,False,False,False,False,False,True,False,False,False,True,False,False,1
99,0,999999.0,575.0,11600.0,2,0,1,0,1,0,1,0,0,0,0,0,4,0,0,1,99,99,2,22,1,0,2,0,17,5,600.0,600.0,0.0,0,0.0,0.0,0.0,91.0,1,0,True,False,False,False,True,False,False,True,True,False,False,False,False,False,False,False,False,False,False,False,False,False,False,False,False,False,False,True,False,False,False,True,False,False,1
99,1,95000.0,0.0,39625.0,1,2,2,2,0,0,0,0,0,0,1,1,6,1,0,1,49,49,0,70,0,0,6,0,0,0,9600.0,0.0,0.0,0,9600.0,0.0,0.0,227.0,0,0,True,False,False,False,True,False,False,True,False,False,False,False,False,False,False,False,False,False,False,False,True,False,False,False,False,False,False,True,False,False,True,False,False,False,1
99,0,999999.0,0.0,999999.0,1,0,0,0,0,0,0,0,0,0,0,0,1,0,0,1,99,99,0,71,1,0,0,0,0,0,0.0,0.0,0.0,0,0.0,0.0,0.0,0.0,1,0,False,False,True,False,False,True,False,True,False,False,False,False,False,True,False,False,False,False,False,False,False,False,False,False,False,False,False,True,False,False,False,True,False,False,1
99,1,225000.0,0.0,71796.0,1,2,2,2,0,0,0,0,0,0,1,1,8,1,0,1,33,33,0,63,0,0,6,0,24,47,14071.0,0.0,0.0,0,6840.0,0.0,0.0,330.0,0,0,True,False,False,False,True,False,False,True,False,False,False,False,False,False,False,False,False,False,False,False,True,False,False,False,False,False,False,True,False,False,True,False,False,False,1
99,0,999999.0,625.0,40000.0,1,1,1,1,0,0,0,0,0,0,2,1,5,3,1,1,11,3,0,33,1,0,6,0,24,19,20000.0,20000.0,0.0,0,0.0,0.0,0.0,270.0,1,1,True,False,False,False,True,False,False,True,False,False,False,True,False,False,False,False,False,False,False,False,False,False,False,False,False,False,False,True,False,False,True,False,False,False,1
99,1,400000.0,0.0,78000.0,1,1,1,1,2,0,1,1,0,1,0,0,6,0,0,1,99,99,3,9,0,1,1,1,0,0,0.0,999999.0,999999.0,999999,99999.0,99999.0,99999.0,471.0,1,0,True,False,False,False,True,False,False,True,True,False,False,False,False,False,False,False,False,False,False,False,False,False,False,False,False,False,False,True,False,False,False,True,False,False,1
99,0,999999.0,162.0,630.0,1,0,0,0,0,0,0,0,0,0,0,0,1,0,0,1,99,99,0,67,0,0,8,0,0,0,630.0,0.0,0.0,0,0.0,630.0,0.0,11.0,0,6,True,False,False,False,True,False,False,True,False,False,False,True,False,False,False,False,False,False,False,False,False,False,True,False,False,False,False,False,True,False,False,False,False,False,1
99,0,999999.0,312.0,12032.0,1,1,1,1,2,0,1,1,0,1,0,0,6,0,0,1,99,99,3,8,0,1,1,1,0,0,0.0,999999.0,999999.0,999999,99999.0,99999.0,99999.0,73.0,1,0,True,False,False,False,True,False,False,True,True,False,False,False,False,False,False,False,False,False,False,False,False,False,False,False,False,False,False,True,False,False,False,True,False,False,1
99,1,85000.0,0.0,39500.0,1,1,1,1,0,0,0,0,0,0,1,1,5,3,0,1,18,10,0,41,0,1,7,1,30,65,17000.0,17000.0,0.0,0,0.0,0.0,0.0,252.0,0,0,True,False,False,False,True,False,False,True,False,False,False,False,False,False,False,False,False,False,False,False,True,False,False,False,False,False,False,True,False,False,True,False,False,False,1
99,1,112500.0,0.0,45028.0,1,1,1,1,0,0,0,0,0,0,1,1,3,1,0,1,22,22,0,48,0,0,7,0,17,13,1960.0,1800.0,0.0,0,0.0,0.0,0.0,464.0,1,0,True,False,False,False,True,False,False,True,False,False,False,False,False,False,False,False,False,False,False,False,True,False,False,False,False,True,False,False,False,False,True,False,False,False,1
99,0,999999.0,675.0,31200.0,2,0,1,0,0,0,0,0,0,0,0,0,1,0,0,2,99,99,0,34,1,0,6,0,32,34,36400.0,36400.0,0.0,0,0.0,0.0,0.0,501.0,1,0,True,False,False,False,True,False,False,True,False,False,False,False,False,False,False,False,False,True,False,False,False,False,False,False,False,False,False,True,False,False,False,False,True,False,1
99,1,225000.0,0.0,60600.0,1,1,1,1,2,0,1,1,0,1,0,0,5,0,0,1,99,99,2,5,1,0,0,0,0,0,0.0,999999.0,999999.0,999999,99999.0,99999.0,99999.0,410.0,0,0,True,False,False,False,True,False,False,True,True,False,False,False,False,False,False,False,False,False,False,False,False,False,False,False,False,False,False,True,False,False,False,True,False,False,1
99,1,400000.0,0.0,34185.0,1,1,0,0,0,0,0,0,0,0,1,1,2,0,0,1,99,99,0,75,0,0,7,0,0,0,15816.0,0.0,0.0,0,9779.0,0.0,0.0,456.0,1,0,True,False,False,False,True,False,False,True,False,False,False,False,False,False,False,False,False,False,False,False,True,False,False,False,False,False,False,True,False,False,True,False,False,False,1
99,0,999999.0,262.0,25000.0,1,1,1,1,2,7,1,1,0,1,0,0,4,0,0,1,99,99,1,20,1,0,6,0,0,0,0.0,0.0,0.0,0,0.0,0.0,0.0,192.0,0,0,True,False,False,False,True,False,False,True,True,False,False,False,False,False,False,False,False,False,False,False,False,False,False,False,False,False,False,True,False,False,False,True,False,False,1
99,1,400000.0,0.0,77003.0,1,1,0,0,0,0,0,0,0,0,1,1,2,0,0,1,99,99,0,79,0,0,6,0,31,73,5400.0,0.0,0.0,0,5400.0,0.0,0.0,501.0,0,0,True,False,False,False,True,False,False,True,False,False,False,False,False,False,False,False,False,False,False,False,True,False,False,False,False,False,False,True,False,False,True,False,False,False,1
99,1,350000.0,0.0,107800.0,1,1,2,1,1,0,1,0,0,0,0,0,9,0,0,1,99,99,4,19,0,0,6,0,22,51,16000.0,16000.0,0.0,0,0.0,0.0,0.0,396.0,0,0,True,False,False,False,True,False,False,True,True,False,False,False,False,False,False,False,False,False,False,False,False,False,False,False,False,False,False,True,False,False,False,True,False,False,1
99,0,999999.0,487.0,79478.0,1,1,1,1,0,0,0,0,0,0,0,0,4,0,0,1,99,99,0,20,0,0,6,0,23,18,7200.0,7200.0,0.0,0,0.0,0.0,0.0,501.0,1,0,True,False,False,False,True,False,False,True,False,False,False,False,False,False,True,False,False,False,False,False,False,False,False,False,False,False,False,True,False,False,False,True,False,False,1
99,1,350000.0,0.0,74559.0,1,1,1,1,0,0,0,0,0,0,0,0,8,0,0,1,99,99,1,34,0,0,5,0,41,68,8258.0,0.0,0.0,0,0.0,0.0,8258.0,354.0,1,0,True,False,False,False,True,False,False,True,False,False,False,False,False,False,False,False,False,False,True,False,False,False,False,False,False,False,False,True,False,False,False,True,False,False,1
99,0,999999.0,875.0,18000.0,2,0,0,0,0,0,0,0,0,0,0,0,1,0,0,1,99,99,0,26,0,1,8,1,24,44,18000.0,18000.0,0.0,0,0.0,0.0,0.0,279.0,1,2,True,False,False,False,True,False,False,True,False,False,False,True,False,False,False,False,False,False,False,False,False,False,False,False,False,False,False,True,False,False,False,True,False,False,1
99,0,999999.0,675.0,10940.0,1,1,1,1,2,0,1,1,0,1,0,0,6,0,0,1,99,99,3,16,1,1,5,1,20,9,0.0,0.0,0.0,0,0.0,0.0,0.0,66.0,1,0,True,False,False,False,True,False,False,True,True,False,False,False,False,False,False,False,False,False,False,False,False,False,False,False,False,False,False,True,False,False,False,True,False,False,0
99,0,999999.0,625.0,17000.0,1,1,0,0,0,0,0,0,0,0,2,1,2,0,0,1,99,99,0,37,1,0,7,0,37,78,17000.0,17000.0,0.0,0,0.0,0.0,0.0,205.0,1,1,True,False,False,False,True,False,False,True,False,False,False,True,False,False,False,False,False,False,False,False,False,False,False,False,False,True,False,False,False,False,True,False,False,False,1
99,1,350000.0,0.0,71876.0,1,1,1,1,0,0,0,0,0,0,2,2,3,1,0,1,29,29,0,60,0,0,6,0,0,0,0.0,0.0,0.0,0,0.0,0.0,0.0,501.0,0,7,True,False,False,False,True,False,False,True,False,False,False,True,False,False,False,False,False,False,False,False,False,False,False,False,False,False,False,True,False,False,True,False,False,False,1
99,1,275000.0,0.0,127198.0,2,2,0,1,0,0,0,0,0,0,0,0,7,4,0,1,51,33,0,77,1,0,7,0,0,0,23948.0,0.0,0.0,0,6400.0,948.0,0.0,501.0,0,7,True,False,False,False,True,False,False,True,False,False,False,True,False,False,False,False,False,False,False,False,False,False,False,False,False,False,False,True,False,False,False,False,False,True,1
99,1,187500.0,0.0,108000.0,1,2,1,1,2,0,1,1,0,1,0,0,5,0,0,1,99,99,1,20,1,0,6,0,11,16,0.0,0.0,0.0,0,0.0,0.0,0.0,501.0,1,0,True,False,False,False,True,False,False,True,True,False,False,False,False,False,False,False,False,False,False,False,False,False,False,False,False,False,False,True,False,False,False,True,False,False,1
99,0,999999.0,362.0,38600.0,1,1,1,1,0,0,0,0,0,0,1,1,4,2,2,1,2,0,0,26,0,0,7,0,26,72,14600.0,11000.0,0.0,0,0.0,0.0,3600.0,307.0,0,0,True,False,False,False,True,False,False,True,False,False,False,False,False,False,False,False,False,False,False,False,True,False,False,False,False,False,False,True,False,False,True,False,False,False,1
99,1,350000.0,0.0,25400.0,1,0,1,0,1,0,1,0,0,0,0,0,2,0,0,1,99,99,0,15,1,1,4,2,0,0,0.0,999999.0,999999.0,999999,0.0,0.0,0.0,297.0,1,0,True,False,False,False,True,False,False,True,True,False,False,False,False,False,False,False,False,False,False,False,False,False,False,False,False,False,False,True,False,False,False,True,False,False,1
99,0,999999.0,575.0,22199.0,1,1,2,1,0,0,0,0,0,0,1,1,7,2,1,1,12,2,0,37,0,0,1,0,16,15,3659.0,3659.0,0.0,0,0.0,0.0,0.0,110.0,0,0,True,False,False,False,True,False,False,True,False,False,False,False,False,False,False,False,False,False,False,False,True,False,False,False,False,False,False,True,False,False,True,False,False,False,1
99,1,225000.0,0.0,44641.0,1,0,1,0,1,0,1,0,0,0,0,0,6,0,0,1,99,99,4,24,1,0,7,0,23,45,16000.0,16000.0,0.0,0,0.0,0.0,0.0,256.0,1,0,True,False,False,False,True,False,False,True,True,False,False,False,False,False,False,False,False,False,False,False,False,False,False,False,False,False,False,True,False,False,False,True,False,False,1
99,0,999999.0,462.0,39000.0,1,1,1,1,2,0,1,1,0,1,0,0,6,0,0,1,99,99,3,4,0,1,0,2,0,0,0.0,999999.0,999999.0,999999,99999.0,99999.0,99999.0,235.0,1,0,True,False,False,False,True,False,False,True,True,False,False,False,False,False,False,False,False,False,False,False,False,False,True,False,False,False,False,False,False,False,False,True,False,False,1
99,1,350000.0,0.0,60700.0,1,1,0,0,0,0,0,0,0,0,2,1,2,0,0,1,99,99,0,38,1,0,6,0,50,79,45500.0,45000.0,0.0,0,0.0,0.0,0.0,501.0,0,5,True,False,False,False,True,False,False,True,False,False,False,True,False,False,False,False,False,False,False,False,False,False,False,False,False,False,False,True,False,False,True,False,False,False,1
99,1,400000.0,0.0,69000.0,1,1,1,1,0,0,0,0,0,0,1,1,3,1,1,1,1,1,0,30,0,0,8,0,26,58,5000.0,1000.0,0.0,0,0.0,0.0,0.0,501.0,1,0,True,False,False,False,True,False,False,True,False,False,False,False,False,False,False,False,False,False,False,False,True,False,False,True,False,False,False,False,False,False,True,False,False,False,1
99,0,999999.0,725.0,40090.0,1,2,1,1,2,0,1,1,0,1,0,0,6,0,0,1,99,99,1,3,0,0,0,0,0,0,0.0,999999.0,999999.0,999999,99999.0,99999.0,99999.0,230.0,1,0,True,False,False,False,True,False,False,True,True,False,False,False,False,False,False,False,False,False,False,False,False,False,False,False,False,False,False,True,False,False,False,True,False,False,1
99,1,112500.0,0.0,37900.0,2,2,1,1,0,0,0,0,0,0,2,1,8,2,1,1,14,2,2,31,1,0,2,0,20,8,14000.0,14000.0,0.0,0,0.0,0.0,0.0,168.0,1,1,True,False,False,False,True,False,False,True,False,False,False,True,False,False,False,False,False,False,False,False,False,False,False,False,False,False,False,True,False,False,True,False,False,False,1
99,1,350000.0,0.0,39000.0,1,1,1,1,0,0,0,0,0,0,1,1,6,4,1,1,14,4,0,40,0,0,7,0,0,0,0.0,0.0,0.0,0,0.0,0.0,0.0,235.0,0,0,True,False,False,False,True,False,False,True,False,False,False,False,False,False,False,False,False,False,False,False,True,False,False,False,False,False,False,True,False,False,True,False,False,False,1
99,1,225000.0,0.0,48000.0,1,1,1,1,0,0,0,0,0,0,1,1,3,1,0,1,12,12,0,33,0,1,7,1,19,46,10000.0,10000.0,0.0,0,0.0,0.0,0.0,481.0,1,0,True,False,False,False,True,False,False,True,False,False,False,False,False,False,False,False,False,False,False,False,True,False,False,False,False,False,False,True,False,False,True,False,False,False,1
99,0,999999.0,575.0,39500.0,1,2,2,2,2,7,1,1,0,1,0,0,11,0,0,1,99,99,5,15,1,1,4,1,0,0,0.0,999999.0,999999.0,999999,0.0,0.0,0.0,154.0,1,0,True,False,False,False,True,False,False,True,True,False,False,False,False,False,False,False,False,False,False,False,False,False,False,False,False,False,False,True,False,False,False,True,False,False,1
99,1,187500.0,0.0,75583.0,1,1,1,1,0,0,0,0,0,0,2,1,3,1,0,1,27,27,0,60,1,1,8,1,27,72,47400.0,47000.0,0.0,0,0.0,0.0,0.0,501.0,0,7,True,False,False,False,True,False,False,True,False,False,False,True,False,False,False,False,False,False,False,False,False,False,False,False,False,False,False,True,False,False,True,False,False,False,1
99,1,400000.0,0.0,57936.0,1,1,1,1,2,0,1,1,0,1,0,0,3,0,0,1,99,99,0,24,1,0,8,0,19,17,5212.0,5212.0,0.0,0,0.0,0.0,0.0,501.0,0,0,True,False,False,False,True,False,False,True,True,False,False,False,False,False,False,False,False,False,False,False,False,False,False,False,False,False,False,True,False,False,False,True,False,False,1
99,0,999999.0,462.0,8364.0,1,0,0,0,0,0,0,0,0,0,0,0,1,0,0,1,99,99,0,70,0,0,2,0,0,0,8364.0,0.0,0.0,0,2580.0,3120.0,2664.0,141.0,1,1,True,False,False,False,True,False,False,True,False,False,False,True,False,False,False,False,False,False,False,False,False,True,False,False,False,False,False,False,False,False,False,False,False,True,1
99,0,999999.0,537.0,50000.0,1,1,1,1,2,0,1,1,0,1,0,0,4,0,0,1,99,99,1,0,1,0,7,0,0,0,0.0,999999.0,999999.0,999999,99999.0,99999.0,99999.0,398.0,1,0,True,False,False,False,True,False,False,True,True,False,False,False,False,False,False,False,False,False,False,False,False,False,False,False,False,False,False,True,False,False,False,True,False,False,1
99,0,999999.0,1000.0,34700.0,1,1,1,1,0,0,0,0,0,0,1,1,5,3,2,1,6,2,0,27,0,0,6,0,14,26,2700.0,0.0,2700.0,0,0.0,0.0,0.0,234.0,1,0,True,False,False,False,True,False,False,True,False,False,False,False,False,False,False,False,False,False,False,False,True,False,False,False,False,False,False,True,False,False,True,False,False,False,0
99,0,999999.0,875.0,26241.0,2,0,0,0,0,0,0,0,0,0,0,0,1,0,0,1,99,99,0,30,0,0,8,0,41,68,26241.0,26167.0,0.0,0,0.0,0.0,0.0,407.0,1,2,True,False,False,False,True,False,False,True,False,False,False,True,False,False,False,False,False,False,False,False,False,False,False,False,False,False,False,True,False,False,False,True,False,False,1
99,1,350000.0,0.0,66655.0,1,1,0,0,0,0,0,0,0,0,2,1,3,0,0,1,99,99,0,57,1,0,8,0,48,87,66655.0,66000.0,0.0,0,0.0,0.0,0.0,501.0,0,6,True,False,False,False,True,False,False,True,False,False,False,True,False,False,False,False,False,False,False,False,False,False,False,False,False,False,False,True,False,False,True,False,False,False,1
99,0,999999.0,1000.0,57000.0,2,1,0,0,0,0,0,0,0,0,1,1,2,0,0,1,99,99,0,23,0,0,7,0,41,68,27000.0,27000.0,0.0,0,0.0,0.0,0.0,501.0,1,0,True,False,False,False,True,False,False,True,False,False,False,False,False,False,False,False,False,False,False,False,True,False,False,True,False,False,False,False,False,False,True,False,False,False,1
99,0,999999.0,875.0,27000.0,1,1,0,0,0,0,0,0,0,0,0,0,6,0,0,1,99,99,0,11,0,1,2,1,0,0,0.0,999999.0,999999.0,999999,99999.0,99999.0,99999.0,158.0,1,0,True,False,False,False,True,False,False,True,False,False,False,False,False,False,True,False,False,False,False,False,False,False,False,False,False,False,False,True,False,False,False,True,False,False,1
99,0,999999.0,575.0,31100.0,1,0,0,0,0,0,0,0,0,0,0,0,1,0,0,1,99,99,0,37,1,0,6,0,20,8,31100.0,31000.0,0.0,0,0.0,0.0,0.0,482.0,1,2,True,False,False,False,True,False,False,True,False,False,False,True,False,False,False,False,False,False,False,False,False,False,False,True,False,False,False,False,False,False,False,True,False,False,1
99,0,999999.0,875.0,13000.0,2,0,1,0,0,0,0,0,0,0,0,0,2,1,0,1,6,6,0,26,0,0,7,0,19,17,13000.0,13000.0,0.0,0,0.0,0.0,0.0,152.0,1,1,True,False,False,False,True,False,False,True,False,False,False,True,False,False,False,False,False,False,False,False,False,False,False,False,False,False,False,True,True,False,False,False,False,False,1
99,0,999999.0,1000.0,85000.0,1,0,0,1,0,0,0,0,0,0,0,0,2,1,0,1,23,23,0,56,1,1,8,2,42,86,65000.0,65000.0,0.0,0,0.0,0.0,0.0,501.0,1,2,True,False,False,False,True,False,False,True,False,False,False,True,False,False,False,False,False,False,False,False,False,False,False,False,False,False,False,True,True,False,False,False,False,False,1
99,0,999999.0,875.0,32000.0,1,1,1,1,2,0,1,1,0,1,0,0,6,0,0,1,99,99,3,17,0,1,5,1,0,0,0.0,0.0,0.0,0,0.0,0.0,0.0,193.0,1,0,True,False,False,False,True,False,False,True,True,False,False,False,False,False,False,False,False,False,False,False,False,False,False,False,False,False,False,True,False,False,False,True,False,False,1
99,1,137500.0,0.0,69200.0,1,1,1,1,0,0,0,0,0,0,1,1,5,3,0,1,22,20,0,57,0,1,7,1,17,13,11000.0,11000.0,0.0,0,0.0,0.0,0.0,449.0,0,0,True,False,False,False,True,False,False,True,False,False,False,False,False,False,False,False,False,False,False,False,True,False,True,False,False,False,False,False,False,False,True,False,False,False,1
99,1,350000.0,0.0,49600.0,1,1,1,1,2,0,1,1,0,1,0,0,6,0,0,1,99,99,3,8,1,1,1,1,0,0,0.0,999999.0,999999.0,999999,99999.0,99999.0,99999.0,299.0,0,0,True,False,False,False,True,False,False,True,True,False,False,False,False,False,False,False,False,False,False,False,False,False,False,False,False,False,False,True,False,False,False,True,False,False,1
99,1,275000.0,0.0,94892.0,1,1,0,0,0,0,0,0,0,0,1,2,2,0,0,1,99,99,0,44,1,0,7,0,24,19,55892.0,55892.0,0.0,0,0.0,0.0,0.0,501.0,0,0,True,False,False,False,True,False,False,True,False,False,False,False,False,False,False,False,False,False,False,False,True,False,False,False,False,False,False,True,False,False,True,False,False,False,1
99,1,350000.0,0.0,10000.0,1,0,0,0,0,0,0,0,0,0,0,0,1,0,0,1,99,99,0,68,1,0,8,0,63,96,10000.0,0.0,2000.0,0,8000.0,0.0,0.0,168.0,0,8,True,False,False,False,True,False,False,True,False,False,False,True,False,False,False,False,False,False,False,False,False,False,False,False,False,False,False,True,True,False,False,False,False,False,1
99,0,999999.0,725.0,17867.0,1,1,1,1,2,0,1,1,0,1,0,0,6,0,0,1,99,99,3,6,0,1,0,1,0,0,0.0,999999.0,999999.0,999999,99999.0,99999.0,99999.0,108.0,1,0,True,False,False,False,True,False,False,True,True,False,False,False,False,False,False,False,False,False,False,False,False,False,False,False,False,False,False,True,False,False,False,True,False,False,1
99,1,275000.0,0.0,74000.0,1,0,0,0,0,0,0,0,0,0,0,0,2,0,0,1,99,99,1,37,1,0,8,0,41,68,53000.0,53000.0,0.0,0,0.0,0.0,0.0,501.0,1,2,True,False,False,False,True,False,False,True,False,False,False,True,False,False,False,False,False,False,False,False,False,False,False,False,False,False,False,True,False,False,False,True,False,False,1
99,0,999999.0,487.0,0.0,1,0,0,0,0,0,0,0,0,0,0,0,2,0,0,1,99,99,0,13,1,1,2,1,0,0,0.0,999999.0,999999.0,999999,99999.0,99999.0,99999.0,1.0,1,0,True,False,False,False,True,False,False,True,False,False,False,False,False,False,True,False,False,False,False,False,False,False,False,False,False,False,False,True,False,False,False,True,False,False,1
99,0,999999.0,412.0,24000.0,1,1,0,0,0,0,0,0,0,0,1,2,2,0,0,1,99,99,0,26,1,1,2,1,16,15,12000.0,12000.0,0.0,0,0.0,0.0,0.0,289.0,1,0,True,False,False,False,True,False,False,True,False,False,False,False,False,False,False,False,False,False,False,False,True,False,False,False,False,False,False,True,False,False,True,False,False,False,1
99,0,999999.0,875.0,45206.0,1,0,0,0,0,0,0,0,0,0,0,0,1,0,0,1,99,99,0,27,1,0,8,0,37,78,45206.0,45081.0,0.0,0,0.0,0.0,0.0,501.0,1,1,True,False,False,False,True,False,False,True,False,False,False,True,False,False,False,False,False,False,False,False,False,False,False,False,False,False,False,True,False,False,False,True,False,False,1
99,0,999999.0,487.0,15636.0,1,1,1,1,2,0,1,1,0,1,0,0,8,0,0,1,99,99,4,14,0,1,2,1,0,0,0.0,999999.0,999999.0,999999,99999.0,99999.0,99999.0,74.0,1,0,True,False,False,False,True,False,False,True,True,False,False,False,False,False,False,False,False,False,False,False,False,False,False,False,False,False,False,True,False,False,False,True,False,False,1
99,0,999999.0,462.0,32000.0,1,0,1,0,0,0,0,0,0,0,0,0,2,1,0,1,10,10,0,41,0,0,6,0,22,61,32000.0,32000.0,0.0,0,0.0,0.0,0.0,374.0,0,6,True,False,False,False,True,False,False,True,False,False,False,True,False,False,False,False,False,False,False,False,False,False,True,False,False,False,False,False,True,False,False,False,False,False,1
99,0,999999.0,725.0,39024.0,1,1,1,1,0,0,0,0,0,0,1,1,5,3,1,1,14,1,0,37,0,0,2,0,23,18,16024.0,13000.0,0.0,0,0.0,0.0,0.0,264.0,1,0,True,False,False,False,True,False,False,True,False,False,False,False,False,False,False,False,False,False,False,False,True,False,False,False,False,False,False,True,False,False,True,False,False,False,1
99,0,999999.0,537.0,19359.0,2,0,1,0,0,0,0,0,0,0,0,0,6,0,0,1,99,99,3,32,1,0,7,0,0,0,0.0,0.0,0.0,0,0.0,0.0,0.0,111.0,0,0,True,False,False,False,True,False,False,True,False,False,False,False,False,False,False,False,False,False,True,False,False,False,False,False,False,False,False,True,False,False,False,False,True,False,1
99,0,999999.0,575.0,14680.0,2,1,0,0,0,0,0,0,0,0,2,1,2,0,0,1,99,99,0,35,1,0,2,0,23,16,10000.0,10000.0,0.0,0,0.0,0.0,0.0,177.0,1,1,True,False,False,False,True,False,False,True,False,False,False,True,False,False,False,False,False,False,False,False,False,False,False,False,False,False,False,True,False,False,True,False,False,False,1
99,1,187500.0,0.0,26009.0,1,1,1,1,0,0,0,0,0,0,1,1,3,1,0,1,41,41,0,59,0,0,7,0,24,44,3994.0,3994.0,0.0,0,0.0,0.0,0.0,268.0,0,0,True,False,False,False,True,False,False,True,False,False,False,False,False,False,False,False,False,False,False,False,True,False,False,False,False,False,False,True,False,False,True,False,False,False,1
99,1,400000.0,0.0,146832.0,1,2,2,2,2,0,1,1,0,1,0,0,7,0,0,1,99,99,2,12,1,1,2,1,0,0,0.0,999999.0,999999.0,999999,99999.0,99999.0,99999.0,501.0,1,0,True,False,False,False,True,False,False,True,True,False,False,False,False,False,False,False,False,False,False,False,False,False,False,False,False,True,False,False,False,False,False,True,False,False,1
99,0,999999.0,1000.0,40000.0,2,0,0,0,0,0,0,0,0,0,0,0,1,0,0,2,99,99,0,29,0,0,6,0,41,68,26000.0,26000.0,0.0,0,0.0,0.0,0.0,403.0,1,0,True,False,False,False,True,False,False,True,False,False,False,False,False,False,False,False,False,True,False,False,False,False,False,False,False,False,False,True,True,False,False,False,False,False,1
99,0,999999.0,412.0,7300.0,1,0,0,0,0,0,0,0,0,0,0,0,1,0,0,1,99,99,0,69,0,0,6,0,0,0,7300.0,0.0,0.0,0,0.0,7300.0,0.0,123.0,1,2,True,False,False,False,True,False,False,True,False,False,False,True,False,False,False,False,False,False,False,False,False,False,False,False,False,False,False,True,False,False,False,False,False,True,1
99,0,999999.0,625.0,30000.0,2,0,2,0,0,0,0,0,0,0,0,0,2,1,0,2,8,8,0,32,0,0,7,0,22,51,20000.0,20000.0,0.0,0,0.0,0.0,0.0,234.0,1,0,True,False,False,False,True,False,False,True,False,False,False,False,False,False,False,False,False,True,False,False,False,False,False,False,False,True,False,False,False,False,False,True,False,False,1
99,0,999999.0,0.0,999999.0,1,0,0,0,0,0,0,0,0,0,0,0,1,0,0,1,99,99,0,36,1,0,7,0,20,8,1500.0,0.0,1500.0,0,0.0,0.0,0.0,0.0,1,0,False,True,False,True,False,False,False,True,False,False,False,False,True,False,False,False,False,False,False,False,False,False,True,False,False,False,False,False,True,False,False,False,False,False,1
99,1,350000.0,0.0,67000.0,1,1,1,1,2,0,1,1,0,1,0,0,4,0,0,1,99,99,1,7,1,1,1,2,0,0,0.0,999999.0,999999.0,999999,99999.0,99999.0,99999.0,501.0,1,0,True,False,False,False,True,False,False,True,True,False,False,False,False,False,False,False,False,False,False,False,False,False,False,True,False,False,False,False,False,False,False,True,False,False,1
99,0,999999.0,875.0,17200.0,1,2,3,2,3,0,1,0,0,0,5,2,13,3,0,1,16,6,1,31,0,0,2,0,20,9,3000.0,0.0,3000.0,0,0.0,0.0,0.0,72.0,0,0,True,False,False,False,True,False,False,True,False,False,False,False,False,False,False,False,False,False,True,False,False,False,False,False,False,False,False,True,False,False,True,False,False,False,1
99,0,999999.0,462.0,77040.0,1,1,1,1,2,0,1,1,0,1,0,0,7,0,0,1,99,99,2,5,1,1,0,1,0,0,0.0,999999.0,999999.0,999999,99999.0,99999.0,99999.0,389.0,0,0,True,False,False,False,True,False,False,True,True,False,False,False,False,False,False,False,False,False,False,False,False,False,False,False,False,False,False,True,False,False,False,True,False,False,1
99,0,999999.0,875.0,66000.0,1,1,1,1,2,0,1,1,0,1,0,0,3,0,0,1,99,99,0,22,1,1,7,1,26,72,0.0,0.0,0.0,0,0.0,0.0,0.0,501.0,1,0,True,False,False,False,True,False,False,True,True,False,False,False,False,False,False,False,False,False,False,False,False,False,False,False,False,False,False,True,False,False,False,True,False,False,1
99,0,999999.0,675.0,21200.0,1,1,2,1,3,0,1,0,0,0,0,0,9,0,0,1,99,99,1,13,0,1,2,1,0,0,0.0,999999.0,999999.0,999999,99999.0,99999.0,99999.0,80.0,1,0,True,False,False,False,True,False,False,True,False,False,False,False,False,False,False,False,False,False,True,False,False,False,False,False,False,False,False,True,False,False,False,True,False,False,1
99,0,999999.0,487.0,26500.0,1,0,1,0,0,0,0,0,0,0,0,0,2,1,0,1,16,16,0,39,0,1,7,1,24,44,26500.0,26500.0,0.0,0,0.0,0.0,0.0,310.0,1,1,True,False,False,False,True,False,False,True,False,False,False,True,False,False,False,False,False,False,False,False,False,False,False,False,False,False,False,True,False,False,False,False,True,False,1
99,0,999999.0,282.0,13000.0,1,0,0,0,0,0,0,0,0,0,0,0,1,0,0,1,99,99,0,26,0,0,7,0,32,42,13000.0,13000.0,0.0,0,0.0,0.0,0.0,202.0,1,2,True,False,False,False,True,False,False,True,False,False,False,True,False,False,False,False,False,False,False,False,False,False,False,False,False,False,False,True,False,False,False,True,False,False,1
99,0,999999.0,312.0,49610.0,1,1,1,1,0,0,0,0,0,0,1,1,5,1,0,1,20,20,0,38,0,0,4,0,25,44,26000.0,26000.0,0.0,0,0.0,0.0,0.0,322.0,1,0,True,False,False,False,True,False,False,True,False,False,False,False,False,False,False,False,False,False,False,False,True,False,False,False,False,False,False,True,False,False,True,False,False,False,1
99,1,187500.0,0.0,65500.0,2,1,1,1,0,0,0,0,0,0,0,0,8,0,0,1,99,99,2,25,1,1,6,1,24,47,26500.0,26500.0,0.0,0,0.0,0.0,0.0,301.0,1,0,True,False,False,False,True,False,False,True,False,False,False,False,False,False,False,False,False,False,True,False,False,False,False,False,False,False,False,True,False,False,False,True,False,False,1
99,1,350000.0,0.0,47350.0,1,1,1,1,2,0,1,1,0,1,0,0,4,0,0,1,99,99,1,2,1,0,7,0,0,0,0.0,999999.0,999999.0,999999,99999.0,99999.0,99999.0,377.0,1,0,True,False,False,False,True,False,False,True,True,False,False,False,False,False,False,False,False,False,False,False,False,False,False,False,False,False,False,True,False,False,False,True,False,False,1
99,0,999999.0,675.0,25000.0,1,1,1,1,0,0,0,0,0,0,1,1,4,2,2,1,2,1,0,23,0,0,6,0,18,44,0.0,0.0,0.0,0,0.0,0.0,0.0,199.0,1,0,True,False,False,False,True,False,False,True,False,False,False,False,False,False,False,False,False,False,False,False,True,False,False,False,False,False,False,True,False,False,True,False,False,False,1
99,0,999999.0,675.0,45600.0,1,1,1,1,2,0,1,1,0,1,0,0,7,0,0,1,99,99,4,20,1,0,6,0,25,15,8500.0,8500.0,0.0,0,0.0,0.0,0.0,230.0,0,0,True,False,False,False,True,False,False,True,True,False,False,False,False,False,False,False,False,False,False,False,False,False,False,False,False,False,False,True,False,False,False,True,False,False,1
99,1,400000.0,0.0,72303.0,1,1,0,0,0,0,0,0,0,0,1,1,2,0,0,1,99,99,0,45,0,0,7,0,19,17,35303.0,35303.0,0.0,0,0.0,0.0,0.0,501.0,0,0,True,False,False,False,True,False,False,True,False,False,False,False,False,False,False,False,False,False,False,False,True,False,False,False,False,False,False,True,False,False,True,False,False,False,1
99,0,999999.0,575.0,0.0,1,0,0,0,0,0,0,0,0,0,0,0,1,0,0,1,99,99,0,30,1,0,8,0,26,52,0.0,0.0,0.0,0,0.0,0.0,0.0,1.0,1,1,True,False,False,False,True,False,False,True,False,False,False,True,False,False,False,False,False,False,False,False,False,False,False,False,False,False,False,True,False,False,False,True,False,False,1
99,1,112500.0,0.0,38600.0,1,0,1,0,1,0,1,0,0,0,0,0,2,0,0,1,99,99,0,7,1,1,0,2,0,0,0.0,999999.0,999999.0,999999,99999.0,99999.0,99999.0,452.0,0,0,True,False,False,False,True,False,False,True,True,False,False,False,False,False,False,False,False,False,False,False,False,False,False,False,False,False,False,True,False,False,False,True,False,False,1
99,1,187500.0,0.0,30000.0,1,1,1,1,2,0,1,1,0,1,0,0,5,0,0,1,99,99,2,9,0,1,1,1,0,0,0.0,999999.0,999999.0,999999,99999.0,99999.0,99999.0,203.0,0,0,True,False,False,False,True,False,False,True,True,False,False,False,False,False,False,False,False,False,False,False,False,False,False,False,False,False,False,True,False,False,False,True,False,False,1
99,1,350000.0,0.0,156327.0,1,1,1,1,0,0,0,0,0,0,2,1,3,1,0,1,35,35,0,62,1,0,8,0,41,68,88431.0,50700.0,0.0,0,0.0,0.0,0.0,501.0,0,6,True,False,False,False,True,False,False,True,False,False,False,True,False,False,False,False,False,False,False,False,False,False,False,False,False,False,False,True,False,False,True,False,False,False,1
99,0,999999.0,625.0,10400.0,1,0,1,0,0,0,0,0,0,0,0,0,2,1,0,1,9,9,0,32,0,0,8,0,19,46,10400.0,2000.0,0.0,0,0.0,0.0,0.0,122.0,1,2,True,False,False,False,True,False,False,True,False,False,False,True,False,False,False,False,False,False,False,False,False,False,False,False,False,False,False,True,False,False,False,True,False,False,0
99,1,162500.0,0.0,44000.0,1,1,1,1,2,0,1,1,0,1,0,0,6,0,0,1,99,99,3,19,1,1,6,1,18,44,6000.0,6000.0,0.0,0,0.0,0.0,0.0,257.0,1,0,True,False,False,False,True,False,False,True,True,False,False,False,False,False,False,False,False,False,False,False,False,False,False,False,False,False,False,True,False,False,False,True,False,False,1
99,1,187500.0,0.0,72500.0,3,1,1,1,0,0,0,0,0,0,0,0,1,0,0,3,99,99,0,41,0,0,6,0,24,47,18000.0,18000.0,0.0,0,0.0,0.0,0.0,279.0,1,0,True,False,False,False,True,False,False,True,False,False,False,False,False,True,False,False,False,False,False,False,False,False,False,False,False,False,False,True,False,False,False,False,True,False,1
99,1,112500.0,0.0,100400.0,1,1,0,0,0,0,0,0,0,0,1,1,2,0,0,1,99,99,0,55,0,0,7,0,35,62,25400.0,20000.0,0.0,0,0.0,0.0,0.0,501.0,1,0,True,False,False,False,True,False,False,True,False,False,False,False,False,False,False,False,False,False,False,False,True,False,False,False,False,False,False,True,False,False,True,False,False,False,1
99,1,112500.0,0.0,42000.0,2,1,2,1,0,0,0,0,0,0,2,1,5,3,0,1,16,5,0,43,1,0,1,0,17,11,42000.0,0.0,42000.0,0,0.0,0.0,0.0,284.0,0,6,True,False,False,False,True,False,False,True,False,False,False,True,False,False,False,False,False,False,False,False,False,False,False,False,False,False,False,True,False,False,True,False,False,False,1
99,1,350000.0,0.0,93347.0,1,1,1,1,0,0,0,0,0,0,2,1,3,1,0,1,26,26,0,57,1,0,8,0,48,87,70311.0,66000.0,0.0,0,0.0,0.0,0.0,501.0,0,7,True,False,False,False,True,False,False,True,False,False,False,True,False,False,False,False,False,False,False,False,False,False,False,False,False,False,False,True,False,False,True,False,False,False,1
99,1,187500.0,0.0,46384.0,1,1,1,1,2,0,1,1,0,1,0,0,7,0,0,1,99,99,4,22,1,0,6,0,18,19,0.0,0.0,0.0,0,0.0,0.0,0.0,231.0,1,0,True,False,False,False,True,False,False,True,True,False,False,False,False,False,False,False,False,False,False,False,False,False,False,False,False,False,False,True,False,False,False,True,False,False,1
99,0,999999.0,0.0,999999.0,1,0,0,0,0,0,0,0,0,0,0,0,1,0,0,1,99,99,0,18,1,0,6,0,26,19,1200.0,1200.0,0.0,0,0.0,0.0,0.0,0.0,1,0,False,True,False,True,False,False,False,True,False,False,False,False,True,False,False,False,False,False,False,False,False,False,True,False,False,False,False,False,False,False,False,True,False,False,1
99,1,112500.0,0.0,54600.0,1,1,0,0,0,0,0,0,0,0,2,1,2,0,0,1,99,99,0,68,1,0,7,0,35,63,53000.0,41000.0,0.0,0,0.0,0.0,0.0,501.0,0,5,True,False,False,False,True,False,False,True,False,False,False,True,False,False,False,False,False,False,False,False,False,False,False,False,False,False,False,True,False,False,True,False,False,False,1
99,1,275000.0,0.0,101942.0,1,1,0,0,0,0,0,0,0,0,1,1,2,0,0,1,99,99,0,44,0,0,8,0,42,86,42620.0,42320.0,300.0,0,0.0,0.0,0.0,501.0,0,0,True,False,False,False,True,False,False,True,False,False,False,False,False,False,False,False,False,False,False,False,True,False,False,False,False,False,False,True,False,False,True,False,False,False,0
99,1,225000.0,0.0,45000.0,1,1,1,1,2,0,1,1,0,1,0,0,4,0,0,1,99,99,1,5,0,1,0,2,0,0,0.0,999999.0,999999.0,999999,99999.0,99999.0,99999.0,358.0,0,0,True,False,False,False,True,False,False,True,True,False,False,False,False,False,False,False,False,False,False,False,False,False,False,False,False,False,False,True,False,False,False,True,False,False,1
99,0,999999.0,625.0,27200.0,1,1,1,1,0,0,0,0,0,0,1,1,3,1,0,1,13,13,0,32,0,1,7,2,23,45,7200.0,0.0,0.0,0,0.0,0.0,7200.0,273.0,1,0,True,False,False,False,True,False,False,True,False,False,False,False,False,False,False,False,False,False,False,False,True,False,True,False,False,False,False,False,False,False,True,False,False,False,1
99,1,162500.0,0.0,35105.0,1,1,2,1,2,0,1,1,0,1,0,0,7,0,0,1,99,99,3,12,0,1,2,1,0,0,0.0,999999.0,999999.0,999999,99999.0,99999.0,99999.0,183.0,0,0,True,False,False,False,True,False,False,True,True,False,False,False,False,False,False,False,False,False,False,False,False,False,False,False,False,False,False,True,False,False,False,True,False,False,1
99,1,350000.0,0.0,80116.0,1,2,1,1,0,0,0,0,0,0,3,1,5,2,0,1,55,24,0,68,0,0,7,0,0,0,4337.0,0.0,0.0,0,2237.0,2100.0,0.0,501.0,0,0,True,False,False,False,True,False,False,True,False,False,False,False,False,False,False,True,False,False,False,False,False,False,False,False,False,True,False,False,False,False,True,False,False,False,1
99,0,999999.0,625.0,29000.0,1,1,1,1,2,0,1,1,1,1,0,0,8,0,0,1,99,99,3,24,0,0,6,0,20,8,10000.0,10000.0,0.0,0,0.0,0.0,0.0,133.0,1,0,True,False,False,False,True,False,False,True,True,False,False,False,False,False,False,False,False,False,False,False,False,False,False,False,False,False,False,True,False,False,False,True,False,False,1
99,0,999999.0,1000.0,2005.0,1,2,2,2,2,0,1,1,0,1,0,0,7,0,0,1,99,99,2,9,1,1,1,1,0,0,0.0,999999.0,999999.0,999999,99999.0,99999.0,99999.0,10.0,1,0,True,False,False,False,True,False,False,True,True,False,False,False,False,False,False,False,False,False,False,False,False,False,False,False,False,True,False,False,False,False,False,True,False,False,1
99,0,999999.0,412.0,18361.0,1,0,0,0,0,0,0,0,0,0,0,0,1,0,0,1,99,99,0,63,0,0,6,0,24,44,18361.0,18361.0,0.0,0,0.0,0.0,0.0,285.0,0,7,True,False,False,False,True,False,False,True,False,False,False,True,False,False,False,False,False,False,False,False,False,False,False,False,False,False,False,True,True,False,False,False,False,False,1
99,1,112500.0,0.0,56132.0,1,1,1,1,0,0,0,0,0,0,1,2,8,6,1,1,18,3,0,40,1,0,7,0,26,19,30000.0,30000.0,0.0,0,0.0,0.0,0.0,266.0,0,0,True,False,False,False,True,False,False,True,False,False,False,False,False,False,False,False,False,False,False,False,True,False,True,False,False,False,False,False,False,False,True,False,False,False,0
99,1,350000.0,0.0,77741.0,1,1,1,1,2,0,1,1,0,1,0,0,4,0,0,1,99,99,1,19,1,0,6,0,20,8,2000.0,2000.0,0.0,0,0.0,0.0,0.0,501.0,0,0,True,False,False,False,True,False,False,True,True,False,False,False,False,False,False,False,False,False,False,False,False,False,False,False,False,False,False,True,False,False,False,True,False,False,1
99,1,400000.0,0.0,130528.0,2,2,2,2,0,0,0,0,0,0,1,1,8,4,0,1,20,6,0,41,0,0,7,0,22,45,0.0,0.0,0.0,0,0.0,0.0,0.0,501.0,0,0,True,False,False,False,True,False,False,True,False,False,False,False,False,False,False,False,False,False,False,False,True,False,False,False,False,True,False,False,False,False,True,False,False,False,1
99,1,400000.0,0.0,141000.0,1,1,1,1,0,0,0,0,0,0,2,1,3,1,1,1,0,0,0,39,1,0,8,0,41,68,125000.0,115000.0,0.0,0,0.0,0.0,0.0,501.0,1,2,True,False,False,False,True,False,False,True,False,False,False,True,False,False,False,False,False,False,False,False,False,False,False,False,False,False,False,True,False,False,True,False,False,False,1
99,1,95000.0,0.0,5652.0,1,0,0,0,0,0,0,0,0,0,0,0,1,0,0,1,99,99,0,81,0,1,2,1,23,18,5652.0,0.0,0.0,0,5652.0,0.0,0.0,95.0,1,8,True,False,False,False,True,False,False,True,False,False,False,True,False,False,False,False,False,False,False,False,False,False,True,False,False,False,False,False,False,False,False,False,False,True,1
99,1,275000.0,0.0,45507.0,1,1,1,1,0,0,0,0,0,0,1,2,5,3,1,1,12,2,0,46,1,0,8,0,25,44,16641.0,16471.0,0.0,0,0.0,0.0,0.0,308.0,1,0,True,False,False,False,True,False,False,True,False,False,False,False,False,False,False,False,False,False,False,False,True,False,False,False,False,True,False,False,False,False,True,False,False,False,1
99,0,999999.0,387.0,12592.0,2,0,1,0,1,7,1,0,0,0,0,0,3,0,0,1,99,99,1,13,1,1,2,1,0,0,0.0,999999.0,999999.0,999999,99999.0,99999.0,99999.0,126.0,1,0,True,False,False,False,True,False,False,True,True,False,False,False,False,False,False,False,False,False,False,False,False,False,False,False,False,False,False,True,False,False,False,True,False,False,1
99,1,162500.0,0.0,41700.0,2,0,0,1,0,0,0,0,0,0,0,0,1,0,0,2,99,99,0,33,0,0,6,0,22,61,25000.0,25000.0,0.0,0,0.0,0.0,0.0,388.0,1,0,True,False,False,False,True,False,False,True,False,False,False,False,False,False,False,False,False,True,False,False,False,False,False,False,False,False,False,True,True,False,False,False,False,False,1
99,0,999999.0,487.0,33500.0,1,2,1,1,0,0,0,0,0,0,1,1,7,2,2,1,4,3,1,27,0,0,0,0,21,18,12000.0,12000.0,0.0,0,0.0,0.0,0.0,167.0,1,0,True,False,False,False,True,False,False,True,False,False,False,False,False,False,False,False,False,False,False,False,True,False,False,False,False,False,False,True,False,False,True,False,False,False,1
99,1,400000.0,0.0,104603.0,1,0,0,0,0,0,0,0,0,0,0,0,1,0,0,1,99,99,0,57,1,0,8,0,41,68,104603.0,10000.0,36000.0,0,0.0,0.0,0.0,501.0,0,7,True,False,False,False,True,False,False,True,False,False,False,True,False,False,False,False,False,False,False,False,False,False,False,False,False,False,False,True,True,False,False,False,False,False,1
99,0,999999.0,537.0,0.0,4,0,0,0,0,0,0,0,0,0,0,0,1,0,0,2,99,99,0,20,1,0,3,0,20,9,1293.0,1293.0,0.0,0,0.0,0.0,0.0,20.0,1,0,True,False,False,False,True,False,False,True,False,False,False,False,False,False,False,False,False,True,False,False,False,False,False,False,False,False,False,True,False,False,False,True,False,False,1
99,0,999999.0,412.0,9600.0,1,1,0,0,0,0,0,0,0,0,1,1,2,0,0,1,99,99,0,23,0,0,7,0,14,26,500.0,0.0,500.0,0,0.0,0.0,0.0,116.0,1,0,True,False,False,False,True,False,False,True,False,False,False,False,False,False,False,False,False,False,False,False,True,False,False,False,False,False,False,True,False,False,True,False,False,False,1
99,0,999999.0,575.0,38600.0,1,1,1,1,0,0,0,0,0,0,0,0,7,0,0,1,99,99,2,25,1,0,5,0,20,8,14400.0,0.0,0.0,0,0.0,0.0,14400.0,195.0,1,0,True,False,False,False,True,False,False,True,False,False,False,False,False,False,False,False,False,False,True,False,False,False,False,False,False,False,False,True,False,True,False,False,False,False,0
99,1,137500.0,0.0,45750.0,1,1,1,1,0,0,0,0,0,0,1,1,7,5,0,1,19,6,0,38,0,0,2,0,9,6,12000.0,12000.0,0.0,0,0.0,0.0,0.0,238.0,0,0,True,False,False,False,True,False,False,True,False,False,False,False,False,False,False,False,False,False,False,False,True,True,False,False,False,False,False,False,False,False,True,False,False,False,1
99,0,999999.0,1000.0,56000.0,4,0,0,0,0,0,0,0,0,0,0,0,2,0,0,1,99,99,1,26,1,0,8,0,48,87,41000.0,41000.0,0.0,0,0.0,0.0,0.0,501.0,1,1,True,False,False,False,True,False,False,True,False,False,False,True,False,False,False,False,False,False,False,False,False,False,False,False,True,False,False,False,False,False,False,True,False,False,1
99,1,275000.0,0.0,52000.0,1,1,1,1,2,0,1,1,0,1,0,0,4,0,0,1,99,99,1,27,0,0,7,0,17,13,0.0,0.0,0.0,0,0.0,0.0,0.0,407.0,0,0,True,False,False,False,True,False,False,True,True,False,False,False,False,False,False,False,False,False,False,False,False,False,True,False,False,False,False,False,False,False,False,True,False,False,1
99,0,999999.0,462.0,31537.0,1,0,0,0,0,0,0,0,0,0,0,0,1,0,0,1,99,99,0,89,0,0,7,0,0,0,31537.0,0.0,0.0,0,6251.0,0.0,0.0,501.0,0,8,True,False,False,False,True,False,False,True,False,False,False,True,False,False,False,False,False,False,False,False,False,False,False,False,False,False,False,True,False,False,False,True,False,False,1
99,1,162500.0,0.0,53050.0,1,2,2,2,0,0,0,0,0,0,1,1,6,1,1,1,3,3,0,31,0,0,3,0,0,0,0.0,0.0,0.0,0,0.0,0.0,0.0,304.0,0,0,True,False,False,False,True,False,False,True,False,False,False,False,False,False,False,False,False,False,False,False,True,False,False,False,False,False,False,True,False,False,True,False,False,False,1
99,0,999999.0,725.0,24450.0,1,0,1,0,0,0,0,0,0,0,0,0,2,1,0,1,21,21,0,49,0,0,8,0,40,80,21250.0,21199.0,0.0,0,0.0,0.0,0.0,294.0,1,1,True,False,False,False,True,False,False,True,False,False,False,True,False,False,False,False,False,False,False,False,False,False,False,False,False,False,False,True,True,False,False,False,False,False,1
99,1,187500.0,0.0,68540.0,1,1,2,1,2,0,1,1,0,1,0,0,9,0,0,1,99,99,3,25,1,0,7,0,18,44,840.0,840.0,0.0,0,0.0,0.0,0.0,252.0,1,0,True,False,False,False,True,False,False,True,True,False,False,False,False,False,False,False,False,False,False,False,False,False,False,False,False,True,False,False,False,False,False,True,False,False,1
99,1,137500.0,0.0,68224.0,2,0,2,0,0,0,0,0,0,0,0,0,3,1,0,1,35,35,0,75,0,0,7,0,0,0,10424.0,0.0,0.0,0,2424.0,0.0,0.0,501.0,0,7,True,False,False,False,True,False,False,True,False,False,False,True,False,False,False,False,False,False,False,False,False,False,True,False,False,False,False,False,False,False,False,False,False,True,1
99,1,112500.0,0.0,37600.0,2,1,1,1,2,0,1,1,0,1,0,0,7,0,0,1,99,99,3,8,1,1,1,1,0,0,0.0,999999.0,999999.0,999999,99999.0,99999.0,99999.0,203.0,1,0,True,False,False,False,True,False,False,True,True,False,False,False,False,False,False,False,False,False,False,False,False,False,False,False,False,False,False,True,False,False,False,True,False,False,1
99,0,999999.0,675.0,34000.0,1,1,1,1,2,0,1,1,0,1,0,0,4,0,0,1,99,99,1,4,0,1,0,1,0,0,0.0,999999.0,999999.0,999999,99999.0,99999.0,99999.0,270.0,1,0,True,False,False,False,True,False,False,True,True,False,False,False,False,False,False,False,False,False,False,False,False,False,False,False,False,False,False,True,False,False,False,True,False,False,1
99,1,275000.0,0.0,97600.0,1,1,0,0,0,0,0,0,0,0,2,1,2,0,0,1,99,99,0,58,1,0,7,0,41,68,89600.0,89000.0,0.0,0,0.0,0.0,0.0,501.0,0,7,True,False,False,False,True,False,False,True,False,False,False,True,False,False,False,False,False,False,False,False,False,False,False,False,False,False,False,True,False,False,True,False,False,False,1
99,1,187500.0,0.0,59000.0,1,1,1,1,2,0,1,1,0,1,0,0,7,0,0,1,99,99,2,9,1,1,1,1,0,0,0.0,999999.0,999999.0,999999,99999.0,99999.0,99999.0,298.0,0,0,True,False,False,False,True,False,False,True,True,False,False,False,False,False,False,False,False,False,False,False,False,False,False,False,False,False,False,True,False,False,False,True,False,False,1
99,1,350000.0,0.0,92265.0,1,1,1,1,0,0,0,0,0,0,2,1,4,2,0,1,33,27,0,68,1,0,6,0,17,11,48660.0,15680.0,5147.0,0,4884.0,0.0,0.0,501.0,0,8,True,False,False,False,True,False,False,True,False,False,False,True,False,False,False,False,False,False,False,False,False,False,False,False,True,False,False,False,False,False,True,False,False,False,1
99,1,400000.0,0.0,262676.0,1,2,2,1,2,0,1,1,0,1,0,0,15,0,0,1,99,99,4,5,1,1,0,1,0,0,0.0,999999.0,999999.0,999999,99999.0,99999.0,99999.0,501.0,0,0,True,False,False,False,True,False,False,True,True,False,False,False,False,False,False,False,False,False,False,False,False,False,False,False,False,True,False,False,False,False,False,True,False,False,1
99,0,999999.0,725.0,107000.0,1,2,2,2,2,0,1,1,0,1,0,0,6,0,0,1,99,99,1,0,1,0,7,0,0,0,0.0,999999.0,999999.0,999999,99999.0,99999.0,99999.0,501.0,1,0,True,False,False,False,True,False,False,True,True,False,False,False,False,False,False,False,False,False,False,False,False,False,True,False,False,False,False,False,False,False,False,True,False,False,1
99,0,999999.0,675.0,15000.0,5,1,0,0,0,0,0,0,0,0,0,0,1,0,0,4,99,99,0,22,1,0,2,0,11,11,5000.0,5000.0,0.0,0,0.0,0.0,0.0,78.0,0,0,True,False,False,False,True,False,False,True,False,False,False,False,False,True,False,False,False,False,False,False,False,False,False,False,False,False,False,True,False,False,False,True,False,False,0
99,0,999999.0,875.0,32423.0,1,1,1,1,0,0,0,0,0,0,2,1,3,1,1,1,0,0,0,28,1,0,8,0,26,72,24105.0,24105.0,0.0,0,0.0,0.0,0.0,325.0,1,2,True,False,False,False,True,False,False,True,False,False,False,True,False,False,False,False,False,False,False,False,False,False,False,False,False,False,False,True,False,False,True,False,False,False,1
99,1,225000.0,0.0,64500.0,1,1,1,1,2,0,1,1,0,1,0,0,5,0,0,1,99,99,2,17,1,1,5,1,11,11,3500.0,3500.0,0.0,0,0.0,0.0,0.0,436.0,0,0,True,False,False,False,True,False,False,True,True,False,False,False,False,False,False,False,False,False,False,False,False,False,False,False,False,False,False,True,False,False,False,True,False,False,1
99,0,999999.0,625.0,27500.0,1,1,1,1,2,0,1,1,0,1,0,0,4,0,0,1,99,99,1,5,1,1,0,1,0,0,0.0,999999.0,999999.0,999999,99999.0,99999.0,99999.0,219.0,1,0,True,False,False,False,True,False,False,True,True,False,False,False,False,False,False,False,False,False,False,False,False,False,False,False,False,False,False,True,False,False,False,True,False,False,1
99,0,999999.0,575.0,74500.0,1,1,0,0,0,0,0,0,0,0,2,1,2,0,0,1,99,99,0,36,1,1,7,1,41,68,43500.0,43500.0,0.0,0,0.0,0.0,0.0,501.0,0,6,True,False,False,False,True,False,False,True,False,False,False,True,False,False,False,False,False,False,False,False,False,False,True,False,False,False,False,False,False,False,True,False,False,False,1
99,1,400000.0,0.0,31300.0,1,1,1,1,0,0,0,0,0,0,1,1,4,2,0,1,19,12,0,42,0,0,3,0,23,23,17000.0,17000.0,0.0,0,0.0,0.0,0.0,241.0,0,0,True,False,False,False,True,False,False,True,False,False,False,False,False,False,False,False,False,False,False,False,True,False,False,False,False,False,False,True,False,False,True,False,False,False,1
99,1,225000.0,0.0,147306.0,1,1,1,1,0,0,0,0,0,0,2,1,4,2,0,1,22,20,0,48,1,1,8,1,49,90,111106.0,99250.0,7870.0,0,0.0,0.0,0.0,501.0,0,7,True,False,False,False,True,False,False,True,False,False,False,True,False,False,False,False,False,False,False,False,False,False,False,False,False,False,False,True,False,False,True,False,False,False,1
99,1,187500.0,0.0,41941.0,1,1,0,0,0,0,0,0,0,0,1,1,2,0,0,1,99,99,0,24,0,1,8,2,26,72,25000.0,25000.0,0.0,0,0.0,0.0,0.0,501.0,1,0,True,False,False,False,True,False,False,True,False,False,False,False,False,False,False,False,False,False,False,False,True,False,False,False,False,False,False,True,False,False,True,False,False,False,1
99,1,67500.0,0.0,35720.0,2,1,2,1,0,0,0,0,0,0,1,1,5,2,0,1,42,39,0,63,0,0,6,0,0,0,0.0,0.0,0.0,0,0.0,0.0,0.0,228.0,0,0,True,False,False,False,True,False,False,True,False,False,False,False,False,False,False,False,False,False,False,False,True,False,True,False,False,False,False,False,False,False,True,False,False,False,1
99,1,400000.0,0.0,105000.0,1,1,0,0,0,0,0,0,0,0,2,1,2,0,0,1,99,99,0,43,1,0,8,0,38,68,100000.0,100000.0,0.0,0,0.0,0.0,0.0,501.0,1,1,True,False,False,False,True,False,False,True,False,False,False,True,False,False,False,False,False,False,False,False,False,False,False,False,False,False,False,True,False,False,True,False,False,False,1
99,0,999999.0,462.0,0.0,1,0,1,0,1,0,1,0,0,0,0,0,7,0,0,1,99,99,5,14,0,0,2,0,0,0,0.0,999999.0,999999.0,999999,99999.0,99999.0,99999.0,1.0,1,0,True,False,False,False,True,False,False,True,True,False,False,False,False,False,False,False,False,False,False,False,False,False,False,False,False,False,False,True,False,False,False,True,False,False,1
99,1,225000.0,0.0,48500.0,1,1,1,1,0,0,0,0,0,0,1,1,5,3,0,1,13,8,0,36,0,0,7,0,22,61,12000.0,12000.0,0.0,0,0.0,0.0,0.0,328.0,0,0,True,False,False,False,True,False,False,True,False,False,False,False,False,False,False,False,False,False,False,False,True,False,False,False,False,False,False,True,False,False,True,False,False,False,1
99,1,137500.0,0.0,40091.0,1,1,1,1,2,0,1,1,0,1,0,0,3,0,0,1,99,99,0,1,1,0,7,0,0,0,0.0,999999.0,999999.0,999999,99999.0,99999.0,99999.0,402.0,1,0,True,False,False,False,True,False,False,True,True,False,False,False,False,False,False,False,False,False,False,False,False,False,False,False,False,True,False,False,False,False,False,True,False,False,1
99,1,350000.0,0.0,89000.0,2,1,1,2,2,0,1,1,0,1,0,0,5,0,0,1,99,99,2,9,1,1,1,1,0,0,0.0,999999.0,999999.0,999999,99999.0,99999.0,99999.0,501.0,0,0,True,False,False,False,True,False,False,True,True,False,False,False,False,False,False,False,False,False,False,False,False,False,False,False,False,False,False,True,False,False,False,True,False,False,1
99,1,350000.0,0.0,50339.0,1,1,1,1,2,0,1,1,0,1,0,0,7,0,0,1,99,99,3,16,0,1,6,1,18,44,5000.0,5000.0,0.0,0,0.0,0.0,0.0,254.0,0,0,True,False,False,False,True,False,False,True,True,False,False,False,False,False,False,False,False,False,False,False,False,False,False,False,False,False,False,True,False,False,False,True,False,False,1
99,0,999999.0,0.0,999999.0,1,0,0,0,0,0,0,0,0,0,0,0,1,0,0,1,99,99,0,15,1,1,2,1,0,0,0.0,999999.0,999999.0,999999,0.0,0.0,0.0,0.0,0,0,False,True,False,True,False,False,False,True,False,False,False,False,True,False,False,False,False,False,False,False,False,False,False,False,False,False,False,True,False,False,False,True,False,False,1
99,1,162500.0,0.0,29800.0,1,1,1,1,0,0,0,0,0,0,1,1,4,2,0,1,24,23,0,57,0,0,6,0,0,0,3600.0,0.0,0.0,0,0.0,0.0,0.0,233.0,0,0,True,False,False,False,True,False,False,True,False,False,False,False,False,False,False,False,False,False,False,False,True,False,False,False,False,False,False,True,False,False,True,False,False,False,1
99,0,999999.0,112.0,43608.0,1,1,1,1,2,1,1,1,0,1,0,0,4,0,0,1,99,99,1,13,0,0,2,0,0,0,0.0,999999.0,999999.0,999999,99999.0,99999.0,99999.0,335.0,0,0,True,False,False,False,True,False,False,True,True,False,False,False,False,False,False,False,False,False,False,False,False,False,False,False,False,False,False,True,False,False,False,True,False,False,1
99,0,999999.0,575.0,6000.0,2,0,1,0,0,0,0,0,0,0,0,0,6,0,0,1,99,99,3,18,1,0,3,0,0,0,0.0,0.0,0.0,0,0.0,0.0,0.0,34.0,1,0,True,False,False,False,True,False,False,True,False,False,False,False,False,False,False,False,False,False,True,False,False,False,False,False,False,False,False,True,False,False,False,True,False,False,1
99,1,400000.0,0.0,80636.0,1,1,0,0,0,0,0,0,0,0,1,1,2,0,0,1,99,99,0,48,0,0,6,0,22,51,59036.0,59036.0,0.0,0,0.0,0.0,0.0,501.0,0,0,True,False,False,False,True,False,False,True,False,False,False,False,False,False,False,False,False,False,False,False,True,False,False,False,False,False,False,True,False,False,True,False,False,False,1
99,1,350000.0,0.0,62900.0,2,0,0,0,0,0,0,0,0,0,0,0,1,0,0,2,99,99,0,29,0,0,8,0,26,72,41700.0,41000.0,0.0,0,0.0,0.0,0.0,501.0,1,0,True,False,False,False,True,False,False,True,False,False,False,False,False,False,False,False,False,True,False,False,False,False,False,False,False,False,False,True,False,False,False,True,False,False,1
99,0,999999.0,0.0,999999.0,1,0,0,0,0,0,0,0,0,0,0,0,1,0,0,1,99,99,0,20,1,1,7,1,11,18,11000.0,11000.0,0.0,0,0.0,0.0,0.0,0.0,1,0,False,False,True,False,False,True,False,True,False,False,False,False,False,True,False,False,False,False,False,False,False,False,False,False,False,False,False,True,False,False,False,True,False,False,0
99,1,275000.0,0.0,66000.0,1,1,1,1,0,0,0,0,0,0,2,1,3,1,0,1,11,11,0,43,1,0,8,0,42,84,44000.0,44000.0,0.0,0,0.0,0.0,0.0,501.0,0,5,True,False,False,False,True,False,False,True,False,False,False,True,False,False,False,False,False,False,False,False,False,False,True,False,False,False,False,False,False,False,True,False,False,False,1
99,0,999999.0,1000.0,18000.0,8,2,0,0,0,0,0,0,0,0,0,0,1,0,0,8,99,99,0,49,1,0,8,0,23,18,26000.0,26000.0,0.0,0,0.0,0.0,0.0,403.0,1,0,True,False,False,False,True,False,False,True,False,False,False,False,False,True,False,False,False,False,False,False,False,False,False,False,False,False,False,True,False,False,False,True,False,False,0
99,0,999999.0,1000.0,600.0,1,0,1,0,0,0,0,0,0,0,0,0,3,0,0,1,99,99,0,6,0,1,0,1,0,0,0.0,999999.0,999999.0,999999,99999.0,99999.0,99999.0,6.0,1,0,True,False,False,False,True,False,False,True,False,False,False,False,False,False,True,False,False,False,False,False,False,False,False,True,False,False,False,False,False,False,False,True,False,False,1
99,0,999999.0,212.0,29400.0,1,1,1,1,2,0,1,1,0,1,0,0,6,0,0,1,99,99,3,14,1,1,2,2,0,0,0.0,999999.0,999999.0,999999,99999.0,99999.0,99999.0,172.0,0,0,True,False,False,False,True,False,False,True,True,False,False,False,False,False,False,False,False,False,False,False,False,False,False,False,False,False,False,True,False,False,False,True,False,False,1
99,0,999999.0,725.0,10788.0,1,1,1,1,2,0,1,1,0,1,0,0,5,0,0,1,99,99,2,13,0,1,2,1,0,0,0.0,999999.0,999999.0,999999,99999.0,99999.0,99999.0,73.0,1,0,True,False,False,False,True,False,False,True,True,False,False,False,False,False,False,False,False,False,False,False,False,False,False,False,False,False,False,True,False,False,False,True,False,False,1
99,0,999999.0,162.0,13533.0,1,1,1,1,0,0,0,0,0,0,1,1,6,4,1,1,9,2,0,35,0,0,0,0,0,0,0.0,0.0,0.0,0,0.0,0.0,0.0,82.0,0,0,True,False,False,False,True,False,False,True,False,False,False,False,False,False,False,False,False,False,False,False,True,False,True,False,False,False,False,False,False,False,True,False,False,False,1
99,0,999999.0,875.0,37000.0,1,1,1,1,2,0,1,1,0,1,0,0,5,0,0,1,99,99,2,5,0,0,0,0,0,0,0.0,999999.0,999999.0,999999,99999.0,99999.0,99999.0,250.0,1,0,True,False,False,False,True,False,False,True,True,False,False,False,False,False,False,False,False,False,False,False,False,False,True,False,False,False,False,False,False,False,False,True,False,False,1
99,1,47500.0,0.0,28368.0,1,1,1,1,0,0,0,0,0,0,2,1,3,1,0,1,29,29,0,55,1,0,4,0,0,0,13788.0,0.0,0.0,0,9468.0,4320.0,0.0,292.0,0,6,True,False,False,False,True,False,False,True,False,False,False,True,False,False,False,False,False,False,False,False,False,False,True,False,False,False,False,False,False,False,True,False,False,False,1
99,0,999999.0,412.0,26816.0,2,1,1,1,0,0,0,0,0,0,1,1,6,4,0,1,16,11,0,36,0,0,2,0,22,18,7000.0,7000.0,0.0,0,0.0,0.0,0.0,162.0,1,0,True,False,False,False,True,False,False,True,False,False,False,False,False,False,False,False,False,False,False,False,True,False,False,False,False,False,False,True,False,False,True,False,False,False,1
99,0,999999.0,625.0,8842.0,1,0,2,0,0,0,0,0,0,0,0,0,7,1,1,1,2,2,1,24,0,1,5,1,0,0,371.0,0.0,0.0,0,0.0,0.0,371.0,48.0,1,0,True,False,False,False,True,False,False,True,False,False,False,False,False,False,False,False,False,False,True,False,False,False,False,False,False,False,False,True,False,False,False,False,True,False,1
99,1,400000.0,0.0,26500.0,1,0,0,0,0,0,0,0,0,0,0,0,1,0,0,1,99,99,0,61,0,0,7,0,0,0,26500.0,0.0,0.0,0,0.0,0.0,0.0,411.0,0,5,True,False,False,False,True,False,False,True,False,False,False,True,False,False,False,False,False,False,False,False,False,False,False,False,False,False,False,True,False,False,False,False,False,True,1
99,1,225000.0,0.0,94128.0,1,1,1,2,2,0,1,1,0,1,0,0,9,0,0,1,99,99,5,21,1,1,7,1,18,44,22050.0,22000.0,0.0,0,0.0,0.0,0.0,346.0,0,0,True,False,False,False,True,False,False,True,True,False,False,False,False,False,False,False,False,False,False,False,False,False,False,False,False,True,False,False,False,False,False,True,False,False,1
99,1,137500.0,0.0,45800.0,1,2,1,1,0,0,0,0,0,0,3,2,6,0,0,1,99,99,0,31,1,0,6,0,37,49,16000.0,16000.0,0.0,0,0.0,0.0,0.0,263.0,1,0,True,False,False,False,True,False,False,True,False,True,False,False,False,False,False,False,False,False,False,False,False,False,False,False,False,False,False,True,False,False,True,False,False,False,1
99,0,999999.0,362.0,21504.0,2,0,0,1,0,0,0,0,0,0,0,0,2,1,1,1,1,1,0,28,1,1,5,1,26,19,21504.0,21504.0,0.0,0,0.0,0.0,0.0,252.0,1,2,True,False,False,False,True,False,False,True,False,False,False,True,False,False,False,False,False,False,False,False,False,False,False,False,False,False,False,True,False,False,False,False,False,True,1
99,0,999999.0,575.0,31000.0,2,1,1,1,0,0,0,0,0,0,0,0,4,0,0,1,99,99,1,22,0,0,6,0,25,44,4000.0,4000.0,0.0,0,0.0,0.0,0.0,238.0,1,0,True,False,False,False,True,False,False,True,False,False,False,False,False,False,False,False,False,False,False,True,False,False,False,False,False,False,False,True,False,False,False,True,False,False,0
99,0,999999.0,537.0,16289.0,1,0,0,0,0,0,0,0,0,0,0,0,1,0,0,1,99,99,0,27,1,0,6,0,23,18,16289.0,16000.0,0.0,0,0.0,0.0,289.0,253.0,1,2,True,False,False,False,True,False,False,True,False,False,False,True,False,False,False,False,False,False,False,False,False,False,False,False,False,False,False,True,False,False,False,True,False,False,1
99,1,400000.0,0.0,108500.0,1,1,1,1,2,0,1,1,3,1,0,0,3,0,0,1,99,99,0,7,1,1,0,1,0,0,0.0,999999.0,999999.0,999999,99999.0,99999.0,99999.0,501.0,1,0,True,False,False,False,True,False,False,True,True,False,False,False,False,False,False,False,False,False,False,False,False,False,False,False,False,False,False,True,False,False,False,True,False,False,1
99,0,999999.0,512.0,10000.0,1,1,1,1,0,0,0,0,0,0,1,1,4,2,0,1,12,11,0,34,0,0,3,0,14,26,0.0,0.0,0.0,0,0.0,0.0,0.0,80.0,0,0,True,False,False,False,True,False,False,True,False,False,False,False,False,False,False,False,False,False,False,False,True,False,False,False,False,False,False,True,False,False,True,False,False,False,1
99,0,999999.0,282.0,15000.0,1,0,0,0,0,0,0,0,0,0,0,0,5,0,0,1,99,99,0,2,1,0,7,0,0,0,0.0,999999.0,999999.0,999999,99999.0,99999.0,99999.0,103.0,1,0,True,False,False,False,True,False,False,True,False,False,False,False,False,False,True,False,False,False,False,False,False,False,False,False,False,False,False,True,False,False,False,True,False,False,1
99,0,999999.0,537.0,7800.0,2,0,0,0,0,0,0,0,0,0,0,0,1,0,0,2,99,99,0,17,1,0,6,0,26,19,9100.0,9100.0,0.0,0,0.0,0.0,0.0,141.0,0,0,True,False,False,False,True,False,False,True,False,False,False,False,False,False,False,False,False,True,False,False,False,False,False,False,False,False,False,True,False,False,False,True,False,False,1
99,0,999999.0,675.0,6400.0,2,0,1,0,0,0,0,0,0,0,0,0,2,1,1,1,4,4,0,23,0,1,6,1,24,47,6400.0,0.0,0.0,0,0.0,0.0,6400.0,75.0,1,1,True,False,False,False,True,False,False,True,False,False,False,True,False,False,False,False,False,False,False,False,False,False,False,False,False,False,False,True,False,False,False,True,False,False,1
99,1,275000.0,0.0,13000.0,1,1,1,1,0,0,0,0,0,0,2,1,4,2,0,1,24,17,0,60,1,0,6,0,31,73,13000.0,13000.0,0.0,0,0.0,0.0,0.0,100.0,1,2,True,False,False,False,True,False,False,True,False,False,False,True,False,False,False,False,False,False,False,False,False,False,False,False,False,False,False,True,False,False,True,False,False,False,1
99,0,999999.0,575.0,600.0,1,1,0,0,0,0,0,0,0,0,2,1,2,0,0,1,99,99,0,33,1,0,7,0,35,46,600.0,0.0,0.0,0,0.0,0.0,600.0,7.0,0,6,True,False,False,False,True,False,False,True,False,False,False,True,False,False,False,False,False,False,False,False,False,False,True,False,False,False,False,False,False,False,True,False,False,False,1
99,1,225000.0,0.0,0.0,1,1,1,1,1,0,1,2,0,1,0,0,4,0,0,1,99,99,1,18,0,1,6,1,0,0,0.0,0.0,0.0,0,0.0,0.0,0.0,1.0,1,0,True,False,False,False,True,False,False,True,True,False,False,False,False,False,False,False,False,False,False,False,False,False,False,False,False,False,False,True,False,False,False,True,False,False,1
99,0,999999.0,875.0,43800.0,1,1,1,1,0,0,0,0,0,0,1,1,3,1,0,1,8,8,0,25,0,0,6,0,41,68,27000.0,27000.0,0.0,0,0.0,0.0,0.0,439.0,1,0,True,False,False,False,True,False,False,True,False,False,False,False,False,False,False,False,False,False,False,False,True,False,False,False,False,False,False,True,False,False,True,False,False,False,1
99,0,999999.0,412.0,7740.0,1,0,0,0,0,0,0,0,0,0,0,0,1,0,0,1,99,99,0,75,0,0,6,0,0,0,7740.0,0.0,0.0,0,4656.0,3084.0,0.0,130.0,0,8,True,False,False,False,True,False,False,True,False,False,False,True,False,False,False,False,False,False,False,False,False,False,False,False,False,False,False,True,False,False,False,False,False,True,1
99,0,999999.0,512.0,4075.0,2,0,1,0,0,0,0,0,0,0,0,0,2,1,1,1,2,2,0,29,0,0,7,0,30,44,4075.0,0.0,0.0,0,0.0,4075.0,0.0,48.0,1,1,True,False,False,False,True,False,False,True,False,False,False,True,False,False,False,False,False,False,False,False,False,False,True,False,False,False,False,False,False,True,False,False,False,False,1
99,1,162500.0,0.0,40100.0,2,0,0,0,0,0,0,0,0,0,0,0,1,0,0,2,99,99,0,34,1,0,7,0,30,67,44000.0,34000.0,10000.0,0,0.0,0.0,0.0,501.0,1,0,True,False,False,False,True,False,False,True,False,False,False,False,False,False,False,False,False,True,False,False,False,False,False,False,False,False,False,True,False,False,False,True,False,False,0
99,1,112500.0,0.0,97000.0,1,1,0,0,0,0,0,0,0,0,2,1,3,0,0,1,99,99,0,56,1,0,6,0,34,49,80000.0,80000.0,0.0,0,0.0,0.0,0.0,501.0,1,2,True,False,False,False,True,False,False,True,False,False,False,True,False,False,False,False,False,False,False,False,False,False,False,False,False,False,False,True,False,False,True,False,False,False,1
99,1,57500.0,0.0,65600.0,1,1,1,1,0,0,0,0,0,0,2,1,3,1,0,1,24,24,0,54,1,0,8,0,25,15,40000.0,0.0,40000.0,0,0.0,0.0,0.0,501.0,0,6,True,False,False,False,True,False,False,True,False,False,False,True,False,False,False,False,False,False,False,False,False,False,False,False,False,True,False,False,False,False,True,False,False,False,1
99,0,999999.0,512.0,6816.0,1,0,0,1,0,0,0,0,0,0,0,0,3,2,0,1,15,15,0,42,1,0,0,0,16,15,6816.0,300.0,0.0,0,0.0,6516.0,0.0,68.0,0,2,True,False,False,False,True,False,False,True,False,False,False,True,False,False,False,False,False,False,False,False,False,False,False,False,False,False,False,True,False,False,False,True,False,False,1
99,1,400000.0,0.0,135300.0,1,1,1,1,2,0,1,1,3,1,0,0,3,0,0,1,99,99,0,23,0,0,8,0,41,68,19200.0,19200.0,0.0,0,0.0,0.0,0.0,501.0,0,0,True,False,False,False,True,False,False,True,True,False,False,False,False,False,False,False,False,False,False,False,False,False,False,False,False,False,False,True,False,False,False,True,False,False,1
99,0,999999.0,725.0,32000.0,1,0,1,0,1,0,1,0,0,0,0,0,4,0,0,1,99,99,2,6,1,1,1,1,0,0,0.0,999999.0,999999.0,999999,99999.0,99999.0,99999.0,254.0,1,0,True,False,False,False,True,False,False,True,True,False,False,False,False,False,False,False,False,False,False,False,False,False,True,False,False,False,False,False,False,False,False,True,False,False,1
99,0,999999.0,875.0,20800.0,1,0,1,0,1,0,1,0,0,0,0,0,4,0,0,1,99,99,2,16,1,1,4,2,0,0,0.0,0.0,0.0,0,0.0,0.0,0.0,165.0,1,0,True,False,False,False,True,False,False,True,True,False,False,False,False,False,False,False,False,False,False,False,False,False,False,False,False,False,False,True,False,False,False,True,False,False,1
99,0,999999.0,362.0,6000.0,1,0,1,0,0,0,0,0,0,0,0,0,6,5,1,1,16,2,0,34,0,0,2,0,17,13,5000.0,5000.0,0.0,0,0.0,0.0,0.0,37.0,1,1,True,False,False,False,True,False,False,True,False,False,False,True,False,False,False,False,False,False,False,False,False,False,False,False,False,False,False,True,False,False,False,False,True,False,1
99,0,999999.0,462.0,21820.0,2,0,0,0,0,0,0,0,0,0,0,0,1,0,0,2,99,99,0,19,1,1,6,1,41,68,6664.0,6643.0,0.0,0,0.0,0.0,0.0,103.0,1,0,True,False,False,False,True,False,False,True,False,False,False,False,False,False,False,False,False,True,False,False,False,False,False,False,False,False,False,True,False,False,False,True,False,False,1
99,1,400000.0,0.0,71850.0,1,1,1,1,2,7,1,1,0,1,0,0,5,0,0,1,99,99,1,20,0,1,7,2,11,16,900.0,900.0,0.0,0,0.0,0.0,0.0,459.0,1,0,True,False,False,False,True,False,False,True,True,False,False,False,False,False,False,False,False,False,False,False,False,False,False,False,False,False,False,True,False,False,False,True,False,False,1
99,1,95000.0,0.0,97000.0,1,2,2,2,4,0,2,3,0,2,0,0,7,0,0,1,99,99,2,3,1,0,0,0,0,0,0.0,999999.0,999999.0,999999,99999.0,99999.0,99999.0,490.0,1,0,True,False,False,False,True,False,False,True,False,False,True,False,False,False,False,False,False,False,False,False,False,False,False,False,False,False,False,True,False,False,False,True,False,False,1
99,0,999999.0,725.0,9000.0,3,2,2,2,2,0,1,1,3,1,0,0,4,0,0,1,99,99,1,4,0,0,0,0,0,0,0.0,999999.0,999999.0,999999,99999.0,99999.0,99999.0,72.0,1,0,True,False,False,False,True,False,False,True,True,False,False,False,False,False,False,False,False,False,False,False,False,False,False,False,False,False,False,True,False,False,False,True,False,False,1
99,1,137500.0,0.0,63123.0,1,1,2,1,0,0,0,0,0,0,1,2,7,3,0,1,22,10,0,42,1,0,4,0,30,24,30000.0,30000.0,0.0,0,0.0,0.0,0.0,314.0,0,0,True,False,False,False,True,False,False,True,False,False,False,False,False,False,False,False,False,False,False,False,True,False,False,False,False,False,False,True,False,False,True,False,False,False,1
99,1,400000.0,0.0,89600.0,1,2,2,2,2,0,1,1,0,1,0,0,7,0,0,1,99,99,2,20,0,1,7,1,24,47,4300.0,4300.0,0.0,0,0.0,0.0,0.0,436.0,0,0,True,False,False,False,True,False,False,True,True,False,False,False,False,False,False,False,False,False,False,False,False,False,False,True,False,False,False,False,False,False,False,True,False,False,1
99,1,187500.0,0.0,53222.0,1,2,1,1,2,0,1,1,0,1,4,1,5,0,0,1,99,99,0,28,1,0,8,0,22,45,20800.0,20800.0,0.0,0,0.0,0.0,0.0,345.0,1,0,True,False,False,False,True,False,False,True,True,False,False,False,False,False,False,False,False,False,False,False,False,False,False,False,False,True,False,False,False,False,True,False,False,False,0
99,0,999999.0,875.0,73000.0,2,0,0,0,0,0,0,0,0,0,0,0,1,0,0,2,99,99,0,47,1,0,7,0,24,44,8700.0,6400.0,0.0,0,0.0,0.0,0.0,135.0,1,0,True,False,False,False,True,False,False,True,False,False,False,False,False,False,False,False,False,True,False,False,False,False,True,False,False,False,False,False,False,False,False,True,False,False,1
99,1,95000.0,0.0,40469.0,4,1,2,1,0,0,0,0,0,0,0,0,1,0,0,3,99,99,0,6,1,1,1,1,0,0,0.0,999999.0,999999.0,999999,99999.0,99999.0,99999.0,1.0,1,0,True,False,False,False,True,False,False,True,False,False,False,False,False,True,False,False,False,False,False,False,False,False,False,False,False,False,False,True,False,False,False,True,False,False,1
99,0,999999.0,875.0,64200.0,1,1,0,0,0,0,0,0,0,0,2,1,3,0,0,1,99,99,0,34,1,1,7,2,41,72,42200.0,42000.0,0.0,0,0.0,0.0,0.0,501.0,1,2,True,False,False,False,True,False,False,True,False,False,False,True,False,False,False,False,False,False,False,False,False,False,False,False,False,False,False,True,False,False,True,False,False,False,1
99,1,137500.0,0.0,247030.0,1,1,1,1,0,0,0,0,0,0,1,1,4,2,2,1,3,1,0,28,0,1,7,1,41,68,123515.0,0.0,123515.0,0,0.0,0.0,0.0,501.0,1,0,True,False,False,False,True,False,False,True,False,False,False,False,False,False,False,False,False,False,False,False,True,False,False,False,False,True,False,False,False,False,True,False,False,False,1
99,1,400000.0,0.0,34900.0,1,1,2,1,2,0,1,1,0,1,0,0,5,0,0,1,99,99,1,19,0,1,6,1,14,26,500.0,500.0,0.0,0,0.0,0.0,0.0,226.0,0,0,True,False,False,False,True,False,False,True,True,False,False,False,False,False,False,False,False,False,False,False,False,False,False,False,False,False,False,True,False,False,False,True,False,False,0
99,0,999999.0,675.0,60500.0,1,0,0,0,0,0,0,0,0,0,0,0,1,0,0,1,99,99,0,48,0,1,8,2,24,47,60500.0,40500.0,20000.0,0,0.0,0.0,0.0,501.0,1,1,True,False,False,False,True,False,False,True,False,False,False,True,False,False,False,False,False,False,False,False,False,False,True,False,False,False,False,False,False,False,False,False,False,True,1
99,0,999999.0,537.0,7000.0,1,1,0,0,0,0,0,0,0,0,2,1,2,0,0,1,99,99,0,29,1,0,8,0,31,65,1000.0,0.0,0.0,0,0.0,0.0,0.0,84.0,1,1,True,False,False,False,True,False,False,True,False,False,False,True,False,False,False,False,False,False,False,False,False,False,False,False,False,True,False,False,False,False,True,False,False,False,1
99,1,400000.0,0.0,196716.0,1,1,1,1,0,0,0,0,0,0,2,1,3,1,0,1,16,16,0,53,1,0,8,0,41,68,195516.0,195516.0,0.0,0,0.0,0.0,0.0,501.0,1,2,True,False,False,False,True,False,False,True,False,False,False,True,False,False,False,False,False,False,False,False,False,False,False,False,False,False,False,True,False,False,True,False,False,False,1
99,1,350000.0,0.0,65000.0,1,1,1,1,0,0,0,0,0,0,2,1,5,3,2,1,7,0,0,35,1,0,7,0,41,68,65000.0,40000.0,25000.0,0,0.0,0.0,0.0,439.0,1,2,True,False,False,False,True,False,False,True,False,False,False,True,False,False,False,False,False,False,False,False,False,False,False,False,False,False,False,True,False,False,True,False,False,False,1
99,1,275000.0,0.0,39500.0,1,1,1,1,2,0,1,1,0,1,0,0,4,0,0,1,99,99,1,3,1,0,0,0,0,0,0.0,999999.0,999999.0,999999,99999.0,99999.0,99999.0,314.0,1,0,True,False,False,False,True,False,False,True,True,False,False,False,False,False,False,False,False,False,False,False,False,False,False,False,False,False,False,True,False,False,False,True,False,False,1
99,0,999999.0,462.0,45000.0,1,1,2,1,4,0,2,0,0,0,0,0,7,0,0,1,99,99,1,8,1,1,1,1,0,0,0.0,999999.0,999999.0,999999,99999.0,99999.0,99999.0,224.0,1,0,True,False,False,False,True,False,False,True,False,False,True,False,False,False,False,False,False,False,False,False,False,False,False,False,False,False,False,True,False,False,False,True,False,False,1
99,0,999999.0,462.0,40000.0,1,1,2,1,2,0,1,1,0,1,0,0,6,0,0,1,99,99,2,10,1,1,1,1,0,0,0.0,999999.0,999999.0,999999,99999.0,99999.0,99999.0,234.0,0,0,True,False,False,False,True,False,False,True,True,False,False,False,False,False,False,False,False,False,False,False,False,False,False,False,False,False,False,True,False,False,False,True,False,False,1
99,0,999999.0,237.0,12048.0,1,1,0,0,0,0,0,0,0,0,2,1,2,0,0,1,99,99,0,59,1,0,3,0,20,9,7200.0,0.0,6000.0,0,0.0,0.0,0.0,145.0,0,6,True,False,False,False,True,False,False,True,False,False,False,True,False,False,False,False,False,False,False,False,False,False,False,False,False,False,False,True,False,False,True,False,False,False,1
99,0,999999.0,875.0,3000.0,3,0,0,0,0,0,0,0,0,0,0,0,1,0,0,2,99,99,0,22,1,1,6,2,25,52,4000.0,4000.0,0.0,0,0.0,0.0,0.0,62.0,1,0,True,False,False,False,True,False,False,True,False,False,False,False,False,True,False,False,False,False,False,False,False,False,False,False,False,False,False,True,False,False,False,True,False,False,0
99,1,225000.0,0.0,63673.0,1,1,0,0,0,0,0,0,0,0,1,1,2,0,0,1,99,99,0,70,0,0,8,0,20,39,40273.0,22000.0,0.0,0,8273.0,0.0,0.0,501.0,0,0,True,False,False,False,True,False,False,True,False,False,False,False,False,False,False,False,False,False,False,False,True,False,False,False,False,False,False,True,False,False,True,False,False,False,1
99,0,999999.0,875.0,45500.0,1,1,1,1,0,0,0,0,0,0,1,1,4,2,1,1,15,2,0,37,0,0,7,0,24,47,19000.0,19000.0,0.0,0,0.0,0.0,0.0,362.0,1,0,True,False,False,False,True,False,False,True,False,False,False,False,False,False,False,False,False,False,False,False,True,False,True,False,False,False,False,False,False,False,True,False,False,False,1
99,1,162500.0,0.0,40000.0,1,0,0,0,0,0,0,0,0,0,0,0,1,0,0,1,99,99,0,42,1,0,7,0,32,62,40000.0,40000.0,0.0,0,0.0,0.0,0.0,501.0,0,6,True,False,False,False,True,False,False,True,False,False,False,True,False,False,False,False,False,False,False,False,False,False,True,False,False,False,False,False,False,False,False,True,False,False,0
99,0,999999.0,337.0,20000.0,2,0,0,1,0,0,0,0,0,0,0,0,1,0,0,2,99,99,0,24,0,0,3,0,6,7,0.0,0.0,0.0,0,0.0,0.0,0.0,1.0,0,0,True,False,False,False,True,False,False,True,False,False,False,False,False,False,False,False,False,True,False,False,False,False,False,False,False,False,False,True,False,False,False,True,False,False,1
99,0,999999.0,187.0,8400.0,1,0,1,0,1,0,1,0,0,0,0,0,5,0,0,1,99,99,3,10,1,1,1,1,0,0,0.0,999999.0,999999.0,999999,99999.0,99999.0,99999.0,58.0,0,0,True,False,False,False,True,False,False,True,True,False,False,False,False,False,False,False,False,False,False,False,False,False,False,False,False,False,False,True,False,False,False,True,False,False,1
99,0,999999.0,675.0,11923.0,1,0,1,0,1,0,1,0,0,0,0,0,4,0,0,1,99,99,2,19,0,0,6,0,41,68,3000.0,3000.0,0.0,0,0.0,0.0,0.0,93.0,0,0,True,False,False,False,True,False,False,True,True,False,False,False,False,False,False,False,False,False,False,False,False,False,False,False,False,False,False,True,False,False,False,True,False,False,0
99,0,999999.0,1.0,18000.0,1,1,1,1,0,0,0,0,0,0,2,1,5,3,1,1,8,1,0,32,1,0,7,0,24,52,18000.0,18000.0,0.0,0,0.0,0.0,0.0,122.0,1,1,True,False,False,False,True,False,False,True,False,False,False,True,False,False,False,False,False,False,False,False,False,False,False,False,False,False,False,True,False,False,True,False,False,False,1
99,1,400000.0,0.0,94668.0,1,0,0,2,0,0,0,1,0,1,0,0,3,1,0,1,24,24,0,55,1,0,8,0,41,68,41014.0,31622.0,0.0,0,0.0,0.0,0.0,501.0,0,0,True,False,False,False,True,False,False,True,True,False,False,False,False,False,False,False,False,False,False,False,False,False,False,False,False,False,False,True,True,False,False,False,False,False,0
99,1,225000.0,0.0,49200.0,1,1,1,1,0,0,0,0,0,0,2,1,4,2,1,1,6,3,0,36,1,0,8,0,31,65,46000.0,45000.0,0.0,0,0.0,0.0,0.0,391.0,1,1,True,False,False,False,True,False,False,True,False,False,False,True,False,False,False,False,False,False,False,False,False,False,False,False,False,False,False,True,False,False,True,False,False,False,1
99,1,275000.0,0.0,57840.0,1,1,1,1,2,0,1,1,0,1,0,0,4,0,0,1,99,99,1,3,0,0,0,0,0,0,0.0,999999.0,999999.0,999999,99999.0,99999.0,99999.0,460.0,1,0,True,False,False,False,True,False,False,True,True,False,False,False,False,False,False,False,False,False,False,False,False,False,False,False,False,False,False,True,False,False,False,True,False,False,1
99,0,999999.0,487.0,25000.0,1,1,1,1,2,0,1,1,0,1,0,0,4,0,0,1,99,99,1,0,1,0,7,0,0,0,0.0,999999.0,999999.0,999999,99999.0,99999.0,99999.0,199.0,1,0,True,False,False,False,True,False,False,True,True,False,False,False,False,False,False,False,False,False,False,False,False,False,False,False,False,False,False,True,False,False,False,True,False,False,1
99,0,999999.0,675.0,20985.0,2,0,0,0,0,0,0,0,0,0,0,0,1,0,0,2,99,99,0,26,1,1,8,2,41,84,13500.0,13100.0,0.0,0,0.0,0.0,0.0,209.0,1,0,True,False,False,False,True,False,False,True,False,False,False,False,False,False,False,False,False,True,False,False,False,False,False,False,False,False,False,True,False,False,False,True,False,False,0
99,0,999999.0,675.0,36000.0,1,1,1,1,2,0,1,1,0,1,0,0,5,0,0,1,99,99,2,6,0,1,0,1,0,0,0.0,999999.0,999999.0,999999,99999.0,99999.0,99999.0,243.0,1,0,True,False,False,False,True,False,False,True,True,False,False,False,False,False,False,False,False,False,False,False,False,False,False,False,False,False,False,True,False,False,False,True,False,False,1
99,0,999999.0,462.0,0.0,1,0,0,0,0,0,0,0,0,0,0,0,1,0,0,1,99,99,0,35,0,0,5,0,0,0,0.0,0.0,0.0,0,0.0,0.0,0.0,1.0,1,6,True,False,False,False,True,False,False,True,False,False,False,True,False,False,False,False,False,False,False,False,False,False,True,False,False,False,False,False,False,False,False,True,False,False,1
99,1,187500.0,0.0,21500.0,1,0,1,0,1,0,1,0,0,0,0,0,3,0,0,1,99,99,1,16,1,1,4,1,0,0,0.0,0.0,0.0,0,0.0,0.0,0.0,215.0,0,0,True,False,False,False,True,False,False,True,True,False,False,False,False,False,False,False,False,False,False,False,False,False,False,False,False,False,False,True,False,False,False,True,False,False,1
99,0,999999.0,262.0,19000.0,1,1,1,1,2,0,1,1,0,1,0,0,7,0,0,1,99,99,3,9,0,1,1,1,0,0,0.0,999999.0,999999.0,999999,99999.0,99999.0,99999.0,99.0,0,0,True,False,False,False,True,False,False,True,True,False,False,False,False,False,False,False,False,False,False,False,False,False,False,False,False,False,False,True,False,False,False,True,False,False,1
99,1,400000.0,0.0,0.0,1,1,0,0,0,0,0,0,0,0,1,1,2,0,0,1,99,99,0,68,0,0,7,0,0,0,0.0,0.0,0.0,0,0.0,0.0,0.0,1.0,0,0,True,False,False,False,True,False,False,True,False,False,False,False,False,False,False,False,False,False,False,False,True,False,True,False,False,False,False,False,False,False,True,False,False,False,1
99,0,999999.0,282.0,55000.0,1,0,0,0,0,0,0,0,0,0,0,0,1,0,0,1,99,99,0,32,0,0,8,0,42,86,55000.0,0.0,55000.0,0,0.0,0.0,0.0,501.0,0,5,True,False,False,False,True,False,False,True,False,False,False,True,False,False,False,False,False,False,False,False,False,False,False,False,False,False,False,True,False,False,False,True,False,False,0
99,0,999999.0,187.0,13152.0,1,1,0,0,0,0,0,0,0,0,1,2,2,0,0,1,99,99,0,75,1,0,6,0,0,0,6576.0,0.0,0.0,0,0.0,6576.0,0.0,175.0,0,0,True,False,False,False,True,False,False,True,False,False,False,False,False,False,False,False,False,False,False,False,True,False,False,False,False,True,False,False,False,False,True,False,False,False,1
99,1,162500.0,0.0,29690.0,1,1,0,0,0,0,0,0,0,0,2,1,2,0,0,1,99,99,0,74,1,0,7,0,0,0,26090.0,0.0,0.0,0,15860.0,0.0,0.0,396.0,0,8,True,False,False,False,True,False,False,True,False,False,False,True,False,False,False,False,False,False,False,False,False,False,False,False,False,False,False,True,False,False,True,False,False,False,1
99,1,225000.0,0.0,42000.0,2,1,1,1,2,0,1,1,0,1,0,0,4,0,0,1,99,99,1,2,0,0,7,0,0,0,0.0,999999.0,999999.0,999999,99999.0,99999.0,99999.0,334.0,1,0,True,False,False,False,True,False,False,True,True,False,False,False,False,False,False,False,False,False,False,False,False,False,False,True,False,False,False,False,False,False,False,True,False,False,1
99,1,112500.0,0.0,39400.0,1,2,2,2,0,0,0,0,0,0,4,1,5,1,0,1,35,35,0,60,0,0,2,0,0,0,0.0,0.0,0.0,0,0.0,0.0,0.0,252.0,1,0,True,False,False,False,True,False,False,True,False,False,False,False,False,False,False,True,False,False,False,False,False,False,False,True,False,False,False,False,False,False,True,False,False,False,1
99,1,225000.0,0.0,168100.0,1,1,0,0,0,0,0,0,0,0,1,2,2,0,0,1,99,99,0,49,1,0,8,0,26,47,104000.0,104000.0,0.0,0,0.0,0.0,0.0,501.0,1,0,True,False,False,False,True,False,False,True,False,False,False,False,False,False,False,False,False,False,False,False,True,False,False,False,False,False,False,True,False,False,True,False,False,False,0
99,0,999999.0,575.0,4120.0,1,1,1,1,0,0,0,0,0,0,0,0,8,0,0,1,99,99,2,31,0,1,6,1,22,61,0.0,0.0,0.0,0,0.0,0.0,0.0,19.0,0,0,True,False,False,False,True,False,False,True,False,False,False,False,False,False,False,False,False,False,False,True,False,False,False,False,False,False,False,True,False,False,False,True,False,False,1
99,0,999999.0,625.0,50000.0,1,1,1,1,2,0,1,1,0,1,0,0,4,0,0,1,99,99,1,4,1,0,0,0,0,0,0.0,999999.0,999999.0,999999,99999.0,99999.0,99999.0,398.0,1,0,True,False,False,False,True,False,False,True,True,False,False,False,False,False,False,False,False,False,False,False,False,True,False,False,False,False,False,False,False,False,False,True,False,False,1
99,0,999999.0,875.0,70000.0,1,0,0,0,0,0,0,0,0,0,0,0,1,0,0,1,99,99,0,30,1,0,6,0,19,17,70000.0,0.0,70000.0,0,0.0,0.0,0.0,501.0,1,2,True,False,False,False,True,False,False,True,False,False,False,True,False,False,False,False,False,False,False,False,False,False,False,False,False,False,False,True,False,False,False,True,False,False,1
99,0,999999.0,875.0,53000.0,1,1,1,1,2,0,1,1,0,1,0,0,4,0,0,1,99,99,1,10,1,1,1,1,0,0,0.0,999999.0,999999.0,999999,99999.0,99999.0,99999.0,421.0,1,0,True,False,False,False,True,False,False,True,True,False,False,False,False,False,False,False,False,False,False,False,False,False,False,False,False,True,False,False,False,False,False,True,False,False,1
99,1,137500.0,0.0,37600.0,1,1,0,0,0,0,0,0,0,0,2,1,2,0,0,1,99,99,0,56,1,0,6,0,32,34,37600.0,32600.0,0.0,0,0.0,0.0,0.0,453.0,0,6,True,False,False,False,True,False,False,True,False,False,False,True,False,False,False,False,False,False,False,False,False,False,False,False,False,False,False,True,False,False,True,False,False,False,1
99,0,999999.0,462.0,20368.0,2,0,0,0,0,0,0,0,0,0,0,0,2,0,0,1,99,99,1,28,1,0,6,0,11,11,9199.0,9199.0,0.0,0,0.0,0.0,0.0,245.0,1,0,True,False,False,False,True,False,False,True,False,False,False,False,False,False,False,False,False,False,True,False,False,False,False,False,False,False,False,True,False,False,False,True,False,False,1
99,0,999999.0,362.0,9000.0,2,0,0,1,0,0,0,0,0,0,0,0,1,0,0,2,99,99,0,34,0,0,0,0,23,16,0.0,0.0,0.0,0,0.0,0.0,0.0,1.0,0,0,True,False,False,False,True,False,False,True,False,False,False,False,False,False,False,False,False,True,False,False,False,False,False,False,False,False,False,True,False,False,False,True,False,False,0
99,1,400000.0,0.0,126261.0,1,1,1,1,0,0,0,0,0,0,2,1,3,1,1,1,1,1,0,29,1,0,7,0,41,68,123515.0,0.0,123515.0,0,0.0,0.0,0.0,501.0,0,5,True,False,False,False,True,False,False,True,False,False,False,True,False,False,False,False,False,False,False,False,False,False,False,False,False,False,False,True,False,False,True,False,False,False,1
99,1,162500.0,0.0,27912.0,1,1,1,1,2,0,1,1,3,1,0,0,3,0,0,1,99,99,0,25,1,0,6,0,11,18,12779.0,12652.0,0.0,0,0.0,0.0,0.0,288.0,0,0,True,False,False,False,True,False,False,True,True,False,False,False,False,False,False,False,False,False,False,False,False,False,False,False,False,False,False,True,False,False,False,True,False,False,0
99,0,999999.0,625.0,184955.0,1,1,1,1,2,0,1,1,1,1,0,0,7,0,0,1,99,99,2,23,0,0,6,0,17,26,6000.0,6000.0,0.0,0,0.0,0.0,0.0,501.0,1,0,True,False,False,False,True,False,False,True,True,False,False,False,False,False,False,False,False,False,False,False,False,False,False,False,False,False,False,True,False,False,False,True,False,False,1
99,1,187500.0,0.0,79762.0,1,0,1,0,1,0,1,0,0,0,0,0,5,0,0,1,99,99,1,5,0,1,0,1,0,0,0.0,999999.0,999999.0,999999,99999.0,99999.0,99999.0,501.0,0,0,True,False,False,False,True,False,False,True,True,False,False,False,False,False,False,False,False,False,False,False,False,False,False,False,False,True,False,False,False,False,False,True,False,False,1
99,0,999999.0,512.0,25000.0,1,1,1,1,0,0,0,0,0,0,2,1,6,4,0,1,16,6,0,39,1,1,3,1,20,8,16000.0,16000.0,0.0,0,0.0,0.0,0.0,151.0,1,1,True,False,False,False,True,False,False,True,False,False,False,True,False,False,False,False,False,False,False,False,False,False,False,False,False,False,False,True,False,False,True,False,False,False,1
99,1,275000.0,0.0,111000.0,1,1,1,1,0,0,0,0,0,0,1,1,3,1,0,1,26,26,0,61,0,0,8,0,41,72,53000.0,53000.0,0.0,0,0.0,0.0,0.0,501.0,0,0,True,False,False,False,True,False,False,True,False,False,False,False,False,False,False,False,False,False,False,False,True,False,False,False,False,False,False,True,False,False,True,False,False,False,1
99,0,999999.0,537.0,12428.0,1,0,1,0,1,0,1,0,0,0,0,0,5,0,0,1,99,99,3,16,1,1,3,1,23,16,428.0,428.0,0.0,0,0.0,0.0,0.0,85.0,0,0,True,False,False,False,True,False,False,True,True,False,False,False,False,False,False,False,False,False,False,False,False,False,False,False,False,False,False,True,False,False,False,True,False,False,1
99,1,350000.0,0.0,37612.0,1,1,1,2,2,0,1,1,0,1,0,0,6,0,0,1,99,99,2,1,0,0,7,0,0,0,0.0,999999.0,999999.0,999999,99999.0,99999.0,99999.0,220.0,1,0,True,False,False,False,True,False,False,True,True,False,False,False,False,False,False,False,False,False,False,False,False,False,False,True,False,False,False,False,False,False,False,True,False,False,1
99,1,225000.0,0.0,33570.0,1,1,1,1,2,0,1,1,0,1,0,0,7,0,0,1,99,99,3,2,1,0,7,0,0,0,0.0,999999.0,999999.0,999999,99999.0,99999.0,99999.0,175.0,1,0,True,False,False,False,True,False,False,True,True,False,False,False,False,False,False,False,False,False,False,False,False,False,False,False,False,True,False,False,False,False,False,True,False,False,1
99,0,999999.0,575.0,14000.0,2,0,0,0,0,0,0,0,0,0,0,0,1,0,0,2,99,99,0,22,0,0,6,0,22,45,15000.0,15000.0,0.0,0,0.0,0.0,0.0,233.0,1,0,True,False,False,False,True,False,False,True,False,False,False,False,False,False,False,False,False,True,False,False,False,False,False,False,False,False,False,True,False,False,False,True,False,False,1
99,1,350000.0,0.0,126617.0,1,1,1,1,0,0,0,0,0,0,1,1,4,2,0,1,8,6,0,32,0,0,7,0,0,0,0.0,0.0,0.0,0,0.0,0.0,0.0,501.0,1,0,True,False,False,False,True,False,False,True,False,False,False,False,False,False,False,False,False,False,False,False,True,False,False,False,False,False,False,True,False,False,True,False,False,False,1
99,1,350000.0,0.0,70043.0,1,1,0,0,0,0,0,0,0,0,2,1,2,0,0,1,99,99,0,71,1,0,6,0,41,72,57635.0,28400.0,0.0,0,7367.0,0.0,0.0,501.0,0,5,True,False,False,False,True,False,False,True,False,False,False,True,False,False,False,False,False,False,False,False,False,False,False,False,False,False,False,True,False,False,True,False,False,False,1
99,1,162500.0,0.0,38845.0,1,1,0,0,0,0,0,0,0,0,1,1,3,0,0,1,99,99,0,71,0,0,6,0,0,0,3946.0,0.0,0.0,0,3946.0,0.0,0.0,401.0,0,0,True,False,False,False,True,False,False,True,False,False,False,False,False,False,False,False,False,False,False,False,True,False,False,False,False,False,False,True,False,False,True,False,False,False,1
99,1,187500.0,0.0,34000.0,1,1,1,1,2,7,1,1,0,1,0,0,4,0,0,1,99,99,1,11,0,1,2,2,0,0,0.0,999999.0,999999.0,999999,99999.0,99999.0,99999.0,270.0,0,0,True,False,False,False,True,False,False,True,True,False,False,False,False,False,False,False,False,False,False,False,False,False,False,False,False,False,False,True,False,False,False,True,False,False,1
99,0,999999.0,625.0,25000.0,1,1,1,1,0,0,0,0,0,0,0,0,4,0,0,1,99,99,0,13,1,0,3,0,0,0,0.0,999999.0,999999.0,999999,99999.0,99999.0,99999.0,192.0,1,0,True,False,False,False,True,False,False,True,False,False,False,False,False,False,True,False,False,False,False,False,False,False,False,False,False,False,False,True,False,False,False,True,False,False,1
99,1,350000.0,0.0,0.0,1,1,0,0,0,0,0,0,0,0,2,1,2,0,0,1,99,99,0,43,1,0,7,0,32,39,0.0,0.0,0.0,0,0.0,0.0,0.0,1.0,0,6,True,False,False,False,True,False,False,True,False,False,False,True,False,False,False,False,False,False,False,False,False,False,False,False,False,False,False,True,False,False,True,False,False,False,1
99,0,999999.0,575.0,9360.0,1,0,1,0,0,0,0,0,0,0,0,0,3,0,0,1,99,99,0,13,1,1,2,1,0,0,0.0,999999.0,999999.0,999999,99999.0,99999.0,99999.0,94.0,1,0,True,False,False,False,True,False,False,True,False,False,False,False,False,False,True,False,False,False,False,False,False,False,False,False,False,False,False,True,False,False,False,True,False,False,1
99,0,999999.0,875.0,59800.0,1,1,0,0,0,0,0,0,0,0,1,1,2,0,0,1,99,99,0,27,0,0,8,0,41,68,31500.0,31000.0,0.0,0,0.0,0.0,0.0,501.0,1,0,True,False,False,False,True,False,False,True,False,False,False,False,False,False,False,False,False,False,False,False,True,False,False,False,False,False,False,True,False,False,True,False,False,False,1
99,0,999999.0,625.0,3000.0,2,0,0,0,0,0,0,0,0,0,0,0,1,0,0,1,99,99,0,22,1,1,8,2,31,65,3000.0,3000.0,0.0,0,0.0,0.0,0.0,47.0,1,2,True,False,False,False,True,False,False,True,False,False,False,True,False,False,False,False,False,False,False,False,False,True,False,False,False,False,False,False,False,False,False,True,False,False,0
99,1,112500.0,0.0,48000.0,3,1,2,1,6,0,3,0,0,0,0,0,9,0,0,1,99,99,1,6,0,1,1,1,0,0,0.0,999999.0,999999.0,999999,99999.0,99999.0,99999.0,187.0,0,0,True,False,False,False,True,False,False,True,False,False,False,False,False,False,True,False,False,False,False,False,False,False,False,False,False,False,False,True,False,False,False,True,False,False,1
99,0,999999.0,625.0,7500.0,1,0,0,0,0,0,0,0,0,0,0,0,1,0,0,1,99,99,0,63,1,0,6,0,21,45,7500.0,7500.0,0.0,0,0.0,0.0,0.0,116.0,1,2,True,False,False,False,True,False,False,True,False,False,False,True,False,False,False,False,False,False,False,False,False,False,False,False,False,False,False,True,False,False,False,False,True,False,1
99,0,999999.0,462.0,18581.0,1,0,0,0,0,0,0,0,0,0,0,0,1,0,0,1,99,99,0,80,0,0,6,0,0,0,18581.0,0.0,0.0,0,9708.0,0.0,0.0,312.0,0,6,True,False,False,False,True,False,False,True,False,False,False,True,False,False,False,False,False,False,False,False,False,False,False,False,False,False,False,True,False,False,False,False,False,True,1
99,1,187500.0,0.0,36250.0,1,1,1,1,0,0,0,0,0,0,2,2,5,2,0,1,19,16,0,50,0,0,2,0,23,18,17000.0,17000.0,0.0,0,0.0,0.0,0.0,232.0,1,1,True,False,False,False,True,False,False,True,False,False,False,True,False,False,False,False,False,False,False,False,False,False,False,False,False,False,False,True,False,False,True,False,False,False,1
99,1,187500.0,0.0,48120.0,1,1,1,1,0,0,0,0,0,0,1,2,4,2,0,1,17,14,0,35,1,1,8,1,36,66,1000.0,1000.0,0.0,0,0.0,0.0,0.0,383.0,1,0,True,False,False,False,True,False,False,True,False,False,False,False,False,False,False,False,False,False,False,False,True,False,False,False,False,False,False,True,False,False,True,False,False,False,1
99,1,400000.0,0.0,41154.0,1,1,0,0,0,0,0,0,0,0,2,1,2,0,0,1,99,99,0,73,1,0,3,0,35,68,33798.0,9961.0,0.0,0,6095.0,0.0,1503.0,501.0,0,6,True,False,False,False,True,False,False,True,False,False,False,True,False,False,False,False,False,False,False,False,False,False,False,False,False,False,False,True,False,False,True,False,False,False,1
99,1,350000.0,0.0,34440.0,1,1,0,0,0,0,0,0,0,0,1,1,2,0,0,1,99,99,0,65,0,0,7,0,21,45,12600.0,0.0,0.0,0,5400.0,0.0,0.0,460.0,0,0,True,False,False,False,True,False,False,True,False,False,False,False,False,False,False,False,False,False,False,False,True,False,False,False,False,False,False,True,False,False,True,False,False,False,1
99,1,187500.0,0.0,38000.0,1,1,1,1,0,0,0,0,0,0,2,1,3,1,0,1,7,7,0,42,1,0,7,0,23,18,33000.0,33000.0,0.0,0,0.0,0.0,0.0,381.0,0,5,True,False,False,False,True,False,False,True,False,False,False,True,False,False,False,False,False,False,False,False,False,False,False,False,False,False,False,True,False,False,True,False,False,False,1
99,1,112500.0,0.0,43800.0,1,1,1,1,0,0,0,0,0,0,1,1,3,1,0,1,22,22,0,53,0,0,6,0,18,44,13800.0,13800.0,0.0,0,0.0,0.0,0.0,452.0,0,0,True,False,False,False,True,False,False,True,False,False,False,False,False,False,False,False,False,False,False,False,True,False,False,False,False,False,False,True,False,False,True,False,False,False,1
99,1,85000.0,0.0,30640.0,2,1,2,1,2,0,1,1,0,1,0,0,11,0,0,1,99,99,5,12,1,1,2,1,0,0,0.0,999999.0,999999.0,999999,99999.0,99999.0,99999.0,122.0,0,0,True,False,False,False,True,False,False,True,True,False,False,False,False,False,False,False,False,False,False,False,False,False,False,False,False,False,False,True,False,False,False,True,False,False,1
99,1,225000.0,0.0,56861.0,1,1,1,1,2,0,1,1,0,1,0,0,3,0,0,1,99,99,0,39,1,0,8,0,26,72,38298.0,37802.0,0.0,0,0.0,0.0,0.0,501.0,0,0,True,False,False,False,True,False,False,True,True,False,False,False,False,False,False,False,False,False,False,False,False,False,False,False,False,False,False,True,False,False,False,True,False,False,1
99,0,999999.0,675.0,39000.0,1,1,1,1,2,0,1,1,0,1,0,0,4,0,0,1,99,99,1,5,1,1,0,1,0,0,0.0,999999.0,999999.0,999999,99999.0,99999.0,99999.0,310.0,0,0,True,False,False,False,True,False,False,True,True,False,False,False,False,False,False,False,False,False,False,False,False,False,False,False,False,False,False,True,False,False,False,True,False,False,1
99,1,187500.0,0.0,81000.0,1,1,2,1,0,0,0,0,0,0,2,1,6,1,1,1,0,0,0,33,1,1,8,2,25,48,14000.0,14000.0,0.0,0,0.0,0.0,0.0,455.0,1,1,True,False,False,False,True,False,False,True,False,False,False,True,False,False,False,False,False,False,False,False,False,False,False,True,False,False,False,False,False,False,True,False,False,False,1
99,1,225000.0,0.0,34546.0,1,1,0,0,0,0,0,0,0,0,2,1,2,0,0,1,99,99,0,77,1,0,2,0,20,8,31046.0,8559.0,0.0,0,7780.0,0.0,0.0,461.0,0,8,True,False,False,False,True,False,False,True,False,False,False,True,False,False,False,False,False,False,False,False,False,False,False,False,False,False,False,True,False,False,True,False,False,False,1
99,0,999999.0,625.0,28232.0,1,0,0,0,0,0,0,0,0,0,0,0,1,0,0,1,99,99,0,29,1,0,7,0,24,44,28232.0,28000.0,0.0,0,0.0,0.0,0.0,438.0,0,7,True,False,False,False,True,False,False,True,False,False,False,True,False,False,False,False,False,False,False,False,False,False,False,False,False,False,False,True,False,False,False,True,False,False,1
99,1,400000.0,0.0,227716.0,2,1,1,1,2,0,1,1,0,1,0,0,5,0,0,1,99,99,2,11,1,1,1,1,0,0,0.0,999999.0,999999.0,999999,99999.0,99999.0,99999.0,501.0,1,0,True,False,False,False,True,False,False,True,True,False,False,False,False,False,False,False,False,False,False,False,False,False,False,False,False,False,False,True,False,False,False,True,False,False,1
99,1,400000.0,0.0,89000.0,2,0,0,0,0,0,0,0,0,0,0,0,1,0,0,2,99,99,0,48,0,0,8,0,39,81,50000.0,0.0,50000.0,0,0.0,0.0,0.0,501.0,1,0,True,False,False,False,True,False,False,True,False,False,False,False,False,False,False,False,False,True,False,False,False,False,False,False,False,False,False,True,False,False,False,True,False,False,1
99,1,187500.0,0.0,10200.0,1,1,0,0,0,0,0,0,0,0,1,1,2,0,0,1,99,99,0,71,0,0,6,0,0,0,0.0,0.0,0.0,0,0.0,0.0,0.0,136.0,0,0,True,False,False,False,True,False,False,True,False,False,False,False,False,False,False,False,False,False,False,False,True,False,False,False,False,False,False,True,False,False,True,False,False,False,1
99,1,400000.0,0.0,205442.0,1,1,1,1,0,0,0,0,0,0,1,1,4,2,0,1,15,9,0,42,0,0,7,0,0,0,2000.0,0.0,0.0,0,0.0,0.0,0.0,501.0,1,0,True,False,False,False,True,False,False,True,False,False,False,False,False,False,False,False,False,False,False,False,True,False,False,False,False,False,False,True,False,False,True,False,False,False,1
99,0,999999.0,875.0,40000.0,1,1,1,1,2,0,1,1,0,1,0,0,4,0,0,1,99,99,1,4,1,0,0,0,0,0,0.0,999999.0,999999.0,999999,99999.0,99999.0,99999.0,318.0,1,0,True,False,False,False,True,False,False,True,True,False,False,False,False,False,False,False,False,False,False,False,False,False,False,False,False,False,False,True,False,False,False,True,False,False,1
99,0,999999.0,875.0,47840.0,1,1,1,0,0,0,0,0,0,0,2,2,7,0,0,1,99,99,0,37,1,0,6,0,25,15,15000.0,15000.0,0.0,0,0.0,0.0,0.0,242.0,1,0,True,False,False,False,True,False,False,True,False,True,False,False,False,False,False,False,False,False,False,False,False,False,False,False,False,False,False,True,False,False,True,False,False,False,1
99,0,999999.0,537.0,1200.0,1,0,1,0,0,0,0,0,0,0,0,0,2,1,0,1,13,13,0,30,0,0,5,0,24,44,1200.0,1200.0,0.0,0,0.0,0.0,0.0,14.0,1,1,True,False,False,False,True,False,False,True,False,False,False,True,False,False,False,False,False,False,False,False,False,False,False,False,False,False,False,True,True,False,False,False,False,False,1
99,1,162500.0,0.0,6600.0,1,0,0,0,0,0,0,0,0,0,0,0,1,0,0,1,99,99,0,81,1,0,7,0,0,0,6600.0,0.0,0.0,0,6600.0,0.0,0.0,111.0,0,5,True,False,False,False,True,False,False,True,False,False,False,True,False,False,False,False,False,False,False,False,False,False,False,False,False,False,False,True,False,False,False,False,False,True,1
99,0,999999.0,625.0,37127.0,1,1,1,1,2,0,1,1,0,1,0,0,4,0,0,1,99,99,1,22,1,0,6,0,25,15,9979.0,9979.0,0.0,0,0.0,0.0,0.0,286.0,0,0,True,False,False,False,True,False,False,True,True,False,False,False,False,False,False,False,False,False,False,False,False,False,False,False,False,False,False,True,False,False,False,True,False,False,1
99,1,400000.0,0.0,391032.0,1,1,1,1,0,0,0,0,0,0,2,1,4,2,0,1,11,8,0,41,1,0,8,0,63,96,195516.0,195516.0,0.0,0,0.0,0.0,0.0,501.0,1,2,True,False,False,False,True,False,False,True,False,False,False,True,False,False,False,False,False,False,False,False,False,False,False,False,False,False,False,True,False,False,True,False,False,False,1
99,0,999999.0,875.0,30120.0,1,1,0,0,0,0,0,0,0,0,1,1,2,0,0,1,99,99,0,35,0,0,7,0,26,52,21000.0,21000.0,0.0,0,0.0,0.0,0.0,363.0,0,0,True,False,False,False,True,False,False,True,False,False,False,False,False,False,False,False,False,False,False,False,True,False,False,False,False,False,False,True,False,False,True,False,False,False,1
99,0,999999.0,625.0,39762.0,1,2,2,3,0,0,0,0,0,0,2,1,8,2,0,1,25,20,0,52,1,0,2,0,23,18,0.0,0.0,0.0,0,0.0,0.0,0.0,176.0,0,5,True,False,False,False,True,False,False,True,False,False,False,True,False,False,False,False,False,False,False,False,False,False,False,False,False,False,False,True,False,False,True,False,False,False,1
99,0,999999.0,412.0,14500.0,1,1,1,1,0,0,0,0,0,0,2,1,3,1,0,1,6,6,0,27,1,0,4,0,25,15,14500.0,14500.0,0.0,0,0.0,0.0,0.0,145.0,0,2,True,False,False,False,True,False,False,True,False,False,False,True,False,False,False,False,False,False,False,False,False,False,False,False,False,False,False,True,False,False,True,False,False,False,1
99,0,999999.0,675.0,20400.0,3,2,1,1,0,0,0,0,0,0,0,0,1,0,0,2,99,99,0,27,1,0,2,0,20,8,6000.0,6000.0,0.0,0,0.0,0.0,0.0,93.0,1,0,True,False,False,False,True,False,False,True,False,False,False,False,False,False,False,False,False,True,False,False,False,False,False,False,False,False,False,True,False,False,False,False,True,False,0
99,1,17500.0,0.0,43000.0,1,1,1,1,2,0,1,1,0,1,0,0,5,0,0,1,99,99,2,19,1,1,7,1,0,0,0.0,0.0,0.0,0,0.0,0.0,0.0,279.0,0,0,True,False,False,False,True,False,False,True,True,False,False,False,False,False,False,False,False,False,False,False,False,False,False,False,False,True,False,False,False,False,False,True,False,False,1
99,1,187500.0,0.0,36386.0,1,1,0,0,0,0,0,0,0,0,1,1,2,0,0,1,99,99,0,80,0,0,6,0,0,0,4018.0,0.0,0.0,0,4018.0,0.0,0.0,485.0,0,0,True,False,False,False,True,False,False,True,False,False,False,False,False,False,False,False,False,False,False,False,True,False,False,False,False,False,False,True,False,False,True,False,False,False,1
99,1,52500.0,0.0,57418.0,1,1,2,1,0,0,0,0,0,0,1,1,7,2,0,1,25,12,0,38,0,0,7,0,22,51,25564.0,25523.0,0.0,0,0.0,0.0,0.0,299.0,1,0,True,False,False,False,True,False,False,True,False,False,False,False,False,False,False,False,False,False,False,False,True,False,False,False,False,False,False,True,False,False,True,False,False,False,1
99,1,187500.0,0.0,68540.0,1,1,2,1,7,0,2,0,0,0,0,0,9,0,0,1,99,99,1,3,0,1,0,2,0,0,0.0,999999.0,999999.0,999999,99999.0,99999.0,99999.0,252.0,1,0,True,False,False,False,True,False,False,True,False,False,True,False,False,False,False,False,False,False,False,False,False,False,False,False,False,True,False,False,False,False,False,True,False,False,1
99,1,275000.0,0.0,35000.0,1,1,1,1,0,0,0,0,0,0,2,1,5,3,0,1,15,9,0,48,1,0,3,0,26,19,35000.0,0.0,35000.0,0,0.0,0.0,0.0,237.0,0,5,True,False,False,False,True,False,False,True,False,False,False,True,False,False,False,False,False,False,False,False,False,False,False,False,False,False,False,True,False,False,True,False,False,False,1
99,0,999999.0,412.0,35228.0,1,0,2,0,1,0,1,0,0,0,0,0,3,1,1,1,2,2,0,24,0,0,2,0,10,19,0.0,0.0,0.0,0,0.0,0.0,0.0,353.0,1,0,True,False,False,False,True,False,False,True,True,False,False,False,False,False,False,False,False,False,False,False,False,False,False,False,False,False,False,True,False,True,False,False,False,False,1
99,1,225000.0,0.0,64816.0,1,0,1,0,0,0,0,0,0,0,0,0,2,1,0,1,28,28,0,71,0,0,2,0,0,0,16816.0,0.0,0.0,0,6480.0,0.0,0.0,501.0,1,0,True,False,False,False,True,False,False,True,False,False,False,False,False,False,False,True,False,False,False,False,False,False,False,False,False,False,False,True,False,False,False,False,False,True,1
99,0,999999.0,875.0,53000.0,1,0,0,0,0,0,0,0,0,0,0,0,2,0,0,1,99,99,1,33,0,0,8,0,22,61,20000.0,20000.0,0.0,0,0.0,0.0,0.0,501.0,1,0,True,False,False,False,True,False,False,True,False,False,False,False,False,False,False,False,False,False,True,False,False,False,False,False,False,False,False,True,False,False,False,True,False,False,1
99,0,999999.0,1000.0,25632.0,1,2,2,2,2,0,1,1,0,1,0,0,7,0,0,1,99,99,1,10,1,1,1,1,0,0,0.0,999999.0,999999.0,999999,99999.0,99999.0,99999.0,128.0,1,0,True,False,False,False,True,False,False,True,True,False,False,False,False,False,False,False,False,False,False,False,False,False,False,False,False,False,False,True,False,False,False,True,False,False,1
99,0,999999.0,875.0,31039.0,1,1,2,2,5,0,2,0,0,0,0,0,7,0,0,1,99,99,1,5,0,0,0,0,0,0,0.0,999999.0,999999.0,999999,99999.0,99999.0,99999.0,154.0,1,0,True,False,False,False,True,False,False,True,False,False,True,False,False,False,False,False,False,False,False,False,False,True,False,False,False,False,False,False,False,False,False,True,False,False,1
99,0,999999.0,875.0,55400.0,1,1,0,0,0,0,0,0,0,0,2,2,2,0,0,1,99,99,0,41,0,0,8,0,41,68,19000.0,19000.0,0.0,0,0.0,0.0,0.0,501.0,0,6,True,False,False,False,True,False,False,True,False,False,False,True,False,False,False,False,False,False,False,False,False,False,False,False,False,False,False,True,False,False,True,False,False,False,1
99,1,350000.0,0.0,900.0,1,1,0,0,0,0,0,0,0,0,2,1,2,0,0,1,99,99,0,72,1,0,6,0,20,9,900.0,900.0,0.0,0,0.0,0.0,0.0,12.0,0,7,True,False,False,False,True,False,False,True,False,False,False,True,False,False,False,False,False,False,False,False,False,False,True,False,False,False,False,False,False,False,True,False,False,False,1
99,0,999999.0,462.0,21820.0,2,0,0,0,0,0,0,0,0,0,0,0,2,0,0,1,99,99,1,29,0,1,7,1,17,13,12540.0,12500.0,0.0,0,0.0,0.0,0.0,263.0,0,5,True,False,False,False,True,False,False,True,False,False,False,True,False,False,False,False,False,False,False,False,False,False,False,False,False,False,False,True,False,False,False,True,False,False,1
99,1,112500.0,0.0,49655.0,1,1,1,1,2,0,1,1,0,1,0,0,5,0,0,1,99,99,2,23,0,0,6,0,34,47,14201.0,14201.0,0.0,0,0.0,0.0,0.0,317.0,0,0,True,False,False,False,True,False,False,True,True,False,False,False,False,False,False,False,False,False,False,False,False,False,False,False,False,False,False,True,False,False,False,True,False,False,1
99,0,999999.0,875.0,50515.0,1,1,1,1,0,0,0,0,0,0,2,1,4,2,1,1,16,1,0,36,1,0,7,0,25,15,37000.0,27000.0,10000.0,0,0.0,0.0,0.0,402.0,1,2,True,False,False,False,True,False,False,True,False,False,False,True,False,False,False,False,False,False,False,False,False,False,False,False,False,False,False,True,False,False,True,False,False,False,1
99,0,999999.0,462.0,30000.0,1,0,0,0,0,0,0,0,0,0,0,0,1,0,0,1,99,99,0,43,0,0,8,0,19,46,30000.0,30000.0,0.0,0,0.0,0.0,0.0,465.0,0,5,True,False,False,False,True,False,False,True,False,False,False,True,False,False,False,False,False,False,False,False,False,False,False,False,False,True,False,False,False,False,False,True,False,False,0
99,0,999999.0,187.0,6000.0,1,0,0,0,0,0,0,0,0,0,0,0,1,0,0,1,99,99,0,77,1,0,2,0,0,0,6000.0,0.0,0.0,0,6000.0,0.0,0.0,101.0,0,5,True,False,False,False,True,False,False,True,False,False,False,True,False,False,False,False,False,False,False,False,False,False,False,False,False,False,False,True,False,False,False,False,False,True,1
99,1,350000.0,0.0,72000.0,1,1,1,1,2,0,1,1,0,1,0,0,4,0,0,1,99,99,1,1,1,0,7,0,0,0,0.0,999999.0,999999.0,999999,99999.0,99999.0,99999.0,501.0,1,0,True,False,False,False,True,False,False,True,True,False,False,False,False,False,False,False,False,False,False,False,False,False,False,False,False,False,False,True,False,False,False,True,False,False,1
99,0,999999.0,875.0,0.0,1,0,1,0,0,0,0,0,0,0,0,0,4,3,0,1,16,9,0,33,0,0,2,0,0,0,0.0,0.0,0.0,0,0.0,0.0,0.0,1.0,1,1,True,False,False,False,True,False,False,True,False,False,False,True,False,False,False,False,False,False,False,False,False,False,False,False,False,False,False,True,False,False,False,False,True,False,1
99,1,112500.0,0.0,42400.0,1,1,1,1,2,0,1,1,0,1,0,0,8,0,0,1,99,99,4,21,1,0,6,0,20,8,13400.0,13400.0,0.0,0,0.0,0.0,0.0,191.0,0,0,True,False,False,False,True,False,False,True,True,False,False,False,False,False,False,False,False,False,False,False,False,False,False,False,False,False,False,True,False,False,False,True,False,False,1
99,0,999999.0,487.0,19353.0,2,0,0,0,0,0,0,0,0,0,0,0,1,0,0,2,99,99,0,42,1,0,2,0,17,11,14500.0,0.0,14500.0,0,0.0,0.0,0.0,225.0,1,0,True,False,False,False,True,False,False,True,False,False,False,False,False,False,False,False,False,True,False,False,False,False,False,False,False,False,False,True,False,False,False,True,False,False,1
99,0,999999.0,1000.0,49391.0,2,1,2,1,2,0,1,1,0,1,0,0,6,2,0,1,8,6,1,25,0,0,6,0,0,0,1057.0,0.0,0.0,0,0.0,1057.0,0.0,283.0,1,0,True,False,False,False,True,False,False,True,True,False,False,False,False,False,False,False,False,False,False,False,False,False,False,False,False,False,False,True,False,False,False,True,False,False,1
99,1,400000.0,0.0,65700.0,1,1,1,1,1,1,1,2,0,1,0,0,5,0,0,1,99,99,2,25,1,0,7,0,20,8,9000.0,9000.0,0.0,0,0.0,0.0,0.0,426.0,0,0,True,False,False,False,True,False,False,True,True,False,False,False,False,False,False,False,False,False,False,False,False,False,False,False,False,False,False,True,False,True,False,False,False,False,1
99,1,350000.0,0.0,150000.0,1,0,0,0,0,0,0,0,0,0,0,0,1,0,0,1,99,99,0,61,1,0,8,0,31,65,150000.0,59000.0,80000.0,0,0.0,0.0,0.0,501.0,1,1,True,False,False,False,True,False,False,True,False,False,False,True,False,False,False,False,False,False,False,False,False,False,False,False,False,False,False,True,True,False,False,False,False,False,1
99,0,999999.0,462.0,5000.0,1,0,0,0,0,0,0,0,0,0,0,0,1,0,0,1,99,99,0,67,1,0,6,0,39,68,5000.0,3800.0,0.0,0,1200.0,0.0,0.0,84.0,0,6,True,False,False,False,True,False,False,True,False,False,False,True,False,False,False,False,False,False,False,False,False,False,False,False,False,False,False,True,False,False,False,True,False,False,1
99,0,999999.0,312.0,8196.0,1,0,0,0,0,0,0,0,0,0,0,0,1,0,0,1,99,99,0,35,1,1,7,1,0,0,8196.0,0.0,0.0,0,4164.0,4032.0,0.0,127.0,0,6,True,False,False,False,True,False,False,True,False,False,False,True,False,False,False,False,False,False,False,False,False,False,False,False,False,False,False,True,False,False,False,True,False,False,1
99,1,400000.0,0.0,85103.0,1,1,1,1,2,0,1,1,0,1,0,0,5,0,0,1,99,99,2,3,1,1,0,1,0,0,0.0,999999.0,999999.0,999999,99999.0,99999.0,99999.0,501.0,1,0,True,False,False,False,True,False,False,True,True,False,False,False,False,False,False,False,False,False,False,False,False,False,False,False,False,False,False,True,False,False,False,True,False,False,1
99,1,162500.0,0.0,34988.0,1,0,0,0,0,0,0,0,0,0,0,0,1,0,0,1,99,99,0,77,1,0,6,0,35,62,34988.0,24300.0,-850.0,-750,11688.0,0.0,0.0,501.0,0,5,True,False,False,False,True,False,False,True,False,False,False,True,False,False,False,False,False,False,False,False,False,False,False,False,False,False,False,True,False,False,False,False,False,True,1
99,0,999999.0,387.0,1285.0,1,1,0,0,0,0,0,0,0,0,2,1,2,0,0,1,99,99,0,23,1,0,5,0,16,38,385.0,0.0,0.0,0,0.0,385.0,0.0,15.0,0,1,True,False,False,False,True,False,False,True,False,False,False,True,False,False,False,False,False,False,False,False,False,False,False,False,False,False,False,True,False,False,True,False,False,False,1
99,1,225000.0,0.0,23912.0,1,0,1,0,1,0,1,0,0,0,0,0,2,0,0,1,99,99,0,36,1,0,4,0,23,18,6994.0,576.0,0.0,0,6418.0,0.0,0.0,288.0,0,0,True,False,False,False,True,False,False,True,True,False,False,False,False,False,False,False,False,False,False,False,False,False,False,False,False,False,False,True,False,False,False,True,False,False,1
99,1,187500.0,0.0,100000.0,1,1,1,1,0,0,0,0,0,0,2,1,4,2,0,1,13,6,0,44,1,0,8,0,37,78,100000.0,95000.0,0.0,0,0.0,0.0,0.0,501.0,0,5,True,False,False,False,True,False,False,True,False,False,False,True,False,False,False,False,False,False,False,False,False,False,False,False,False,False,False,True,False,False,True,False,False,False,1
99,0,999999.0,625.0,30000.0,1,1,0,0,0,0,0,0,0,0,2,1,2,0,0,1,99,99,0,40,1,1,8,1,41,84,15000.0,15000.0,0.0,0,0.0,0.0,0.0,361.0,1,1,True,False,False,False,True,False,False,True,False,False,False,True,False,False,False,False,False,False,False,False,False,False,True,False,False,False,False,False,False,False,True,False,False,False,1
99,0,999999.0,237.0,15000.0,1,1,1,1,0,0,0,0,0,0,1,1,7,5,0,1,19,8,0,51,0,0,2,0,0,0,0.0,0.0,0.0,0,0.0,0.0,0.0,78.0,0,0,True,False,False,False,True,False,False,True,False,False,False,False,False,False,False,False,False,False,False,False,True,False,False,False,False,False,False,True,False,False,True,False,False,False,1
99,0,999999.0,537.0,6000.0,1,1,1,1,0,0,0,0,0,0,1,1,3,1,1,1,2,2,0,29,0,1,8,2,0,0,0.0,0.0,0.0,0,0.0,0.0,0.0,60.0,1,0,True,False,False,False,True,False,False,True,False,False,False,False,False,False,False,False,False,False,False,False,True,False,False,False,False,False,False,True,False,False,True,False,False,False,1
99,0,999999.0,875.0,13000.0,1,1,1,1,0,0,0,0,0,0,2,1,3,1,1,1,3,3,0,32,1,1,8,1,29,48,8000.0,8000.0,0.0,0,0.0,0.0,0.0,130.0,1,1,True,False,False,False,True,False,False,True,False,False,False,True,False,False,False,False,False,False,False,False,False,False,False,False,False,False,False,True,False,False,True,False,False,False,1
99,1,112500.0,0.0,43000.0,1,0,1,0,0,0,0,0,0,0,0,0,2,1,0,1,30,30,0,62,0,0,2,0,0,0,4000.0,0.0,0.0,0,3500.0,0.0,0.0,501.0,0,0,True,False,False,False,True,False,False,True,False,False,False,False,False,False,False,True,False,False,False,False,False,False,False,False,False,False,False,True,False,False,False,False,False,True,1
99,1,112500.0,0.0,50050.0,2,0,0,0,0,0,0,0,0,0,0,0,1,0,0,1,99,99,0,32,1,0,8,0,31,65,50050.0,50000.0,0.0,0,0.0,0.0,0.0,501.0,1,2,True,False,False,False,True,False,False,True,False,False,False,True,False,False,False,False,False,False,False,False,False,False,False,False,False,False,False,True,False,False,False,True,False,False,1
99,1,275000.0,0.0,34400.0,1,1,1,1,2,0,1,1,0,1,0,0,3,0,0,1,99,99,0,5,1,1,0,2,0,0,0.0,999999.0,999999.0,999999,99999.0,99999.0,99999.0,345.0,1,0,True,False,False,False,True,False,False,True,True,False,False,False,False,False,False,False,False,False,False,False,False,False,False,True,False,False,False,False,False,False,False,True,False,False,1
99,1,85000.0,0.0,63000.0,3,0,0,2,0,0,0,1,0,1,0,0,8,0,0,1,99,99,4,18,1,1,6,1,24,19,17000.0,17000.0,0.0,0,0.0,0.0,0.0,283.0,1,0,True,False,False,False,True,False,False,True,True,False,False,False,False,False,False,False,False,False,False,False,False,False,False,False,False,False,False,True,False,False,False,True,False,False,0
99,0,999999.0,312.0,13621.0,1,1,0,0,0,0,0,0,0,0,2,1,2,0,0,1,99,99,0,65,1,0,7,0,0,0,2300.0,0.0,0.0,0,0.0,2300.0,0.0,182.0,0,5,True,False,False,False,True,False,False,True,False,False,False,True,False,False,False,False,False,False,False,False,False,False,False,False,False,False,False,True,False,False,True,False,False,False,1
99,0,999999.0,675.0,18000.0,1,0,1,0,1,0,1,0,0,0,0,0,4,0,0,1,99,99,2,11,1,1,2,1,0,0,0.0,999999.0,999999.0,999999,99999.0,99999.0,99999.0,143.0,0,0,True,False,False,False,True,False,False,True,True,False,False,False,False,False,False,False,False,False,False,False,False,False,False,False,False,False,False,True,False,False,False,True,False,False,1
99,0,999999.0,625.0,43000.0,1,0,0,0,0,0,0,0,0,0,0,0,2,0,0,1,99,99,0,28,0,0,7,0,26,44,22000.0,22000.0,0.0,0,0.0,0.0,0.0,501.0,0,2,True,False,False,False,True,False,False,True,False,False,False,True,False,False,False,False,False,False,False,False,False,False,False,False,False,False,False,True,False,False,False,True,False,False,1
99,0,999999.0,875.0,15750.0,2,0,1,0,0,0,0,0,0,0,0,0,2,1,0,1,34,34,0,52,0,0,7,0,0,0,750.0,0.0,0.0,0,0.0,0.0,0.0,190.0,0,0,True,False,False,False,True,False,False,True,False,False,False,False,False,False,False,True,False,False,False,False,False,False,False,False,False,False,False,True,True,False,False,False,False,False,1
99,0,999999.0,0.0,999999.0,1,0,0,0,0,0,0,0,0,0,0,0,1,0,0,1,99,99,0,7,0,1,1,2,0,0,0.0,999999.0,999999.0,999999,99999.0,99999.0,99999.0,0.0,1,0,False,True,False,True,False,False,False,True,False,False,False,False,True,False,False,False,False,False,False,False,False,False,True,False,False,False,False,False,False,False,False,True,False,False,1
99,0,999999.0,1.0,11371.0,1,0,0,0,0,0,0,0,0,0,0,0,3,0,0,1,99,99,2,19,1,1,5,1,0,0,0.0,0.0,0.0,0,0.0,0.0,0.0,114.0,1,0,True,False,False,False,True,False,False,True,False,False,False,False,False,False,False,False,False,False,True,False,False,False,False,False,False,False,False,True,False,False,False,True,False,False,1
99,0,999999.0,312.0,27000.0,1,1,1,1,2,0,1,1,0,1,0,0,4,0,0,1,99,99,1,16,0,1,3,1,0,0,0.0,0.0,0.0,0,0.0,0.0,0.0,208.0,0,0,True,False,False,False,True,False,False,True,True,False,False,False,False,False,False,False,False,False,False,False,False,False,False,False,False,False,False,True,False,False,False,True,False,False,1
99,0,999999.0,625.0,24400.0,1,0,1,0,3,0,1,0,0,0,0,0,8,0,0,1,99,99,3,30,0,0,3,0,35,63,8600.0,8600.0,0.0,0,0.0,0.0,0.0,110.0,1,0,True,False,False,False,True,False,False,True,False,False,False,False,False,False,False,False,False,False,True,False,False,False,False,False,False,False,False,True,False,False,False,True,False,False,1
99,1,225000.0,0.0,57971.0,1,1,1,1,4,0,1,3,0,1,0,0,7,0,0,1,99,99,4,20,1,1,7,1,18,44,1400.0,1400.0,0.0,0,0.0,0.0,0.0,282.0,1,0,True,False,False,False,True,False,False,True,False,False,False,False,False,False,False,False,False,False,True,False,False,False,False,True,False,False,False,False,False,False,False,True,False,False,1
99,0,999999.0,1000.0,23090.0,1,0,0,0,0,0,0,0,0,0,0,0,1,0,0,1,99,99,0,77,0,0,7,0,0,0,23090.0,0.0,0.0,0,23090.0,0.0,0.0,388.0,0,5,True,False,False,False,True,False,False,True,False,False,False,True,False,False,False,False,False,False,False,False,False,False,False,False,False,False,False,True,False,False,False,False,False,True,1
99,1,112500.0,0.0,94000.0,1,1,1,1,0,0,0,0,0,0,2,1,6,4,0,1,16,10,0,44,1,0,8,0,25,44,57000.0,57000.0,0.0,0,0.0,0.0,0.0,501.0,0,5,True,False,False,False,True,False,False,True,False,False,False,True,False,False,False,False,False,False,False,False,False,False,True,False,False,False,False,False,False,False,True,False,False,False,1
99,0,999999.0,675.0,37500.0,1,1,1,1,2,0,1,1,0,1,0,0,6,0,0,1,99,99,1,2,1,0,7,0,0,0,0.0,999999.0,999999.0,999999,99999.0,99999.0,99999.0,219.0,1,0,True,False,False,False,True,False,False,True,True,False,False,False,False,False,False,False,False,False,False,False,False,False,False,False,False,False,False,True,False,False,False,True,False,False,1
99,1,112500.0,0.0,7860.0,1,0,0,0,0,0,0,0,0,0,0,0,1,0,0,1,99,99,0,69,1,0,5,0,0,0,7860.0,0.0,0.0,0,1560.0,0.0,0.0,132.0,0,7,True,False,False,False,True,False,False,True,False,False,False,True,False,False,False,False,False,False,False,False,False,False,True,False,False,False,False,False,False,True,False,False,False,False,1
99,0,999999.0,725.0,28582.0,1,1,1,1,0,0,0,0,0,0,1,1,5,1,1,1,3,3,0,20,0,0,2,0,0,0,0.0,0.0,0.0,0,0.0,0.0,0.0,183.0,1,0,True,False,False,False,True,False,False,True,False,False,False,False,False,False,False,False,False,False,False,False,True,False,False,False,False,False,False,True,False,False,True,False,False,False,1
99,0,999999.0,312.0,16600.0,1,1,1,1,2,0,1,1,0,1,0,0,3,0,0,1,99,99,0,0,0,0,7,0,0,0,0.0,999999.0,999999.0,999999,99999.0,99999.0,99999.0,166.0,1,0,True,False,False,False,True,False,False,True,True,False,False,False,False,False,False,False,False,False,False,False,False,False,False,False,False,False,False,True,False,False,False,True,False,False,1
99,1,225000.0,0.0,30000.0,2,1,1,2,2,0,1,1,0,1,0,0,4,1,0,1,6,6,0,21,1,1,7,1,18,44,10000.0,10000.0,0.0,0,0.0,0.0,0.0,231.0,0,0,True,False,False,False,True,False,False,True,True,False,False,False,False,False,False,False,False,False,False,False,False,False,False,False,False,False,False,True,False,False,False,True,False,False,1
99,1,400000.0,0.0,75000.0,1,0,0,0,0,0,0,0,0,0,0,0,1,0,0,1,99,99,0,45,0,0,8,0,41,72,75000.0,75000.0,0.0,0,0.0,0.0,0.0,501.0,0,6,True,False,False,False,True,False,False,True,False,False,False,True,False,False,False,False,False,False,False,False,False,False,True,False,False,False,False,False,True,False,False,False,False,False,1
99,0,999999.0,437.0,0.0,1,0,1,0,0,0,0,0,0,0,0,0,3,2,0,1,28,18,0,54,0,0,1,0,0,0,0.0,0.0,0.0,0,0.0,0.0,0.0,1.0,1,2,True,False,False,False,True,False,False,True,False,False,False,True,False,False,False,False,False,False,False,False,False,False,False,False,False,False,False,True,False,True,False,False,False,False,1
99,0,999999.0,675.0,37900.0,1,0,1,0,1,0,1,0,0,0,0,0,4,0,0,1,99,99,2,22,1,1,6,2,25,18,14400.0,13200.0,0.0,0,0.0,0.0,0.0,301.0,1,0,True,False,False,False,True,False,False,True,True,False,False,False,False,False,False,False,False,False,False,False,False,False,True,False,False,False,False,False,False,False,False,True,False,False,1
99,0,999999.0,412.0,10000.0,1,1,1,1,2,0,1,1,0,1,0,0,7,0,0,1,99,99,4,10,0,1,1,1,0,0,0.0,999999.0,999999.0,999999,99999.0,99999.0,99999.0,54.0,1,0,True,False,False,False,True,False,False,True,True,False,False,False,False,False,False,False,False,False,False,False,False,False,False,False,False,False,False,True,False,False,False,True,False,False,1
99,1,187500.0,0.0,26090.0,1,1,0,0,0,0,0,0,0,0,2,1,2,0,0,1,99,99,0,72,1,0,6,0,23,16,23090.0,0.0,0.0,0,23090.0,0.0,0.0,348.0,0,7,True,False,False,False,True,False,False,True,False,False,False,True,False,False,False,False,False,False,False,False,False,False,False,False,False,False,False,True,False,False,True,False,False,False,1
99,0,999999.0,337.0,16000.0,1,1,1,0,0,0,0,0,0,0,0,0,5,1,0,1,59,59,0,80,0,1,2,1,0,0,0.0,0.0,0.0,0,0.0,0.0,0.0,104.0,1,0,True,False,False,False,True,False,False,True,False,False,False,False,False,False,False,True,False,False,False,False,False,False,False,False,False,False,False,True,False,False,False,True,False,False,1
99,1,162500.0,0.0,52602.0,1,1,1,1,2,0,1,1,0,1,0,0,4,0,0,1,99,99,1,14,0,1,2,1,0,0,0.0,999999.0,999999.0,999999,99999.0,99999.0,99999.0,418.0,1,0,True,False,False,False,True,False,False,True,True,False,False,False,False,False,False,False,False,False,False,False,False,False,False,False,False,False,False,True,False,False,False,True,False,False,1
99,0,999999.0,282.0,38330.0,1,0,1,0,1,0,1,0,0,0,0,0,5,0,0,1,99,99,2,8,1,1,1,1,0,0,0.0,999999.0,999999.0,999999,99999.0,99999.0,99999.0,253.0,1,0,True,False,False,False,True,False,False,True,True,False,False,False,False,False,False,False,False,False,False,False,False,False,True,False,False,False,False,False,False,False,False,True,False,False,1
99,1,137500.0,0.0,25000.0,2,1,1,1,0,0,0,0,0,0,0,0,1,0,0,2,99,99,0,19,0,1,5,1,0,0,0.0,0.0,0.0,0,0.0,0.0,0.0,1.0,1,0,True,False,False,False,True,False,False,True,False,False,False,False,False,False,False,False,False,True,False,False,False,False,False,False,False,False,False,True,False,False,False,True,False,False,1
99,1,72500.0,0.0,19440.0,1,1,0,0,0,0,0,0,0,0,0,0,4,0,0,1,99,99,0,5,0,0,0,0,0,0,0.0,999999.0,999999.0,999999,99999.0,99999.0,99999.0,155.0,0,0,True,False,False,False,True,False,False,True,False,False,True,False,False,False,False,False,False,False,False,False,False,False,True,False,False,False,False,False,False,False,False,True,False,False,1
99,1,275000.0,0.0,42389.0,1,0,0,0,0,0,0,0,0,0,0,0,1,0,0,1,99,99,0,67,0,0,8,0,0,0,42389.0,0.0,0.0,0,11123.0,0.0,0.0,501.0,0,7,True,False,False,False,True,False,False,True,False,False,False,True,False,False,False,False,False,False,False,False,False,False,False,False,False,False,False,True,False,False,False,False,False,True,1
99,1,350000.0,0.0,69382.0,1,1,0,0,0,0,0,0,0,0,2,1,2,0,0,1,99,99,0,70,1,0,8,0,38,68,65110.0,0.0,-3850.0,0,10357.0,0.0,0.0,501.0,0,5,True,False,False,False,True,False,False,True,False,False,False,True,False,False,False,False,False,False,False,False,False,False,False,False,False,False,False,True,False,False,True,False,False,False,0
99,0,999999.0,462.0,17040.0,1,1,1,1,1,0,1,2,0,1,0,0,5,0,0,1,99,99,2,8,1,1,1,1,0,0,0.0,999999.0,999999.0,999999,99999.0,99999.0,99999.0,115.0,0,0,True,False,False,False,True,False,False,True,True,False,False,False,False,False,False,False,False,False,False,False,False,False,False,False,False,False,False,True,False,False,False,True,False,False,1
99,1,162500.0,0.0,28800.0,1,1,1,1,0,0,0,0,0,0,1,1,4,2,0,1,10,5,0,27,0,0,0,0,11,16,4800.0,4800.0,0.0,0,0.0,0.0,0.0,229.0,1,0,True,False,False,False,True,False,False,True,False,False,False,False,False,False,False,False,False,False,False,False,True,False,False,False,False,False,False,True,False,False,True,False,False,False,1
99,1,162500.0,0.0,29700.0,1,0,0,0,0,0,0,0,0,0,0,0,1,0,0,1,99,99,0,40,0,0,7,0,22,61,29700.0,19000.0,0.0,0,0.0,0.0,0.0,460.0,1,2,True,False,False,False,True,False,False,True,False,False,False,True,False,False,False,False,False,False,False,False,False,False,False,True,False,False,False,False,True,False,False,False,False,False,1
99,0,999999.0,875.0,57553.0,1,1,1,1,2,0,1,1,0,1,0,0,4,0,0,1,99,99,1,26,1,0,7,0,24,47,3600.0,3600.0,0.0,0,0.0,0.0,0.0,450.0,0,0,True,False,False,False,True,False,False,True,True,False,False,False,False,False,False,False,False,False,False,False,False,False,False,False,False,False,False,True,False,False,False,True,False,False,1
99,1,275000.0,0.0,57400.0,1,1,0,0,0,0,0,0,0,0,1,2,2,0,0,1,99,99,0,61,1,0,2,0,25,15,33450.0,33000.0,0.0,0,0.0,0.0,0.0,501.0,0,0,True,False,False,False,True,False,False,True,False,False,False,False,False,False,False,False,False,False,False,False,True,False,False,False,False,False,False,True,False,False,True,False,False,False,1
99,0,999999.0,1000.0,3136.0,1,1,1,1,0,0,0,0,0,0,1,1,3,1,0,1,44,44,0,73,0,0,6,0,22,61,1442.0,1442.0,0.0,0,0.0,0.0,0.0,32.0,1,0,True,False,False,False,True,False,False,True,False,False,False,False,False,False,False,False,False,False,False,False,True,False,False,False,False,False,False,True,False,False,True,False,False,False,1
99,0,999999.0,462.0,122200.0,1,1,1,1,2,0,1,1,0,1,0,0,5,0,0,1,99,99,2,16,1,1,4,1,20,8,2200.0,2200.0,0.0,0,0.0,0.0,0.0,501.0,0,0,True,False,False,False,True,False,False,True,True,False,False,False,False,False,False,False,False,False,False,False,False,False,False,False,False,False,False,True,False,False,False,True,False,False,1
99,1,187500.0,0.0,45400.0,1,1,0,0,0,0,0,0,0,0,2,1,2,0,0,1,99,99,0,58,1,0,7,0,25,36,45400.0,45000.0,0.0,0,0.0,0.0,0.0,501.0,0,5,True,False,False,False,True,False,False,True,False,False,False,True,False,False,False,False,False,False,False,False,False,False,False,False,False,False,False,True,False,False,True,False,False,False,1
99,1,400000.0,0.0,85220.0,2,1,1,1,2,0,1,1,0,1,0,0,4,0,0,1,99,99,1,5,1,1,0,1,0,0,0.0,999999.0,999999.0,999999,99999.0,99999.0,99999.0,501.0,1,0,True,False,False,False,True,False,False,True,True,False,False,False,False,False,False,False,False,False,False,False,False,False,False,False,False,False,False,True,False,False,False,True,False,False,1
99,0,999999.0,512.0,27600.0,1,0,0,0,0,0,0,0,0,0,0,0,1,0,0,1,99,99,0,56,0,1,7,2,37,78,27600.0,27600.0,0.0,0,0.0,0.0,0.0,428.0,1,1,True,False,False,False,True,False,False,True,False,False,False,True,False,False,False,False,False,False,False,False,False,False,False,False,False,False,False,True,True,False,False,False,False,False,1
99,0,999999.0,875.0,122780.0,1,2,2,1,0,0,0,0,0,0,0,0,20,0,0,1,99,99,0,21,0,0,6,0,23,18,4200.0,4200.0,0.0,0,0.0,0.0,0.0,501.0,0,0,True,False,False,False,True,False,False,True,False,False,False,False,False,False,True,False,False,False,False,False,False,False,False,False,False,False,False,True,False,True,False,False,False,False,0
99,0,999999.0,487.0,33500.0,1,2,1,1,0,0,0,0,0,0,5,1,7,0,0,1,99,99,1,37,0,0,0,0,0,0,0.0,0.0,0.0,0,0.0,0.0,0.0,167.0,1,0,True,False,False,False,True,False,False,True,False,False,False,False,False,False,False,False,False,False,True,False,False,False,False,False,False,False,False,True,False,False,True,False,False,False,1
99,0,999999.0,625.0,15000.0,4,0,0,1,0,0,0,0,0,0,0,0,1,0,0,4,99,99,0,23,0,1,7,1,17,19,4190.0,2190.0,0.0,0,0.0,0.0,2000.0,65.0,1,0,True,False,False,False,True,False,False,True,False,False,False,False,False,False,False,False,False,True,False,False,False,True,False,False,False,False,False,False,False,False,False,True,False,False,1
99,0,999999.0,575.0,56000.0,1,1,0,0,0,0,0,0,0,0,0,0,4,0,0,1,99,99,1,23,1,0,6,0,11,11,15000.0,15000.0,0.0,0,0.0,0.0,0.0,438.0,0,0,True,False,False,False,True,False,False,True,False,False,False,False,False,False,False,False,False,False,True,False,False,False,False,False,False,False,False,True,False,False,False,True,False,False,1
99,0,999999.0,625.0,25100.0,1,0,0,0,0,0,0,0,0,0,0,0,1,0,0,1,99,99,0,27,0,0,8,0,37,78,25100.0,25000.0,0.0,0,0.0,0.0,0.0,389.0,1,2,True,False,False,False,True,False,False,True,False,False,False,True,False,False,False,False,False,False,False,False,False,False,False,False,False,False,False,True,False,False,False,True,False,False,1
99,1,162500.0,0.0,27000.0,1,1,1,1,2,0,1,1,0,1,0,0,5,0,0,1,99,99,2,17,0,1,6,2,24,44,15000.0,15000.0,0.0,0,0.0,0.0,0.0,182.0,1,0,True,False,False,False,True,False,False,True,True,False,False,False,False,False,False,False,False,False,False,False,False,False,False,False,False,False,False,True,False,False,False,True,False,False,1
99,1,400000.0,0.0,123000.0,1,1,1,1,0,0,0,0,0,0,1,1,3,1,1,1,4,4,0,35,0,0,8,0,31,65,59000.0,59000.0,0.0,0,0.0,0.0,0.0,501.0,0,0,True,False,False,False,True,False,False,True,False,False,False,False,False,False,False,False,False,False,False,False,True,False,False,False,False,False,False,True,False,False,True,False,False,False,1
99,0,999999.0,875.0,32530.0,1,2,3,2,0,0,0,0,0,0,10,3,10,2,1,1,12,0,0,33,1,0,0,0,23,18,13000.0,13000.0,0.0,0,0.0,0.0,0.0,126.0,0,0,True,False,False,False,True,False,False,True,False,False,False,False,False,False,True,False,False,False,False,False,False,False,False,False,False,False,False,True,False,False,True,False,False,False,1
99,1,225000.0,0.0,55000.0,1,1,1,1,0,0,0,0,0,0,2,1,4,2,0,1,11,8,0,39,1,0,7,0,31,65,40000.0,40000.0,0.0,0,0.0,0.0,0.0,437.0,0,5,True,False,False,False,True,False,False,True,False,False,False,True,False,False,False,False,False,False,False,False,False,False,False,False,False,False,False,True,False,False,True,False,False,False,1
99,1,12500.0,0.0,35090.0,2,0,0,0,0,0,0,0,0,0,0,0,1,0,0,1,99,99,0,64,1,0,4,0,25,11,35090.0,0.0,0.0,0,23090.0,0.0,0.0,501.0,1,1,True,False,False,False,True,False,False,True,False,False,False,True,False,False,False,False,False,False,False,False,False,False,False,False,False,False,False,True,False,False,False,False,True,False,1
99,1,77500.0,0.0,19344.0,1,1,0,0,0,0,0,0,0,0,1,1,2,0,0,1,99,99,0,65,0,0,2,0,0,0,4800.0,0.0,0.0,0,4800.0,0.0,0.0,258.0,0,0,True,False,False,False,True,False,False,True,False,False,False,False,False,False,False,False,False,False,False,False,True,False,True,False,False,False,False,False,False,False,True,False,False,False,1
99,1,400000.0,0.0,132000.0,1,1,1,1,2,0,1,1,0,1,0,0,3,0,0,1,99,99,0,18,0,1,5,1,22,51,7000.0,5000.0,0.0,0,0.0,0.0,0.0,501.0,1,0,True,False,False,False,True,False,False,True,True,False,False,False,False,False,False,False,False,False,False,False,False,False,False,False,False,False,False,True,False,False,False,True,False,False,1
99,1,162500.0,0.0,54000.0,1,0,0,1,0,0,0,1,0,1,0,0,2,0,0,1,99,99,0,15,1,0,2,0,0,0,1000.0,999999.0,999999.0,999999,0.0,0.0,1000.0,501.0,1,0,True,False,False,False,True,False,False,True,True,False,False,False,False,False,False,False,False,False,False,False,False,False,False,False,False,False,False,True,False,False,False,True,False,False,1
99,0,999999.0,512.0,45000.0,1,1,2,1,0,0,0,0,0,0,2,1,6,2,0,1,11,10,0,34,1,0,4,0,35,49,29500.0,29500.0,0.0,0,0.0,0.0,0.0,263.0,0,5,True,False,False,False,True,False,False,True,False,False,False,True,False,False,False,False,False,False,False,False,False,False,False,False,False,False,False,True,False,False,True,False,False,False,1
99,0,999999.0,575.0,74193.0,1,1,1,1,2,0,1,1,0,1,0,0,9,0,0,1,99,99,5,24,1,0,3,0,20,8,15000.0,15000.0,0.0,0,0.0,0.0,0.0,269.0,1,0,True,False,False,False,True,False,False,True,True,False,False,False,False,False,False,False,False,False,False,False,False,False,False,False,False,False,False,True,False,False,False,True,False,False,1
99,0,999999.0,512.0,22480.0,1,1,2,1,3,0,1,0,0,0,2,2,6,3,0,1,15,10,0,30,0,0,7,0,27,22,17680.0,16480.0,0.0,0,0.0,0.0,0.0,132.0,1,1,True,False,False,False,True,False,False,True,False,False,False,True,False,False,False,False,False,False,False,False,False,False,False,False,False,False,False,True,False,False,True,False,False,False,0
99,0,999999.0,575.0,41316.0,1,1,1,1,0,0,0,0,0,0,2,1,4,2,0,1,13,9,0,35,1,0,6,0,35,49,17316.0,13000.0,0.0,0,0.0,0.0,4316.0,329.0,0,6,True,False,False,False,True,False,False,True,False,False,False,True,False,False,False,False,False,False,False,False,False,False,False,False,False,False,False,True,False,False,True,False,False,False,1
99,0,999999.0,575.0,34040.0,1,1,1,1,2,0,1,1,0,1,0,0,4,0,0,1,99,99,1,0,0,0,7,0,0,0,0.0,999999.0,999999.0,999999,99999.0,99999.0,99999.0,271.0,1,0,True,False,False,False,True,False,False,True,True,False,False,False,False,False,False,False,False,False,False,False,False,False,True,False,False,False,False,False,False,False,False,True,False,False,1
99,0,999999.0,512.0,19000.0,2,0,0,1,0,0,0,0,0,0,0,0,3,2,0,1,7,5,0,30,1,0,2,0,28,22,19000.0,19000.0,0.0,0,0.0,0.0,0.0,190.0,0,2,True,False,False,False,True,False,False,True,False,False,False,True,False,False,False,False,False,False,False,False,False,False,False,False,False,False,False,True,False,False,False,True,False,False,0
99,1,225000.0,0.0,10195.0,1,1,1,1,0,0,0,0,0,0,2,1,5,2,0,1,12,9,0,34,1,0,4,0,24,47,-2005.0,0.0,-2005.0,0,0.0,0.0,0.0,67.0,0,6,True,False,False,False,True,False,False,True,False,False,False,True,False,False,False,False,False,False,False,False,False,False,False,False,False,False,False,True,False,False,True,False,False,False,1
99,1,112500.0,0.0,25000.0,1,1,1,1,0,0,0,0,0,0,2,1,5,3,2,1,7,0,0,29,1,0,7,0,25,15,25000.0,25000.0,0.0,0,0.0,0.0,0.0,169.0,1,2,True,False,False,False,True,False,False,True,False,False,False,True,False,False,False,False,False,False,False,False,False,False,False,False,False,False,False,True,False,False,True,False,False,False,1
99,0,999999.0,487.0,32000.0,1,0,0,0,0,0,0,0,0,0,0,0,1,0,0,1,99,99,0,24,0,0,6,0,22,61,32000.0,32000.0,0.0,0,0.0,0.0,0.0,496.0,1,2,True,False,False,False,True,False,False,True,False,False,False,True,False,False,False,False,False,False,False,False,False,False,False,False,False,False,False,True,False,False,False,True,False,False,1
99,1,137500.0,0.0,11197.0,2,0,1,0,1,0,1,0,0,0,0,0,3,0,0,1,99,99,0,29,1,0,7,0,11,18,0.0,0.0,0.0,0,0.0,0.0,0.0,112.0,0,0,True,False,False,False,True,False,False,True,True,False,False,False,False,False,False,False,False,False,False,False,False,False,False,False,False,False,False,True,False,True,False,False,False,False,1
99,0,999999.0,1000.0,22383.0,1,1,1,1,2,0,1,1,0,1,0,0,5,0,0,1,99,99,2,16,1,1,4,1,24,44,4208.0,2336.0,0.0,0,1872.0,0.0,0.0,148.0,0,0,True,False,False,False,True,False,False,True,True,False,False,False,False,False,False,False,False,False,False,False,False,False,False,False,False,False,False,True,False,False,False,True,False,False,1
99,1,400000.0,0.0,40000.0,1,1,1,1,0,0,0,0,0,0,2,1,5,3,0,1,14,9,0,42,1,0,8,0,35,68,40000.0,0.0,40000.0,0,0.0,0.0,0.0,270.0,0,6,True,False,False,False,True,False,False,True,False,False,False,True,False,False,False,False,False,False,False,False,False,False,False,False,False,False,False,True,False,False,True,False,False,False,0
99,0,999999.0,437.0,35000.0,1,0,0,0,0,0,0,0,0,0,0,0,1,0,0,1,99,99,0,31,0,0,8,0,61,93,35000.0,35000.0,0.0,0,0.0,0.0,0.0,501.0,1,1,True,False,False,False,True,False,False,True,False,False,False,True,False,False,False,False,False,False,False,False,False,False,False,False,False,False,False,True,False,False,False,True,False,False,1
99,0,999999.0,575.0,11580.0,1,0,1,0,0,0,0,0,0,0,0,0,6,0,0,1,99,99,0,22,1,0,6,0,22,18,2000.0,2000.0,0.0,0,0.0,0.0,0.0,66.0,1,1,True,False,False,False,True,False,False,True,False,False,False,True,False,False,False,False,False,False,False,False,False,False,False,False,False,False,False,True,False,False,False,True,False,False,0
99,0,999999.0,412.0,11000.0,1,1,1,1,0,0,0,0,0,0,2,1,4,2,0,1,12,5,0,39,1,0,1,0,25,15,11000.0,11000.0,0.0,0,0.0,0.0,0.0,87.0,0,5,True,False,False,False,True,False,False,True,False,False,False,True,False,False,False,False,False,False,False,False,False,False,False,False,False,False,False,True,False,False,True,False,False,False,1
99,0,999999.0,675.0,1800.0,1,1,2,1,2,0,1,1,0,1,0,0,7,0,0,1,99,99,2,12,1,1,2,1,0,0,0.0,999999.0,999999.0,999999,99999.0,99999.0,99999.0,9.0,1,0,True,False,False,False,True,False,False,True,True,False,False,False,False,False,False,False,False,False,False,False,False,False,False,False,False,False,False,True,False,False,False,True,False,False,1
99,0,999999.0,1000.0,25207.0,3,0,0,0,0,0,0,0,0,0,0,0,1,0,0,3,99,99,0,24,1,1,7,1,22,52,14798.0,14798.0,0.0,0,0.0,0.0,0.0,229.0,1,0,True,False,False,False,True,False,False,True,False,False,False,False,False,False,False,False,False,True,False,False,False,False,False,False,False,False,False,True,False,False,False,True,False,False,1
99,1,187500.0,0.0,82600.0,1,1,1,1,2,0,1,1,0,1,0,0,5,0,0,1,99,99,2,14,0,1,2,1,0,0,0.0,999999.0,999999.0,999999,99999.0,99999.0,99999.0,501.0,0,0,True,False,False,False,True,False,False,True,True,False,False,False,False,False,False,False,False,False,False,False,False,False,False,False,False,False,False,True,False,False,False,True,False,False,1
99,0,999999.0,537.0,15422.0,1,0,0,0,0,0,0,0,0,0,0,0,1,0,0,1,99,99,0,80,1,0,6,0,0,0,15422.0,0.0,0.0,0,8928.0,0.0,0.0,259.0,1,5,True,False,False,False,True,False,False,True,False,False,False,True,False,False,False,False,False,False,False,False,False,False,False,False,False,False,False,True,False,False,False,True,False,False,1
99,1,400000.0,0.0,13547.0,1,0,0,0,0,0,0,0,0,0,0,0,1,0,0,1,99,99,0,85,0,0,8,0,0,0,13547.0,0.0,0.0,0,2268.0,0.0,0.0,228.0,0,6,True,False,False,False,True,False,False,True,False,False,False,True,False,False,False,False,False,False,False,False,False,False,False,False,False,False,False,True,True,False,False,False,False,False,1
99,0,999999.0,1000.0,20300.0,1,1,1,1,2,0,1,1,0,1,0,0,5,0,0,1,99,99,2,18,0,1,6,1,24,44,5000.0,5000.0,0.0,0,0.0,0.0,0.0,134.0,1,0,True,False,False,False,True,False,False,True,True,False,False,False,False,False,False,False,False,False,False,False,False,False,False,False,False,False,False,True,False,False,False,True,False,False,1
99,0,999999.0,875.0,60000.0,1,1,1,1,2,0,1,1,0,1,0,0,4,0,0,1,99,99,1,2,1,0,7,0,0,0,0.0,999999.0,999999.0,999999,99999.0,99999.0,99999.0,477.0,1,0,True,False,False,False,True,False,False,True,True,False,False,False,False,False,False,False,False,False,False,False,False,False,False,False,False,False,False,True,False,False,False,True,False,False,1
99,0,999999.0,462.0,29728.0,1,1,1,1,2,0,1,1,0,1,0,0,6,0,0,1,99,99,3,13,0,1,2,1,0,0,0.0,999999.0,999999.0,999999,99999.0,99999.0,99999.0,179.0,0,0,True,False,False,False,True,False,False,True,True,False,False,False,False,False,False,False,False,False,False,False,False,False,True,False,False,False,False,False,False,False,False,True,False,False,1
99,1,95000.0,0.0,105000.0,1,1,0,0,0,0,0,0,0,0,2,2,2,0,0,1,99,99,0,38,0,1,7,1,31,73,53000.0,49000.0,0.0,0,0.0,0.0,0.0,501.0,0,6,True,False,False,False,True,False,False,True,False,False,False,True,False,False,False,False,False,False,False,False,False,False,False,False,False,False,False,True,False,False,True,False,False,False,1
99,0,999999.0,437.0,6612.0,1,0,0,0,0,0,0,0,0,0,0,0,1,0,0,1,99,99,0,83,0,0,4,0,0,0,6612.0,0.0,0.0,0,6362.0,0.0,0.0,111.0,0,8,True,False,False,False,True,False,False,True,False,False,False,True,False,False,False,False,False,False,False,False,False,False,False,False,False,False,False,True,False,False,False,False,False,True,1
99,1,187500.0,0.0,33088.0,1,1,0,0,0,0,0,0,0,0,1,1,2,0,0,1,99,99,0,62,0,0,6,0,11,11,7600.0,7600.0,0.0,0,0.0,0.0,0.0,399.0,0,0,True,False,False,False,True,False,False,True,False,False,False,False,False,False,False,False,False,False,False,False,True,False,False,False,False,False,False,True,False,False,True,False,False,False,1
99,0,999999.0,487.0,10000.0,1,1,1,1,0,0,0,0,0,0,1,1,3,1,1,1,3,3,0,31,0,0,3,0,17,8,0.0,0.0,0.0,0,0.0,0.0,0.0,100.0,0,0,True,False,False,False,True,False,False,True,False,False,False,False,False,False,False,False,False,False,False,False,True,False,False,False,False,False,False,True,False,False,True,False,False,False,0
99,1,95000.0,0.0,0.0,1,0,0,1,0,0,0,0,0,0,0,0,4,3,0,1,19,13,0,38,1,0,6,0,20,9,0.0,0.0,0.0,0,0.0,0.0,0.0,1.0,1,2,True,False,False,False,True,False,False,True,False,False,False,True,False,False,False,False,False,False,False,False,False,False,True,False,False,False,False,False,False,True,False,False,False,False,1
99,1,225000.0,0.0,52000.0,1,1,1,1,0,0,0,0,0,0,2,1,3,1,1,1,1,1,0,29,1,0,5,0,23,18,37000.0,37000.0,0.0,0,0.0,0.0,0.0,501.0,1,2,True,False,False,False,True,False,False,True,False,False,False,True,False,False,False,False,False,False,False,False,False,False,False,False,False,False,False,True,False,False,True,False,False,False,1
99,0,999999.0,512.0,28393.0,2,1,1,1,2,7,1,1,0,1,0,0,10,0,0,1,99,99,6,7,1,1,1,1,0,0,0.0,999999.0,999999.0,999999,99999.0,99999.0,99999.0,114.0,1,0,True,False,False,False,True,False,False,True,True,False,False,False,False,False,False,False,False,False,False,False,False,False,False,False,False,False,False,True,False,False,False,True,False,False,1
99,0,999999.0,262.0,8000.0,1,1,1,1,0,0,0,0,0,0,1,1,4,2,0,1,11,8,0,36,0,0,0,0,0,0,0.0,0.0,0.0,0,0.0,0.0,0.0,64.0,1,0,True,False,False,False,True,False,False,True,False,False,False,False,False,False,False,False,False,False,False,False,True,False,False,False,False,False,False,True,False,False,True,False,False,False,1
99,0,999999.0,462.0,29900.0,1,0,0,1,0,0,0,1,3,1,0,0,6,0,0,1,99,99,4,45,0,0,3,0,22,18,0.0,0.0,0.0,0,0.0,0.0,0.0,171.0,0,0,True,False,False,False,True,False,False,True,True,False,False,False,False,False,False,False,False,False,False,False,False,False,False,False,False,False,False,True,False,False,False,True,False,False,1
99,1,137500.0,0.0,45750.0,1,1,1,1,2,0,1,1,0,1,0,0,7,0,0,1,99,99,4,11,1,1,2,1,0,0,0.0,999999.0,999999.0,999999,99999.0,99999.0,99999.0,238.0,0,0,True,False,False,False,True,False,False,True,True,False,False,False,False,False,False,False,False,False,False,False,False,True,False,False,False,False,False,False,False,False,False,True,False,False,1
99,1,225000.0,0.0,27000.0,1,1,1,1,0,0,0,0,0,0,1,1,4,2,0,1,16,11,0,43,0,0,1,0,0,0,0.0,0.0,0.0,0,0.0,0.0,0.0,215.0,0,0,True,False,False,False,True,False,False,True,False,False,False,False,False,False,False,False,False,False,False,False,True,False,False,False,False,False,False,True,False,False,True,False,False,False,1
99,0,999999.0,512.0,55000.0,1,0,2,0,2,0,5,0,0,0,0,0,7,0,0,1,99,99,1,1,1,0,7,0,0,0,0.0,999999.0,999999.0,999999,99999.0,99999.0,99999.0,296.0,1,0,True,False,False,False,True,False,False,True,False,False,True,False,False,False,False,False,False,False,False,False,False,False,False,False,False,False,False,True,False,False,False,True,False,False,1
99,0,999999.0,575.0,26418.0,2,1,1,1,0,0,0,0,0,0,0,0,6,0,0,1,99,99,1,26,1,0,0,0,20,9,5500.0,5500.0,0.0,0,0.0,0.0,0.0,151.0,1,0,True,False,False,False,True,False,False,True,False,False,False,False,False,False,False,False,False,False,False,True,False,False,False,False,False,False,False,True,False,True,False,False,False,False,0
99,0,999999.0,1000.0,30000.0,2,0,0,0,0,0,0,0,0,0,0,0,1,0,0,1,99,99,0,37,0,0,8,0,30,44,30000.0,29500.0,0.0,0,0.0,0.0,0.0,465.0,1,1,True,False,False,False,True,False,False,True,False,False,False,True,False,False,False,False,False,False,False,False,False,False,False,False,False,False,False,True,True,False,False,False,False,False,1
99,0,999999.0,537.0,36000.0,1,1,0,0,0,0,0,0,0,0,1,1,2,0,0,1,99,99,0,34,0,0,8,0,13,23,14000.0,14000.0,0.0,0,0.0,0.0,0.0,434.0,1,0,True,False,False,False,True,False,False,True,False,False,False,False,False,False,False,False,False,False,False,False,True,False,False,False,False,False,False,True,False,False,True,False,False,False,1
99,0,999999.0,875.0,58966.0,1,1,1,1,0,0,0,0,0,0,1,1,3,1,0,1,7,7,0,31,0,0,8,0,29,48,25701.0,23000.0,0.0,0,2700.0,0.0,0.0,501.0,0,0,True,False,False,False,True,False,False,True,False,False,False,False,False,False,False,False,False,False,False,False,True,False,True,False,False,False,False,False,False,False,True,False,False,False,1
99,1,187500.0,0.0,46072.0,1,1,1,1,0,0,0,0,0,0,2,1,3,1,0,1,17,17,0,61,1,0,7,0,24,44,45072.0,45000.0,0.0,0,0.0,0.0,0.0,462.0,0,6,True,False,False,False,True,False,False,True,False,False,False,True,False,False,False,False,False,False,False,False,False,False,False,False,False,False,False,True,False,False,True,False,False,False,1
99,0,999999.0,337.0,14004.0,1,1,0,0,0,0,0,0,0,0,1,1,2,0,0,1,99,99,0,75,0,0,6,0,0,0,7002.0,0.0,0.0,0,0.0,7002.0,0.0,187.0,1,0,True,False,False,False,True,False,False,True,False,False,False,False,False,False,False,False,False,False,False,False,True,False,False,False,False,True,False,False,False,False,True,False,False,False,1
99,0,999999.0,0.0,999999.0,1,0,0,0,0,0,0,0,0,0,0,0,1,0,0,1,99,99,0,80,0,0,7,0,22,51,2951.0,0.0,0.0,0,1451.0,0.0,1500.0,0.0,1,0,False,True,False,True,False,False,False,True,False,False,False,False,True,False,False,False,False,False,False,False,False,False,False,False,False,False,False,True,False,True,False,False,False,False,1
99,0,999999.0,512.0,20000.0,2,0,0,0,0,0,0,0,0,0,0,0,1,0,0,2,99,99,0,28,0,0,8,0,16,38,20000.0,20000.0,0.0,0,0.0,0.0,0.0,310.0,1,0,True,False,False,False,True,False,False,True,False,False,False,False,False,False,False,False,False,True,False,False,False,False,False,False,False,True,False,False,False,False,False,True,False,False,1
99,1,400000.0,0.0,70000.0,1,0,1,0,1,0,1,0,0,0,0,0,10,0,0,1,99,99,8,3,0,0,0,0,0,0,0.0,999999.0,999999.0,999999,99999.0,99999.0,99999.0,281.0,1,0,True,False,False,False,True,False,False,True,True,False,False,False,False,False,False,False,False,False,False,False,False,False,False,False,False,False,False,True,False,False,False,True,False,False,1
99,1,162500.0,0.0,35464.0,2,0,0,0,0,0,0,0,0,0,0,0,1,0,0,1,99,99,0,33,0,0,7,0,31,53,35464.0,35464.0,0.0,0,0.0,0.0,0.0,501.0,1,2,True,False,False,False,True,False,False,True,False,False,False,True,False,False,False,False,False,False,False,False,False,False,False,False,False,False,False,True,True,False,False,False,False,False,1
99,1,162500.0,0.0,19250.0,1,1,1,1,0,0,0,0,0,0,1,1,3,1,0,1,36,36,0,64,0,0,2,0,0,0,2640.0,0.0,0.0,0,2640.0,0.0,0.0,198.0,0,0,True,False,False,False,True,False,False,True,False,False,False,False,False,False,False,False,False,False,False,False,True,False,True,False,False,False,False,False,False,False,True,False,False,False,1
99,0,999999.0,675.0,10940.0,1,1,1,1,2,0,1,1,0,1,0,0,6,0,0,1,99,99,3,12,0,1,2,1,0,0,0.0,999999.0,999999.0,999999,99999.0,99999.0,99999.0,66.0,1,0,True,False,False,False,True,False,False,True,True,False,False,False,False,False,False,False,False,False,False,False,False,False,False,False,False,False,False,True,False,False,False,True,False,False,1
99,1,400000.0,0.0,77775.0,1,1,1,1,0,0,0,0,0,0,2,1,3,1,0,1,20,20,0,78,1,0,8,0,41,68,72853.0,8400.0,0.0,0,5850.0,0.0,0.0,501.0,0,7,True,False,False,False,True,False,False,True,False,False,False,True,False,False,False,False,False,False,False,False,False,False,False,False,False,False,False,True,False,False,True,False,False,False,1
99,0,999999.0,625.0,12800.0,3,0,0,0,0,0,0,0,0,0,0,0,1,0,0,3,99,99,0,29,1,1,7,1,18,44,9600.0,0.0,0.0,0,0.0,0.0,0.0,149.0,1,0,True,False,False,False,True,False,False,True,False,False,False,False,False,True,False,False,False,False,False,False,False,False,False,False,False,False,False,True,False,False,False,True,False,False,1
99,1,275000.0,0.0,86608.0,1,1,0,0,0,0,0,0,0,0,2,2,2,0,0,1,99,99,0,36,0,0,8,0,41,68,47096.0,46364.0,0.0,0,0.0,0.0,0.0,501.0,1,2,True,False,False,False,True,False,False,True,False,False,False,True,False,False,False,False,False,False,False,False,False,False,False,False,True,False,False,False,False,False,True,False,False,False,1
99,1,112500.0,0.0,11286.0,1,0,1,0,1,0,1,0,0,0,0,0,2,0,0,1,99,99,0,51,0,0,0,0,0,0,6140.0,0.0,0.0,0,0.0,6140.0,0.0,136.0,0,0,True,False,False,False,True,False,False,True,True,False,False,False,False,False,False,False,False,False,False,False,False,False,False,False,False,False,False,True,False,False,False,True,False,False,1
99,0,999999.0,875.0,3824.0,1,0,1,0,1,0,1,0,0,0,0,0,4,0,0,1,99,99,2,4,0,0,0,0,0,0,0.0,999999.0,999999.0,999999,99999.0,99999.0,99999.0,30.0,1,0,True,False,False,False,True,False,False,True,True,False,False,False,False,False,False,False,False,False,False,False,False,False,True,False,False,False,False,False,False,False,False,True,False,False,1
99,0,999999.0,725.0,300.0,2,2,1,1,1,0,1,2,0,1,0,0,11,0,0,1,99,99,6,10,1,1,1,1,0,0,0.0,999999.0,999999.0,999999,99999.0,99999.0,99999.0,1.0,1,0,True,False,False,False,True,False,False,True,True,False,False,False,False,False,False,False,False,False,False,False,False,False,False,False,False,False,False,True,False,False,False,True,False,False,1
99,1,400000.0,0.0,235516.0,1,1,0,0,0,0,0,0,0,0,1,1,2,0,0,1,99,99,0,37,0,1,8,2,27,50,20000.0,20000.0,0.0,0,0.0,0.0,0.0,501.0,1,0,True,False,False,False,True,False,False,True,False,False,False,False,False,False,False,False,False,False,False,False,True,False,False,False,False,False,False,True,False,False,True,False,False,False,1
99,0,999999.0,875.0,20900.0,1,0,0,0,0,0,0,0,0,0,0,0,1,0,0,1,99,99,0,78,0,0,6,0,0,0,20900.0,0.0,0.0,0,6600.0,0.0,0.0,351.0,1,2,True,False,False,False,True,False,False,True,False,False,False,True,False,False,False,False,False,False,False,False,False,False,False,False,False,False,False,True,False,False,False,False,False,True,1
99,1,85000.0,0.0,14000.0,3,1,1,1,2,0,1,1,0,1,0,0,8,0,0,1,99,99,4,9,0,1,2,1,0,0,0.0,999999.0,999999.0,999999,99999.0,99999.0,99999.0,69.0,1,0,True,False,False,False,True,False,False,True,True,False,False,False,False,False,False,False,False,False,False,False,False,False,False,False,False,False,False,True,False,False,False,True,False,False,1
99,1,275000.0,0.0,80000.0,1,1,1,1,0,0,0,0,0,0,0,0,8,0,0,1,99,99,0,24,1,1,8,1,41,84,10000.0,10000.0,0.0,0,0.0,0.0,0.0,354.0,0,0,True,False,False,False,True,False,False,True,False,False,False,False,False,False,True,False,False,False,False,False,False,False,False,False,False,True,False,False,False,False,False,True,False,False,0
99,1,112500.0,0.0,19214.0,1,1,0,0,0,0,0,0,0,0,2,1,2,0,0,1,99,99,0,74,1,0,3,0,0,0,12931.0,0.0,0.0,0,7752.0,0.0,0.0,256.0,0,8,True,False,False,False,True,False,False,True,False,False,False,True,False,False,False,False,False,False,False,False,False,False,False,False,False,False,False,True,False,False,True,False,False,False,1
99,1,42499.0,0.0,21239.0,1,1,1,1,0,0,0,0,0,0,0,0,5,0,0,1,99,99,0,17,1,1,4,2,0,0,0.0,0.0,0.0,0,0.0,0.0,0.0,140.0,1,0,True,False,False,False,True,False,False,True,False,False,False,False,False,False,True,False,False,False,False,False,False,False,False,True,False,False,False,False,False,False,False,True,False,False,1
99,0,999999.0,462.0,26648.0,1,1,1,1,2,0,1,1,0,1,0,0,3,0,0,1,99,99,0,4,1,0,0,0,0,0,0.0,999999.0,999999.0,999999,99999.0,99999.0,99999.0,267.0,1,0,True,False,False,False,True,False,False,True,True,False,False,False,False,False,False,False,False,False,False,False,False,False,False,False,False,True,False,False,False,False,False,True,False,False,1
99,1,350000.0,0.0,37612.0,1,1,1,2,2,0,1,1,0,1,0,0,6,0,0,1,99,99,2,0,1,0,7,0,0,0,0.0,999999.0,999999.0,999999,99999.0,99999.0,99999.0,220.0,1,0,True,False,False,False,True,False,False,True,True,False,False,False,False,False,False,False,False,False,False,False,False,False,False,True,False,False,False,False,False,False,False,True,False,False,1
99,1,400000.0,0.0,209116.0,2,0,2,0,0,0,0,0,0,0,0,0,6,1,1,1,0,0,1,35,0,0,7,0,29,48,13600.0,13600.0,0.0,0,0.0,0.0,0.0,501.0,1,0,True,False,False,False,True,False,False,True,False,False,False,False,False,False,False,False,False,False,True,False,False,False,False,False,False,False,False,True,True,False,False,False,False,False,1
99,1,400000.0,0.0,138350.0,1,1,1,1,2,0,1,1,0,1,0,0,4,0,0,1,99,99,1,12,1,1,1,1,0,0,0.0,999999.0,999999.0,999999,99999.0,99999.0,99999.0,501.0,1,0,True,False,False,False,True,False,False,True,True,False,False,False,False,False,False,False,False,False,False,False,False,False,False,False,False,False,False,True,False,False,False,True,False,False,1
99,0,999999.0,487.0,46000.0,1,2,2,2,2,0,1,1,0,1,0,0,13,0,0,1,99,99,3,46,1,0,5,0,11,11,0.0,0.0,0.0,0,0.0,0.0,0.0,174.0,0,0,True,False,False,False,True,False,False,True,True,False,False,False,False,False,False,False,False,False,False,False,False,False,False,False,False,False,False,True,False,False,False,True,False,False,1
99,1,350000.0,0.0,109401.0,1,2,1,1,0,0,0,0,0,0,4,1,4,0,0,1,99,99,0,62,1,0,7,0,24,47,10500.0,10500.0,0.0,0,0.0,0.0,0.0,501.0,1,0,True,False,False,False,True,False,False,True,False,True,False,False,False,False,False,False,False,False,False,False,False,False,False,False,False,False,False,True,False,False,True,False,False,False,1
99,1,225000.0,0.0,28600.0,1,0,1,0,1,0,1,0,0,0,0,0,3,0,0,1,99,99,1,10,1,1,2,1,0,0,0.0,999999.0,999999.0,999999,99999.0,99999.0,99999.0,286.0,0,0,True,False,False,False,True,False,False,True,True,False,False,False,False,False,False,False,False,False,False,False,False,False,True,False,False,False,False,False,False,False,False,True,False,False,1
99,1,162500.0,0.0,75600.0,1,1,2,1,0,0,0,0,0,0,2,1,4,1,0,1,13,13,0,40,1,0,6,0,24,44,36000.0,36000.0,0.0,0,0.0,0.0,0.0,501.0,0,6,True,False,False,False,True,False,False,True,False,False,False,True,False,False,False,False,False,False,False,False,False,False,False,False,False,False,False,True,False,False,True,False,False,False,1
99,1,112500.0,0.0,10000.0,1,0,2,0,2,0,2,0,0,0,0,0,4,0,0,1,99,99,0,21,0,1,6,1,24,44,10000.0,10000.0,0.0,0,0.0,0.0,0.0,78.0,0,0,True,False,False,False,True,False,False,True,False,False,True,False,False,False,False,False,False,False,False,False,False,False,True,False,False,False,False,False,False,True,False,False,False,False,1
99,0,999999.0,387.0,9888.0,1,0,1,0,1,0,1,0,0,0,0,0,6,0,0,1,99,99,3,9,0,1,1,1,0,0,0.0,999999.0,999999.0,999999,99999.0,99999.0,99999.0,60.0,0,0,True,False,False,False,True,False,False,True,True,False,False,False,False,False,False,False,False,False,False,False,False,False,False,False,False,False,False,True,False,False,False,True,False,False,1
99,0,999999.0,387.0,19000.0,1,0,1,0,0,0,0,0,0,0,0,0,2,1,0,1,7,7,0,41,0,0,7,0,26,52,19000.0,19000.0,0.0,0,0.0,0.0,0.0,222.0,0,2,True,False,False,False,True,False,False,True,False,False,False,True,False,False,False,False,False,False,False,False,False,False,True,False,False,False,False,False,True,False,False,False,False,False,0
99,0,999999.0,725.0,29800.0,1,0,0,0,0,0,0,0,0,0,0,0,1,0,0,1,99,99,0,28,1,0,8,0,36,66,29800.0,29800.0,0.0,0,0.0,0.0,0.0,462.0,1,2,True,False,False,False,True,False,False,True,False,False,False,True,False,False,False,False,False,False,False,False,False,False,False,False,False,False,False,True,False,False,False,True,False,False,1
99,0,999999.0,875.0,13900.0,1,1,1,1,0,0,0,0,0,0,0,0,4,0,0,1,99,99,1,16,1,0,2,0,0,0,0.0,0.0,0.0,0,0.0,0.0,0.0,111.0,1,0,True,False,False,False,True,False,False,True,False,False,False,False,False,False,False,False,False,False,False,True,False,False,False,False,False,False,False,True,False,False,False,True,False,False,1
99,1,275000.0,0.0,18813.0,1,1,0,0,0,0,0,0,0,0,1,1,2,0,0,1,99,99,0,61,0,0,7,0,0,0,0.0,0.0,0.0,0,0.0,0.0,0.0,227.0,0,0,True,False,False,False,True,False,False,True,False,False,False,False,False,False,False,False,False,False,False,False,True,False,False,False,False,False,False,True,False,False,True,False,False,False,1
99,1,225000.0,0.0,66916.0,3,1,1,2,2,1,1,1,0,1,0,0,7,0,0,1,99,99,3,8,0,1,1,1,0,0,0.0,999999.0,999999.0,999999,99999.0,99999.0,99999.0,338.0,1,0,True,False,False,False,True,False,False,True,True,False,False,False,False,False,False,False,False,False,False,False,False,False,False,False,False,False,False,True,False,False,False,True,False,False,1
99,1,137500.0,0.0,15000.0,2,0,0,0,0,0,0,0,0,0,0,0,1,0,0,2,99,99,0,28,1,0,7,0,24,47,20000.0,3000.0,17000.0,0,0.0,0.0,0.0,310.0,0,0,True,False,False,False,True,False,False,True,False,False,False,False,False,False,False,False,False,True,False,False,False,False,False,False,False,False,False,True,False,False,False,True,False,False,0
99,1,162500.0,0.0,41000.0,1,1,1,0,0,0,0,0,0,0,0,0,7,0,0,1,99,99,0,17,1,1,5,2,0,0,0.0,0.0,0.0,0,0.0,0.0,0.0,213.0,0,0,True,False,False,False,True,False,False,True,False,False,True,False,False,False,False,False,False,False,False,False,False,False,True,False,False,False,False,False,False,False,False,True,False,False,1
99,0,999999.0,725.0,63060.0,2,1,2,1,0,0,0,0,0,0,2,1,10,3,0,1,22,11,0,52,1,0,2,0,29,27,31200.0,31200.0,0.0,0,0.0,0.0,0.0,245.0,1,1,True,False,False,False,True,False,False,True,False,False,False,True,False,False,False,False,False,False,False,False,False,False,False,False,False,False,False,True,False,False,True,False,False,False,1
99,0,999999.0,725.0,41000.0,1,1,1,1,0,0,0,0,0,0,0,0,7,0,0,1,99,99,0,52,0,0,2,0,0,0,0.0,0.0,0.0,0,0.0,0.0,0.0,207.0,0,0,True,False,False,False,True,False,False,True,False,False,False,False,False,False,True,False,False,False,False,False,False,False,False,False,False,True,False,False,False,False,False,False,True,False,1
99,1,95000.0,0.0,12000.0,1,1,1,1,0,0,0,0,0,0,2,1,6,3,1,1,11,3,0,34,1,0,1,0,20,8,12000.0,12000.0,0.0,0,0.0,0.0,0.0,70.0,1,1,True,False,False,False,True,False,False,True,False,False,False,True,False,False,False,False,False,False,False,False,False,False,False,False,False,False,False,True,False,False,True,False,False,False,1
99,0,999999.0,575.0,10000.0,1,1,1,1,0,0,0,0,0,0,1,1,6,2,0,1,8,7,1,29,0,0,1,0,0,0,0.0,0.0,0.0,0,0.0,0.0,0.0,57.0,1,0,True,False,False,False,True,False,False,True,False,False,False,False,False,False,False,False,False,False,False,False,True,False,False,False,False,False,False,True,False,False,True,False,False,False,1
99,0,999999.0,725.0,35592.0,1,2,1,1,0,0,0,0,0,0,2,1,4,1,0,1,22,22,0,53,1,0,2,0,0,0,6996.0,0.0,0.0,0,0.0,6996.0,0.0,278.0,1,2,True,False,False,False,True,False,False,True,False,False,False,True,False,False,False,False,False,False,False,False,False,False,False,False,False,False,False,True,False,False,True,False,False,False,1
99,0,999999.0,875.0,18700.0,2,0,1,1,0,0,0,0,0,0,0,0,2,1,0,2,17,17,0,45,0,0,6,0,26,47,33800.0,33800.0,0.0,0,0.0,0.0,0.0,455.0,1,0,True,False,False,False,True,False,False,True,False,False,False,False,False,False,False,False,False,True,False,False,False,False,False,False,False,False,False,True,True,False,False,False,False,False,1
99,1,162500.0,0.0,0.0,1,0,1,0,0,0,0,0,0,0,0,0,4,3,1,1,12,4,0,34,0,0,2,0,22,18,0.0,0.0,0.0,0,0.0,0.0,0.0,1.0,0,2,True,False,False,False,True,False,False,True,False,False,False,True,False,False,False,False,False,False,False,False,False,False,False,False,False,False,False,True,False,False,False,False,False,True,1
99,0,999999.0,575.0,48615.0,1,1,0,0,0,0,0,0,0,0,1,1,2,0,0,1,99,99,0,52,0,0,7,0,11,22,21690.0,21638.0,0.0,0,0.0,0.0,0.0,501.0,0,0,True,False,False,False,True,False,False,True,False,False,False,False,False,False,False,False,False,False,False,False,True,False,False,False,False,False,False,True,False,False,True,False,False,False,1
99,1,275000.0,0.0,67960.0,1,1,1,1,2,0,1,1,0,1,0,0,3,0,0,1,99,99,0,29,1,1,7,1,25,18,30000.0,29000.0,0.0,0,0.0,0.0,0.0,501.0,0,0,True,False,False,False,True,False,False,True,True,False,False,False,False,False,False,False,False,False,False,False,False,False,False,False,False,False,False,True,False,True,False,False,False,False,1
99,0,999999.0,462.0,27700.0,1,0,2,0,1,0,1,0,0,0,0,0,4,0,0,1,99,99,1,14,1,1,2,1,0,0,0.0,999999.0,999999.0,999999,99999.0,99999.0,99999.0,220.0,0,0,True,False,False,False,True,False,False,True,True,False,False,False,False,False,False,False,False,False,False,False,False,False,False,False,False,False,False,True,False,False,False,True,False,False,1
99,1,350000.0,0.0,75000.0,1,1,0,0,0,0,0,0,0,0,2,1,2,0,0,1,99,99,0,49,1,0,8,0,79,92,65000.0,65000.0,0.0,0,0.0,0.0,0.0,501.0,0,5,True,False,False,False,True,False,False,True,False,False,False,True,False,False,False,False,False,False,False,False,False,False,False,False,False,True,False,False,False,False,True,False,False,False,1
99,1,275000.0,0.0,40000.0,1,1,1,1,0,0,0,0,0,0,1,1,3,1,0,1,16,16,0,48,0,0,5,0,0,0,0.0,0.0,0.0,0,0.0,0.0,0.0,401.0,0,0,True,False,False,False,True,False,False,True,False,False,False,False,False,False,False,False,False,False,False,False,True,False,False,False,False,False,False,True,False,False,True,False,False,False,1
99,1,137500.0,0.0,41600.0,1,1,1,1,2,0,1,1,0,1,0,0,6,0,0,1,99,99,3,26,1,0,8,0,25,48,12000.0,12000.0,0.0,0,0.0,0.0,0.0,234.0,1,0,True,False,False,False,True,False,False,True,True,False,False,False,False,False,False,False,False,False,False,False,False,False,False,False,False,False,False,True,False,False,False,True,False,False,1
99,0,999999.0,412.0,19200.0,1,1,1,1,2,0,1,1,0,1,0,0,6,0,0,1,99,99,3,6,1,1,0,1,0,0,0.0,999999.0,999999.0,999999,99999.0,99999.0,99999.0,116.0,0,0,True,False,False,False,True,False,False,True,True,False,False,False,False,False,False,False,False,False,False,False,False,False,False,False,False,False,False,True,False,False,False,True,False,False,1
99,1,225000.0,0.0,14500.0,1,2,1,1,0,0,0,0,0,0,1,1,5,2,0,1,25,20,0,50,0,0,0,0,0,0,0.0,0.0,0.0,0,0.0,0.0,0.0,94.0,1,0,True,False,False,False,True,False,False,True,False,False,False,False,False,False,False,False,False,False,False,False,True,False,False,False,False,True,False,False,False,False,True,False,False,False,1
99,1,187500.0,0.0,45500.0,1,1,0,0,0,0,0,0,0,0,1,1,2,0,0,1,99,99,0,49,0,0,5,0,19,17,24500.0,0.0,24500.0,0,0.0,0.0,0.0,501.0,0,0,True,False,False,False,True,False,False,True,False,False,False,False,False,False,False,False,False,False,False,False,True,False,False,False,False,False,False,True,False,False,True,False,False,False,1
99,1,225000.0,0.0,35500.0,1,1,1,1,2,0,1,1,0,1,0,0,7,0,0,1,99,99,4,7,1,1,1,1,0,0,0.0,999999.0,999999.0,999999,99999.0,99999.0,99999.0,191.0,1,0,True,False,False,False,True,False,False,True,True,False,False,False,False,False,False,False,False,False,False,False,False,False,False,False,False,False,False,True,False,False,False,True,False,False,1
99,1,275000.0,0.0,45000.0,2,1,1,1,2,0,1,1,0,1,0,0,6,0,0,1,99,99,2,9,0,1,1,1,0,0,0.0,999999.0,999999.0,999999,99999.0,99999.0,99999.0,263.0,1,0,True,False,False,False,True,False,False,True,True,False,False,False,False,False,False,False,False,False,False,False,False,False,False,False,False,False,False,True,False,False,False,True,False,False,1
99,0,999999.0,575.0,26084.0,1,1,1,1,0,0,0,0,0,0,2,1,5,3,0,1,9,5,0,32,1,0,1,0,22,18,16084.0,16084.0,0.0,0,0.0,0.0,0.0,176.0,1,1,True,False,False,False,True,False,False,True,False,False,False,True,False,False,False,False,False,False,False,False,False,False,False,False,False,False,False,True,False,False,True,False,False,False,1
99,0,999999.0,537.0,32035.0,1,1,1,1,2,0,1,1,0,1,0,0,7,0,0,1,99,99,4,16,1,1,4,1,0,0,0.0,0.0,0.0,0,0.0,0.0,0.0,173.0,0,0,True,False,False,False,True,False,False,True,True,False,False,False,False,False,False,False,False,False,False,False,False,False,False,False,False,False,False,True,False,False,False,True,False,False,1
99,1,400000.0,0.0,212076.0,2,1,0,0,0,0,0,0,0,0,2,1,2,0,0,1,99,99,0,72,1,0,8,0,41,68,212076.0,195516.0,0.0,0,14040.0,0.0,2520.0,501.0,0,6,True,False,False,False,True,False,False,True,False,False,False,True,False,False,False,False,False,False,False,False,False,False,False,False,False,False,False,True,False,False,True,False,False,False,1
99,0,999999.0,537.0,34000.0,1,0,1,0,1,0,1,0,0,0,0,0,3,0,0,1,99,99,1,12,1,1,1,1,0,0,0.0,999999.0,999999.0,999999,99999.0,99999.0,99999.0,340.0,0,0,True,False,False,False,True,False,False,True,True,False,False,False,False,False,False,False,False,False,False,False,False,False,True,False,False,False,False,False,False,False,False,True,False,False,1
99,0,999999.0,575.0,25000.0,1,1,1,1,2,0,1,1,0,1,0,0,4,0,0,1,99,99,1,9,1,1,1,1,0,0,0.0,999999.0,999999.0,999999,99999.0,99999.0,99999.0,199.0,1,0,True,False,False,False,True,False,False,True,True,False,False,False,False,False,False,False,False,False,False,False,False,False,False,False,False,False,False,True,False,False,False,True,False,False,1
99,1,162500.0,0.0,34500.0,1,1,1,1,2,0,1,1,0,1,0,0,5,0,0,1,99,99,2,10,1,1,1,1,0,0,0.0,999999.0,999999.0,999999,99999.0,99999.0,99999.0,233.0,1,0,True,False,False,False,True,False,False,True,True,False,False,False,False,False,False,False,False,False,False,False,False,False,True,False,False,False,False,False,False,False,False,True,False,False,1
99,0,999999.0,875.0,8000.0,4,0,0,0,0,0,0,0,0,0,0,0,1,0,0,1,99,99,0,22,0,1,7,1,22,45,8000.0,8000.0,0.0,0,0.0,0.0,0.0,124.0,1,1,True,False,False,False,True,False,False,True,False,False,False,True,False,False,False,False,False,False,False,False,False,False,False,False,False,False,False,True,False,False,False,True,False,False,0
99,0,999999.0,1000.0,136676.0,1,1,1,1,2,0,1,1,0,1,0,0,5,0,0,1,99,99,2,19,1,1,7,1,24,44,750.0,750.0,0.0,0,0.0,0.0,0.0,501.0,1,0,True,False,False,False,True,False,False,True,True,False,False,False,False,False,False,False,False,False,False,False,False,False,False,True,False,False,False,False,False,False,False,True,False,False,1
99,0,999999.0,675.0,23500.0,1,1,1,1,2,0,1,1,0,1,0,0,5,0,0,1,99,99,2,12,1,1,2,1,0,0,0.0,999999.0,999999.0,999999,99999.0,99999.0,99999.0,159.0,1,0,True,False,False,False,True,False,False,True,True,False,False,False,False,False,False,False,False,False,False,False,False,False,False,False,False,False,False,True,False,False,False,True,False,False,1
99,0,999999.0,1000.0,20000.0,1,1,1,1,2,0,1,1,0,1,0,0,6,0,0,1,99,99,3,14,1,1,2,1,0,0,0.0,999999.0,999999.0,999999,99999.0,99999.0,99999.0,121.0,1,0,True,False,False,False,True,False,False,True,True,False,False,False,False,False,False,False,False,False,False,False,False,False,False,False,False,False,False,True,False,False,False,True,False,False,1
99,0,999999.0,675.0,11949.0,1,0,1,0,1,0,1,0,0,0,0,0,2,0,0,1,99,99,0,18,1,1,5,1,18,44,5529.0,0.0,0.0,0,0.0,0.0,0.0,144.0,1,0,True,False,False,False,True,False,False,True,True,False,False,False,False,False,False,False,False,False,False,False,False,False,False,False,False,False,False,True,False,False,False,True,False,False,1
99,0,999999.0,675.0,13100.0,1,0,0,0,0,0,0,0,0,0,0,0,3,0,0,1,99,99,0,51,0,0,5,0,20,9,13100.0,9600.0,0.0,0,0.0,3500.0,0.0,131.0,1,1,True,False,False,False,True,False,False,True,False,False,False,True,False,False,False,False,False,False,False,False,False,False,True,False,False,False,False,False,True,False,False,False,False,False,1
99,0,999999.0,537.0,13000.0,1,0,0,0,0,0,0,0,0,0,0,0,1,0,0,1,99,99,0,52,0,0,2,0,20,9,13000.0,13000.0,0.0,0,0.0,0.0,0.0,202.0,1,2,True,False,False,False,True,False,False,True,False,False,False,True,False,False,False,False,False,False,False,False,False,False,False,False,False,False,False,True,False,False,False,True,False,False,0
99,1,400000.0,0.0,18000.0,1,0,0,0,0,0,0,0,0,0,0,0,1,0,0,1,99,99,0,65,0,0,6,0,0,0,18000.0,0.0,0.0,0,6000.0,0.0,0.0,303.0,0,7,True,False,False,False,True,False,False,True,False,False,False,True,False,False,False,False,False,False,False,False,False,False,False,False,False,False,False,True,False,False,False,False,False,True,1
99,1,400000.0,0.0,33124.0,1,1,1,1,0,0,0,0,0,0,1,1,3,1,0,1,8,8,0,36,0,0,7,0,0,0,0.0,0.0,0.0,0,0.0,0.0,0.0,332.0,1,0,True,False,False,False,True,False,False,True,False,False,False,False,False,False,False,False,False,False,False,False,True,False,False,False,True,False,False,False,False,False,True,False,False,False,1
99,0,999999.0,537.0,37500.0,1,1,1,1,0,0,0,0,0,0,1,1,5,2,1,1,5,2,0,29,0,0,7,0,22,61,13500.0,13500.0,0.0,0,0.0,0.0,0.0,247.0,0,0,True,False,False,False,True,False,False,True,False,False,False,False,False,False,False,False,False,False,False,False,True,False,False,False,False,False,False,True,False,False,True,False,False,False,1
99,0,999999.0,725.0,53000.0,1,1,1,1,2,0,1,1,0,1,0,0,7,0,0,1,99,99,2,21,1,0,6,0,20,8,17000.0,17000.0,0.0,0,0.0,0.0,0.0,268.0,1,0,True,False,False,False,True,False,False,True,True,False,False,False,False,False,False,False,False,False,False,False,False,False,False,False,False,False,False,True,False,False,False,True,False,False,1
99,1,275000.0,0.0,64000.0,4,1,1,1,0,0,0,0,0,0,0,0,1,0,0,2,99,99,0,21,1,0,0,0,20,9,7000.0,7000.0,0.0,0,0.0,0.0,0.0,109.0,1,0,True,False,False,False,True,False,False,True,False,False,False,False,False,True,False,False,False,False,False,False,False,False,False,False,False,False,False,True,False,False,False,True,False,False,1
99,1,225000.0,0.0,47075.0,1,1,1,1,0,0,0,0,0,0,2,1,4,2,0,1,17,8,0,30,1,0,7,0,37,49,44075.0,39000.0,5000.0,0,0.0,0.0,0.0,374.0,0,5,True,False,False,False,True,False,False,True,False,False,False,True,False,False,False,False,False,False,False,False,False,False,False,False,False,False,False,True,False,False,True,False,False,False,1
99,1,162500.0,0.0,6600.0,2,0,0,0,0,0,0,0,0,0,0,0,1,0,0,1,99,99,0,68,0,0,2,0,0,0,6600.0,0.0,0.0,0,3000.0,3600.0,0.0,111.0,0,6,True,False,False,False,True,False,False,True,False,False,False,True,False,False,False,False,False,False,False,False,False,False,False,False,False,False,False,True,False,False,False,False,True,False,1
99,1,400000.0,0.0,141000.0,1,1,1,1,0,0,0,0,0,0,1,1,3,1,1,1,0,0,0,26,0,0,6,0,33,60,16000.0,15000.0,0.0,0,0.0,0.0,1000.0,501.0,1,0,True,False,False,False,True,False,False,True,False,False,False,False,False,False,False,False,False,False,False,False,True,False,False,False,False,False,False,True,False,False,True,False,False,False,1
99,1,275000.0,0.0,80166.0,1,1,0,0,0,0,0,0,0,0,1,1,2,0,0,1,99,99,0,48,0,0,7,0,22,51,25000.0,25000.0,0.0,0,0.0,0.0,0.0,501.0,0,0,True,False,False,False,True,False,False,True,False,False,False,False,False,False,False,False,False,False,False,False,True,False,False,False,False,True,False,False,False,False,True,False,False,False,0
99,0,999999.0,675.0,58900.0,1,0,0,0,0,0,0,0,0,0,0,0,1,0,0,1,99,99,0,62,0,0,8,0,41,68,58900.0,0.0,30000.0,0,4900.0,0.0,0.0,501.0,1,1,True,False,False,False,True,False,False,True,False,False,False,True,False,False,False,False,False,False,False,False,False,False,False,False,False,False,False,True,True,False,False,False,False,False,0
99,1,275000.0,0.0,144001.0,1,1,1,1,2,0,1,1,0,1,0,0,4,0,0,1,99,99,1,24,1,0,6,0,20,9,10000.0,3000.0,0.0,0,0.0,7000.0,0.0,501.0,1,0,True,False,False,False,True,False,False,True,True,False,False,False,False,False,False,False,False,False,False,False,False,False,False,False,False,True,False,False,False,False,False,True,False,False,1
99,0,999999.0,262.0,5432.0,1,0,1,0,0,0,0,0,0,0,0,0,4,3,1,1,10,4,0,24,0,0,6,0,30,24,5432.0,2000.0,0.0,0,0.0,3432.0,0.0,43.0,1,2,True,False,False,False,True,False,False,True,False,False,False,True,False,False,False,False,False,False,False,False,False,False,True,False,False,False,False,False,False,False,False,True,False,False,1
99,1,400000.0,0.0,106600.0,1,1,1,1,2,0,1,1,0,1,0,0,5,0,0,1,99,99,2,25,0,1,8,2,26,58,4600.0,4000.0,0.0,0,0.0,0.0,0.0,501.0,0,0,True,False,False,False,True,False,False,True,True,False,False,False,False,False,False,False,False,False,False,False,False,False,False,True,False,False,False,False,False,False,False,True,False,False,1
99,0,999999.0,0.0,999999.0,1,0,0,0,0,0,0,0,0,0,0,0,1,0,0,1,99,99,0,19,1,1,7,1,41,72,4000.0,4000.0,0.0,0,0.0,0.0,0.0,0.0,1,0,False,False,True,False,False,True,False,True,False,False,False,False,False,True,False,False,False,False,False,False,False,False,False,False,False,False,False,True,False,False,False,True,False,False,1
99,0,999999.0,1000.0,9200.0,1,0,0,0,0,0,0,0,0,0,0,0,1,0,0,1,99,99,0,35,0,0,6,0,22,32,9200.0,5000.0,0.0,1200,0.0,0.0,0.0,143.0,1,2,True,False,False,False,True,False,False,True,False,False,False,True,False,False,False,False,False,False,False,False,False,False,False,False,False,False,False,True,False,False,False,True,False,False,1
99,0,999999.0,675.0,27000.0,1,0,1,0,1,0,1,0,0,0,0,0,2,0,0,1,99,99,0,6,1,1,1,1,0,0,0.0,999999.0,999999.0,999999,99999.0,99999.0,99999.0,316.0,1,0,True,False,False,False,True,False,False,True,True,False,False,False,False,False,False,False,False,False,False,False,False,False,True,False,False,False,False,False,False,False,False,True,False,False,1
99,0,999999.0,437.0,12000.0,1,0,0,0,0,0,0,0,0,0,0,0,1,0,0,1,99,99,0,24,1,0,7,0,10,19,12000.0,12000.0,0.0,0,0.0,0.0,0.0,186.0,1,1,True,False,False,False,True,False,False,True,False,False,False,True,False,False,False,False,False,False,False,False,False,False,False,False,False,False,False,True,False,False,False,True,False,False,1
99,0,999999.0,512.0,36500.0,1,1,0,0,0,0,0,0,0,0,1,1,2,0,0,1,99,99,0,31,0,0,7,0,37,78,18500.0,18500.0,0.0,0,0.0,0.0,0.0,440.0,1,0,True,False,False,False,True,False,False,True,False,False,False,False,False,False,False,False,False,False,False,False,True,False,False,False,False,True,False,False,False,False,True,False,False,False,1
99,1,225000.0,0.0,58753.0,2,0,2,0,2,0,2,0,0,0,0,0,5,0,0,1,99,99,2,17,0,1,5,1,25,44,0.0,0.0,0.0,0,0.0,0.0,0.0,375.0,1,0,True,False,False,False,True,False,False,True,False,False,True,False,False,False,False,False,False,False,False,False,False,False,False,False,False,False,False,True,False,False,False,True,False,False,1
99,1,225000.0,0.0,49780.0,2,1,1,1,0,0,0,0,0,0,0,0,1,0,0,2,99,99,0,25,1,0,7,0,24,47,26200.0,26000.0,0.0,0,0.0,0.0,0.0,406.0,1,0,True,False,False,False,True,False,False,True,False,False,False,False,False,True,False,False,False,False,False,False,False,False,False,False,False,False,False,True,False,False,False,True,False,False,1
99,1,275000.0,0.0,61300.0,1,1,1,1,0,0,0,0,0,0,1,1,4,2,0,1,22,19,0,51,0,0,4,0,0,0,0.0,0.0,0.0,0,0.0,0.0,0.0,479.0,0,0,True,False,False,False,True,False,False,True,False,False,False,False,False,False,False,False,False,False,False,False,True,False,False,False,False,False,False,True,False,False,True,False,False,False,1
99,1,400000.0,0.0,395116.0,1,1,1,1,0,0,0,0,0,0,2,1,4,2,0,1,21,18,0,53,1,0,6,0,41,68,133200.0,133200.0,0.0,0,0.0,0.0,0.0,501.0,0,6,True,False,False,False,True,False,False,True,False,False,False,True,False,False,False,False,False,False,False,False,False,False,False,False,False,False,False,True,False,False,True,False,False,False,1
99,1,112500.0,0.0,15000.0,2,0,1,0,0,0,0,0,0,0,0,0,5,2,0,1,34,14,0,45,0,0,8,0,26,72,15000.0,15000.0,0.0,0,0.0,0.0,0.0,101.0,1,2,True,False,False,False,True,False,False,True,False,False,False,True,False,False,False,False,False,False,False,False,False,False,True,False,False,False,False,False,False,False,False,False,True,False,1
99,1,225000.0,0.0,50300.0,1,1,1,1,0,0,0,0,0,0,1,1,4,2,0,1,20,18,0,48,0,1,7,2,22,61,1000.0,1000.0,0.0,0,0.0,0.0,0.0,393.0,0,0,True,False,False,False,True,False,False,True,False,False,False,False,False,False,False,False,False,False,False,False,True,False,False,False,False,False,False,True,False,False,True,False,False,False,1
99,0,999999.0,262.0,8844.0,1,0,1,0,1,0,1,0,0,0,0,0,3,0,0,1,99,99,1,5,1,1,0,1,0,0,0.0,999999.0,999999.0,999999,99999.0,99999.0,99999.0,89.0,1,0,True,False,False,False,True,False,False,True,True,False,False,False,False,False,False,False,False,False,False,False,False,False,True,False,False,False,False,False,False,False,False,True,False,False,1
99,0,999999.0,675.0,45000.0,1,1,1,1,0,0,0,0,0,0,2,1,3,1,1,1,1,1,0,25,1,0,6,0,20,8,25000.0,25000.0,0.0,0,0.0,0.0,0.0,451.0,1,1,True,False,False,False,True,False,False,True,False,False,False,True,False,False,False,False,False,False,False,False,False,False,False,False,False,False,False,True,False,False,True,False,False,False,1
99,1,187500.0,0.0,31187.0,1,0,1,0,0,0,0,0,0,0,0,0,6,4,0,1,31,7,1,48,0,0,7,0,17,13,23060.0,23000.0,0.0,0,0.0,0.0,0.0,179.0,0,6,True,False,False,False,True,False,False,True,False,False,False,True,False,False,False,False,False,False,False,False,False,False,True,False,False,False,False,False,True,False,False,False,False,False,1
99,1,225000.0,0.0,28285.0,1,1,0,0,0,0,0,0,0,0,1,1,2,0,0,1,99,99,0,67,0,0,6,0,0,0,3599.0,0.0,0.0,0,3599.0,0.0,0.0,377.0,0,0,True,False,False,False,True,False,False,True,False,False,False,False,False,False,False,False,False,False,False,False,True,False,False,False,False,False,False,True,False,False,True,False,False,False,1
99,0,999999.0,437.0,8160.0,5,0,0,0,0,0,0,0,0,0,0,0,1,0,0,1,99,99,0,21,1,1,2,1,23,18,8160.0,8160.0,0.0,0,0.0,0.0,0.0,126.0,1,1,True,False,False,False,True,False,False,True,False,False,False,True,False,False,False,False,False,False,False,False,False,False,False,False,False,False,False,True,False,False,False,True,False,False,0
99,0,999999.0,462.0,16000.0,1,1,1,1,0,0,0,0,0,0,1,1,5,2,1,1,11,2,0,39,0,1,6,1,14,26,4000.0,4000.0,0.0,0,0.0,0.0,0.0,105.0,0,0,True,False,False,False,True,False,False,True,False,False,False,False,False,False,False,False,False,False,False,False,True,False,False,False,False,False,False,True,False,False,True,False,False,False,1
99,1,225000.0,0.0,67000.0,1,1,1,1,0,0,0,0,0,0,1,1,4,2,1,1,5,2,0,24,0,0,6,0,22,61,37000.0,37000.0,0.0,0,0.0,0.0,0.0,501.0,1,0,True,False,False,False,True,False,False,True,False,False,False,False,False,False,False,False,False,False,False,False,True,False,False,False,False,False,False,True,False,False,True,False,False,False,1
99,1,275000.0,0.0,73000.0,1,1,1,1,0,0,0,0,0,0,2,1,3,1,0,1,21,21,0,47,1,0,6,0,34,67,66000.0,0.0,66000.0,0,0.0,0.0,0.0,501.0,0,6,True,False,False,False,True,False,False,True,False,False,False,True,False,False,False,False,False,False,False,False,False,False,False,False,False,False,False,True,False,False,True,False,False,False,0
99,0,999999.0,575.0,27132.0,1,1,0,0,0,0,0,0,0,0,1,1,2,0,0,1,99,99,0,46,0,0,6,0,27,50,4091.0,0.0,2734.0,0,0.0,0.0,0.0,327.0,0,0,True,False,False,False,True,False,False,True,False,False,False,False,False,False,False,False,False,False,False,False,True,False,False,False,False,False,False,True,False,False,True,False,False,False,1
99,0,999999.0,1.0,40080.0,1,2,2,2,0,0,0,0,0,0,5,1,7,1,0,1,7,7,0,39,0,0,6,0,23,18,7800.0,7800.0,0.0,0,0.0,0.0,0.0,202.0,1,0,True,False,False,False,True,False,False,True,False,False,False,False,False,False,False,False,False,False,False,True,False,False,False,True,False,False,False,False,False,False,True,False,False,False,1
99,0,999999.0,487.0,15189.0,1,0,1,0,1,0,1,0,0,0,0,0,6,0,0,1,99,99,4,9,0,1,1,1,0,0,0.0,999999.0,999999.0,999999,99999.0,99999.0,99999.0,93.0,0,0,True,False,False,False,True,False,False,True,True,False,False,False,False,False,False,False,False,False,False,False,False,False,False,False,False,False,False,True,False,False,False,True,False,False,1
99,0,999999.0,1000.0,36043.0,1,0,1,0,0,0,0,0,0,0,0,0,3,2,0,1,16,10,0,42,0,1,8,1,26,72,35000.0,17000.0,0.0,0,0.0,0.0,18000.0,361.0,1,2,True,False,False,False,True,False,False,True,False,False,False,True,False,False,False,False,False,False,False,False,False,False,False,False,False,False,False,True,True,False,False,False,False,False,1
99,1,350000.0,0.0,92265.0,1,1,1,1,0,0,0,0,0,0,1,1,4,2,0,1,33,27,0,65,0,0,6,0,22,32,9244.0,0.0,0.0,0,4860.0,0.0,0.0,501.0,0,0,True,False,False,False,True,False,False,True,False,False,False,False,False,False,False,False,False,False,False,False,True,False,False,False,True,False,False,False,False,False,True,False,False,False,1
99,1,350000.0,0.0,84000.0,1,1,0,0,0,0,0,0,0,0,1,2,2,0,0,1,99,99,0,35,1,0,8,0,25,31,30000.0,30000.0,0.0,0,0.0,0.0,0.0,501.0,0,0,True,False,False,False,True,False,False,True,False,False,False,False,False,False,False,False,False,False,False,False,True,False,False,False,False,False,False,True,False,False,True,False,False,False,0
99,1,42499.0,0.0,17424.0,1,0,2,0,1,0,1,0,0,0,0,0,4,0,0,1,99,99,1,8,1,1,1,2,0,0,0.0,999999.0,999999.0,999999,99999.0,99999.0,99999.0,139.0,1,0,True,False,False,False,True,False,False,True,True,False,False,False,False,False,False,False,False,False,False,False,False,False,False,False,False,False,False,True,False,False,False,True,False,False,1
99,0,999999.0,575.0,8000.0,2,0,0,0,0,0,0,0,0,0,0,0,1,0,0,1,99,99,0,41,1,0,7,0,42,84,8000.0,8000.0,0.0,0,0.0,0.0,0.0,124.0,1,2,True,False,False,False,True,False,False,True,False,False,False,True,False,False,False,False,False,False,False,False,False,False,False,False,False,False,False,True,False,False,False,False,True,False,0
99,1,137500.0,0.0,72650.0,1,1,1,1,2,0,1,1,0,1,0,0,6,0,0,1,99,99,3,11,0,1,2,2,0,0,0.0,999999.0,999999.0,999999,99999.0,99999.0,99999.0,425.0,0,0,True,False,False,False,True,False,False,True,True,False,False,False,False,False,False,False,False,False,False,False,False,False,False,True,False,False,False,False,False,False,False,True,False,False,1
99,1,400000.0,0.0,158500.0,4,1,1,0,0,0,0,0,0,0,0,0,1,0,0,3,99,99,0,18,1,1,5,1,14,4,1700.0,1700.0,0.0,0,0.0,0.0,0.0,26.0,1,0,True,False,False,False,True,False,False,True,False,False,False,False,False,True,False,False,False,False,False,False,False,False,False,False,False,False,False,True,False,False,False,True,False,False,1
99,0,999999.0,0.0,999999.0,1,0,0,0,0,0,0,0,0,0,0,0,1,0,0,1,99,99,0,22,1,1,8,1,11,16,3534.0,3513.0,0.0,0,0.0,0.0,0.0,0.0,1,0,False,False,True,False,False,True,False,True,False,False,False,False,False,True,False,False,False,False,False,False,False,False,False,False,False,False,False,True,False,False,False,True,False,False,1
99,1,350000.0,0.0,101603.0,1,1,0,0,0,0,0,0,0,0,2,1,2,0,0,1,99,99,0,73,1,0,8,0,61,93,94603.0,0.0,25000.0,0,11000.0,0.0,0.0,501.0,0,5,True,False,False,False,True,False,False,True,False,False,False,True,False,False,False,False,False,False,False,False,False,False,False,False,False,False,False,True,False,False,True,False,False,False,1
99,1,400000.0,0.0,105200.0,1,1,1,1,2,0,1,1,0,1,0,0,4,0,0,1,99,99,1,12,1,1,2,1,0,0,0.0,999999.0,999999.0,999999,99999.0,99999.0,99999.0,501.0,1,0,True,False,False,False,True,False,False,True,True,False,False,False,False,False,False,False,False,False,False,False,False,False,False,False,False,True,False,False,False,False,False,True,False,False,1
99,1,225000.0,0.0,40000.0,1,1,0,0,0,0,0,0,0,0,2,1,2,0,0,1,99,99,0,55,1,0,6,0,26,19,40000.0,40000.0,0.0,0,0.0,0.0,0.0,482.0,0,7,True,False,False,False,True,False,False,True,False,False,False,True,False,False,False,False,False,False,False,False,False,False,False,False,False,False,False,True,False,False,True,False,False,False,1
99,1,187500.0,0.0,23000.0,1,0,0,0,0,0,0,0,0,0,0,0,1,0,0,1,99,99,0,65,0,0,6,0,22,51,23000.0,23000.0,0.0,0,0.0,0.0,0.0,387.0,0,8,True,False,False,False,True,False,False,True,False,False,False,True,False,False,False,False,False,False,False,False,False,False,False,False,False,False,False,True,True,False,False,False,False,False,1
99,1,187500.0,0.0,74677.0,1,2,2,2,0,0,0,0,0,0,1,1,7,3,0,1,36,32,0,57,0,0,1,0,0,0,0.0,0.0,0.0,0,0.0,0.0,0.0,364.0,0,0,True,False,False,False,True,False,False,True,False,False,False,False,False,False,False,False,False,False,False,False,True,False,False,False,False,False,False,True,False,False,True,False,False,False,1
99,0,999999.0,487.0,27500.0,2,0,0,0,0,0,0,0,0,0,0,0,3,0,0,1,99,99,2,21,1,0,2,0,24,44,6000.0,6000.0,0.0,0,0.0,0.0,0.0,284.0,1,0,True,False,False,False,True,False,False,True,False,False,False,False,False,False,False,False,False,False,True,False,False,False,False,False,False,False,False,True,False,False,False,True,False,False,1
99,0,999999.0,725.0,34500.0,1,1,1,1,2,0,1,1,0,1,0,0,4,0,0,1,99,99,1,5,1,1,0,1,0,0,0.0,999999.0,999999.0,999999,99999.0,99999.0,99999.0,274.0,1,0,True,False,False,False,True,False,False,True,True,False,False,False,False,False,False,False,False,False,False,False,False,False,False,False,False,False,False,True,False,False,False,True,False,False,1
99,1,400000.0,0.0,200821.0,1,1,1,1,1,0,1,2,0,1,0,0,4,0,0,1,99,99,1,13,0,1,2,1,0,0,0.0,999999.0,999999.0,999999,99999.0,99999.0,99999.0,501.0,0,0,True,False,False,False,True,False,False,True,True,False,False,False,False,False,False,False,False,False,False,False,False,False,False,False,False,False,False,True,False,False,False,True,False,False,1
99,1,162500.0,0.0,64900.0,1,1,1,1,2,0,1,1,0,1,0,0,3,0,0,1,99,99,0,6,1,1,0,1,0,0,0.0,999999.0,999999.0,999999,99999.0,99999.0,99999.0,501.0,0,0,True,False,False,False,True,False,False,True,True,False,False,False,False,False,False,False,False,False,False,False,False,False,False,False,False,False,False,True,False,False,False,True,False,False,1
99,0,999999.0,625.0,15400.0,1,1,1,1,2,0,1,1,0,1,0,0,6,0,0,1,99,99,0,1,0,0,7,0,0,0,0.0,999999.0,999999.0,999999,99999.0,99999.0,99999.0,86.0,1,0,True,False,False,False,True,False,False,True,True,False,False,False,False,False,False,False,False,False,False,False,False,False,False,False,False,False,False,True,False,False,False,True,False,False,1
99,0,999999.0,725.0,43500.0,1,0,0,0,0,0,0,0,0,0,0,0,1,0,0,1,99,99,0,31,0,0,8,0,39,82,43500.0,43000.0,0.0,0,0.0,0.0,0.0,501.0,1,1,True,False,False,False,True,False,False,True,False,False,False,True,False,False,False,False,False,False,False,False,False,False,False,False,False,False,False,True,False,False,False,True,False,False,1
99,0,999999.0,575.0,11376.0,1,1,1,1,0,0,0,0,0,0,2,1,3,1,0,1,9,9,0,52,1,0,0,0,0,0,5688.0,0.0,0.0,0,0.0,5688.0,0.0,114.0,1,2,True,False,False,False,True,False,False,True,False,False,False,True,False,False,False,False,False,False,False,False,False,False,False,False,False,True,False,False,False,False,True,False,False,False,1
99,1,95000.0,0.0,42200.0,1,1,1,1,2,0,1,1,0,1,0,0,4,0,0,1,99,99,1,14,0,1,2,1,0,0,0.0,999999.0,999999.0,999999,99999.0,99999.0,99999.0,336.0,0,0,True,False,False,False,True,False,False,True,True,False,False,False,False,False,False,False,False,False,False,False,False,False,False,False,False,False,False,True,False,False,False,True,False,False,1
99,1,137500.0,0.0,38800.0,1,1,1,1,0,0,0,0,0,0,0,0,12,0,0,1,99,99,0,11,0,1,2,1,0,0,0.0,999999.0,999999.0,999999,99999.0,99999.0,99999.0,162.0,1,0,True,False,False,False,True,False,False,True,False,False,False,False,False,False,True,False,False,False,False,False,False,False,False,False,False,False,False,True,False,False,False,True,False,False,1
99,0,999999.0,537.0,24325.0,1,1,1,1,2,0,1,1,0,1,0,0,5,0,0,1,99,99,2,23,0,0,0,0,6,7,1125.0,1125.0,0.0,0,0.0,0.0,0.0,160.0,0,0,True,False,False,False,True,False,False,True,True,False,False,False,False,False,False,False,False,False,False,False,False,False,False,False,False,False,False,True,False,False,False,True,False,False,1
99,1,72500.0,0.0,50447.0,1,1,1,1,0,0,0,0,0,0,2,1,3,1,0,1,19,19,0,55,1,1,7,1,23,18,42159.0,42145.0,0.0,0,0.0,0.0,0.0,501.0,1,2,True,False,False,False,True,False,False,True,False,False,False,True,False,False,False,False,False,False,False,False,False,False,False,False,False,False,False,True,False,False,True,False,False,False,1
99,0,999999.0,675.0,10022.0,6,1,2,1,2,0,1,1,0,1,0,0,3,0,0,1,99,99,0,0,0,0,7,0,0,0,0.0,999999.0,999999.0,999999,99999.0,99999.0,99999.0,100.0,1,0,True,False,False,False,True,False,False,True,True,False,False,False,False,False,False,False,False,False,False,False,False,False,False,False,False,False,False,True,False,False,False,True,False,False,1
99,1,400000.0,0.0,123515.0,1,1,1,1,0,0,0,0,0,0,1,1,4,2,0,1,12,7,0,31,0,0,7,0,0,0,0.0,0.0,0.0,0,0.0,0.0,0.0,501.0,1,0,True,False,False,False,True,False,False,True,False,False,False,False,False,False,False,False,False,False,False,False,True,False,False,False,False,False,False,True,False,False,True,False,False,False,1
99,1,400000.0,0.0,110603.0,2,0,1,2,0,0,0,0,0,0,0,0,5,1,0,1,60,60,0,83,1,0,8,0,0,0,6000.0,0.0,0.0,0,0.0,0.0,0.0,501.0,1,0,True,False,False,False,True,False,False,True,False,False,False,False,False,False,False,True,False,False,False,False,False,False,False,True,False,False,False,False,False,False,False,False,False,True,1
99,0,999999.0,487.0,16587.0,2,0,0,0,0,0,0,0,0,0,0,0,1,0,0,2,99,99,0,34,0,0,6,0,17,13,0.0,0.0,0.0,0,0.0,0.0,0.0,1.0,0,0,True,False,False,False,True,False,False,True,False,False,False,False,False,False,False,False,False,True,False,False,False,False,False,False,False,False,False,True,False,False,False,True,False,False,1
99,1,225000.0,0.0,38664.0,1,0,2,0,1,0,1,0,0,0,0,0,4,0,0,1,99,99,1,32,1,0,7,0,27,72,25000.0,25000.0,0.0,0,0.0,0.0,0.0,297.0,0,0,True,False,False,False,True,False,False,True,True,False,False,False,False,False,False,False,False,False,False,False,False,False,False,False,False,False,False,True,False,False,False,True,False,False,1
99,0,999999.0,212.0,15120.0,1,0,1,1,1,0,1,0,0,0,0,0,7,0,0,1,99,99,2,28,1,0,4,0,0,0,0.0,0.0,0.0,0,0.0,0.0,0.0,79.0,0,0,True,False,False,False,True,False,False,True,True,False,False,False,False,False,False,False,False,False,False,False,False,False,True,False,False,False,False,False,False,False,False,True,False,False,1
99,1,162500.0,0.0,55560.0,1,1,1,1,0,0,0,0,0,0,1,1,3,1,0,1,21,21,0,42,0,0,3,0,25,44,6568.0,6568.0,0.0,0,0.0,0.0,0.0,501.0,0,0,True,False,False,False,True,False,False,True,False,False,False,False,False,False,False,False,False,False,False,False,True,False,False,False,False,False,False,True,False,False,True,False,False,False,1
99,1,350000.0,0.0,122000.0,1,1,1,1,1,0,1,2,0,1,0,0,4,0,0,1,99,99,1,0,0,0,7,0,0,0,0.0,999999.0,999999.0,999999,99999.0,99999.0,99999.0,501.0,1,0,True,False,False,False,True,False,False,True,True,False,False,False,False,False,False,False,False,False,False,False,False,False,False,False,False,False,False,True,False,False,False,True,False,False,1
99,0,999999.0,875.0,10680.0,1,1,1,1,2,0,1,1,0,1,0,0,8,0,0,1,99,99,5,11,0,1,2,1,0,0,0.0,999999.0,999999.0,999999,99999.0,99999.0,99999.0,51.0,0,0,True,False,False,False,True,False,False,True,True,False,False,False,False,False,False,False,False,False,False,False,False,False,False,False,False,False,False,True,False,False,False,True,False,False,1
99,1,137500.0,0.0,40957.0,1,1,1,1,2,0,1,1,0,1,0,0,5,0,0,1,99,99,2,31,1,0,6,0,31,33,6009.0,6009.0,0.0,0,0.0,0.0,0.0,266.0,0,0,True,False,False,False,True,False,False,True,True,False,False,False,False,False,False,False,False,False,False,False,False,False,False,False,False,False,False,True,False,False,False,False,False,True,0
99,1,112500.0,0.0,48000.0,3,1,2,1,0,0,0,0,0,0,0,0,9,2,0,1,14,6,1,36,0,0,3,0,22,18,11000.0,11000.0,0.0,0,0.0,0.0,0.0,187.0,1,0,True,False,False,False,True,False,False,True,False,False,False,False,False,False,False,False,False,False,True,False,False,False,False,False,False,False,False,True,False,True,False,False,False,False,1
99,0,999999.0,537.0,2400.0,1,1,0,0,0,0,0,0,0,0,1,1,2,0,0,1,99,99,0,29,0,0,5,0,18,44,0.0,0.0,0.0,0,0.0,0.0,0.0,29.0,1,0,True,False,False,False,True,False,False,True,False,False,False,False,False,False,False,False,False,False,False,False,True,False,False,False,False,False,False,True,False,False,True,False,False,False,1
99,1,187500.0,0.0,26100.0,2,1,1,1,2,0,1,1,0,1,0,0,9,0,0,1,99,99,3,3,1,0,0,0,0,0,0.0,999999.0,999999.0,999999,99999.0,99999.0,99999.0,99.0,1,0,True,False,False,False,True,False,False,True,True,False,False,False,False,False,False,False,False,False,False,False,False,False,False,False,False,False,False,True,False,False,False,True,False,False,1
99,0,999999.0,575.0,22000.0,1,0,0,0,0,0,0,0,0,0,0,0,1,0,0,1,99,99,0,25,0,0,7,0,30,44,22000.0,22000.0,0.0,0,0.0,0.0,0.0,341.0,1,1,True,False,False,False,True,False,False,True,False,False,False,True,False,False,False,False,False,False,False,False,False,False,False,False,False,True,False,False,False,False,False,True,False,False,1
99,1,275000.0,0.0,49988.0,1,1,1,1,2,0,1,1,0,1,0,0,5,0,0,1,99,99,2,10,1,1,1,2,0,0,0.0,999999.0,999999.0,999999,99999.0,99999.0,99999.0,338.0,0,0,True,False,False,False,True,False,False,True,True,False,False,False,False,False,False,False,False,False,False,False,False,False,False,False,False,False,False,True,False,False,False,True,False,False,1
99,1,112500.0,0.0,89000.0,1,2,2,2,0,0,0,0,0,0,2,1,8,3,0,1,27,23,0,52,1,1,2,2,30,24,10000.0,10000.0,0.0,0,0.0,0.0,0.0,386.0,1,2,True,False,False,False,True,False,False,True,False,False,False,True,False,False,False,False,False,False,False,False,False,False,False,False,False,False,False,True,False,False,True,False,False,False,1
99,0,999999.0,462.0,14280.0,1,0,2,0,1,0,1,0,0,0,0,0,3,1,1,1,3,3,0,20,0,1,6,1,0,0,6720.0,0.0,0.0,0,0.0,0.0,6720.0,143.0,1,0,True,False,False,False,True,False,False,True,True,False,False,False,False,False,False,False,False,False,False,False,False,False,False,False,False,True,False,False,False,False,False,True,False,False,1
99,1,350000.0,0.0,32801.0,1,1,2,1,2,0,1,1,0,1,0,0,6,0,0,1,99,99,2,10,1,0,2,0,0,0,0.0,999999.0,999999.0,999999,99999.0,99999.0,99999.0,192.0,0,0,True,False,False,False,True,False,False,True,True,False,False,False,False,False,False,False,False,False,False,False,False,False,False,False,False,False,False,True,False,False,False,True,False,False,1
99,0,999999.0,1000.0,75500.0,1,1,1,2,2,0,1,1,0,1,0,0,5,0,0,1,99,99,1,3,0,0,0,0,0,0,0.0,999999.0,999999.0,999999,99999.0,99999.0,99999.0,498.0,1,0,True,False,False,False,True,False,False,True,True,False,False,False,False,False,False,False,False,False,False,False,False,False,False,False,False,False,False,True,False,False,False,True,False,False,1
99,0,999999.0,437.0,6000.0,1,1,1,1,0,0,0,0,0,0,1,1,3,1,1,1,1,1,0,22,0,0,3,0,0,0,0.0,0.0,0.0,0,0.0,0.0,0.0,60.0,1,0,True,False,False,False,True,False,False,True,False,False,False,False,False,False,False,False,False,False,False,False,True,False,False,False,False,False,False,True,False,False,True,False,False,False,1
99,0,999999.0,1000.0,195516.0,1,1,1,1,0,0,0,0,0,0,1,1,4,2,0,1,12,10,0,38,0,0,6,0,0,0,0.0,0.0,0.0,0,0.0,0.0,0.0,501.0,1,0,True,False,False,False,True,False,False,True,False,False,False,False,False,False,False,False,False,False,False,False,True,False,False,False,True,False,False,False,False,False,True,False,False,False,1
99,0,999999.0,875.0,24000.0,4,0,1,0,0,0,0,0,0,0,0,0,1,0,0,1,99,99,0,36,1,0,5,0,29,27,24000.0,24000.0,0.0,0,0.0,0.0,0.0,372.0,1,1,True,False,False,False,True,False,False,True,False,False,False,True,False,False,False,False,False,False,False,False,False,False,False,False,False,False,False,True,False,False,False,True,False,False,1
99,0,999999.0,875.0,51523.0,1,1,1,1,2,0,1,1,0,1,0,0,4,0,0,1,99,99,1,20,0,0,7,0,17,13,7000.0,7000.0,0.0,0,0.0,0.0,0.0,403.0,1,0,True,False,False,False,True,False,False,True,True,False,False,False,False,False,False,False,False,False,False,False,False,False,False,False,False,False,False,True,False,False,False,True,False,False,1
99,1,112500.0,0.0,197466.0,1,1,1,1,0,0,0,0,0,0,1,1,3,1,1,1,2,2,0,35,0,0,7,0,38,68,500.0,0.0,0.0,0,0.0,0.0,0.0,501.0,0,0,True,False,False,False,True,False,False,True,False,False,False,False,False,False,False,False,False,False,False,False,True,False,False,False,True,False,False,False,False,False,True,False,False,False,1
99,1,350000.0,0.0,53000.0,1,1,1,1,2,0,1,1,0,1,0,0,5,0,0,1,99,99,2,7,0,1,1,1,0,0,0.0,999999.0,999999.0,999999,99999.0,99999.0,99999.0,358.0,1,0,True,False,False,False,True,False,False,True,True,False,False,False,False,False,False,False,False,False,False,False,False,False,True,False,False,False,False,False,False,False,False,True,False,False,1
99,0,999999.0,462.0,16000.0,1,1,1,1,0,0,0,0,0,0,0,0,5,0,0,1,99,99,0,20,0,0,6,0,6,7,2000.0,2000.0,0.0,0,0.0,0.0,0.0,105.0,1,0,True,False,False,False,True,False,False,True,False,False,False,False,False,False,True,False,False,False,False,False,False,False,False,False,False,False,False,True,False,False,False,True,False,False,0
99,1,112500.0,0.0,27500.0,1,0,0,0,0,0,0,0,0,0,0,0,1,0,0,1,99,99,0,82,1,0,7,0,0,0,27500.0,0.0,0.0,0,2500.0,0.0,0.0,462.0,0,2,True,False,False,False,True,False,False,True,False,False,False,True,False,False,False,False,False,False,False,False,False,False,False,False,False,False,False,True,False,False,False,False,False,True,1
99,1,400000.0,0.0,123515.0,1,1,1,1,2,0,1,1,0,1,0,0,4,0,0,1,99,99,1,7,0,1,0,2,0,0,0.0,999999.0,999999.0,999999,99999.0,99999.0,99999.0,501.0,1,0,True,False,False,False,True,False,False,True,True,False,False,False,False,False,False,False,False,False,False,False,False,False,False,False,False,False,False,True,False,False,False,True,False,False,1
99,1,27500.0,0.0,47540.0,2,0,1,0,1,0,1,0,0,0,0,0,3,0,0,1,99,99,0,48,1,0,7,0,31,33,35000.0,35000.0,0.0,0,0.0,0.0,0.0,490.0,1,0,True,False,False,False,True,False,False,True,True,False,False,False,False,False,False,False,False,False,False,False,False,False,True,False,False,False,False,False,False,False,False,False,True,False,1
99,0,999999.0,875.0,48272.0,1,1,0,0,0,0,0,0,0,0,2,1,2,0,0,1,99,99,0,66,1,0,6,0,24,47,46796.0,44000.0,2000.0,0,0.0,0.0,0.0,501.0,1,1,True,False,False,False,True,False,False,True,False,False,False,True,False,False,False,False,False,False,False,False,False,False,False,False,False,False,False,True,False,False,True,False,False,False,1
99,0,999999.0,337.0,42700.0,1,0,0,0,0,0,0,0,0,0,0,0,1,0,0,1,99,99,0,29,0,0,7,0,17,19,42700.0,41000.0,0.0,0,0.0,0.0,0.0,501.0,1,2,True,False,False,False,True,False,False,True,False,False,False,True,False,False,False,False,False,False,False,False,False,False,False,False,False,False,False,True,False,False,False,True,False,False,1
99,1,137500.0,0.0,31000.0,1,1,1,1,0,0,0,0,0,0,1,1,4,2,0,1,16,13,0,40,0,0,3,0,23,18,3000.0,3000.0,0.0,0,0.0,0.0,0.0,247.0,0,0,True,False,False,False,True,False,False,True,False,False,False,False,False,False,False,False,False,False,False,False,True,False,False,False,False,False,False,True,False,False,True,False,False,False,1
99,0,999999.0,537.0,26650.0,1,1,1,1,0,0,0,0,0,0,1,2,4,2,0,1,10,8,0,35,1,0,7,0,29,27,25100.0,25000.0,0.0,0,0.0,0.0,0.0,212.0,1,0,True,False,False,False,True,False,False,True,False,False,False,False,False,False,False,False,False,False,False,False,True,False,False,False,False,False,False,True,False,False,True,False,False,False,1
99,1,112500.0,0.0,39000.0,1,0,1,0,0,0,0,0,0,0,0,0,3,1,0,1,5,5,0,34,0,1,7,2,17,13,15000.0,15000.0,0.0,0,0.0,0.0,0.0,391.0,1,2,True,False,False,False,True,False,False,True,False,False,False,True,False,False,False,False,False,False,False,False,False,False,True,False,False,False,False,False,False,False,False,False,True,False,1
99,1,225000.0,0.0,49200.0,1,0,0,0,0,0,0,0,0,0,0,0,1,0,0,1,99,99,0,57,1,1,8,2,43,86,49200.0,49200.0,0.0,0,0.0,0.0,0.0,501.0,0,6,True,False,False,False,True,False,False,True,False,False,False,True,False,False,False,False,False,False,False,False,False,False,False,False,False,False,False,True,False,False,False,False,False,True,1
99,0,999999.0,875.0,42000.0,2,0,0,0,0,0,0,0,0,0,0,0,1,0,0,1,99,99,0,39,0,0,8,0,41,68,42000.0,42000.0,0.0,0,0.0,0.0,0.0,501.0,1,1,True,False,False,False,True,False,False,True,False,False,False,True,False,False,False,False,False,False,False,False,False,False,False,False,False,False,False,True,True,False,False,False,False,False,1
99,1,162500.0,0.0,23030.0,3,1,1,1,0,0,0,0,0,0,0,0,1,0,0,3,99,99,0,44,0,0,0,0,14,26,3840.0,0.0,3840.0,0,0.0,0.0,0.0,60.0,1,0,True,False,False,False,True,False,False,True,False,False,False,False,False,True,False,False,False,False,False,False,False,False,False,False,False,False,False,True,False,True,False,False,False,False,0
99,1,225000.0,0.0,15500.0,1,0,0,0,0,0,0,0,0,0,0,0,1,0,0,1,99,99,0,55,0,0,6,0,0,0,15500.0,0.0,0.0,0,0.0,0.0,0.0,240.0,1,2,True,False,False,False,True,False,False,True,False,False,False,True,False,False,False,False,False,False,False,False,False,False,False,False,False,False,False,True,True,False,False,False,False,False,1
99,1,47500.0,0.0,28368.0,1,1,1,1,0,0,0,0,0,0,1,1,3,1,0,1,29,29,0,57,0,0,6,0,0,0,180.0,0.0,0.0,0,0.0,180.0,0.0,292.0,0,0,True,False,False,False,True,False,False,True,False,False,False,False,False,False,False,False,False,False,False,False,True,False,True,False,False,False,False,False,False,False,True,False,False,False,1
99,0,999999.0,537.0,15000.0,1,0,0,0,0,0,0,0,0,0,0,0,1,0,0,1,99,99,0,39,1,0,6,0,41,68,15000.0,15000.0,0.0,0,0.0,0.0,0.0,233.0,1,2,True,False,False,False,True,False,False,True,False,False,False,True,False,False,False,False,False,False,False,False,False,False,False,False,False,False,False,True,False,True,False,False,False,False,1
99,1,52500.0,0.0,7761.0,1,1,1,1,0,0,0,0,0,0,1,1,7,5,0,1,31,17,0,52,0,0,7,0,27,39,0.0,0.0,0.0,0,0.0,0.0,0.0,39.0,0,0,True,False,False,False,True,False,False,True,False,False,False,False,False,False,False,False,False,False,False,False,True,False,False,False,False,False,False,True,False,False,True,False,False,False,1
99,0,999999.0,625.0,57600.0,2,1,1,1,0,0,0,0,0,0,0,0,6,0,0,1,99,99,0,27,0,0,7,0,13,10,7200.0,7200.0,0.0,0,0.0,0.0,0.0,323.0,1,0,True,False,False,False,True,False,False,True,False,True,False,False,False,False,False,False,False,False,False,False,False,False,False,False,False,False,False,True,False,False,False,True,False,False,0
99,0,999999.0,575.0,84855.0,1,1,1,1,2,0,1,1,0,1,0,0,7,0,0,1,99,99,4,43,1,1,5,1,18,44,7000.0,7000.0,0.0,0,0.0,0.0,0.0,421.0,1,0,True,False,False,False,True,False,False,True,True,False,False,False,False,False,False,False,False,False,False,False,False,False,False,False,False,False,False,True,False,False,False,True,False,False,1
99,1,400000.0,0.0,201016.0,1,1,1,1,2,0,1,1,0,1,0,0,5,0,0,1,99,99,2,8,0,1,1,1,0,0,0.0,999999.0,999999.0,999999,99999.0,99999.0,99999.0,501.0,1,0,True,False,False,False,True,False,False,True,True,False,False,False,False,False,False,False,False,False,False,False,False,False,False,False,False,False,False,True,False,False,False,True,False,False,1
99,1,400000.0,0.0,9810.0,2,0,1,0,0,0,0,0,0,0,0,0,5,0,0,1,99,99,0,18,0,0,2,0,0,0,6000.0,0.0,0.0,0,0.0,6000.0,0.0,63.0,0,0,True,False,False,False,True,False,False,True,False,False,False,False,False,False,True,False,False,False,False,False,False,False,False,True,False,False,False,False,False,False,False,False,True,False,1
99,1,187500.0,0.0,50600.0,1,1,0,0,0,0,0,0,0,0,0,0,3,0,0,1,99,99,0,35,1,0,8,0,35,66,27000.0,27000.0,0.0,0,0.0,0.0,0.0,501.0,1,0,True,False,False,False,True,False,False,True,False,True,False,False,False,False,False,False,False,False,False,False,False,False,False,False,False,False,False,True,False,True,False,False,False,False,1
99,1,400000.0,0.0,337116.0,1,1,2,1,2,0,1,1,0,1,0,0,5,0,0,1,99,99,1,7,0,1,1,2,0,0,0.0,999999.0,999999.0,999999,99999.0,99999.0,99999.0,501.0,0,0,True,False,False,False,True,False,False,True,True,False,False,False,False,False,False,False,False,False,False,False,False,False,False,False,False,False,False,True,False,False,False,True,False,False,1
99,1,275000.0,0.0,65959.0,1,1,2,1,7,0,1,0,0,0,2,1,7,4,0,1,20,9,0,44,1,1,7,1,34,67,56300.0,37800.0,0.0,0,0.0,0.0,0.0,328.0,0,6,True,False,False,False,True,False,False,True,False,False,False,True,False,False,False,False,False,False,False,False,False,False,False,False,False,False,False,True,False,False,True,False,False,False,1
99,0,999999.0,725.0,2100.0,2,1,1,1,0,0,0,0,0,0,0,0,5,0,0,1,99,99,0,9,0,1,1,1,0,0,0.0,999999.0,999999.0,999999,99999.0,99999.0,99999.0,14.0,0,0,True,False,False,False,True,False,False,True,False,False,False,False,False,False,True,False,False,False,False,False,False,False,False,False,False,False,False,True,False,False,False,True,False,False,1
99,0,999999.0,537.0,20000.0,1,0,1,0,1,0,1,0,0,0,0,0,4,0,0,1,99,99,1,32,1,1,8,1,22,18,12000.0,12000.0,0.0,0,0.0,0.0,0.0,154.0,1,0,True,False,False,False,True,False,False,True,True,False,False,False,False,False,False,False,False,False,False,False,False,False,False,False,False,False,False,True,False,True,False,False,False,False,1
99,0,999999.0,575.0,30000.0,1,1,1,1,0,0,0,0,0,0,2,1,3,1,0,1,6,6,0,27,1,0,6,0,41,68,15000.0,15000.0,0.0,0,0.0,0.0,0.0,301.0,1,2,True,False,False,False,True,False,False,True,False,False,False,True,False,False,False,False,False,False,False,False,False,False,False,False,False,False,False,True,False,False,True,False,False,False,1
99,1,112500.0,0.0,0.0,1,1,0,0,0,0,0,0,0,0,1,1,2,0,0,1,99,99,0,61,0,0,2,0,23,45,0.0,0.0,0.0,0,0.0,0.0,0.0,1.0,0,0,True,False,False,False,True,False,False,True,False,False,False,False,False,False,False,False,False,False,False,False,True,False,False,False,False,False,False,True,False,False,True,False,False,False,1
99,0,999999.0,625.0,20000.0,1,1,1,1,2,0,1,1,0,1,0,0,5,0,0,1,99,99,2,4,1,0,0,0,0,0,0.0,999999.0,999999.0,999999,99999.0,99999.0,99999.0,135.0,1,0,True,False,False,False,True,False,False,True,True,False,False,False,False,False,False,False,False,False,False,False,False,False,False,False,False,False,False,True,False,False,False,True,False,False,1
99,1,112500.0,0.0,37500.0,1,1,1,1,0,0,0,0,0,0,1,1,3,1,1,1,2,2,0,27,0,0,7,0,24,47,15000.0,15000.0,0.0,0,0.0,0.0,0.0,376.0,1,0,True,False,False,False,True,False,False,True,False,False,False,False,False,False,False,False,False,False,False,False,True,False,False,False,False,False,False,True,False,False,True,False,False,False,1
99,0,999999.0,875.0,25000.0,1,0,2,0,1,0,1,0,0,0,0,0,3,1,1,1,3,3,0,25,0,0,6,0,24,47,0.0,0.0,0.0,0,0.0,0.0,0.0,250.0,1,0,True,False,False,False,True,False,False,True,True,False,False,False,False,False,False,False,False,False,False,False,False,False,False,False,False,False,False,True,False,False,False,True,False,False,1
99,0,999999.0,512.0,23000.0,1,0,0,0,0,0,0,0,0,0,0,0,2,0,0,1,99,99,0,34,1,0,7,0,27,26,13000.0,13000.0,0.0,0,0.0,0.0,0.0,277.0,1,1,True,False,False,False,True,False,False,True,False,False,False,True,False,False,False,False,False,False,False,False,False,False,False,False,False,False,False,True,True,False,False,False,False,False,1
99,0,999999.0,462.0,29000.0,1,1,1,1,0,0,0,0,0,0,2,1,5,3,1,1,7,3,0,30,1,0,7,0,34,44,29000.0,29000.0,0.0,0,0.0,0.0,0.0,196.0,1,2,True,False,False,False,True,False,False,True,False,False,False,True,False,False,False,False,False,False,False,False,False,True,False,False,False,False,False,False,False,False,True,False,False,False,1
99,0,999999.0,1000.0,106010.0,1,1,1,1,1,0,1,2,0,1,0,0,4,0,0,1,99,99,1,13,1,1,2,1,0,0,0.0,999999.0,999999.0,999999,99999.0,99999.0,99999.0,501.0,1,0,True,False,False,False,True,False,False,True,True,False,False,False,False,False,False,False,False,False,False,False,False,False,True,False,False,False,False,False,False,False,False,True,False,False,1
99,0,999999.0,512.0,19570.0,1,1,1,1,0,0,0,0,0,0,2,1,5,3,0,1,23,12,0,71,1,0,2,0,0,0,7224.0,0.0,0.0,0,0.0,7224.0,0.0,125.0,0,2,True,False,False,False,True,False,False,True,False,False,False,True,False,False,False,False,False,False,False,False,False,False,False,True,False,False,False,False,False,False,True,False,False,False,1
99,0,999999.0,1000.0,32000.0,1,1,1,2,0,0,0,0,0,0,2,1,4,1,0,1,28,28,0,47,1,0,0,0,20,9,27000.0,27000.0,0.0,0,0.0,0.0,0.0,246.0,1,2,True,False,False,False,True,False,False,True,False,False,False,True,False,False,False,False,False,False,False,False,False,False,False,False,False,False,False,True,False,False,True,False,False,False,0
99,0,999999.0,362.0,29481.0,1,0,0,0,0,0,0,0,0,0,0,0,1,0,0,1,99,99,0,83,0,0,6,0,0,0,29481.0,0.0,0.0,0,5292.0,15189.0,3000.0,496.0,1,2,True,False,False,False,True,False,False,True,False,False,False,True,False,False,False,False,False,False,False,False,False,False,False,False,False,False,False,True,False,False,False,True,False,False,1
99,0,999999.0,362.0,15000.0,1,1,1,1,0,0,0,0,0,0,2,1,3,1,1,1,0,0,0,23,1,0,3,0,20,8,15000.0,15000.0,0.0,0,0.0,0.0,0.0,150.0,1,2,True,False,False,False,True,False,False,True,False,False,False,True,False,False,False,False,False,False,False,False,False,False,False,False,False,False,False,True,False,False,True,False,False,False,0
99,0,999999.0,1000.0,86043.0,1,0,0,0,0,0,0,0,0,0,0,0,1,0,0,1,99,99,0,34,1,0,7,0,41,68,86043.0,85843.0,0.0,0,0.0,0.0,0.0,501.0,1,2,True,False,False,False,True,False,False,True,False,False,False,True,False,False,False,False,False,False,False,False,False,False,False,False,False,False,False,True,True,False,False,False,False,False,1
99,1,400000.0,0.0,7492.0,1,0,0,0,0,0,0,0,0,0,0,0,1,0,0,1,99,99,0,70,0,0,6,0,0,0,7492.0,0.0,0.0,0,7092.0,0.0,0.0,126.0,0,8,True,False,False,False,True,False,False,True,False,False,False,True,False,False,False,False,False,False,False,False,False,False,False,False,False,False,False,True,False,False,False,False,False,True,1
99,1,67500.0,0.0,22388.0,1,1,0,0,0,0,0,0,0,0,1,1,2,0,0,1,99,99,0,78,0,0,6,0,0,0,6478.0,0.0,0.0,0,6478.0,0.0,0.0,299.0,0,0,True,False,False,False,True,False,False,True,False,False,False,False,False,False,False,False,False,False,False,False,True,False,False,False,False,False,False,True,False,False,True,False,False,False,1
99,1,187500.0,0.0,20500.0,1,0,0,0,0,0,0,0,0,0,0,0,1,0,0,1,99,99,0,45,0,0,0,0,23,18,20500.0,18000.0,0.0,0,0.0,0.0,0.0,318.0,0,5,True,False,False,False,True,False,False,True,False,False,False,True,False,False,False,False,False,False,False,False,False,False,False,False,False,False,False,True,False,False,False,True,False,False,1
99,0,999999.0,387.0,18960.0,1,0,1,0,1,0,1,0,0,0,0,0,5,0,0,1,99,99,3,21,1,0,6,0,38,49,7920.0,7920.0,0.0,0,0.0,0.0,0.0,125.0,0,0,True,False,False,False,True,False,False,True,True,False,False,False,False,False,False,False,False,False,False,False,False,False,False,False,False,False,False,True,False,False,False,True,False,False,1
99,1,187500.0,0.0,68203.0,1,1,0,0,0,0,0,0,0,0,2,2,2,0,0,1,99,99,0,60,0,0,6,0,0,0,0.0,0.0,0.0,0,0.0,0.0,0.0,501.0,0,7,True,False,False,False,True,False,False,True,False,False,False,True,False,False,False,False,False,False,False,False,False,False,False,False,True,False,False,False,False,False,True,False,False,False,1
99,0,999999.0,875.0,63000.0,1,1,1,1,0,0,0,0,0,0,2,1,5,3,0,1,16,14,0,38,1,0,2,0,34,49,25000.0,25000.0,0.0,0,0.0,0.0,0.0,426.0,1,2,True,False,False,False,True,False,False,True,False,False,False,True,False,False,False,False,False,False,False,False,False,False,False,False,False,False,False,True,False,False,True,False,False,False,1
99,0,999999.0,337.0,10000.0,1,0,0,0,0,0,0,0,0,0,0,0,1,0,0,1,99,99,0,83,0,0,7,0,0,0,10000.0,0.0,0.0,0,8000.0,0.0,0.0,168.0,0,6,True,False,False,False,True,False,False,True,False,False,False,True,False,False,False,False,False,False,False,False,False,False,False,False,False,False,False,True,False,False,False,False,False,True,1
99,0,999999.0,0.0,999999.0,1,0,0,0,0,0,0,0,0,0,0,0,1,0,0,1,99,99,0,62,1,0,6,0,0,0,0.0,0.0,0.0,0,0.0,0.0,0.0,0.0,1,0,False,True,False,True,False,False,False,True,False,False,False,False,True,False,False,False,False,False,False,False,False,False,False,False,False,False,False,True,False,False,False,False,False,True,1
99,0,999999.0,675.0,20050.0,1,1,1,1,0,0,0,0,0,0,2,2,4,1,1,1,1,1,0,24,0,0,6,0,22,51,2050.0,0.0,0.0,0,0.0,0.0,2050.0,154.0,1,1,True,False,False,False,True,False,False,True,False,False,False,True,False,False,False,False,False,False,False,False,False,False,False,False,False,False,False,True,False,False,True,False,False,False,1
99,1,275000.0,0.0,1404.0,3,2,0,0,0,0,0,0,0,0,0,0,4,0,0,1,99,99,0,64,1,0,0,0,41,68,0.0,0.0,0.0,0,0.0,0.0,0.0,11.0,0,7,True,False,False,False,True,False,False,True,False,False,False,True,False,False,False,False,False,False,False,False,False,False,False,False,False,False,False,True,False,False,False,False,True,False,0
99,0,999999.0,725.0,83000.0,1,1,1,1,2,0,1,1,0,1,0,0,3,0,0,1,99,99,0,0,0,0,7,0,0,0,0.0,999999.0,999999.0,999999,99999.0,99999.0,99999.0,501.0,1,0,True,False,False,False,True,False,False,True,True,False,False,False,False,False,False,False,False,False,False,False,False,False,False,False,False,False,False,True,False,False,False,True,False,False,1
99,1,350000.0,0.0,112870.0,1,1,2,1,5,0,1,0,0,0,2,2,5,2,1,1,6,3,0,31,0,1,8,1,0,0,0.0,0.0,0.0,0,0.0,0.0,0.0,501.0,1,2,True,False,False,False,True,False,False,True,False,False,False,True,False,False,False,False,False,False,False,False,False,False,False,False,False,True,False,False,False,False,True,False,False,False,1
99,1,400000.0,0.0,143515.0,1,1,1,1,0,0,0,0,0,0,2,2,5,3,0,1,10,6,0,39,0,0,8,0,22,51,20000.0,0.0,0.0,0,0.0,0.0,0.0,501.0,0,6,True,False,False,False,True,False,False,True,False,False,False,True,False,False,False,False,False,False,False,False,False,False,False,False,False,False,False,True,False,False,True,False,False,False,1
99,1,112500.0,0.0,42000.0,2,0,0,0,0,0,0,0,0,0,0,0,1,0,0,1,99,99,0,63,0,0,8,0,41,68,42000.0,15000.0,0.0,0,0.0,0.0,0.0,501.0,0,6,True,False,False,False,True,False,False,True,False,False,False,True,False,False,False,False,False,False,False,False,False,False,False,False,False,False,False,True,False,False,False,True,False,False,1
99,1,137500.0,0.0,43728.0,1,1,2,1,6,0,3,0,0,0,0,0,11,0,0,1,99,99,3,5,1,0,0,0,0,0,0.0,999999.0,999999.0,999999,99999.0,99999.0,99999.0,175.0,1,0,True,False,False,False,True,False,False,True,False,False,False,False,False,False,True,False,False,False,False,False,False,False,False,False,False,False,False,True,False,False,False,True,False,False,1
99,1,137500.0,0.0,34000.0,1,1,1,1,0,0,0,0,0,0,1,1,4,2,0,1,14,11,0,43,0,0,4,0,23,18,11000.0,11000.0,0.0,0,0.0,0.0,0.0,270.0,0,0,True,False,False,False,True,False,False,True,False,False,False,False,False,False,False,False,False,False,False,False,True,False,False,False,False,False,False,True,False,False,True,False,False,False,1
99,1,225000.0,0.0,95000.0,1,1,0,0,0,0,0,0,0,0,2,1,2,0,0,1,99,99,0,42,1,0,7,0,31,53,60000.0,60000.0,0.0,0,0.0,0.0,0.0,501.0,1,2,True,False,False,False,True,False,False,True,False,False,False,True,False,False,False,False,False,False,False,False,False,False,False,False,False,False,False,True,False,False,True,False,False,False,1
99,1,275000.0,0.0,56710.0,2,1,0,0,0,0,0,0,0,0,0,0,3,0,0,1,99,99,0,27,1,0,7,0,24,16,13000.0,13000.0,0.0,0,0.0,0.0,0.0,501.0,1,0,True,False,False,False,True,False,False,True,False,False,True,False,False,False,False,False,False,False,False,False,False,False,False,False,False,False,False,True,False,False,False,True,False,False,1
99,0,999999.0,575.0,8040.0,1,1,1,1,2,0,1,1,0,1,0,0,5,0,0,1,99,99,1,2,1,0,7,0,0,0,0.0,999999.0,999999.0,999999,99999.0,99999.0,99999.0,53.0,1,0,True,False,False,False,True,False,False,True,True,False,False,False,False,False,False,False,False,False,False,False,False,False,False,False,False,False,False,True,False,False,False,True,False,False,1
99,1,400000.0,0.0,255516.0,1,1,0,0,0,0,0,0,0,0,2,1,2,0,0,1,99,99,0,58,1,0,8,0,41,68,205516.0,195516.0,0.0,0,0.0,0.0,0.0,501.0,0,6,True,False,False,False,True,False,False,True,False,False,False,True,False,False,False,False,False,False,False,False,False,False,False,False,False,False,False,True,False,False,True,False,False,False,1
99,0,999999.0,625.0,29300.0,1,1,1,1,2,0,1,1,0,1,0,0,8,0,0,1,99,99,5,6,1,1,0,1,0,0,0.0,999999.0,999999.0,999999,99999.0,99999.0,99999.0,135.0,1,0,True,False,False,False,True,False,False,True,True,False,False,False,False,False,False,False,False,False,False,False,False,False,False,False,False,False,False,True,False,False,False,True,False,False,1
99,0,999999.0,875.0,23189.0,1,1,1,1,2,0,1,1,0,1,0,0,6,0,0,1,99,99,3,2,0,0,7,0,0,0,0.0,999999.0,999999.0,999999,99999.0,99999.0,99999.0,140.0,1,0,True,False,False,False,True,False,False,True,True,False,False,False,False,False,False,False,False,False,False,False,False,False,False,False,False,False,False,True,False,False,False,True,False,False,1
99,0,999999.0,512.0,0.0,4,0,0,0,0,0,0,0,0,0,0,0,1,0,0,3,99,99,0,22,0,1,7,2,18,44,2000.0,2000.0,0.0,0,0.0,0.0,0.0,31.0,1,0,True,False,False,False,True,False,False,True,False,False,False,False,False,False,False,False,False,True,False,False,False,False,False,False,False,True,False,False,False,False,False,True,False,False,1
99,1,162500.0,0.0,37240.0,1,1,0,1,0,0,0,3,0,3,0,0,5,0,0,1,99,99,1,3,1,1,0,1,0,0,0.0,999999.0,999999.0,999999,99999.0,99999.0,99999.0,246.0,1,0,True,False,False,False,True,False,False,True,False,False,False,False,False,False,True,False,False,False,False,False,False,False,False,False,False,False,False,True,False,False,False,True,False,False,1
99,0,999999.0,537.0,9000.0,1,0,0,0,0,0,0,0,0,0,0,0,2,0,0,1,99,99,1,26,1,0,6,0,0,0,0.0,0.0,0.0,0,0.0,0.0,0.0,108.0,1,0,True,False,False,False,True,False,False,True,False,False,False,False,False,False,False,False,False,False,True,False,False,False,False,False,False,True,False,False,False,False,False,True,False,False,1
99,1,137500.0,0.0,53000.0,1,1,1,1,0,0,0,0,0,0,2,1,4,2,0,1,13,10,0,33,1,0,7,0,41,68,34000.0,34000.0,0.0,0,0.0,0.0,0.0,421.0,1,2,True,False,False,False,True,False,False,True,False,False,False,True,False,False,False,False,False,False,False,False,False,False,False,False,False,False,False,True,False,False,True,False,False,False,1
99,0,999999.0,625.0,7200.0,1,1,1,1,0,0,0,0,0,0,1,1,4,2,0,1,20,17,0,43,0,0,4,0,0,0,0.0,0.0,0.0,0,0.0,0.0,0.0,55.0,1,0,True,False,False,False,True,False,False,True,False,False,False,False,False,False,False,False,False,False,False,False,True,False,False,False,False,False,False,True,False,False,True,False,False,False,1
99,1,225000.0,0.0,65488.0,1,1,0,0,0,0,0,0,0,0,2,1,3,0,0,1,99,99,0,55,1,0,7,0,26,18,43800.0,36000.0,0.0,0,0.0,0.0,0.0,501.0,0,7,True,False,False,False,True,False,False,True,False,False,False,True,False,False,False,False,False,False,False,False,False,False,False,False,False,False,False,True,False,False,True,False,False,False,1
99,0,999999.0,575.0,806.0,1,0,0,0,0,0,0,0,0,0,0,0,2,0,0,1,99,99,0,17,0,1,4,1,11,11,0.0,0.0,0.0,0,0.0,0.0,0.0,9.0,1,0,True,False,False,False,True,False,False,True,False,False,True,False,False,False,False,False,False,False,False,False,False,False,False,False,False,False,False,True,False,False,False,True,False,False,0
99,0,999999.0,312.0,38613.0,1,1,1,1,2,0,1,1,0,1,0,0,5,0,0,1,99,99,2,6,0,1,0,1,0,0,0.0,999999.0,999999.0,999999,99999.0,99999.0,99999.0,261.0,1,0,True,False,False,False,True,False,False,True,True,False,False,False,False,False,False,False,False,False,False,False,False,False,False,False,False,False,False,True,False,False,False,True,False,False,1
99,1,85000.0,0.0,9880.0,1,0,1,0,0,0,0,0,0,0,0,0,2,1,0,1,18,18,0,72,0,0,5,0,0,0,7336.0,0.0,0.0,0,5016.0,2320.0,0.0,132.0,0,6,True,False,False,False,True,False,False,True,False,False,False,True,False,False,False,False,False,False,False,False,False,False,True,False,False,False,False,False,False,False,False,False,False,True,1
99,1,275000.0,0.0,31520.0,3,0,1,0,0,0,0,0,0,0,0,0,2,1,0,1,33,33,0,53,0,0,6,0,26,22,19020.0,18720.0,0.0,0,0.0,0.0,0.0,380.0,0,6,True,False,False,False,True,False,False,True,False,False,False,True,False,False,False,False,False,False,False,False,False,False,False,False,False,False,False,True,True,False,False,False,False,False,1
99,0,999999.0,387.0,57000.0,2,0,1,0,1,0,1,0,0,0,0,0,5,0,0,1,99,99,3,23,1,0,5,0,16,15,6000.0,6000.0,0.0,0,0.0,0.0,0.0,370.0,1,0,True,False,False,False,True,False,False,True,True,False,False,False,False,False,False,False,False,False,False,False,False,False,True,False,False,False,False,False,False,True,False,False,False,False,1
99,0,999999.0,362.0,14112.0,1,1,0,0,0,0,0,0,0,0,1,1,2,0,0,1,99,99,0,83,0,0,4,0,0,0,4152.0,0.0,0.0,0,4152.0,0.0,0.0,188.0,0,0,True,False,False,False,True,False,False,True,False,False,False,False,False,False,False,False,False,False,False,False,True,False,True,False,False,False,False,False,False,False,True,False,False,False,1
99,0,999999.0,212.0,20677.0,2,0,0,0,0,0,0,0,0,0,0,0,1,0,0,1,99,99,0,50,1,0,7,0,23,18,20677.0,20677.0,0.0,0,0.0,0.0,0.0,321.0,0,6,True,False,False,False,True,False,False,True,False,False,False,True,False,False,False,False,False,False,False,False,False,False,False,False,False,False,False,True,False,False,False,True,False,False,1
99,1,12500.0,0.0,17328.0,1,1,1,1,0,0,0,0,0,0,2,1,4,1,0,1,35,35,1,63,1,0,6,0,0,0,6216.0,0.0,0.0,0,6216.0,0.0,0.0,135.0,0,8,True,False,False,False,True,False,False,True,False,False,False,True,False,False,False,False,False,False,False,False,False,False,False,False,False,False,False,True,False,False,True,False,False,False,1
99,0,999999.0,512.0,18000.0,1,1,1,1,2,0,1,1,0,1,0,0,5,0,0,1,99,99,2,3,0,1,0,2,0,0,0.0,999999.0,999999.0,999999,99999.0,99999.0,99999.0,122.0,1,0,True,False,False,False,True,False,False,True,True,False,False,False,False,False,False,False,False,False,False,False,False,False,False,False,False,False,False,True,False,False,False,True,False,False,1
99,1,187500.0,0.0,85000.0,1,1,1,1,2,0,1,1,0,1,0,0,4,0,0,1,99,99,1,18,0,1,6,1,18,44,0.0,0.0,0.0,0,0.0,0.0,0.0,501.0,1,0,True,False,False,False,True,False,False,True,True,False,False,False,False,False,False,False,False,False,False,False,False,False,False,False,False,False,False,True,False,False,False,True,False,False,1
99,0,999999.0,462.0,67398.0,1,0,1,0,1,0,1,0,0,0,0,0,4,0,0,1,99,99,2,17,0,1,4,2,0,0,0.0,0.0,0.0,0,0.0,0.0,0.0,501.0,1,0,True,False,False,False,True,False,False,True,True,False,False,False,False,False,False,False,False,False,False,False,False,False,False,False,False,False,False,True,False,False,False,True,False,False,1
99,1,112500.0,0.0,11950.0,1,1,0,0,0,0,0,0,0,0,1,2,2,0,0,1,99,99,0,84,1,0,2,0,0,0,5950.0,0.0,0.0,0,5950.0,0.0,0.0,159.0,0,0,True,False,False,False,True,False,False,True,False,False,False,False,False,False,False,False,False,False,False,False,True,False,False,False,False,False,False,True,False,False,True,False,False,False,1
99,0,999999.0,512.0,28500.0,1,1,1,1,0,0,0,0,0,0,0,0,5,0,0,1,99,99,0,34,1,0,7,0,27,67,6500.0,6500.0,0.0,0,0.0,0.0,0.0,182.0,0,0,True,False,False,False,True,False,False,True,False,False,False,False,False,False,True,False,False,False,False,False,False,False,True,False,False,False,False,False,False,True,False,False,False,False,1
99,1,162500.0,0.0,43561.0,1,2,2,2,7,0,3,6,0,3,0,0,11,0,0,1,99,99,2,2,0,0,7,0,0,0,0.0,999999.0,999999.0,999999,99999.0,99999.0,99999.0,174.0,1,0,True,False,False,False,True,False,False,True,False,False,False,False,False,False,True,False,False,False,False,False,False,False,False,False,False,False,False,True,False,False,False,True,False,False,1
99,1,275000.0,0.0,50.0,1,1,1,1,2,0,1,1,0,1,0,0,5,0,0,1,99,99,2,6,0,1,1,1,0,0,0.0,999999.0,999999.0,999999,99999.0,99999.0,99999.0,1.0,1,0,True,False,False,False,True,False,False,True,True,False,False,False,False,False,False,False,False,False,False,False,False,False,False,False,False,False,False,True,False,False,False,True,False,False,1
99,1,400000.0,0.0,88253.0,1,1,0,0,0,0,0,0,0,0,1,1,2,0,0,1,99,99,0,51,0,0,8,0,24,47,-2000.0,0.0,-2000.0,0,0.0,0.0,0.0,501.0,0,0,True,False,False,False,True,False,False,True,False,False,False,False,False,False,False,False,False,False,False,False,True,False,False,False,False,True,False,False,False,False,True,False,False,False,0
99,0,999999.0,725.0,32440.0,1,1,1,1,0,0,0,0,0,0,0,0,6,0,0,1,99,99,2,18,1,0,1,0,20,8,10000.0,10000.0,0.0,0,0.0,0.0,0.0,186.0,1,0,True,False,False,False,True,False,False,True,False,False,False,False,False,False,False,False,False,False,True,False,False,False,False,False,False,False,False,True,False,False,False,True,False,False,1
99,0,999999.0,675.0,27000.0,1,0,0,0,0,0,0,0,0,0,0,0,2,0,0,1,99,99,0,21,0,1,7,1,30,44,18000.0,18000.0,0.0,0,0.0,0.0,0.0,325.0,1,1,True,False,False,False,True,False,False,True,False,False,False,True,False,False,False,False,False,False,False,False,False,False,True,False,False,False,False,False,False,False,False,True,False,False,1
99,0,999999.0,1000.0,47970.0,1,1,1,1,2,0,1,1,0,1,0,0,5,0,0,1,99,99,2,1,1,0,7,0,0,0,0.0,999999.0,999999.0,999999,99999.0,99999.0,99999.0,316.0,1,0,True,False,False,False,True,False,False,True,True,False,False,False,False,False,False,False,False,False,False,False,False,False,False,False,False,False,False,True,False,False,False,True,False,False,1
99,0,999999.0,625.0,11712.0,2,0,1,1,0,0,0,0,0,0,0,0,2,1,0,1,15,15,0,39,0,0,4,0,0,0,7752.0,0.0,0.0,0,3888.0,3864.0,0.0,137.0,1,2,True,False,False,False,True,False,False,True,False,False,False,True,False,False,False,False,False,False,False,False,False,False,True,False,False,False,False,False,False,False,False,False,False,True,1
99,0,999999.0,137.0,8208.0,1,0,1,1,1,0,1,0,0,0,0,0,5,1,1,1,1,1,1,20,1,0,6,0,25,18,0.0,0.0,0.0,0,0.0,0.0,0.0,55.0,1,0,True,False,False,False,True,False,False,True,True,False,False,False,False,False,False,False,False,False,False,False,False,False,True,False,False,False,False,False,False,False,False,True,False,False,1
99,1,112500.0,0.0,15384.0,1,1,0,0,0,0,0,0,0,0,2,2,2,0,0,1,99,99,0,68,0,0,7,0,0,0,6696.0,0.0,0.0,0,6696.0,0.0,0.0,205.0,0,8,True,False,False,False,True,False,False,True,False,False,False,True,False,False,False,False,False,False,False,False,False,False,False,False,False,False,False,True,False,False,True,False,False,False,1
99,0,999999.0,1000.0,217516.0,1,1,1,1,2,0,1,1,0,1,0,0,4,0,0,1,99,99,1,14,0,1,2,2,0,0,0.0,999999.0,999999.0,999999,99999.0,99999.0,99999.0,501.0,1,0,True,False,False,False,True,False,False,True,True,False,False,False,False,False,False,False,False,False,False,False,False,False,False,False,False,False,False,True,False,False,False,True,False,False,1
99,0,999999.0,1000.0,53000.0,2,0,0,0,0,0,0,0,0,0,0,0,1,0,0,2,99,99,0,32,1,0,8,0,37,49,48500.0,48500.0,0.0,0,0.0,0.0,0.0,501.0,1,0,True,False,False,False,True,False,False,True,False,False,False,False,False,False,False,False,False,True,False,False,False,False,False,False,False,False,False,True,True,False,False,False,False,False,1
99,1,350000.0,0.0,142600.0,1,1,0,0,0,0,0,0,0,0,2,1,2,0,0,1,99,99,0,39,1,0,8,0,35,66,52200.0,41000.0,1000.0,0,0.0,0.0,10000.0,501.0,1,2,True,False,False,False,True,False,False,True,False,False,False,True,False,False,False,False,False,False,False,False,False,False,False,False,False,False,False,True,False,False,True,False,False,False,1
99,0,999999.0,0.0,999999.0,1,0,0,0,0,0,0,0,0,0,0,0,1,0,0,1,99,99,0,86,0,0,7,0,0,0,8136.0,0.0,0.0,0,0.0,8136.0,0.0,0.0,0,0,False,False,True,False,False,True,False,True,False,False,False,False,False,True,False,False,False,False,False,False,False,False,False,False,False,False,False,True,False,False,False,False,False,True,1
99,1,162500.0,0.0,45380.0,1,1,1,1,2,0,1,1,0,1,0,0,5,0,0,1,99,99,2,4,1,0,0,0,0,0,0.0,999999.0,999999.0,999999,99999.0,99999.0,99999.0,307.0,1,0,True,False,False,False,True,False,False,True,True,False,False,False,False,False,False,False,False,False,False,False,False,False,False,False,False,False,False,True,False,False,False,True,False,False,1
99,0,999999.0,875.0,8000.0,1,0,1,0,1,0,1,0,0,0,0,0,5,0,0,1,99,99,3,0,0,0,7,0,0,0,0.0,999999.0,999999.0,999999,99999.0,99999.0,99999.0,55.0,1,0,True,False,False,False,True,False,False,True,True,False,False,False,False,False,False,False,False,False,False,False,False,False,True,False,False,False,False,False,False,False,False,True,False,False,1
99,1,400000.0,0.0,54300.0,1,1,1,1,2,0,1,1,0,1,0,0,6,0,0,1,99,99,3,12,0,1,2,1,0,0,0.0,999999.0,999999.0,999999,99999.0,99999.0,99999.0,328.0,0,0,True,False,False,False,True,False,False,True,True,False,False,False,False,False,False,False,False,False,False,False,False,False,False,False,False,False,False,True,False,False,False,True,False,False,1
99,1,400000.0,0.0,254119.0,2,0,0,0,0,0,0,0,0,0,0,0,1,0,0,1,99,99,0,62,1,0,8,0,41,68,254119.0,195516.0,0.0,0,0.0,0.0,0.0,501.0,0,6,True,False,False,False,True,False,False,True,False,False,False,True,False,False,False,False,False,False,False,False,False,False,False,False,False,False,False,True,False,False,False,False,True,False,1
99,1,400000.0,0.0,124015.0,1,1,1,1,0,0,0,0,0,0,2,1,4,2,1,1,7,4,0,35,1,0,8,0,36,66,124015.0,0.0,123515.0,0,0.0,0.0,0.0,501.0,0,2,True,False,False,False,True,False,False,True,False,False,False,True,False,False,False,False,False,False,False,False,False,False,False,False,False,False,False,True,False,False,True,False,False,False,1
99,0,999999.0,625.0,17920.0,1,0,0,0,0,0,0,0,0,0,0,0,1,0,0,1,99,99,0,29,0,0,7,0,37,78,17920.0,17920.0,0.0,0,0.0,0.0,0.0,278.0,1,1,True,False,False,False,True,False,False,True,False,False,False,True,False,False,False,False,False,False,False,False,False,False,False,False,False,True,False,False,False,False,False,True,False,False,1
99,1,225000.0,0.0,20272.0,1,1,0,0,0,0,0,0,0,0,1,1,2,0,0,1,99,99,0,66,0,0,6,0,0,0,0.0,0.0,0.0,0,0.0,0.0,0.0,270.0,0,0,True,False,False,False,True,False,False,True,False,False,False,False,False,False,False,False,False,False,False,False,True,False,False,False,False,False,False,True,False,False,True,False,False,False,1
99,0,999999.0,875.0,75189.0,1,1,1,2,0,0,0,3,0,1,2,1,5,2,0,1,11,9,0,31,1,0,6,0,35,41,32000.0,32000.0,0.0,0,0.0,0.0,0.0,496.0,1,1,True,False,False,False,True,False,False,True,False,False,False,True,False,False,False,False,False,False,False,False,False,False,False,False,False,False,False,True,False,False,True,False,False,False,1
99,1,275000.0,0.0,17000.0,1,0,1,0,0,0,0,0,0,0,0,0,5,0,0,1,99,99,1,21,0,0,1,0,22,61,0.0,0.0,0.0,0,0.0,0.0,0.0,112.0,1,0,True,False,False,False,True,False,False,True,False,False,False,False,False,False,False,False,False,False,True,False,False,False,False,False,False,False,False,True,False,False,False,True,False,False,1
99,1,400000.0,0.0,87341.0,1,1,1,1,0,0,0,0,0,0,1,1,3,1,0,1,20,20,0,59,0,0,8,0,20,52,21975.0,8420.0,460.0,0,0.0,0.0,0.0,501.0,0,0,True,False,False,False,True,False,False,True,False,False,False,False,False,False,False,False,False,False,False,False,True,False,False,False,False,False,False,True,False,False,True,False,False,False,1
99,1,112500.0,0.0,20000.0,1,1,1,1,2,0,1,1,0,1,0,0,3,0,0,1,99,99,0,34,1,0,7,0,20,8,0.0,0.0,0.0,0,0.0,0.0,0.0,206.0,0,0,True,False,False,False,True,False,False,True,True,False,False,False,False,False,False,False,False,False,False,False,False,False,False,False,False,False,False,True,False,False,False,True,False,False,1
99,0,999999.0,362.0,8000.0,1,0,2,0,1,0,1,0,0,0,0,0,5,0,0,1,99,99,1,27,1,0,5,0,30,24,0.0,0.0,0.0,0,0.0,0.0,0.0,53.0,0,0,True,False,False,False,True,False,False,True,True,False,False,False,False,False,False,False,False,False,False,False,False,False,False,False,False,False,False,True,False,False,False,False,True,False,1
99,1,162500.0,0.0,35000.0,1,0,0,1,0,0,0,1,0,1,0,0,3,0,0,1,99,99,1,12,0,1,2,1,0,0,0.0,999999.0,999999.0,999999,99999.0,99999.0,99999.0,350.0,0,0,True,False,False,False,True,False,False,True,True,False,False,False,False,False,False,False,False,False,False,False,False,False,False,False,False,False,False,True,False,False,False,True,False,False,1
99,1,85000.0,0.0,48224.0,1,0,0,0,0,0,0,0,0,0,0,0,1,0,0,1,99,99,0,46,0,0,8,0,24,44,48224.0,48224.0,0.0,0,0.0,0.0,0.0,501.0,1,2,True,False,False,False,True,False,False,True,False,False,False,True,False,False,False,False,False,False,False,False,False,False,False,False,False,False,False,True,False,False,False,True,False,False,1
99,0,999999.0,875.0,28066.0,1,1,1,1,0,0,0,0,0,0,2,1,6,4,2,1,7,2,0,26,1,0,6,0,25,15,20366.0,20366.0,0.0,0,0.0,0.0,0.0,169.0,1,1,True,False,False,False,True,False,False,True,False,False,False,True,False,False,False,False,False,False,False,False,False,False,False,False,False,True,False,False,False,False,True,False,False,False,1
99,1,187500.0,0.0,14343.0,1,0,0,0,0,0,0,0,0,0,0,0,1,0,0,1,99,99,0,74,0,0,2,0,0,0,14343.0,0.0,0.0,0,10054.0,0.0,0.0,241.0,0,8,True,False,False,False,True,False,False,True,False,False,False,True,False,False,False,False,False,False,False,False,False,False,False,False,False,False,False,True,False,False,False,False,False,True,1
99,1,137500.0,0.0,38942.0,1,1,2,1,6,0,1,0,0,0,2,1,6,3,0,1,17,7,0,46,1,0,6,0,23,18,27142.0,20142.0,0.0,0,0.0,0.0,0.0,228.0,0,5,True,False,False,False,True,False,False,True,False,False,False,True,False,False,False,False,False,False,False,False,False,False,False,False,False,False,False,True,False,False,True,False,False,False,1
99,1,95000.0,0.0,42800.0,1,1,1,1,2,0,1,1,0,1,0,0,4,0,0,1,99,99,1,1,1,0,7,0,0,0,0.0,999999.0,999999.0,999999,99999.0,99999.0,99999.0,340.0,1,0,True,False,False,False,True,False,False,True,True,False,False,False,False,False,False,False,False,False,False,False,False,False,False,False,False,False,False,True,False,False,False,True,False,False,1
99,0,999999.0,725.0,3200.0,1,0,0,0,0,0,0,0,0,0,0,0,1,0,0,1,99,99,0,57,1,0,6,0,34,53,3200.0,3200.0,0.0,0,0.0,0.0,0.0,50.0,0,6,True,False,False,False,True,False,False,True,False,False,False,True,False,False,False,False,False,False,False,False,False,False,False,False,False,False,False,True,False,False,False,True,False,False,1
99,0,999999.0,0.0,999999.0,1,0,0,0,0,0,0,0,0,0,0,0,1,0,0,1,99,99,0,25,1,1,7,1,23,18,5000.0,5000.0,0.0,0,0.0,0.0,0.0,0.0,1,0,False,False,True,False,False,True,False,True,False,False,False,False,False,True,False,False,False,False,False,False,False,False,False,False,False,False,False,True,False,False,False,True,False,False,1
99,1,112500.0,0.0,16000.0,1,0,1,0,1,0,1,0,0,0,0,0,2,0,0,1,99,99,0,37,0,0,6,0,27,67,3000.0,3000.0,0.0,0,0.0,0.0,0.0,193.0,1,0,True,False,False,False,True,False,False,True,True,False,False,False,False,False,False,False,False,False,False,False,False,False,False,False,False,False,False,True,False,False,False,True,False,False,1
99,1,225000.0,0.0,0.0,1,0,1,0,1,0,1,0,0,0,0,0,3,0,0,1,99,99,1,16,1,1,4,1,0,0,0.0,0.0,0.0,0,0.0,0.0,0.0,1.0,0,0,True,False,False,False,True,False,False,True,True,False,False,False,False,False,False,False,False,False,False,False,False,False,False,False,False,False,False,True,False,False,False,True,False,False,1
99,1,400000.0,0.0,90000.0,1,1,1,1,2,0,1,1,0,1,0,0,5,0,0,1,99,99,2,10,0,1,1,2,0,0,0.0,999999.0,999999.0,999999,99999.0,99999.0,99999.0,501.0,0,0,True,False,False,False,True,False,False,True,True,False,False,False,False,False,False,False,False,False,False,False,False,False,False,False,False,False,False,True,False,False,False,True,False,False,1
99,1,137500.0,0.0,75000.0,1,1,0,0,0,0,0,0,0,0,2,1,2,0,0,1,99,99,0,28,1,0,7,0,29,34,53000.0,53000.0,0.0,0,0.0,0.0,0.0,501.0,1,1,True,False,False,False,True,False,False,True,False,False,False,True,False,False,False,False,False,False,False,False,False,False,False,False,False,False,False,True,False,False,True,False,False,False,1
99,1,137500.0,0.0,51500.0,1,0,0,0,0,0,0,0,0,0,0,0,1,0,0,1,99,99,0,43,0,1,7,1,25,15,51500.0,0.0,0.0,0,0.0,0.0,16500.0,501.0,1,2,True,False,False,False,True,False,False,True,False,False,False,True,False,False,False,False,False,False,False,False,False,False,False,False,False,False,False,True,True,False,False,False,False,False,1
99,1,95000.0,0.0,91000.0,1,1,2,1,2,0,1,1,0,1,0,0,6,1,1,1,1,1,2,22,0,0,6,0,23,18,12000.0,12000.0,0.0,0,0.0,0.0,0.0,501.0,0,0,True,False,False,False,True,False,False,True,True,False,False,False,False,False,False,False,False,False,False,False,False,False,False,False,False,False,False,True,False,False,False,True,False,False,1
99,1,137500.0,0.0,11000.0,1,0,0,0,0,0,0,0,0,0,0,0,1,0,0,1,99,99,0,43,1,0,7,0,26,22,11000.0,11000.0,0.0,0,0.0,0.0,0.0,171.0,0,6,True,False,False,False,True,False,False,True,False,False,False,True,False,False,False,False,False,False,False,False,False,False,False,False,False,False,False,True,False,False,False,True,False,False,1
99,1,400000.0,0.0,256334.0,1,1,1,1,2,0,1,1,0,1,0,0,4,0,0,1,99,99,1,12,0,1,2,2,0,0,0.0,999999.0,999999.0,999999,99999.0,99999.0,99999.0,501.0,0,0,True,False,False,False,True,False,False,True,True,False,False,False,False,False,False,False,False,False,False,False,False,False,False,False,False,False,False,True,False,False,False,True,False,False,1
99,1,400000.0,0.0,67023.0,1,0,1,0,1,0,1,0,0,0,0,0,2,0,0,1,99,99,0,32,0,1,8,1,23,45,500.0,0.0,0.0,0,0.0,0.0,0.0,501.0,0,0,True,False,False,False,True,False,False,True,True,False,False,False,False,False,False,False,False,False,False,False,False,False,False,False,False,False,False,True,False,False,False,True,False,False,1
99,0,999999.0,625.0,0.0,1,0,0,1,0,0,0,0,0,0,0,0,2,1,0,1,6,6,0,40,1,0,8,0,41,68,0.0,0.0,0.0,0,0.0,0.0,0.0,1.0,1,1,True,False,False,False,True,False,False,True,False,False,False,True,False,False,False,False,False,False,False,False,False,False,False,False,False,True,False,False,False,False,False,False,True,False,1
99,1,350000.0,0.0,32801.0,1,1,2,1,2,0,1,1,0,1,0,0,6,0,0,1,99,99,2,17,1,1,5,2,0,0,0.0,0.0,0.0,0,0.0,0.0,0.0,192.0,0,0,True,False,False,False,True,False,False,True,True,False,False,False,False,False,False,False,False,False,False,False,False,False,False,False,False,False,False,True,False,False,False,True,False,False,1
99,0,999999.0,387.0,17200.0,1,1,1,1,0,0,0,0,0,0,2,1,3,1,1,1,1,1,0,35,1,0,2,0,23,18,17200.0,17200.0,0.0,0,0.0,0.0,0.0,172.0,1,2,True,False,False,False,True,False,False,True,False,False,False,True,False,False,False,False,False,False,False,False,False,False,False,False,False,False,False,True,False,False,True,False,False,False,1
99,1,225000.0,0.0,56702.0,1,1,0,0,0,0,0,0,0,0,1,2,2,0,0,1,99,99,0,68,1,0,7,0,0,0,38150.0,0.0,0.0,0,7920.0,0.0,0.0,501.0,0,0,True,False,False,False,True,False,False,True,False,False,False,False,False,False,False,False,False,False,False,False,True,False,False,False,False,False,False,True,False,False,True,False,False,False,1
99,0,999999.0,875.0,45000.0,1,1,0,0,0,0,0,0,0,0,2,1,2,0,0,1,99,99,0,31,1,0,8,0,20,52,19000.0,16000.0,0.0,0,0.0,0.0,3000.0,501.0,1,1,True,False,False,False,True,False,False,True,False,False,False,True,False,False,False,False,False,False,False,False,False,False,False,False,False,False,False,True,False,False,True,False,False,False,1
99,0,999999.0,875.0,27760.0,1,0,2,0,8,0,1,0,0,0,0,0,11,5,1,1,14,4,4,36,0,0,1,0,22,18,12920.0,8840.0,0.0,0,0.0,4080.0,0.0,111.0,0,1,True,False,False,False,True,False,False,True,False,False,False,True,False,False,False,False,False,False,False,False,False,False,False,False,False,False,False,True,False,False,False,False,False,True,0
99,0,999999.0,537.0,28600.0,1,2,1,2,0,0,0,3,0,1,1,1,9,1,1,1,4,4,3,25,0,0,3,0,23,18,8840.0,8840.0,0.0,0,0.0,0.0,0.0,106.0,1,0,True,False,False,False,True,False,False,True,False,False,False,False,False,False,False,False,False,False,False,False,True,False,False,False,False,False,False,True,False,False,True,False,False,False,1
99,1,225000.0,0.0,34000.0,2,0,1,0,1,0,1,0,0,0,0,0,3,0,0,1,99,99,1,9,1,1,1,2,0,0,0.0,999999.0,999999.0,999999,99999.0,99999.0,99999.0,340.0,0,0,True,False,False,False,True,False,False,True,True,False,False,False,False,False,False,False,False,False,False,False,False,False,False,False,False,False,False,True,False,False,False,True,False,False,1
99,1,400000.0,0.0,95400.0,1,1,1,1,2,0,1,1,0,1,0,0,4,0,0,1,99,99,1,11,0,1,1,1,0,0,0.0,999999.0,999999.0,999999,99999.0,99999.0,99999.0,501.0,1,0,True,False,False,False,True,False,False,True,True,False,False,False,False,False,False,False,False,False,False,False,False,False,False,False,False,False,False,True,False,False,False,True,False,False,1
99,1,47500.0,0.0,24769.0,1,0,0,0,0,0,0,0,0,0,0,0,1,0,0,1,99,99,0,67,0,0,7,0,0,0,24769.0,0.0,0.0,0,9600.0,0.0,0.0,416.0,0,6,True,False,False,False,True,False,False,True,False,False,False,True,False,False,False,False,False,False,False,False,False,False,False,False,False,False,False,True,False,False,False,False,False,True,1
99,1,400000.0,0.0,88929.0,1,1,1,1,2,0,1,1,0,1,0,0,4,0,0,1,99,99,1,13,1,1,2,1,0,0,0.0,999999.0,999999.0,999999,99999.0,99999.0,99999.0,501.0,1,0,True,False,False,False,True,False,False,True,True,False,False,False,False,False,False,False,False,False,False,False,False,False,False,True,False,False,False,False,False,False,False,True,False,False,1
99,0,999999.0,875.0,40000.0,2,0,0,0,0,0,0,0,0,0,0,0,1,0,0,2,99,99,0,24,0,1,7,1,11,16,8000.0,8000.0,0.0,0,0.0,0.0,0.0,124.0,1,0,True,False,False,False,True,False,False,True,False,False,False,False,False,False,False,False,False,True,False,False,False,False,False,False,False,False,False,True,False,False,False,False,True,False,1
99,1,400000.0,0.0,77000.0,1,1,1,1,0,0,0,0,0,0,2,2,3,1,1,1,1,1,0,32,0,0,8,0,31,46,29000.0,29000.0,0.0,0,0.0,0.0,0.0,501.0,1,2,True,False,False,False,True,False,False,True,False,False,False,True,False,False,False,False,False,False,False,False,False,False,False,False,False,False,False,True,False,False,True,False,False,False,1
99,0,999999.0,437.0,29450.0,1,1,1,1,2,0,1,1,0,1,0,0,4,0,0,1,99,99,1,13,1,1,2,1,0,0,0.0,999999.0,999999.0,999999,99999.0,99999.0,99999.0,234.0,0,0,True,False,False,False,True,False,False,True,True,False,False,False,False,False,False,False,False,False,False,False,False,False,False,False,False,False,False,True,False,False,False,True,False,False,1
99,0,999999.0,675.0,23500.0,4,1,1,1,0,0,0,0,0,0,1,1,4,1,0,1,5,5,0,30,0,1,3,1,20,9,6500.0,6500.0,0.0,0,0.0,0.0,0.0,181.0,1,0,True,False,False,False,True,False,False,True,False,False,False,False,False,False,False,False,False,False,False,False,True,False,False,False,False,False,False,True,False,False,True,False,False,False,0
99,1,112500.0,0.0,40000.0,2,0,0,1,0,0,0,0,0,0,0,0,5,0,0,1,99,99,2,21,1,0,6,0,23,18,10000.0,10000.0,0.0,0,0.0,0.0,0.0,264.0,1,0,True,False,False,False,True,False,False,True,False,False,False,False,False,False,False,False,False,False,True,False,False,False,False,False,False,False,False,True,False,False,False,True,False,False,1
99,1,225000.0,0.0,24355.0,1,1,1,1,2,0,1,1,0,1,0,0,3,0,0,1,99,99,0,44,1,0,6,0,22,18,3000.0,3000.0,0.0,0,0.0,0.0,0.0,251.0,0,0,True,False,False,False,True,False,False,True,True,False,False,False,False,False,False,False,False,False,False,False,False,False,False,False,False,False,False,True,True,False,False,False,False,False,1
99,0,999999.0,437.0,39500.0,1,0,0,0,0,0,0,0,0,0,0,0,1,0,0,1,99,99,0,30,1,0,7,0,24,47,39500.0,39000.0,0.0,0,0.0,0.0,0.0,501.0,0,5,True,False,False,False,True,False,False,True,False,False,False,True,False,False,False,False,False,False,False,False,False,False,False,False,False,False,False,True,False,False,False,True,False,False,1
99,1,275000.0,0.0,52040.0,1,1,2,1,2,0,1,1,0,1,0,0,5,0,0,1,99,99,1,14,1,1,2,1,0,0,0.0,999999.0,999999.0,999999,99999.0,99999.0,99999.0,343.0,0,0,True,False,False,False,True,False,False,True,True,False,False,False,False,False,False,False,False,False,False,False,False,False,False,False,False,False,False,True,False,False,False,True,False,False,1
99,1,400000.0,0.0,42476.0,1,1,0,0,0,0,0,0,0,0,1,1,2,0,0,1,99,99,0,59,0,0,8,0,26,72,4000.0,4000.0,0.0,0,0.0,0.0,0.0,501.0,0,0,True,False,False,False,True,False,False,True,False,False,False,False,False,False,False,False,False,False,False,False,True,False,False,False,False,False,False,True,False,False,True,False,False,False,1
99,0,999999.0,675.0,63700.0,1,0,0,0,0,0,0,0,0,0,0,0,1,0,0,1,99,99,0,53,1,0,8,0,35,62,63700.0,54000.0,0.0,0,0.0,0.0,0.0,501.0,0,5,True,False,False,False,True,False,False,True,False,False,False,True,False,False,False,False,False,False,False,False,False,False,False,False,False,False,False,True,True,False,False,False,False,False,1
99,0,999999.0,675.0,21000.0,3,2,1,1,4,0,3,3,0,3,0,0,4,0,0,2,99,99,1,14,1,1,3,1,0,0,0.0,999999.0,999999.0,999999,99999.0,99999.0,99999.0,179.0,0,0,True,False,False,False,True,False,False,True,False,False,False,False,False,True,False,False,False,False,False,False,False,False,False,False,False,False,False,True,False,False,False,True,False,False,1
99,1,400000.0,0.0,209516.0,1,1,1,1,0,0,0,0,0,0,2,1,3,1,0,1,23,23,0,57,1,0,8,0,61,93,203016.0,195516.0,0.0,0,0.0,0.0,0.0,501.0,0,6,True,False,False,False,True,False,False,True,False,False,False,True,False,False,False,False,False,False,False,False,False,False,False,False,False,False,False,True,False,False,True,False,False,False,1
99,0,999999.0,512.0,12000.0,2,0,0,1,0,0,0,1,0,1,0,0,2,0,0,1,99,99,0,13,1,1,2,1,0,0,0.0,999999.0,999999.0,999999,99999.0,99999.0,99999.0,140.0,1,0,True,False,False,False,True,False,False,True,True,False,False,False,False,False,False,False,False,False,False,False,False,False,False,False,False,False,False,True,False,False,False,True,False,False,1
99,0,999999.0,1000.0,52800.0,1,1,1,1,0,0,0,0,0,0,2,1,3,1,1,1,0,0,0,26,1,0,7,0,41,68,40800.0,40000.0,0.0,0,0.0,0.0,0.0,501.0,1,1,True,False,False,False,True,False,False,True,False,False,False,True,False,False,False,False,False,False,False,False,False,False,False,False,False,False,False,True,False,False,True,False,False,False,1
99,1,162500.0,0.0,57000.0,1,1,1,1,0,0,0,0,0,0,1,1,3,1,1,1,0,0,0,31,0,0,7,0,34,53,20000.0,20000.0,0.0,0,0.0,0.0,0.0,501.0,1,0,True,False,False,False,True,False,False,True,False,False,False,False,False,False,False,False,False,False,False,False,True,False,True,False,False,False,False,False,False,False,True,False,False,False,1
99,1,137500.0,0.0,16240.0,1,0,1,0,1,0,1,0,0,0,0,0,7,0,0,1,99,99,5,26,1,0,2,0,0,0,0.0,0.0,0.0,0,0.0,0.0,0.0,79.0,1,0,True,False,False,False,True,False,False,True,True,False,False,False,False,False,False,False,False,False,False,False,False,False,False,False,False,False,False,True,False,False,False,True,False,False,1
99,1,112500.0,0.0,61400.0,1,1,1,1,0,0,0,0,0,0,2,1,5,3,0,1,21,15,0,46,1,0,1,0,25,15,60000.0,40000.0,20000.0,0,0.0,0.0,0.0,392.0,1,6,True,False,False,False,True,False,False,True,False,False,False,True,False,False,False,False,False,False,False,False,False,False,False,False,False,False,False,True,False,False,True,False,False,False,1
99,0,999999.0,625.0,27189.0,1,1,1,1,2,7,1,1,0,1,0,0,4,0,0,1,99,99,1,9,1,0,2,0,0,0,0.0,999999.0,999999.0,999999,99999.0,99999.0,99999.0,216.0,1,0,True,False,False,False,True,False,False,True,True,False,False,False,False,False,False,False,False,False,False,False,False,False,False,False,False,True,False,False,False,False,False,True,False,False,1
99,0,999999.0,487.0,10480.0,1,1,0,0,0,0,0,0,0,0,2,1,2,0,0,1,99,99,0,62,1,1,8,1,41,68,9280.0,5320.0,0.0,0,0.0,0.0,3960.0,126.0,0,5,True,False,False,False,True,False,False,True,False,False,False,True,False,False,False,False,False,False,False,False,False,False,False,False,False,False,False,True,False,False,True,False,False,False,1
99,0,999999.0,387.0,7560.0,1,0,0,0,0,0,0,0,0,0,0,0,1,0,0,1,99,99,0,83,0,0,0,0,0,0,7560.0,0.0,0.0,0,0.0,5040.0,0.0,127.0,0,2,True,False,False,False,True,False,False,True,False,False,False,True,False,False,False,False,False,False,False,False,False,False,False,False,False,True,False,False,False,False,False,False,False,True,1
99,0,999999.0,337.0,13092.0,1,1,0,0,0,0,0,0,0,0,2,1,2,0,0,1,99,99,0,78,1,0,0,0,0,0,8796.0,0.0,0.0,0,4500.0,4296.0,0.0,175.0,0,7,True,False,False,False,True,False,False,True,False,False,False,True,False,False,False,False,False,False,False,False,False,False,True,False,False,False,False,False,False,False,True,False,False,False,1
99,0,999999.0,675.0,40000.0,1,1,1,1,0,0,0,0,0,0,2,1,4,2,0,1,14,10,0,34,1,0,6,0,25,15,38000.0,38000.0,0.0,0,0.0,0.0,0.0,318.0,1,1,True,False,False,False,True,False,False,True,False,False,False,True,False,False,False,False,False,False,False,False,False,False,False,False,False,False,False,True,False,False,True,False,False,False,1
99,1,112500.0,0.0,31000.0,1,0,0,0,0,0,0,0,0,0,0,0,2,0,0,1,99,99,0,20,0,0,6,0,17,8,1000.0,1000.0,0.0,0,0.0,0.0,0.0,373.0,1,0,True,False,False,False,True,False,False,True,False,False,False,False,False,False,True,False,False,False,False,False,False,False,False,False,False,False,False,True,False,True,False,False,False,False,1
99,1,137500.0,0.0,75746.0,1,1,1,1,0,0,0,0,0,0,1,1,3,1,0,1,11,11,0,35,0,0,6,0,20,39,13000.0,13000.0,0.0,0,0.0,0.0,0.0,501.0,1,0,True,False,False,False,True,False,False,True,False,False,False,False,False,False,False,False,False,False,False,False,True,False,False,False,False,False,False,True,False,False,True,False,False,False,1
99,0,999999.0,537.0,4968.0,1,0,1,0,1,0,1,0,0,0,0,0,3,0,0,1,99,99,1,4,1,0,0,0,0,0,0.0,999999.0,999999.0,999999,99999.0,99999.0,99999.0,50.0,1,0,True,False,False,False,True,False,False,True,True,False,False,False,False,False,False,False,False,False,False,False,False,False,False,False,False,False,False,True,False,False,False,True,False,False,1
99,0,999999.0,675.0,27225.0,6,0,0,0,0,0,0,0,0,0,0,0,3,0,0,1,99,99,2,31,1,1,2,1,20,8,14692.0,14692.0,0.0,0,0.0,0.0,0.0,281.0,0,2,True,False,False,False,True,False,False,True,False,False,False,True,False,False,False,False,False,False,False,False,False,False,False,False,False,False,False,True,False,False,False,True,False,False,1
99,0,999999.0,462.0,64400.0,1,1,1,1,0,0,0,0,0,0,0,0,7,0,0,1,99,99,0,22,0,0,6,0,24,44,0.0,0.0,0.0,0,0.0,0.0,0.0,325.0,1,0,True,False,False,False,True,False,False,True,False,False,False,False,False,False,True,False,False,False,False,False,False,False,False,False,False,False,False,True,False,False,False,True,False,False,1
99,0,999999.0,162.0,13005.0,1,0,0,0,0,0,0,0,0,0,0,0,1,0,0,1,99,99,0,52,0,0,6,0,22,45,13005.0,6000.0,0.0,0,0.0,0.0,1008.0,202.0,0,6,True,False,False,False,True,False,False,True,False,False,False,True,False,False,False,False,False,False,False,False,False,False,False,False,True,False,False,False,False,False,False,True,False,False,0
99,0,999999.0,537.0,39075.0,2,0,1,0,0,0,0,0,0,0,0,0,2,1,0,1,11,11,0,31,0,0,4,0,24,44,39075.0,39000.0,0.0,0,0.0,0.0,0.0,457.0,1,1,True,False,False,False,True,False,False,True,False,False,False,True,False,False,False,False,False,False,False,False,False,False,False,False,False,False,False,True,False,False,False,False,True,False,1
99,0,999999.0,1000.0,5000.0,4,0,0,0,0,0,0,0,0,0,0,0,1,0,0,1,99,99,0,21,0,1,6,1,24,44,5000.0,5000.0,0.0,0,0.0,0.0,0.0,78.0,1,1,True,False,False,False,True,False,False,True,False,False,False,True,False,False,False,False,False,False,False,False,False,False,False,False,False,False,False,True,False,False,False,True,False,False,1
99,1,225000.0,0.0,50000.0,1,1,1,1,2,0,1,1,0,1,0,0,5,0,0,1,99,99,1,15,0,1,4,1,0,0,0.0,999999.0,999999.0,999999,0.0,0.0,0.0,330.0,1,0,True,False,False,False,True,False,False,True,True,False,False,False,False,False,False,False,False,False,False,False,False,False,False,False,False,False,False,True,False,False,False,True,False,False,1
99,0,999999.0,875.0,66000.0,1,1,2,1,2,0,1,1,0,1,0,0,4,1,0,1,5,5,0,32,0,1,7,1,24,47,20000.0,20000.0,0.0,0,0.0,0.0,0.0,501.0,0,0,True,False,False,False,True,False,False,True,True,False,False,False,False,False,False,False,False,False,False,False,False,False,False,False,False,False,False,True,False,False,False,True,False,False,1
99,0,999999.0,512.0,7464.0,1,0,0,0,0,0,0,0,0,0,0,0,1,0,0,1,99,99,0,69,0,0,7,0,6,7,7464.0,0.0,0.0,0,6120.0,1344.0,0.0,126.0,0,6,True,False,False,False,True,False,False,True,False,False,False,True,False,False,False,False,False,False,False,False,False,False,False,False,False,False,False,True,False,False,False,False,True,False,1
99,0,999999.0,675.0,12000.0,2,0,1,0,0,0,0,0,0,0,0,0,3,2,1,1,9,4,0,32,0,0,6,0,17,13,12000.0,8000.0,0.0,0,4000.0,0.0,0.0,120.0,1,1,True,False,False,False,True,False,False,True,False,False,False,True,False,False,False,False,False,False,False,False,False,False,False,False,False,False,False,True,False,False,False,True,False,False,1
99,1,400000.0,0.0,61342.0,1,1,0,0,0,0,0,0,0,0,2,1,2,0,0,1,99,99,0,60,1,0,8,0,35,68,51342.0,4727.0,0.0,0,0.0,0.0,0.0,501.0,0,5,True,False,False,False,True,False,False,True,False,False,False,True,False,False,False,False,False,False,False,False,False,False,False,False,False,False,False,True,False,False,True,False,False,False,1
99,0,999999.0,875.0,29340.0,1,0,1,0,2,0,1,0,0,0,0,0,2,0,0,1,99,99,0,34,1,0,8,0,37,78,29340.0,29340.0,0.0,0,0.0,0.0,0.0,353.0,1,2,True,False,False,False,True,False,False,True,False,False,False,True,False,False,False,False,False,False,False,False,False,False,False,False,False,False,False,True,False,False,False,True,False,False,1
99,1,187500.0,0.0,45000.0,1,1,1,1,2,0,1,1,0,1,0,0,5,0,0,1,99,99,2,9,1,1,1,1,0,0,0.0,999999.0,999999.0,999999,99999.0,99999.0,99999.0,304.0,0,0,True,False,False,False,True,False,False,True,True,False,False,False,False,False,False,False,False,False,False,False,False,False,False,False,False,False,False,True,False,False,False,True,False,False,1
99,0,999999.0,725.0,0.0,1,1,1,1,1,0,1,2,0,1,0,0,8,0,0,1,99,99,4,2,1,0,7,0,0,0,0.0,999999.0,999999.0,999999,99999.0,99999.0,99999.0,1.0,1,0,True,False,False,False,True,False,False,True,True,False,False,False,False,False,False,False,False,False,False,False,False,False,True,False,False,False,False,False,False,False,False,True,False,False,1
99,1,275000.0,0.0,17820.0,1,1,0,0,0,0,0,0,0,0,1,1,2,0,0,1,99,99,0,63,0,0,6,0,0,0,0.0,0.0,0.0,0,0.0,0.0,0.0,215.0,0,0,True,False,False,False,True,False,False,True,False,False,False,False,False,False,False,False,False,False,False,False,True,False,False,False,False,False,False,True,False,False,True,False,False,False,1
99,1,162500.0,0.0,36000.0,1,0,0,0,0,0,0,0,0,0,0,0,4,0,0,1,99,99,0,34,0,0,6,0,41,68,30000.0,24000.0,0.0,0,6000.0,0.0,0.0,286.0,1,0,True,False,False,False,True,False,False,True,False,False,False,False,False,False,True,False,False,False,False,False,False,False,False,False,False,False,False,True,True,False,False,False,False,False,1
99,1,275000.0,0.0,114500.0,1,1,1,1,1,0,1,2,0,1,0,0,5,0,0,1,99,99,2,12,0,1,2,2,0,0,0.0,999999.0,999999.0,999999,99999.0,99999.0,99999.0,501.0,1,0,True,False,False,False,True,False,False,True,True,False,False,False,False,False,False,False,False,False,False,False,False,False,False,False,False,False,False,True,False,False,False,True,False,False,1
99,0,999999.0,875.0,45500.0,1,1,0,0,0,0,0,0,0,0,1,1,2,0,0,1,99,99,0,56,0,0,6,0,41,68,12000.0,12000.0,0.0,0,0.0,0.0,0.0,501.0,0,0,True,False,False,False,True,False,False,True,False,False,False,False,False,False,False,False,False,False,False,False,True,False,False,False,False,False,False,True,False,False,True,False,False,False,1
99,1,350000.0,0.0,70000.0,1,1,1,1,0,0,0,0,0,0,1,1,3,1,0,1,26,26,0,49,0,0,6,0,22,61,25000.0,25000.0,0.0,0,0.0,0.0,0.0,501.0,1,0,True,False,False,False,True,False,False,True,False,False,False,False,False,False,False,False,False,False,False,False,True,False,True,False,False,False,False,False,False,False,True,False,False,False,1
99,1,225000.0,0.0,40500.0,1,1,1,1,0,0,0,0,0,0,1,1,4,2,2,1,2,0,0,23,0,0,6,0,0,0,0.0,0.0,0.0,0,0.0,0.0,0.0,322.0,1,0,True,False,False,False,True,False,False,True,False,False,False,False,False,False,False,False,False,False,False,False,True,False,False,False,False,False,False,True,False,False,True,False,False,False,1
99,1,72500.0,0.0,11852.0,1,1,0,0,0,0,0,0,0,0,1,1,2,0,0,1,99,99,0,66,0,0,6,0,0,0,2950.0,0.0,0.0,0,2950.0,0.0,0.0,158.0,1,0,True,False,False,False,True,False,False,True,False,False,False,False,False,False,False,False,False,False,False,False,True,False,False,False,False,False,False,True,False,False,True,False,False,False,1
99,0,999999.0,725.0,35000.0,1,0,1,0,0,0,0,0,0,0,0,0,5,4,0,1,13,8,0,39,0,0,7,0,25,44,35000.0,35000.0,0.0,0,0.0,0.0,0.0,240.0,1,1,True,False,False,False,True,False,False,True,False,False,False,True,False,False,False,False,False,False,False,False,False,False,True,False,False,False,False,False,True,False,False,False,False,False,0
99,1,32500.0,0.0,14400.0,1,1,1,1,0,0,0,0,0,0,2,1,4,2,1,1,10,2,0,38,1,1,7,2,41,68,7200.0,0.0,0.0,0,0.0,0.0,0.0,115.0,1,1,True,False,False,False,True,False,False,True,False,False,False,True,False,False,False,False,False,False,False,False,False,False,False,True,False,False,False,False,False,False,True,False,False,False,1
99,1,275000.0,0.0,38317.0,1,1,1,1,1,0,1,2,0,1,0,0,5,0,0,1,99,99,2,8,1,1,1,1,0,0,0.0,999999.0,999999.0,999999,99999.0,99999.0,99999.0,259.0,0,0,True,False,False,False,True,False,False,True,True,False,False,False,False,False,False,False,False,False,False,False,False,False,False,False,False,False,False,True,False,False,False,True,False,False,1
99,0,999999.0,875.0,69000.0,1,1,1,1,0,0,0,0,0,0,2,1,5,3,1,1,8,0,0,30,1,0,6,0,31,73,45000.0,45000.0,0.0,0,0.0,0.0,0.0,466.0,1,1,True,False,False,False,True,False,False,True,False,False,False,True,False,False,False,False,False,False,False,False,False,False,False,False,False,False,False,True,False,False,True,False,False,False,1
99,1,137500.0,0.0,32200.0,2,0,1,0,1,0,1,0,0,0,0,0,3,0,0,1,99,99,1,16,1,0,4,0,0,0,0.0,0.0,0.0,0,0.0,0.0,0.0,322.0,1,0,True,False,False,False,True,False,False,True,True,False,False,False,False,False,False,False,False,False,False,False,False,False,False,False,False,False,False,True,False,False,False,True,False,False,1
99,0,999999.0,875.0,52700.0,1,0,2,0,1,0,1,0,0,0,0,0,6,0,0,1,99,99,3,5,1,1,0,1,0,0,0.0,999999.0,999999.0,999999,99999.0,99999.0,99999.0,302.0,1,0,True,False,False,False,True,False,False,True,True,False,False,False,False,False,False,False,False,False,False,False,False,False,True,False,False,False,False,False,False,False,False,True,False,False,1
99,0,999999.0,725.0,18000.0,1,0,1,0,1,0,1,0,0,0,0,0,3,0,0,1,99,99,1,18,1,0,4,0,0,0,0.0,0.0,0.0,0,0.0,0.0,0.0,180.0,1,0,True,False,False,False,True,False,False,True,True,False,False,False,False,False,False,False,False,False,False,False,False,False,True,False,False,False,False,False,False,False,False,True,False,False,1
99,1,187500.0,0.0,66000.0,3,0,0,0,0,0,0,0,0,0,0,0,1,0,0,2,99,99,0,23,1,1,8,1,11,11,16000.0,16000.0,0.0,0,0.0,0.0,0.0,248.0,1,0,True,False,False,False,True,False,False,True,False,False,False,False,False,True,False,False,False,False,False,False,False,False,False,False,False,False,False,True,False,False,False,True,False,False,1
99,0,999999.0,412.0,39000.0,1,1,1,1,2,0,1,1,0,1,0,0,5,0,0,1,99,99,1,2,1,0,7,0,0,0,0.0,999999.0,999999.0,999999,99999.0,99999.0,99999.0,257.0,1,0,True,False,False,False,True,False,False,True,True,False,False,False,False,False,False,False,False,False,False,False,False,False,False,False,False,False,False,True,False,False,False,True,False,False,1
99,0,999999.0,675.0,39502.0,1,1,2,1,0,0,0,0,0,0,1,2,5,1,1,1,1,1,0,32,1,0,6,0,25,44,5502.0,365.0,5000.0,0,0.0,0.0,0.0,252.0,1,0,True,False,False,False,True,False,False,True,False,False,False,False,False,False,False,False,False,False,False,False,True,False,False,False,False,False,False,True,False,False,True,False,False,False,1
99,1,400000.0,0.0,56826.0,1,1,1,1,1,0,1,2,0,1,0,0,7,0,0,1,99,99,3,17,0,0,4,0,25,44,8162.0,8162.0,0.0,0,0.0,0.0,0.0,287.0,1,0,True,False,False,False,True,False,False,True,True,False,False,False,False,False,False,False,False,False,False,False,False,False,False,False,False,False,False,True,False,False,False,True,False,False,1
99,0,999999.0,412.0,8000.0,3,0,1,0,0,0,0,0,0,0,0,0,1,0,0,1,99,99,0,30,1,0,3,0,22,10,8000.0,8000.0,0.0,0,0.0,0.0,0.0,124.0,0,2,True,False,False,False,True,False,False,True,False,False,False,True,False,False,False,False,False,False,False,False,False,False,False,False,False,True,False,False,False,False,False,True,False,False,1
99,0,999999.0,625.0,21235.0,1,1,1,1,2,0,1,1,0,1,0,0,10,0,0,1,99,99,6,3,0,0,0,0,0,0,0.0,999999.0,999999.0,999999,99999.0,99999.0,99999.0,85.0,1,0,True,False,False,False,True,False,False,True,True,False,False,False,False,False,False,False,False,False,False,False,False,False,False,False,False,False,False,True,False,False,False,True,False,False,1
99,0,999999.0,487.0,21000.0,1,0,0,1,0,0,0,0,0,0,0,0,3,1,0,1,7,7,1,34,1,0,6,0,41,68,21000.0,21000.0,0.0,0,0.0,0.0,0.0,210.0,1,2,True,False,False,False,True,False,False,True,False,False,False,True,False,False,False,False,False,False,False,False,False,False,False,False,False,False,False,True,True,False,False,False,False,False,1
99,0,999999.0,487.0,2005.0,1,0,0,0,0,0,0,0,0,0,0,0,1,0,0,1,99,99,0,34,1,0,7,0,26,47,-2005.0,0.0,-2005.0,0,0.0,0.0,0.0,31.0,1,2,True,False,False,False,True,False,False,True,False,False,False,True,False,False,False,False,False,False,False,False,False,False,True,False,False,False,False,False,False,False,False,True,False,False,1
99,0,999999.0,575.0,46878.0,1,1,1,1,2,0,1,1,0,1,0,0,4,0,0,1,99,99,1,6,1,1,1,1,0,0,0.0,999999.0,999999.0,999999,99999.0,99999.0,99999.0,373.0,0,0,True,False,False,False,True,False,False,True,True,False,False,False,False,False,False,False,False,False,False,False,False,False,False,False,False,False,False,True,False,False,False,True,False,False,1
99,0,999999.0,725.0,14000.0,3,0,2,0,0,0,0,0,0,0,0,0,1,0,0,3,99,99,0,19,1,1,6,1,24,47,5000.0,5000.0,0.0,0,0.0,0.0,0.0,78.0,1,0,True,False,False,False,True,False,False,True,False,False,False,False,False,False,False,False,False,True,False,False,False,False,False,False,False,False,False,True,False,False,False,True,False,False,1
99,0,999999.0,387.0,25180.0,1,1,1,1,0,0,0,0,0,0,2,1,5,3,1,1,14,1,0,39,1,0,7,0,16,15,18000.0,18000.0,0.0,0,0.0,0.0,0.0,170.0,0,6,True,False,False,False,True,False,False,True,False,False,False,True,False,False,False,False,False,False,False,False,False,False,False,False,False,False,False,True,False,False,True,False,False,False,1
99,0,999999.0,675.0,17112.0,1,0,2,0,2,0,2,0,0,0,0,0,6,0,0,1,99,99,2,6,1,1,0,1,0,0,0.0,999999.0,999999.0,999999,99999.0,99999.0,99999.0,100.0,1,0,True,False,False,False,True,False,False,True,False,False,True,False,False,False,False,False,False,False,False,False,False,False,True,False,False,False,False,False,False,False,False,True,False,False,1
99,0,999999.0,262.0,7908.0,1,0,2,0,0,0,0,0,0,0,0,0,5,1,1,1,0,0,0,17,0,1,6,1,0,0,0.0,0.0,0.0,0,0.0,0.0,0.0,53.0,1,0,True,False,False,False,True,False,False,True,False,True,False,False,False,False,False,False,False,False,False,False,False,False,False,False,False,False,False,True,False,False,False,True,False,False,1
99,0,999999.0,487.0,48520.0,1,1,1,1,0,0,0,0,0,0,2,1,10,8,0,1,25,6,0,54,1,0,1,0,16,15,16560.0,16560.0,0.0,0,0.0,0.0,0.0,189.0,0,6,True,False,False,False,True,False,False,True,False,False,False,True,False,False,False,False,False,False,False,False,False,False,False,False,False,False,False,True,False,False,True,False,False,False,1
99,1,162500.0,0.0,38000.0,1,0,1,0,1,0,1,0,0,0,0,0,3,0,0,1,99,99,1,20,1,0,5,0,20,8,20000.0,20000.0,0.0,0,0.0,0.0,0.0,392.0,0,0,True,False,False,False,True,False,False,True,True,False,False,False,False,False,False,False,False,False,False,False,False,False,False,False,False,False,False,True,False,False,False,True,False,False,1
99,0,999999.0,1000.0,26000.0,4,0,0,0,0,0,0,0,0,0,0,0,1,0,0,1,99,99,0,22,0,0,7,0,30,44,26000.0,26000.0,0.0,0,0.0,0.0,0.0,403.0,1,1,True,False,False,False,True,False,False,True,False,False,False,True,False,False,False,False,False,False,False,False,False,False,False,False,False,False,False,True,False,False,False,True,False,False,1
99,1,400000.0,0.0,260816.0,1,1,1,1,0,0,0,0,0,0,2,1,6,4,0,1,21,14,0,47,1,0,8,0,41,68,256516.0,195516.0,60000.0,0,0.0,0.0,0.0,501.0,0,5,True,False,False,False,True,False,False,True,False,False,False,True,False,False,False,False,False,False,False,False,False,False,False,False,False,False,False,True,False,False,True,False,False,False,1
99,0,999999.0,1.0,7200.0,2,1,1,1,2,0,1,1,0,1,0,0,5,0,0,1,99,99,2,16,0,1,4,1,0,0,0.0,0.0,0.0,0,0.0,0.0,0.0,49.0,0,0,True,False,False,False,True,False,False,True,True,False,False,False,False,False,False,False,False,False,False,False,False,False,False,False,False,True,False,False,False,False,False,True,False,False,1
99,1,225000.0,0.0,37000.0,1,1,1,1,0,0,0,0,0,0,2,1,4,2,0,1,15,12,0,42,1,0,6,0,38,68,37000.0,36000.0,0.0,0,0.0,0.0,0.0,294.0,0,6,True,False,False,False,True,False,False,True,False,False,False,True,False,False,False,False,False,False,False,False,False,False,False,False,False,False,False,True,False,False,True,False,False,False,1
99,0,999999.0,725.0,20500.0,4,1,0,1,0,0,0,0,0,0,0,0,4,0,0,1,99,99,2,31,1,0,2,0,20,8,7500.0,7500.0,0.0,0,0.0,0.0,0.0,160.0,1,1,True,False,False,False,True,False,False,True,False,False,False,True,False,False,False,False,False,False,False,False,False,False,False,False,False,False,False,True,False,False,False,True,False,False,0
99,0,999999.0,675.0,35000.0,1,0,0,0,0,0,0,0,0,0,0,0,1,0,0,1,99,99,0,26,0,0,8,0,41,68,35000.0,31000.0,0.0,0,0.0,0.0,0.0,501.0,1,1,True,False,False,False,True,False,False,True,False,False,False,True,False,False,False,False,False,False,False,False,False,False,False,False,False,False,False,True,False,False,False,True,False,False,1
99,1,400000.0,0.0,109100.0,2,1,1,1,0,0,0,0,0,0,2,1,5,3,0,1,13,7,0,47,1,0,6,0,41,68,100000.0,100000.0,0.0,0,0.0,0.0,0.0,501.0,0,5,True,False,False,False,True,False,False,True,False,False,False,True,False,False,False,False,False,False,False,False,False,False,False,False,False,False,False,True,False,False,True,False,False,False,1
99,0,999999.0,1000.0,10000.0,1,1,1,1,2,0,1,1,0,1,0,0,4,0,0,1,99,99,1,10,1,1,1,2,0,0,0.0,999999.0,999999.0,999999,99999.0,99999.0,99999.0,80.0,1,0,True,False,False,False,True,False,False,True,True,False,False,False,False,False,False,False,False,False,False,False,False,False,False,False,False,True,False,False,False,False,False,True,False,False,1
99,1,275000.0,0.0,57840.0,1,1,1,1,0,0,0,0,0,0,2,1,4,2,1,1,7,3,0,36,1,0,7,0,35,50,46950.0,46800.0,0.0,0,0.0,0.0,0.0,460.0,0,2,True,False,False,False,True,False,False,True,False,False,False,True,False,False,False,False,False,False,False,False,False,False,False,False,False,False,False,True,False,False,True,False,False,False,1
99,1,400000.0,0.0,70603.0,1,0,0,0,0,0,0,0,0,0,0,0,1,0,0,1,99,99,0,64,0,1,6,2,39,81,70603.0,0.0,12000.0,0,0.0,0.0,0.0,501.0,0,7,True,False,False,False,True,False,False,True,False,False,False,True,False,False,False,False,False,False,False,False,False,False,False,False,False,False,False,True,True,False,False,False,False,False,1
99,1,137500.0,0.0,31000.0,1,1,1,1,0,0,0,0,0,0,1,1,4,2,1,1,7,2,0,28,0,0,0,0,29,22,13000.0,13000.0,0.0,0,0.0,0.0,0.0,247.0,1,0,True,False,False,False,True,False,False,True,False,False,False,False,False,False,False,False,False,False,False,False,True,False,False,False,False,False,False,True,False,False,True,False,False,False,1
99,1,400000.0,0.0,111400.0,1,1,1,1,0,0,0,0,0,0,2,1,3,1,0,1,11,11,0,62,1,0,8,0,41,84,108400.0,65000.0,32000.0,0,0.0,0.0,0.0,501.0,0,5,True,False,False,False,True,False,False,True,False,False,False,True,False,False,False,False,False,False,False,False,False,False,False,False,False,False,False,True,False,False,True,False,False,False,1
99,0,999999.0,625.0,9404.0,1,1,1,1,2,7,1,1,0,1,0,0,5,0,0,1,99,99,2,9,0,1,1,1,0,0,0.0,999999.0,999999.0,999999,99999.0,99999.0,99999.0,64.0,1,0,True,False,False,False,True,False,False,True,True,False,False,False,False,False,False,False,False,False,False,False,False,False,False,False,False,False,False,True,False,False,False,True,False,False,1
99,0,999999.0,725.0,90000.0,1,2,2,3,0,0,0,0,0,0,2,1,12,1,1,1,1,1,1,26,1,1,6,1,25,15,20000.0,20000.0,0.0,0,0.0,0.0,0.0,359.0,1,2,True,False,False,False,True,False,False,True,False,False,False,True,False,False,False,False,False,False,False,False,False,False,False,False,False,False,False,True,False,False,True,False,False,False,1
99,1,400000.0,0.0,40000.0,1,0,1,0,1,0,1,0,0,0,0,0,4,0,0,1,99,99,2,14,0,1,2,1,0,0,0.0,999999.0,999999.0,999999,99999.0,99999.0,99999.0,308.0,0,0,True,False,False,False,True,False,False,True,True,False,False,False,False,False,False,False,False,False,False,False,False,False,False,False,False,False,False,True,False,False,False,True,False,False,1
99,0,999999.0,537.0,20000.0,4,0,1,1,0,0,0,0,0,0,0,0,2,1,0,1,31,31,0,66,0,0,1,0,0,0,0.0,0.0,0.0,0,0.0,0.0,0.0,267.0,0,0,True,False,False,False,True,False,False,True,False,False,False,False,False,False,False,True,False,False,False,False,False,False,False,False,False,False,False,True,False,False,False,False,False,True,1
99,1,95000.0,0.0,52000.0,3,2,1,1,0,0,0,0,0,0,7,1,7,0,0,1,99,99,0,27,1,0,3,0,23,18,20000.0,20000.0,0.0,0,0.0,0.0,0.0,263.0,1,0,True,False,False,False,True,False,False,True,False,False,False,False,False,False,True,False,False,False,False,False,False,False,False,False,False,False,False,True,False,False,True,False,False,False,1
99,0,999999.0,462.0,33000.0,2,0,0,1,0,0,0,0,0,0,0,0,4,0,0,1,99,99,0,21,1,0,2,0,18,8,10000.0,10000.0,0.0,0,0.0,0.0,0.0,254.0,0,0,True,False,False,False,True,False,False,True,False,False,False,False,False,False,True,False,False,False,False,False,False,False,False,False,False,False,False,True,False,False,False,True,False,False,1
99,1,400000.0,0.0,100000.0,1,1,1,1,2,0,1,1,0,1,0,0,3,0,0,1,99,99,0,9,1,1,1,1,0,0,0.0,999999.0,999999.0,999999,99999.0,99999.0,99999.0,501.0,0,0,True,False,False,False,True,False,False,True,True,False,False,False,False,False,False,False,False,False,False,False,False,False,False,False,False,False,False,True,False,False,False,True,False,False,1
99,0,999999.0,625.0,25529.0,1,1,1,1,2,0,1,1,0,1,0,0,7,0,0,1,99,99,3,12,0,1,2,1,0,0,0.0,999999.0,999999.0,999999,99999.0,99999.0,99999.0,138.0,0,0,True,False,False,False,True,False,False,True,True,False,False,False,False,False,False,False,False,False,False,False,False,False,False,False,False,False,False,True,False,False,False,True,False,False,1
99,0,999999.0,725.0,33935.0,1,0,1,0,1,0,1,0,0,0,0,0,5,0,0,1,99,99,3,25,0,1,7,1,19,46,24000.0,24000.0,0.0,0,0.0,0.0,0.0,220.0,0,0,True,False,False,False,True,False,False,True,True,False,False,False,False,False,False,False,False,False,False,False,False,False,False,False,False,True,False,False,False,False,False,True,False,False,1
99,1,187500.0,0.0,36000.0,1,1,1,1,2,0,1,1,0,1,0,0,5,0,0,1,99,99,2,9,0,1,1,1,0,0,0.0,999999.0,999999.0,999999,99999.0,99999.0,99999.0,243.0,0,0,True,False,False,False,True,False,False,True,True,False,False,False,False,False,False,False,False,False,False,False,False,False,False,False,False,False,False,True,False,False,False,True,False,False,1
99,0,999999.0,875.0,106000.0,1,0,0,0,0,0,0,0,0,0,0,0,1,0,0,1,99,99,0,33,1,0,8,0,46,84,106000.0,83000.0,20000.0,0,0.0,0.0,0.0,501.0,0,5,True,False,False,False,True,False,False,True,False,False,False,True,False,False,False,False,False,False,False,False,False,False,False,False,False,False,False,True,False,False,False,True,False,False,1
99,1,400000.0,0.0,59500.0,1,1,1,1,0,0,0,0,0,0,2,1,5,3,0,1,20,13,0,45,1,0,7,0,22,32,45000.0,0.0,45000.0,0,0.0,0.0,0.0,392.0,0,6,True,False,False,False,True,False,False,True,False,False,False,True,False,False,False,False,False,False,False,False,False,False,False,False,False,False,False,True,False,False,True,False,False,False,1
99,0,999999.0,625.0,38000.0,1,1,0,0,0,0,0,0,0,0,2,1,2,0,0,1,99,99,0,74,1,0,6,0,22,32,25980.0,15000.0,0.0,0,10020.0,0.0,0.0,501.0,1,1,True,False,False,False,True,False,False,True,False,False,False,True,False,False,False,False,False,False,False,False,False,False,False,False,False,False,False,True,False,False,True,False,False,False,1
99,1,350000.0,0.0,70000.0,1,1,1,1,0,0,0,0,0,0,2,1,4,2,1,1,6,4,0,33,1,0,7,0,41,68,70000.0,70000.0,0.0,0,0.0,0.0,0.0,501.0,1,2,True,False,False,False,True,False,False,True,False,False,False,True,False,False,False,False,False,False,False,False,False,False,False,False,False,False,False,True,False,False,True,False,False,False,1
99,1,350000.0,0.0,75600.0,1,1,1,1,2,0,1,1,0,1,0,0,4,0,0,1,99,99,1,3,0,1,0,2,0,0,0.0,999999.0,999999.0,999999,99999.0,99999.0,99999.0,501.0,1,0,True,False,False,False,True,False,False,True,True,False,False,False,False,False,False,False,False,False,False,False,False,False,False,False,False,False,False,True,False,False,False,True,False,False,1
99,1,112500.0,0.0,23000.0,3,1,1,1,2,0,1,1,0,1,0,0,6,0,0,1,99,99,3,4,1,0,0,0,0,0,0.0,999999.0,999999.0,999999,99999.0,99999.0,99999.0,139.0,1,0,True,False,False,False,True,False,False,True,True,False,False,False,False,False,False,False,False,False,False,False,False,False,False,False,False,False,False,True,False,False,False,True,False,False,1
99,0,999999.0,1000.0,70984.0,1,1,2,1,2,0,1,1,0,1,0,0,4,0,0,1,99,99,0,9,1,1,1,1,0,0,0.0,999999.0,999999.0,999999,99999.0,99999.0,99999.0,501.0,0,0,True,False,False,False,True,False,False,True,True,False,False,False,False,False,False,False,False,False,False,False,False,False,False,False,False,False,False,True,False,False,False,True,False,False,1
99,1,162500.0,0.0,34950.0,2,0,0,0,0,0,0,0,0,0,0,0,1,0,0,2,99,99,0,36,0,1,6,1,24,44,29250.0,29000.0,0.0,0,0.0,0.0,0.0,453.0,0,0,True,False,False,False,True,False,False,True,False,False,False,False,False,False,False,False,False,True,False,False,False,False,False,False,False,True,False,False,True,False,False,False,False,False,1
99,0,999999.0,575.0,20113.0,1,1,0,0,0,0,0,0,0,0,1,1,2,0,0,1,99,99,0,77,0,0,5,0,0,0,3730.0,0.0,0.0,0,3730.0,0.0,0.0,268.0,0,0,True,False,False,False,True,False,False,True,False,False,False,False,False,False,False,False,False,False,False,False,True,False,False,False,False,False,False,True,False,False,True,False,False,False,1
99,1,350000.0,0.0,74559.0,1,1,1,1,0,0,0,0,0,0,1,1,8,5,0,1,16,5,0,35,0,0,8,0,22,18,20405.0,20405.0,0.0,0,0.0,0.0,0.0,354.0,0,0,True,False,False,False,True,False,False,True,False,False,False,False,False,False,False,False,False,False,False,False,True,False,False,False,False,False,False,True,False,False,True,False,False,False,1
99,1,162500.0,0.0,36075.0,1,1,1,1,2,0,1,1,0,1,0,0,5,0,0,1,99,99,2,15,0,1,4,1,0,0,0.0,999999.0,999999.0,999999,0.0,0.0,0.0,244.0,0,0,True,False,False,False,True,False,False,True,True,False,False,False,False,False,False,False,False,False,False,False,False,False,False,False,False,False,False,True,False,False,False,True,False,False,1
99,0,999999.0,875.0,15189.0,1,0,1,0,0,0,0,0,0,0,0,0,5,4,0,1,17,12,0,38,0,0,2,0,0,0,15189.0,0.0,0.0,0,0.0,15189.0,0.0,104.0,1,1,True,False,False,False,True,False,False,True,False,False,False,True,False,False,False,False,False,False,False,False,False,False,False,False,False,False,False,True,False,False,False,False,False,True,1
99,1,350000.0,0.0,70600.0,1,1,1,1,2,7,1,1,0,1,0,0,6,0,0,1,99,99,3,16,1,1,4,1,18,44,0.0,0.0,0.0,0,0.0,0.0,0.0,413.0,1,0,True,False,False,False,True,False,False,True,True,False,False,False,False,False,False,False,False,False,False,False,False,False,True,False,False,False,False,False,False,False,False,True,False,False,1
99,0,999999.0,575.0,0.0,3,0,0,0,0,0,0,0,0,0,0,0,1,0,0,3,99,99,0,59,1,0,0,0,0,0,0.0,0.0,0.0,0,0.0,0.0,0.0,1.0,0,0,True,False,False,False,True,False,False,True,False,False,False,False,False,False,False,False,False,True,False,False,False,False,False,False,False,False,False,True,False,False,False,False,True,False,1
99,0,999999.0,0.0,999999.0,1,0,0,0,0,0,0,0,0,0,0,0,1,0,0,1,99,99,0,25,1,0,7,0,30,24,24000.0,24000.0,0.0,0,0.0,0.0,0.0,0.0,1,0,False,True,False,True,False,False,False,True,False,False,False,False,True,False,False,False,False,False,False,False,False,False,False,False,False,False,False,True,False,True,False,False,False,False,1
99,0,999999.0,675.0,25760.0,1,0,1,1,0,0,0,0,0,0,0,0,3,1,0,1,32,32,0,58,0,0,3,0,0,0,7560.0,0.0,0.0,0,0.0,0.0,0.0,258.0,0,5,True,False,False,False,True,False,False,True,False,False,False,True,False,False,False,False,False,False,False,False,False,False,False,False,False,False,False,True,True,False,False,False,False,False,1
99,1,400000.0,0.0,27000.0,1,1,0,0,0,0,0,0,0,0,2,1,2,0,0,1,99,99,0,81,1,0,2,0,0,0,15000.0,0.0,0.0,0,12000.0,0.0,0.0,360.0,0,7,True,False,False,False,True,False,False,True,False,False,False,True,False,False,False,False,False,False,False,False,False,False,False,False,True,False,False,False,False,False,True,False,False,False,1
99,1,95000.0,0.0,42581.0,1,1,0,0,0,0,0,0,0,0,2,2,2,0,0,1,99,99,0,68,0,0,8,0,5,25,25861.0,2792.0,0.0,0,1294.0,0.0,0.0,501.0,0,8,True,False,False,False,True,False,False,True,False,False,False,True,False,False,False,False,False,False,False,False,False,False,False,False,False,False,False,True,False,False,True,False,False,False,1
99,0,999999.0,537.0,8928.0,2,0,1,0,1,0,1,0,0,0,0,0,3,0,0,1,99,99,1,4,1,1,0,1,0,0,0.0,999999.0,999999.0,999999,99999.0,99999.0,99999.0,89.0,1,0,True,False,False,False,True,False,False,True,True,False,False,False,False,False,False,False,False,False,False,False,False,False,False,False,False,False,False,True,False,False,False,True,False,False,1
99,1,85000.0,0.0,26044.0,1,1,1,1,2,0,1,1,0,1,0,0,4,0,0,1,99,99,1,12,1,1,2,1,0,0,0.0,999999.0,999999.0,999999,99999.0,99999.0,99999.0,207.0,1,0,True,False,False,False,True,False,False,True,True,False,False,False,False,False,False,False,False,False,False,False,False,False,False,False,False,True,False,False,False,False,False,True,False,False,1
99,0,999999.0,875.0,41000.0,2,2,2,2,4,0,2,3,0,2,0,0,6,0,0,1,99,99,0,2,1,0,7,0,0,0,0.0,999999.0,999999.0,999999,99999.0,99999.0,99999.0,230.0,1,0,True,False,False,False,True,False,False,True,False,False,True,False,False,False,False,False,False,False,False,False,False,False,False,False,False,False,False,True,False,False,False,True,False,False,1
99,0,999999.0,512.0,20000.0,1,1,1,1,0,0,0,0,0,0,2,1,6,3,2,1,8,2,0,29,1,0,6,0,20,9,10000.0,10000.0,0.0,0,0.0,0.0,0.0,117.0,1,5,True,False,False,False,True,False,False,True,False,False,False,True,False,False,False,False,False,False,False,False,False,False,False,False,False,False,False,True,False,False,True,False,False,False,1
99,0,999999.0,875.0,32000.0,1,1,1,1,2,0,1,1,0,1,0,0,6,0,0,1,99,99,3,9,0,1,1,1,0,0,0.0,999999.0,999999.0,999999,99999.0,99999.0,99999.0,193.0,1,0,True,False,False,False,True,False,False,True,True,False,False,False,False,False,False,False,False,False,False,False,False,False,False,False,False,False,False,True,False,False,False,True,False,False,1
99,0,999999.0,675.0,24200.0,1,2,2,2,0,0,0,0,0,0,1,1,12,3,0,1,16,5,1,33,0,1,8,1,22,6,5000.0,5000.0,0.0,0,0.0,0.0,0.0,94.0,0,0,True,False,False,False,True,False,False,True,False,False,False,False,False,False,False,False,False,False,False,False,True,False,False,False,False,False,False,True,False,False,True,False,False,False,1
99,0,999999.0,675.0,12815.0,2,0,0,0,0,0,0,0,0,0,0,0,1,0,0,1,99,99,0,61,0,0,6,0,24,44,12815.0,0.0,0.0,0,5700.0,0.0,0.0,199.0,0,7,True,False,False,False,True,False,False,True,False,False,False,True,False,False,False,False,False,False,False,False,False,False,False,False,False,False,False,True,True,False,False,False,False,False,1
99,0,999999.0,725.0,25646.0,2,0,0,0,0,0,0,0,0,0,0,0,1,0,0,2,99,99,0,28,0,0,8,0,24,44,23000.0,23000.0,0.0,0,0.0,0.0,0.0,357.0,1,0,True,False,False,False,True,False,False,True,False,False,False,False,False,False,False,False,False,True,False,False,False,False,False,False,True,False,False,False,False,False,False,True,False,False,1
99,0,999999.0,512.0,26000.0,1,0,1,0,1,0,1,0,0,0,0,0,3,0,0,1,99,99,1,7,0,1,1,1,0,0,0.0,999999.0,999999.0,999999,99999.0,99999.0,99999.0,260.0,0,0,True,False,False,False,True,False,False,True,True,False,False,False,False,False,False,False,False,False,False,False,False,False,True,False,False,False,False,False,False,False,False,True,False,False,1
99,0,999999.0,875.0,44800.0,1,0,0,1,0,0,0,0,0,0,0,0,2,1,1,1,2,2,0,29,1,0,6,0,24,44,44800.0,43000.0,0.0,0,0.0,1800.0,0.0,501.0,1,1,True,False,False,False,True,False,False,True,False,False,False,True,False,False,False,False,False,False,False,False,False,False,False,False,False,False,False,True,False,False,False,False,False,True,1
99,1,400000.0,0.0,14200.0,1,1,0,0,0,0,0,0,0,0,2,1,2,0,0,1,99,99,0,72,1,0,0,0,16,15,11000.0,0.0,5000.0,0,4000.0,0.0,0.0,189.0,1,8,True,False,False,False,True,False,False,True,False,False,False,True,False,False,False,False,False,False,False,False,False,False,False,False,True,False,False,False,False,False,True,False,False,False,1
99,0,999999.0,512.0,33000.0,1,1,1,1,2,0,1,1,0,1,0,0,5,0,0,1,99,99,2,19,0,1,6,1,20,9,11000.0,11000.0,0.0,0,0.0,0.0,0.0,211.0,1,0,True,False,False,False,True,False,False,True,True,False,False,False,False,False,False,False,False,False,False,False,False,False,False,False,False,True,False,False,False,False,False,True,False,False,1
99,0,999999.0,675.0,25620.0,1,0,0,0,0,0,0,0,0,0,0,0,1,0,0,1,99,99,0,54,0,0,0,0,22,61,25620.0,25620.0,0.0,0,0.0,0.0,0.0,397.0,0,6,True,False,False,False,True,False,False,True,False,False,False,True,False,False,False,False,False,False,False,False,False,False,False,False,False,False,False,True,True,False,False,False,False,False,0
99,0,999999.0,462.0,4000.0,3,0,0,0,0,0,0,0,0,0,0,0,1,0,0,2,99,99,0,19,1,1,3,1,20,8,0.0,0.0,0.0,0,0.0,0.0,0.0,1.0,1,0,True,False,False,False,True,False,False,True,False,False,False,False,False,False,False,False,False,True,False,False,False,False,False,False,False,False,False,True,False,False,False,True,False,False,0
99,0,999999.0,337.0,33316.0,2,0,1,0,1,0,1,0,0,0,0,0,3,0,0,1,99,99,1,29,0,1,7,1,26,72,15000.0,15000.0,0.0,0,0.0,0.0,0.0,343.0,0,0,True,False,False,False,True,False,False,True,True,False,False,False,False,False,False,False,False,False,False,False,False,False,False,False,False,False,False,True,False,False,False,True,False,False,0
99,1,400000.0,0.0,111513.0,1,1,1,1,2,0,1,1,0,1,0,0,4,0,0,1,99,99,1,20,0,1,7,1,24,47,2687.0,1463.0,0.0,0,0.0,0.0,0.0,501.0,0,0,True,False,False,False,True,False,False,True,True,False,False,False,False,False,False,False,False,False,False,False,False,False,False,False,False,False,False,True,False,False,False,True,False,False,1
99,1,162500.0,0.0,49000.0,1,0,0,0,0,0,0,0,0,0,0,0,1,0,0,1,99,99,0,70,0,0,8,0,26,72,49000.0,34700.0,0.0,0,0.0,0.0,0.0,501.0,0,6,True,False,False,False,True,False,False,True,False,False,False,True,False,False,False,False,False,False,False,False,False,False,False,False,False,False,False,True,False,False,False,False,False,True,1
99,1,137500.0,0.0,46800.0,1,1,3,1,1,0,1,0,0,0,0,0,10,3,0,1,9,6,3,34,0,0,0,0,0,0,9600.0,0.0,0.0,0,0.0,9600.0,0.0,182.0,0,0,True,False,False,False,True,False,False,True,True,False,False,False,False,False,False,False,False,False,False,False,False,False,False,False,False,False,False,True,False,False,False,False,True,False,1
99,1,400000.0,0.0,15800.0,1,0,0,0,0,0,0,0,0,0,0,0,1,0,0,1,99,99,0,47,1,0,0,0,23,18,15800.0,12000.0,0.0,0,0.0,0.0,0.0,245.0,1,1,True,False,False,False,True,False,False,True,False,False,False,True,False,False,False,False,False,False,False,False,False,False,False,False,False,False,False,True,False,False,False,True,False,False,1
99,0,999999.0,875.0,12500.0,1,0,1,0,0,0,0,0,0,0,0,0,3,2,0,1,9,7,0,40,0,0,6,0,30,44,12500.0,12000.0,0.0,0,0.0,0.0,500.0,125.0,1,1,True,False,False,False,True,False,False,True,False,False,False,True,False,False,False,False,False,False,False,False,False,False,False,False,False,False,False,True,False,False,False,False,True,False,1
99,1,275000.0,0.0,46731.0,1,1,0,0,0,0,0,0,0,0,1,1,2,0,0,1,99,99,0,66,0,0,6,0,0,0,3000.0,0.0,0.0,0,3000.0,0.0,0.0,501.0,0,0,True,False,False,False,True,False,False,True,False,False,False,False,False,False,False,False,False,False,False,False,True,False,False,False,False,False,False,True,False,False,True,False,False,False,1
99,0,999999.0,362.0,23000.0,1,1,1,1,2,0,1,1,0,1,0,0,8,0,0,1,99,99,5,11,1,1,2,1,0,0,0.0,999999.0,999999.0,999999,99999.0,99999.0,99999.0,109.0,0,0,True,False,False,False,True,False,False,True,True,False,False,False,False,False,False,False,False,False,False,False,False,False,False,False,False,False,False,True,False,False,False,True,False,False,1
99,0,999999.0,537.0,29600.0,1,1,1,1,0,0,0,0,0,0,2,1,6,3,0,1,22,15,0,52,1,0,0,0,23,16,8600.0,8600.0,0.0,0,0.0,0.0,0.0,166.0,1,2,True,False,False,False,True,False,False,True,False,False,False,True,False,False,False,False,False,False,False,False,False,False,False,False,False,False,False,True,False,False,True,False,False,False,1
99,0,999999.0,625.0,10264.0,1,1,1,1,0,0,0,0,0,0,1,1,4,2,1,1,5,1,0,34,0,0,2,0,0,0,0.0,0.0,0.0,0,0.0,0.0,0.0,82.0,0,0,True,False,False,False,True,False,False,True,False,False,False,False,False,False,False,False,False,False,False,False,True,False,False,False,False,False,False,True,False,False,True,False,False,False,1
99,0,999999.0,462.0,8400.0,1,1,1,1,0,0,0,0,0,0,1,1,6,4,2,1,10,3,0,35,0,0,2,0,0,0,2400.0,0.0,0.0,0,2400.0,0.0,0.0,51.0,1,0,True,False,False,False,True,False,False,True,False,False,False,False,False,False,False,False,False,False,False,False,True,False,False,True,False,False,False,False,False,False,True,False,False,False,1
99,1,275000.0,0.0,68100.0,1,1,2,1,8,0,1,0,0,0,2,1,8,5,0,1,21,13,0,44,1,0,4,0,30,27,36600.0,16300.0,16000.0,0,1300.0,0.0,0.0,306.0,1,6,True,False,False,False,True,False,False,True,False,False,False,True,False,False,False,False,False,False,False,False,False,False,False,False,False,False,False,True,False,False,True,False,False,False,1
99,1,162500.0,0.0,18000.0,1,1,0,0,0,0,0,0,0,0,2,1,2,0,0,1,99,99,0,53,1,0,6,0,0,0,0.0,0.0,0.0,0,0.0,0.0,0.0,217.0,0,6,True,False,False,False,True,False,False,True,False,False,False,True,False,False,False,False,False,False,False,False,False,False,False,False,False,False,False,True,False,False,True,False,False,False,1
99,0,999999.0,875.0,30000.0,4,0,0,1,0,0,0,0,0,0,0,0,1,0,0,4,99,99,0,35,0,0,8,0,41,68,75000.0,70000.0,0.0,0,0.0,0.0,0.0,501.0,0,0,True,False,False,False,True,False,False,True,False,False,False,False,False,False,False,False,False,True,False,False,False,False,False,False,False,False,False,True,True,False,False,False,False,False,1
99,1,225000.0,0.0,75500.0,1,1,1,1,0,0,0,0,0,0,1,1,4,2,0,1,11,9,0,35,0,0,7,0,24,44,32500.0,32500.0,0.0,0,0.0,0.0,0.0,501.0,1,0,True,False,False,False,True,False,False,True,False,False,False,False,False,False,False,False,False,False,False,False,True,False,False,False,False,False,False,True,False,False,True,False,False,False,1
99,0,999999.0,875.0,41000.0,2,0,0,0,0,0,0,0,0,0,0,0,1,0,0,1,99,99,0,29,0,0,7,0,30,24,41000.0,41000.0,0.0,0,0.0,0.0,0.0,501.0,1,1,True,False,False,False,True,False,False,True,False,False,False,True,False,False,False,False,False,False,False,False,False,False,False,False,False,False,False,True,False,False,False,True,False,False,1
99,0,999999.0,575.0,26500.0,2,0,0,1,0,0,0,0,0,0,0,0,1,0,0,2,99,99,0,42,0,0,0,0,17,13,5000.0,0.0,5000.0,0,0.0,0.0,0.0,78.0,0,0,True,False,False,False,True,False,False,True,False,False,False,False,False,False,False,False,False,True,False,False,False,False,False,False,False,False,False,True,True,False,False,False,False,False,0
99,1,400000.0,0.0,113036.0,1,1,1,1,0,0,0,0,0,0,1,1,5,3,0,1,21,14,0,45,0,0,8,0,23,18,4000.0,0.0,2000.0,0,0.0,0.0,0.0,501.0,0,0,True,False,False,False,True,False,False,True,False,False,False,False,False,False,False,False,False,False,False,False,True,False,False,False,False,False,False,True,False,False,True,False,False,False,0
99,0,999999.0,625.0,20000.0,1,0,1,0,0,0,0,0,0,0,0,0,2,1,0,1,18,18,0,36,0,0,7,0,41,68,15000.0,15000.0,0.0,0,0.0,0.0,0.0,241.0,1,2,True,False,False,False,True,False,False,True,False,False,False,True,False,False,False,False,False,False,False,False,False,False,True,False,False,False,False,False,False,False,False,False,True,False,1
99,0,999999.0,725.0,17500.0,2,0,1,0,1,0,1,0,0,0,0,0,5,0,0,1,99,99,3,4,0,0,0,0,0,0,0.0,999999.0,999999.0,999999,99999.0,99999.0,99999.0,112.0,1,0,True,False,False,False,True,False,False,True,True,False,False,False,False,False,False,False,False,False,False,False,False,False,False,False,False,False,False,True,False,False,False,True,False,False,1
99,0,999999.0,625.0,40000.0,3,0,0,0,0,0,0,0,0,0,0,0,1,0,0,1,99,99,0,26,1,0,8,0,29,27,40000.0,40000.0,0.0,0,0.0,0.0,0.0,501.0,1,1,True,False,False,False,True,False,False,True,False,False,False,True,False,False,False,False,False,False,False,False,False,False,False,False,False,False,False,True,False,False,False,True,False,False,1
99,1,137500.0,0.0,36000.0,1,1,1,1,2,0,1,1,0,1,0,0,4,0,0,1,99,99,1,19,0,1,7,1,22,45,21000.0,21000.0,0.0,0,0.0,0.0,0.0,281.0,0,0,True,False,False,False,True,False,False,True,True,False,False,False,False,False,False,False,False,False,False,False,False,False,False,False,False,False,False,True,False,False,False,True,False,False,1
99,1,225000.0,0.0,18000.0,1,0,0,0,0,0,0,0,0,0,0,0,1,0,0,1,99,99,0,75,0,0,6,0,0,0,18000.0,0.0,0.0,0,11000.0,0.0,0.0,303.0,0,6,True,False,False,False,True,False,False,True,False,False,False,True,False,False,False,False,False,False,False,False,False,False,False,False,False,False,False,True,False,False,False,True,False,False,1
99,1,225000.0,0.0,44000.0,1,1,0,0,0,0,0,0,0,0,1,1,2,0,0,1,99,99,0,58,0,0,6,0,0,0,0.0,0.0,0.0,0,0.0,0.0,0.0,501.0,0,0,True,False,False,False,True,False,False,True,False,False,False,False,False,False,False,False,False,False,False,False,True,False,False,False,False,False,False,True,False,False,True,False,False,False,1
99,0,999999.0,575.0,70189.0,1,1,1,1,0,0,0,0,0,0,0,0,13,0,0,1,99,99,1,19,0,1,2,1,18,44,5000.0,5000.0,0.0,0,0.0,0.0,0.0,280.0,1,0,True,False,False,False,True,False,False,True,False,False,False,False,False,False,False,False,False,False,False,True,False,False,False,False,False,False,False,True,False,False,False,True,False,False,0
99,1,275000.0,0.0,27120.0,1,1,1,1,0,0,0,0,0,0,2,1,3,1,0,1,42,42,0,71,1,0,6,0,0,0,7318.0,0.0,0.0,0,7318.0,0.0,0.0,280.0,0,7,True,False,False,False,True,False,False,True,False,False,False,True,False,False,False,False,False,False,False,False,False,False,False,False,False,False,False,True,False,False,True,False,False,False,1
99,1,225000.0,0.0,43000.0,1,1,1,1,2,0,1,1,0,1,0,0,6,0,0,1,99,99,2,12,1,1,2,1,0,0,0.0,999999.0,999999.0,999999,99999.0,99999.0,99999.0,247.0,0,0,True,False,False,False,True,False,False,True,True,False,False,False,False,False,False,False,False,False,False,False,False,False,False,False,False,False,False,True,False,False,False,True,False,False,1
99,0,999999.0,725.0,37000.0,1,1,1,1,2,0,1,1,0,1,0,0,5,0,0,1,99,99,2,8,1,0,1,0,0,0,0.0,999999.0,999999.0,999999,99999.0,99999.0,99999.0,250.0,1,0,True,False,False,False,True,False,False,True,True,False,False,False,False,False,False,False,False,False,False,False,False,False,False,False,False,False,False,True,False,False,False,True,False,False,1
99,1,400000.0,0.0,11210.0,1,1,1,1,0,0,0,0,0,0,2,1,3,1,0,1,25,25,0,52,1,0,6,0,31,65,11000.0,0.0,3000.0,0,0.0,0.0,0.0,116.0,0,6,True,False,False,False,True,False,False,True,False,False,False,True,False,False,False,False,False,False,False,False,False,False,False,False,False,False,False,True,False,False,True,False,False,False,0
99,1,275000.0,0.0,16946.0,1,0,0,1,0,0,0,0,0,0,0,0,2,1,0,1,44,44,0,74,1,0,6,0,0,0,15126.0,0.0,0.0,0,7872.0,0.0,0.0,226.0,0,8,True,False,False,False,True,False,False,True,False,False,False,True,False,False,False,False,False,False,False,False,False,False,False,False,False,False,False,True,False,False,False,False,False,True,1
99,1,400000.0,0.0,25780.0,1,1,0,0,0,0,0,0,0,0,2,1,2,0,0,1,99,99,0,79,1,0,7,0,0,0,24016.0,0.0,0.0,0,8628.0,0.0,0.0,344.0,0,8,True,False,False,False,True,False,False,True,False,False,False,True,False,False,False,False,False,False,False,False,False,False,False,False,False,False,False,True,False,False,True,False,False,False,1
99,1,400000.0,0.0,65500.0,1,1,1,1,0,0,0,0,0,0,1,1,4,2,2,1,2,0,0,31,0,0,8,0,39,81,12000.0,0.0,12000.0,0,0.0,0.0,0.0,501.0,1,0,True,False,False,False,True,False,False,True,False,False,False,False,False,False,False,False,False,False,False,False,True,False,False,False,False,False,False,True,False,False,True,False,False,False,1
99,1,77500.0,0.0,64700.0,1,1,0,0,0,0,0,0,0,0,2,1,2,0,0,1,99,99,0,53,1,0,6,0,41,68,55400.0,52000.0,0.0,0,0.0,0.0,0.0,501.0,0,5,True,False,False,False,True,False,False,True,False,False,False,True,False,False,False,False,False,False,False,False,False,False,False,False,False,False,False,True,False,False,True,False,False,False,1
99,1,225000.0,0.0,60580.0,1,1,1,1,0,0,0,0,0,0,1,1,3,1,0,1,26,26,0,65,0,0,5,0,0,0,0.0,0.0,0.0,0,0.0,0.0,0.0,501.0,0,0,True,False,False,False,True,False,False,True,False,False,False,False,False,False,False,False,False,False,False,False,True,False,False,False,False,False,False,True,False,False,True,False,False,False,1
99,0,999999.0,412.0,7224.0,1,0,0,0,0,0,0,0,0,0,0,0,1,0,0,1,99,99,0,78,0,0,6,0,0,0,7224.0,0.0,0.0,0,0.0,7224.0,0.0,121.0,1,2,True,False,False,False,True,False,False,True,False,False,False,True,False,False,False,False,False,False,False,False,False,False,False,True,False,False,False,False,False,False,False,False,False,True,1
99,0,999999.0,1000.0,0.0,2,0,0,0,0,0,0,0,0,0,0,0,1,0,0,2,99,99,0,20,0,0,6,0,24,47,7500.0,7500.0,0.0,0,0.0,0.0,0.0,116.0,1,0,True,False,False,False,True,False,False,True,False,False,False,False,False,False,False,False,False,True,False,False,False,False,True,False,False,False,False,False,False,False,False,True,False,False,1
99,1,400000.0,0.0,143515.0,1,1,1,1,1,0,1,2,0,1,0,0,5,0,0,1,99,99,2,10,0,1,1,1,0,0,0.0,999999.0,999999.0,999999,99999.0,99999.0,99999.0,501.0,0,0,True,False,False,False,True,False,False,True,True,False,False,False,False,False,False,False,False,False,False,False,False,False,False,False,False,False,False,True,False,False,False,True,False,False,1
99,1,400000.0,0.0,104000.0,1,1,1,1,2,0,1,1,0,1,0,0,4,0,0,1,99,99,1,1,1,0,7,0,0,0,0.0,999999.0,999999.0,999999,99999.0,99999.0,99999.0,501.0,1,0,True,False,False,False,True,False,False,True,True,False,False,False,False,False,False,False,False,False,False,False,False,False,False,False,False,False,False,True,False,False,False,True,False,False,1
99,0,999999.0,625.0,44685.0,1,1,1,1,0,0,0,0,0,0,1,1,4,1,1,1,3,3,0,24,0,0,2,0,0,0,0.0,0.0,0.0,0,0.0,0.0,0.0,344.0,1,0,True,False,False,False,True,False,False,True,False,False,False,False,False,False,False,False,False,False,False,False,True,False,False,False,False,False,False,True,False,False,True,False,False,False,1
99,1,225000.0,0.0,103603.0,1,1,1,1,2,0,1,1,0,1,0,0,4,0,0,1,99,99,1,10,1,1,2,1,0,0,0.0,999999.0,999999.0,999999,99999.0,99999.0,99999.0,501.0,1,0,True,False,False,False,True,False,False,True,True,False,False,False,False,False,False,False,False,False,False,False,False,False,False,False,False,True,False,False,False,False,False,True,False,False,1
99,1,162500.0,0.0,36075.0,1,1,1,1,0,0,0,0,0,0,1,1,5,3,0,1,15,9,0,32,0,0,4,0,41,72,1025.0,1000.0,0.0,0,0.0,0.0,0.0,244.0,0,0,True,False,False,False,True,False,False,True,False,False,False,False,False,False,False,False,False,False,False,False,True,False,False,False,False,False,False,True,False,False,True,False,False,False,1
99,0,999999.0,575.0,22885.0,2,0,1,0,1,0,1,0,0,0,0,0,3,0,0,1,99,99,1,19,1,0,6,0,25,18,7200.0,7200.0,0.0,0,0.0,0.0,0.0,236.0,1,0,True,False,False,False,True,False,False,True,True,False,False,False,False,False,False,False,False,False,False,False,False,False,False,False,False,False,False,True,False,False,False,True,False,False,1
99,1,400000.0,0.0,150800.0,2,1,1,1,1,0,1,2,0,1,0,0,4,0,0,1,99,99,1,19,0,1,7,1,24,47,8000.0,0.0,0.0,0,0.0,0.0,0.0,501.0,1,0,True,False,False,False,True,False,False,True,True,False,False,False,False,False,False,False,False,False,False,False,False,False,False,False,False,False,False,True,False,False,False,True,False,False,1
99,1,350000.0,0.0,123800.0,1,1,2,1,3,0,2,0,0,0,0,0,4,0,0,1,99,99,0,9,0,1,1,1,0,0,0.0,999999.0,999999.0,999999,99999.0,99999.0,99999.0,501.0,1,0,True,False,False,False,True,False,False,True,False,False,True,False,False,False,False,False,False,False,False,False,False,False,False,False,False,False,False,True,False,False,False,True,False,False,1
99,1,350000.0,0.0,109401.0,1,2,1,1,0,0,0,0,0,0,1,1,4,1,0,1,64,64,0,83,0,0,7,0,0,0,41381.0,0.0,0.0,0,2184.0,0.0,0.0,501.0,0,0,True,False,False,False,True,False,False,True,False,False,False,False,False,False,False,False,False,False,False,False,True,False,False,False,False,False,False,True,False,False,True,False,False,False,1
99,1,225000.0,0.0,48556.0,1,1,1,1,0,0,0,0,0,0,2,1,4,2,2,1,4,1,0,39,1,0,8,0,23,45,48256.0,47256.0,0.0,0,0.0,0.0,0.0,386.0,0,2,True,False,False,False,True,False,False,True,False,False,False,True,False,False,False,False,False,False,False,False,False,False,False,False,False,False,False,True,False,False,True,False,False,False,1
99,1,72500.0,0.0,12000.0,1,0,0,0,0,0,0,0,0,0,0,0,1,0,0,1,99,99,0,85,0,0,7,0,24,44,12000.0,0.0,0.0,0,6000.0,0.0,0.0,202.0,0,2,True,False,False,False,True,False,False,True,False,False,False,True,False,False,False,False,False,False,False,False,False,False,False,False,False,False,False,True,False,False,False,False,False,True,1
99,0,999999.0,725.0,24820.0,1,0,1,0,1,0,1,0,0,0,0,0,2,0,0,1,99,99,0,11,0,1,1,1,0,0,0.0,999999.0,999999.0,999999,99999.0,99999.0,99999.0,290.0,1,0,True,False,False,False,True,False,False,True,True,False,False,False,False,False,False,False,False,False,False,False,False,False,True,False,False,False,False,False,False,False,False,True,False,False,1
99,0,999999.0,462.0,28000.0,1,1,1,1,0,0,0,0,0,0,2,1,3,1,0,1,12,12,0,61,1,0,6,0,6,7,17000.0,17000.0,0.0,0,0.0,0.0,0.0,281.0,0,5,True,False,False,False,True,False,False,True,False,False,False,True,False,False,False,False,False,False,False,False,False,False,False,False,False,True,False,False,False,False,True,False,False,False,1
99,1,112500.0,0.0,27224.0,1,1,1,1,0,0,0,0,0,0,1,1,5,3,2,1,8,4,0,39,0,0,6,0,0,0,0.0,0.0,0.0,0,0.0,0.0,0.0,184.0,1,0,True,False,False,False,True,False,False,True,False,False,False,False,False,False,False,False,False,False,False,False,True,False,False,False,False,False,False,True,False,False,True,False,False,False,1
99,0,999999.0,725.0,40484.0,1,0,1,0,0,0,0,0,0,0,0,0,3,2,0,1,18,9,0,43,0,0,8,0,19,46,40234.0,32662.0,0.0,0,7572.0,0.0,0.0,406.0,0,5,True,False,False,False,True,False,False,True,False,False,False,True,False,False,False,False,False,False,False,False,False,False,False,False,False,False,False,True,True,False,False,False,False,False,1
99,1,225000.0,0.0,29001.0,1,1,0,0,0,0,0,0,0,0,2,2,2,0,0,1,99,99,0,70,0,0,8,0,0,0,10047.0,0.0,0.0,0,5603.0,0.0,0.0,387.0,0,8,True,False,False,False,True,False,False,True,False,False,False,True,False,False,False,False,False,False,False,False,False,False,False,False,False,False,False,True,False,False,True,False,False,False,1
99,1,137500.0,0.0,82500.0,2,1,2,1,0,0,0,0,0,0,5,1,7,1,0,1,10,10,0,27,0,0,2,0,23,18,2400.0,2400.0,0.0,0,0.0,0.0,0.0,410.0,1,0,True,False,False,False,True,False,False,True,False,False,False,False,False,False,True,False,False,False,False,False,False,False,False,False,False,False,False,True,False,False,True,False,False,False,1
99,1,350000.0,0.0,114000.0,1,1,1,1,2,0,1,1,0,1,0,0,4,0,0,1,99,99,1,24,1,0,8,0,46,84,18000.0,18000.0,0.0,0,0.0,0.0,0.0,501.0,0,0,True,False,False,False,True,False,False,True,True,False,False,False,False,False,False,False,False,False,False,False,False,False,False,False,False,False,False,True,False,False,False,True,False,False,1
99,0,999999.0,512.0,14600.0,1,1,1,1,2,0,1,1,0,1,0,0,4,0,0,1,99,99,1,12,1,1,2,1,0,0,0.0,999999.0,999999.0,999999,99999.0,99999.0,99999.0,116.0,1,0,True,False,False,False,True,False,False,True,True,False,False,False,False,False,False,False,False,False,False,False,False,False,False,True,False,False,False,False,False,False,False,True,False,False,1
99,0,999999.0,512.0,24473.0,1,2,2,2,5,0,1,4,0,1,0,0,9,0,0,1,99,99,2,16,1,1,5,1,24,47,260.0,260.0,0.0,0,0.0,0.0,0.0,91.0,1,0,True,False,False,False,True,False,False,True,False,False,False,False,False,False,False,False,False,False,True,False,False,False,False,False,False,False,False,True,False,False,False,True,False,False,1
99,0,999999.0,112.0,7800.0,1,0,0,0,0,0,0,0,0,0,0,0,4,0,0,1,99,99,0,2,1,0,7,0,0,0,0.0,999999.0,999999.0,999999,99999.0,99999.0,99999.0,62.0,1,0,True,False,False,False,True,False,False,True,False,False,False,False,False,False,True,False,False,False,False,False,False,False,True,False,False,False,False,False,False,False,False,True,False,False,1
99,0,999999.0,575.0,28000.0,1,0,0,0,0,0,0,0,0,0,0,0,1,0,0,1,99,99,0,43,1,0,7,0,31,40,28000.0,28000.0,0.0,0,0.0,0.0,0.0,434.0,1,2,True,False,False,False,True,False,False,True,False,False,False,True,False,False,False,False,False,False,False,False,False,False,True,False,False,False,False,False,True,False,False,False,False,False,0
99,1,162500.0,0.0,81973.0,1,1,1,2,2,0,1,1,0,1,0,0,8,0,0,1,99,99,2,23,1,1,7,2,41,68,13000.0,13000.0,0.0,0,0.0,0.0,0.0,368.0,0,0,True,False,False,False,True,False,False,True,True,False,False,False,False,False,False,False,False,False,False,False,False,False,False,False,False,False,False,True,False,False,False,True,False,False,1
99,1,137500.0,0.0,18000.0,1,1,1,1,2,0,1,1,0,1,0,0,5,0,0,1,99,99,2,17,1,1,4,1,0,0,0.0,0.0,0.0,0,0.0,0.0,0.0,122.0,1,0,True,False,False,False,True,False,False,True,True,False,False,False,False,False,False,False,False,False,False,False,False,False,False,False,False,False,False,True,False,False,False,True,False,False,1
99,1,275000.0,0.0,10000.0,2,1,1,1,0,0,0,0,0,0,2,1,4,1,0,1,17,17,0,45,1,0,2,0,26,19,0.0,0.0,0.0,0,0.0,0.0,0.0,77.0,0,5,True,False,False,False,True,False,False,True,False,False,False,True,False,False,False,False,False,False,False,False,False,False,False,False,False,False,False,True,False,False,True,False,False,False,1
99,1,400000.0,0.0,59750.0,1,1,0,0,0,0,0,0,0,0,2,1,2,0,0,1,99,99,0,83,1,0,7,0,41,68,45590.0,3500.0,0.0,0,23090.0,0.0,0.0,501.0,0,7,True,False,False,False,True,False,False,True,False,False,False,True,False,False,False,False,False,False,False,False,False,False,False,False,False,False,False,True,False,False,True,False,False,False,1
99,1,400000.0,0.0,15090.0,1,2,2,2,0,0,0,0,0,0,5,1,6,1,0,1,46,46,0,70,0,0,2,0,0,0,0.0,0.0,0.0,0,0.0,0.0,0.0,87.0,1,0,True,False,False,False,True,False,False,True,False,False,False,False,False,False,False,True,False,False,False,False,False,False,False,True,False,False,False,False,False,False,True,False,False,False,1
99,1,225000.0,0.0,20800.0,1,1,1,1,0,0,0,0,0,0,2,1,4,2,1,1,5,2,0,33,1,0,7,0,31,33,4800.0,4800.0,0.0,0,0.0,0.0,0.0,165.0,0,5,True,False,False,False,True,False,False,True,False,False,False,True,False,False,False,False,False,False,False,False,False,False,False,False,False,True,False,False,False,False,True,False,False,False,1
99,1,400000.0,0.0,75500.0,1,1,1,1,0,0,0,0,0,0,1,1,4,2,2,1,4,2,0,37,0,0,7,0,35,44,3000.0,0.0,0.0,0,0.0,0.0,0.0,501.0,1,0,True,False,False,False,True,False,False,True,False,False,False,False,False,False,False,False,False,False,False,False,True,False,False,False,False,False,False,True,False,False,True,False,False,False,1
99,1,162500.0,0.0,46000.0,3,1,1,1,0,0,0,0,0,0,0,0,1,0,0,2,99,99,0,26,0,0,2,0,22,18,12000.0,12000.0,0.0,0,0.0,0.0,0.0,186.0,1,0,True,False,False,False,True,False,False,True,False,False,False,False,False,True,False,False,False,False,False,False,False,False,False,False,False,False,False,True,False,False,False,True,False,False,1
99,0,999999.0,725.0,15189.0,1,0,1,0,1,0,1,0,0,0,0,0,8,0,0,1,99,99,6,12,0,1,2,1,0,0,0.0,999999.0,999999.0,999999,99999.0,99999.0,99999.0,75.0,0,0,True,False,False,False,True,False,False,True,True,False,False,False,False,False,False,False,False,False,False,False,False,False,False,False,False,False,False,True,False,False,False,True,False,False,1
99,0,999999.0,537.0,45600.0,1,1,1,1,2,0,1,1,0,1,0,0,8,0,0,1,99,99,5,0,1,0,7,0,0,0,0.0,999999.0,999999.0,999999,99999.0,99999.0,99999.0,216.0,1,0,True,False,False,False,True,False,False,True,True,False,False,False,False,False,False,False,False,False,False,False,False,False,False,False,False,False,False,True,False,False,False,True,False,False,1
99,1,350000.0,0.0,84600.0,1,1,1,1,2,0,1,1,0,1,0,0,4,0,0,1,99,99,1,5,0,1,0,2,0,0,0.0,999999.0,999999.0,999999,99999.0,99999.0,99999.0,501.0,1,0,True,False,False,False,True,False,False,True,True,False,False,False,False,False,False,False,False,False,False,False,False,False,False,True,False,False,False,False,False,False,False,True,False,False,1
99,0,999999.0,462.0,40800.0,1,2,1,1,0,0,0,0,0,0,4,1,8,0,0,1,99,99,0,25,1,0,2,0,20,9,10000.0,10000.0,0.0,0,0.0,0.0,0.0,188.0,0,0,True,False,False,False,True,False,False,True,False,False,False,False,False,False,False,False,False,False,False,True,False,False,False,False,False,False,False,True,False,False,True,False,False,False,1
99,0,999999.0,1000.0,84000.0,1,1,0,0,0,0,0,0,0,0,1,1,2,0,0,1,99,99,0,38,0,0,8,0,37,78,62000.0,60000.0,2000.0,0,0.0,0.0,0.0,501.0,1,0,True,False,False,False,True,False,False,True,False,False,False,False,False,False,False,False,False,False,False,False,True,False,False,False,False,False,False,True,False,False,True,False,False,False,1
99,0,999999.0,875.0,37000.0,1,0,1,0,1,0,1,0,0,0,0,0,7,0,0,1,99,99,3,28,0,0,7,0,0,0,0.0,0.0,0.0,0,0.0,0.0,0.0,184.0,1,0,True,False,False,False,True,False,False,True,True,False,False,False,False,False,False,False,False,False,False,False,False,False,False,False,False,False,False,True,False,False,False,True,False,False,1
99,1,225000.0,0.0,12624.0,1,1,1,1,2,0,1,1,3,1,0,0,3,0,0,1,99,99,0,55,1,0,6,0,31,18,0.0,0.0,0.0,0,0.0,0.0,0.0,130.0,0,0,True,False,False,False,True,False,False,True,True,False,False,False,False,False,False,False,False,False,False,False,False,False,False,False,False,False,False,True,True,False,False,False,False,False,1
99,0,999999.0,0.0,999999.0,1,0,0,0,0,0,0,0,0,0,0,0,1,0,0,1,99,99,0,38,0,0,8,0,0,0,3541.0,0.0,0.0,0,0.0,716.0,2825.0,0.0,1,0,False,True,False,True,False,False,False,True,False,False,False,False,True,False,False,False,False,False,False,False,False,False,False,False,False,False,False,True,False,False,False,True,False,False,1
99,1,275000.0,0.0,32000.0,1,1,1,1,2,0,1,1,0,1,0,0,4,0,0,1,99,99,1,3,0,0,0,0,0,0,0.0,999999.0,999999.0,999999,99999.0,99999.0,99999.0,254.0,1,0,True,False,False,False,True,False,False,True,True,False,False,False,False,False,False,False,False,False,False,False,False,False,False,False,False,False,False,True,False,False,False,True,False,False,1
99,0,999999.0,362.0,3638.0,1,0,0,0,0,0,0,0,0,0,0,0,1,0,0,1,99,99,0,88,1,0,5,0,0,0,3638.0,0.0,0.0,0,0.0,0.0,0.0,61.0,1,5,True,False,False,False,True,False,False,True,False,False,False,True,False,False,False,False,False,False,False,False,False,False,False,False,False,False,False,True,False,False,False,False,False,True,1
99,1,85000.0,0.0,30320.0,1,1,1,1,2,0,1,1,0,1,0,0,6,0,0,1,99,99,3,14,1,1,3,1,0,0,0.0,999999.0,999999.0,999999,99999.0,99999.0,99999.0,174.0,0,0,True,False,False,False,True,False,False,True,True,False,False,False,False,False,False,False,False,False,False,False,False,False,False,False,False,False,False,True,False,False,False,True,False,False,1
99,1,187500.0,0.0,85000.0,1,1,1,1,2,0,1,1,0,1,0,0,4,0,0,1,99,99,1,20,0,0,6,0,22,52,12000.0,12000.0,0.0,0,0.0,0.0,0.0,501.0,0,0,True,False,False,False,True,False,False,True,True,False,False,False,False,False,False,False,False,False,False,False,False,False,False,False,False,False,False,True,False,False,False,True,False,False,1
99,1,225000.0,0.0,62585.0,1,1,0,0,0,0,0,0,0,0,0,0,3,0,0,1,99,99,0,13,0,1,2,1,0,0,0.0,999999.0,999999.0,999999,99999.0,99999.0,99999.0,501.0,0,0,True,False,False,False,True,False,False,True,False,False,True,False,False,False,False,False,False,False,False,False,False,False,False,False,False,False,False,True,False,False,False,True,False,False,1
99,1,225000.0,0.0,57000.0,1,1,1,1,2,0,1,1,0,1,0,0,6,0,0,1,99,99,3,11,0,1,2,2,0,0,0.0,999999.0,999999.0,999999,99999.0,99999.0,99999.0,344.0,0,0,True,False,False,False,True,False,False,True,True,False,False,False,False,False,False,False,False,False,False,False,False,False,False,False,False,False,False,True,False,False,False,True,False,False,1
99,1,350000.0,0.0,100000.0,1,1,1,1,2,7,1,1,0,1,0,0,4,0,0,1,99,99,1,9,0,1,1,1,0,0,0.0,999999.0,999999.0,999999,99999.0,99999.0,99999.0,501.0,1,0,True,False,False,False,True,False,False,True,True,False,False,False,False,False,False,False,False,False,False,False,False,False,False,False,False,False,False,True,False,False,False,True,False,False,1
99,0,999999.0,875.0,33000.0,2,1,2,2,2,0,1,1,0,1,0,0,5,0,0,1,99,99,1,2,1,0,7,0,0,0,0.0,999999.0,999999.0,999999,99999.0,99999.0,99999.0,218.0,1,0,True,False,False,False,True,False,False,True,True,False,False,False,False,False,False,False,False,False,False,False,False,False,False,False,False,False,False,True,False,False,False,True,False,False,1
99,1,400000.0,0.0,193515.0,2,1,1,1,0,0,0,0,0,0,0,0,1,0,0,2,99,99,0,20,0,1,7,2,24,44,800.0,800.0,0.0,0,0.0,0.0,0.0,12.0,0,0,True,False,False,False,True,False,False,True,False,False,False,False,False,True,False,False,False,False,False,False,False,False,False,False,False,False,False,True,False,False,False,True,False,False,1
99,0,999999.0,512.0,18000.0,2,0,0,1,0,0,0,0,0,0,0,0,2,1,0,1,5,5,0,33,1,0,6,0,23,18,18000.0,18000.0,0.0,0,0.0,0.0,0.0,211.0,0,5,True,False,False,False,True,False,False,True,False,False,False,True,False,False,False,False,False,False,False,False,False,False,False,False,False,False,False,True,False,False,False,True,False,False,1
99,1,137500.0,0.0,45750.0,1,1,1,1,2,0,1,1,0,1,0,0,7,0,0,1,99,99,4,19,1,0,6,0,24,47,1750.0,1750.0,0.0,0,0.0,0.0,0.0,238.0,0,0,True,False,False,False,True,False,False,True,True,False,False,False,False,False,False,False,False,False,False,False,False,True,False,False,False,False,False,False,False,False,False,True,False,False,1
99,0,999999.0,537.0,18000.0,1,1,1,1,2,0,1,1,0,1,0,0,5,0,0,1,99,99,2,9,0,1,1,1,0,0,0.0,999999.0,999999.0,999999,99999.0,99999.0,99999.0,122.0,1,0,True,False,False,False,True,False,False,True,True,False,False,False,False,False,False,False,False,False,False,False,False,False,False,False,False,False,False,True,False,False,False,True,False,False,1
99,0,999999.0,1000.0,33000.0,3,0,0,0,0,0,0,0,0,0,0,0,1,0,0,1,99,99,0,25,1,0,8,0,25,44,33000.0,33000.0,0.0,0,0.0,0.0,0.0,501.0,1,1,True,False,False,False,True,False,False,True,False,False,False,True,False,False,False,False,False,False,False,False,False,False,False,False,False,False,False,True,False,False,False,True,False,False,1
99,1,275000.0,0.0,26620.0,1,1,0,0,0,0,0,0,0,0,1,1,2,0,0,1,99,99,0,77,0,1,4,1,0,0,13820.0,0.0,0.0,0,4486.0,0.0,0.0,355.0,0,0,True,False,False,False,True,False,False,True,False,False,False,False,False,False,False,False,False,False,False,False,True,False,False,False,False,False,False,True,False,False,True,False,False,False,1
99,1,350000.0,0.0,86800.0,1,1,2,1,2,0,1,1,0,1,0,0,4,0,0,1,99,99,0,30,1,0,7,0,41,68,24000.0,24000.0,0.0,0,0.0,0.0,0.0,501.0,0,0,True,False,False,False,True,False,False,True,True,False,False,False,False,False,False,False,False,False,False,False,False,False,False,False,False,False,False,True,False,False,False,True,False,False,1
99,1,400000.0,0.0,74216.0,1,1,0,0,0,0,0,0,0,0,1,1,2,0,0,1,99,99,0,55,0,0,4,0,22,51,25108.0,24000.0,0.0,0,0.0,0.0,0.0,501.0,0,0,True,False,False,False,True,False,False,True,False,False,False,False,False,False,False,False,False,False,False,False,True,False,False,False,False,False,False,True,False,False,True,False,False,False,1
99,0,999999.0,137.0,7224.0,1,0,0,0,0,0,0,0,0,0,0,0,1,0,0,1,99,99,0,78,0,0,7,0,0,0,7224.0,0.0,0.0,0,0.0,7224.0,0.0,121.0,0,1,True,False,False,False,True,False,False,True,False,False,False,True,False,False,False,False,False,False,False,False,False,False,False,False,False,True,False,False,False,False,False,False,False,True,1
99,0,999999.0,337.0,35000.0,1,0,0,0,0,0,0,0,0,0,0,0,1,0,0,1,99,99,0,42,1,0,6,0,24,19,35000.0,0.0,20000.0,0,0.0,0.0,15000.0,501.0,0,5,True,False,False,False,True,False,False,True,False,False,False,True,False,False,False,False,False,False,False,False,False,False,False,False,False,False,False,True,False,False,False,True,False,False,1
99,0,999999.0,725.0,34000.0,1,0,1,0,1,0,1,0,0,0,0,0,3,0,0,1,99,99,1,6,1,1,0,1,0,0,0.0,999999.0,999999.0,999999,99999.0,99999.0,99999.0,340.0,1,0,True,False,False,False,True,False,False,True,True,False,False,False,False,False,False,False,False,False,False,False,False,False,True,False,False,False,False,False,False,False,False,True,False,False,1
99,1,400000.0,0.0,60900.0,1,1,1,1,0,0,0,0,0,0,1,2,4,2,0,1,14,13,0,37,1,0,7,0,41,68,45000.0,0.0,50000.0,0,0.0,0.0,0.0,484.0,1,0,True,False,False,False,True,False,False,True,False,False,False,False,False,False,False,False,False,False,False,False,True,False,False,False,False,False,False,True,False,False,True,False,False,False,1
99,1,137500.0,0.0,87743.0,1,1,1,1,2,0,1,1,0,1,0,0,4,0,0,1,99,99,1,26,0,0,7,0,24,44,23054.0,23054.0,0.0,0,0.0,0.0,0.0,501.0,0,0,True,False,False,False,True,False,False,True,True,False,False,False,False,False,False,False,False,False,False,False,False,False,False,False,True,False,False,False,False,False,False,True,False,False,1
99,0,999999.0,1000.0,48373.0,2,0,0,0,0,0,0,0,0,0,0,0,1,0,0,1,99,99,0,39,1,0,7,0,41,68,48373.0,48373.0,0.0,0,0.0,0.0,0.0,501.0,1,1,True,False,False,False,True,False,False,True,False,False,False,True,False,False,False,False,False,False,False,False,False,False,False,False,False,False,False,True,True,False,False,False,False,False,1
99,1,162500.0,0.0,54750.0,1,0,1,0,2,0,1,0,0,0,0,0,3,0,0,1,99,99,1,41,0,0,7,0,31,53,36000.0,33500.0,0.0,0,0.0,0.0,0.0,501.0,0,7,True,False,False,False,True,False,False,True,False,False,False,True,False,False,False,False,False,False,False,False,False,False,False,False,False,False,False,True,False,False,False,True,False,False,1
99,1,400000.0,0.0,7525.0,1,0,0,1,0,0,0,0,0,0,0,0,4,2,0,1,9,7,0,48,1,0,7,0,25,44,325.0,325.0,0.0,0,0.0,0.0,0.0,60.0,0,0,True,False,False,False,True,False,False,True,False,False,True,False,False,False,False,False,False,False,False,False,False,False,True,False,False,False,False,False,True,False,False,False,False,False,1
99,0,999999.0,575.0,22000.0,1,1,1,1,2,0,1,1,0,1,0,0,4,0,0,1,99,99,0,7,0,0,0,0,0,0,0.0,999999.0,999999.0,999999,99999.0,99999.0,99999.0,169.0,1,0,True,False,False,False,True,False,False,True,True,False,False,False,False,False,False,False,False,False,False,False,False,False,False,False,False,False,False,True,False,False,False,True,False,False,1
99,0,999999.0,0.0,999999.0,1,0,0,0,0,0,0,0,0,0,0,0,1,0,0,1,99,99,0,22,0,1,6,2,13,44,2000.0,2000.0,0.0,0,0.0,0.0,0.0,0.0,1,0,False,False,True,False,False,True,False,True,False,False,False,False,False,True,False,False,False,False,False,False,False,False,False,False,False,False,True,False,False,False,False,True,False,False,0
99,0,999999.0,575.0,46720.0,1,1,1,1,2,0,1,1,0,1,0,0,3,0,0,1,99,99,0,6,1,1,0,1,0,0,0.0,999999.0,999999.0,999999,99999.0,99999.0,99999.0,468.0,0,0,True,False,False,False,True,False,False,True,True,False,False,False,False,False,False,False,False,False,False,False,False,False,False,False,False,False,False,True,False,False,False,True,False,False,1
99,0,999999.0,537.0,20000.0,1,0,2,0,0,0,0,0,0,0,0,0,4,1,0,1,15,15,1,43,0,0,2,0,13,10,12000.0,12000.0,0.0,0,0.0,0.0,0.0,159.0,1,2,True,False,False,False,True,False,False,True,False,False,False,True,False,False,False,False,False,False,False,False,False,False,False,False,False,False,False,True,True,False,False,False,False,False,1
99,1,137500.0,0.0,25950.0,1,0,0,0,0,0,0,0,0,0,0,0,1,0,0,1,99,99,0,40,1,0,7,0,21,45,25950.0,25500.0,0.0,0,0.0,0.0,0.0,402.0,0,5,True,False,False,False,True,False,False,True,False,False,False,True,False,False,False,False,False,False,False,False,False,False,False,False,False,False,False,True,False,False,False,True,False,False,1
99,1,275000.0,0.0,46000.0,1,1,0,0,0,0,0,0,0,0,2,1,2,0,0,1,99,99,0,58,1,0,8,0,35,66,38000.0,38000.0,0.0,0,0.0,0.0,0.0,501.0,1,1,True,False,False,False,True,False,False,True,False,False,False,True,False,False,False,False,False,False,False,False,False,False,False,False,False,False,False,True,False,False,True,False,False,False,1
99,1,400000.0,0.0,133578.0,1,1,0,0,0,0,0,0,0,0,2,1,2,0,0,1,99,99,0,64,1,0,8,0,41,68,133578.0,0.0,61215.0,0,760.0,0.0,5000.0,501.0,0,8,True,False,False,False,True,False,False,True,False,False,False,True,False,False,False,False,False,False,False,False,False,False,False,False,False,False,False,True,False,False,True,False,False,False,1
99,0,999999.0,1000.0,86000.0,1,1,1,1,2,0,1,1,3,1,0,0,4,0,0,1,99,99,1,21,1,1,6,1,29,27,0.0,0.0,0.0,0,0.0,0.0,0.0,501.0,1,0,True,False,False,False,True,False,False,True,True,False,False,False,False,False,False,False,False,False,False,False,False,False,False,False,False,False,False,True,False,False,False,True,False,False,1
99,1,95000.0,0.0,46297.0,1,1,1,1,2,0,1,1,0,1,0,0,3,0,0,1,99,99,0,20,1,1,6,1,24,47,759.0,759.0,0.0,0,0.0,0.0,0.0,477.0,0,0,True,False,False,False,True,False,False,True,True,False,False,False,False,False,False,False,False,False,False,False,False,False,False,False,False,False,False,True,False,False,False,True,False,False,1
99,1,187500.0,0.0,37200.0,1,1,1,1,0,0,0,0,0,0,1,1,4,2,0,1,9,8,0,36,0,0,7,0,30,65,4200.0,4200.0,0.0,0,0.0,0.0,0.0,296.0,0,0,True,False,False,False,True,False,False,True,False,False,False,False,False,False,False,False,False,False,False,False,True,False,False,False,False,False,False,True,False,False,True,False,False,False,0
99,0,999999.0,675.0,64600.0,3,2,2,2,0,0,0,0,0,0,0,0,7,0,0,1,99,99,0,20,1,0,2,0,24,19,25000.0,25000.0,0.0,0,0.0,0.0,0.0,326.0,1,0,True,False,False,False,True,False,False,True,False,False,False,False,False,False,True,False,False,False,False,False,False,False,False,False,False,False,False,True,False,False,False,True,False,False,1
99,1,400000.0,0.0,114700.0,1,1,0,0,0,0,0,0,0,0,1,1,2,0,0,1,99,99,0,71,0,0,7,0,0,0,14700.0,0.0,0.0,0,7200.0,0.0,0.0,501.0,1,0,True,False,False,False,True,False,False,True,False,False,False,False,False,False,False,False,False,False,False,False,True,False,False,False,False,False,False,True,False,False,True,False,False,False,1
99,0,999999.0,387.0,12000.0,1,0,1,0,1,0,1,0,0,0,0,0,5,0,0,1,99,99,3,8,1,1,1,1,0,0,0.0,999999.0,999999.0,999999,99999.0,99999.0,99999.0,82.0,1,0,True,False,False,False,True,False,False,True,True,False,False,False,False,False,False,False,False,False,False,False,False,False,False,False,False,False,False,True,False,False,False,True,False,False,1
99,1,225000.0,0.0,15590.0,1,1,0,0,0,0,0,0,0,0,2,1,2,0,0,1,99,99,0,69,1,0,7,0,0,0,8990.0,0.0,0.0,0,3840.0,0.0,0.0,208.0,0,7,True,False,False,False,True,False,False,True,False,False,False,True,False,False,False,False,False,False,False,False,False,False,False,False,False,False,False,True,False,False,True,False,False,False,1
99,1,137500.0,0.0,85216.0,1,1,2,1,2,0,1,1,0,1,0,0,7,0,0,1,99,99,3,23,1,1,6,1,24,47,0.0,0.0,0.0,0,0.0,0.0,0.0,415.0,1,0,True,False,False,False,True,False,False,True,True,False,False,False,False,False,False,False,False,False,False,False,False,False,False,False,False,False,False,True,False,False,False,True,False,False,1
99,0,999999.0,537.0,29500.0,1,2,2,2,0,0,0,0,0,0,2,1,7,2,1,1,8,3,0,32,1,0,7,0,22,18,11000.0,11000.0,0.0,0,0.0,0.0,0.0,149.0,1,2,True,False,False,False,True,False,False,True,False,False,False,True,False,False,False,False,False,False,False,False,False,False,False,False,False,False,False,True,False,False,True,False,False,False,1
99,1,400000.0,0.0,71400.0,1,1,1,1,0,0,0,0,0,0,2,1,4,2,2,1,4,2,0,33,1,0,8,0,61,93,46400.0,0.0,46000.0,0,0.0,0.0,0.0,501.0,1,1,True,False,False,False,True,False,False,True,False,False,False,True,False,False,False,False,False,False,False,False,False,False,False,False,False,False,False,True,False,False,True,False,False,False,1
99,0,999999.0,162.0,14772.0,1,1,1,1,0,0,0,0,0,0,2,1,8,5,0,1,16,7,1,36,1,0,0,0,17,11,8772.0,0.0,8772.0,0,0.0,0.0,0.0,70.0,0,5,True,False,False,False,True,False,False,True,False,False,False,True,False,False,False,False,False,False,False,False,False,False,False,False,False,False,False,True,False,False,True,False,False,False,0
99,1,400000.0,0.0,53540.0,1,1,1,1,0,0,0,0,0,0,2,1,4,2,0,1,23,20,0,52,1,0,8,0,25,18,20500.0,19000.0,0.0,0,0.0,0.0,0.0,419.0,1,2,True,False,False,False,True,False,False,True,False,False,False,True,False,False,False,False,False,False,False,False,False,False,False,False,False,False,False,True,False,False,True,False,False,False,1
99,1,400000.0,0.0,223515.0,1,1,1,1,0,0,0,0,0,0,1,1,4,2,0,1,14,12,0,45,0,0,8,0,41,68,100000.0,100000.0,0.0,0,0.0,0.0,0.0,501.0,1,0,True,False,False,False,True,False,False,True,False,False,False,False,False,False,False,False,False,False,False,False,True,False,False,False,False,True,False,False,False,False,True,False,False,False,1
99,0,999999.0,412.0,8904.0,2,0,1,0,1,0,1,0,0,0,0,0,4,0,0,1,99,99,2,12,0,1,2,1,0,0,0.0,999999.0,999999.0,999999,99999.0,99999.0,99999.0,71.0,1,0,True,False,False,False,True,False,False,True,True,False,False,False,False,False,False,False,False,False,False,False,False,False,True,False,False,False,False,False,False,False,False,True,False,False,1
99,0,999999.0,1000.0,36000.0,1,1,1,1,2,0,1,1,0,1,0,0,4,0,0,1,99,99,1,6,0,1,0,2,0,0,0.0,999999.0,999999.0,999999,99999.0,99999.0,99999.0,286.0,0,0,True,False,False,False,True,False,False,True,True,False,False,False,False,False,False,False,False,False,False,False,False,False,True,False,False,False,False,False,False,False,False,True,False,False,1
99,0,999999.0,675.0,22000.0,1,1,1,1,0,0,0,0,0,0,2,1,5,3,2,1,7,1,0,28,1,0,5,0,23,18,22000.0,22000.0,0.0,0,0.0,0.0,0.0,149.0,1,1,True,False,False,False,True,False,False,True,False,False,False,True,False,False,False,False,False,False,False,False,False,False,False,False,False,False,False,True,False,False,True,False,False,False,1
99,0,999999.0,312.0,8544.0,1,0,1,0,0,0,0,0,0,0,0,0,2,1,0,1,25,25,0,47,0,0,5,0,0,0,3744.0,0.0,0.0,0,0.0,3744.0,0.0,103.0,1,2,True,False,False,False,True,False,False,True,False,False,False,True,False,False,False,False,False,False,False,False,False,False,True,False,False,False,False,False,True,False,False,False,False,False,1
99,1,225000.0,0.0,37275.0,1,1,2,1,2,0,1,1,0,1,0,0,5,0,0,1,99,99,1,21,1,1,8,1,28,45,4525.0,4500.0,0.0,0,0.0,0.0,0.0,242.0,1,0,True,False,False,False,True,False,False,True,True,False,False,False,False,False,False,False,False,False,False,False,False,False,False,True,False,False,False,False,False,False,False,True,False,False,1
99,1,400000.0,0.0,303816.0,1,1,0,0,0,0,0,0,0,0,2,1,2,0,0,1,99,99,0,73,1,1,8,1,41,68,232516.0,195516.0,0.0,0,12000.0,0.0,0.0,501.0,0,6,True,False,False,False,True,False,False,True,False,False,False,True,False,False,False,False,False,False,False,False,False,False,False,False,False,False,False,True,False,False,True,False,False,False,1
99,1,275000.0,0.0,83600.0,1,0,0,0,0,0,0,0,0,0,0,0,2,0,0,1,99,99,0,75,0,0,7,0,41,68,45600.0,30000.0,0.0,0,15600.0,0.0,0.0,501.0,0,8,True,False,False,False,True,False,False,True,False,False,False,True,False,False,False,False,False,False,False,False,False,False,True,False,False,False,False,False,False,False,False,False,False,True,1
99,0,999999.0,875.0,3300.0,2,0,0,0,0,0,0,0,0,0,0,0,1,0,0,2,99,99,0,20,1,1,6,1,31,73,4900.0,4800.0,0.0,0,0.0,0.0,0.0,76.0,1,0,True,False,False,False,True,False,False,True,False,False,False,False,False,False,False,False,False,True,False,False,False,False,False,False,False,False,False,True,False,False,False,True,False,False,1
99,1,85000.0,0.0,45000.0,1,1,1,1,2,0,1,1,0,1,0,0,5,0,0,1,99,99,2,4,1,1,0,1,0,0,0.0,999999.0,999999.0,999999,99999.0,99999.0,99999.0,304.0,1,0,True,False,False,False,True,False,False,True,True,False,False,False,False,False,False,False,False,False,False,False,False,False,False,False,False,False,False,True,False,False,False,True,False,False,1
99,1,350000.0,0.0,100035.0,1,1,0,0,0,0,0,0,0,0,1,1,2,0,0,1,99,99,0,48,0,0,7,0,22,61,26865.0,26865.0,0.0,0,0.0,0.0,0.0,501.0,1,0,True,False,False,False,True,False,False,True,False,False,False,False,False,False,False,False,False,False,False,False,True,False,False,False,False,False,False,True,False,False,True,False,False,False,1
99,1,137500.0,0.0,26000.0,1,1,1,1,0,0,0,0,0,0,2,1,6,4,0,1,14,6,0,52,1,0,7,0,24,44,20000.0,20000.0,0.0,0,0.0,0.0,0.0,157.0,1,2,True,False,False,False,True,False,False,True,False,False,False,True,False,False,False,False,False,False,False,False,False,False,False,False,False,False,False,True,False,False,True,False,False,False,1
99,1,350000.0,0.0,66000.0,1,1,1,1,0,0,0,0,0,0,2,1,3,1,0,1,8,8,0,49,1,0,8,0,39,82,60000.0,59700.0,0.0,0,0.0,0.0,0.0,501.0,0,6,True,False,False,False,True,False,False,True,False,False,False,True,False,False,False,False,False,False,False,False,False,False,False,False,False,False,False,True,False,False,True,False,False,False,1
99,1,72500.0,0.0,31418.0,1,2,2,2,4,0,2,3,0,2,0,0,6,0,0,1,99,99,1,9,1,1,1,1,0,0,0.0,999999.0,999999.0,999999,99999.0,99999.0,99999.0,180.0,1,0,True,False,False,False,True,False,False,True,False,False,True,False,False,False,False,False,False,False,False,False,False,False,False,False,False,False,False,True,False,False,False,True,False,False,1
99,1,275000.0,0.0,43000.0,1,1,2,1,0,0,0,0,0,0,0,0,5,1,0,1,37,37,0,67,0,0,0,0,0,0,0.0,0.0,0.0,0,0.0,0.0,0.0,283.0,0,0,True,False,False,False,True,False,False,True,False,False,False,False,False,False,False,True,False,False,False,False,False,False,False,False,False,True,False,False,False,False,False,False,False,True,1
99,1,400000.0,0.0,58488.0,2,1,1,1,2,0,1,1,0,1,0,0,4,0,0,1,99,99,1,1,1,0,7,0,0,0,0.0,999999.0,999999.0,999999,99999.0,99999.0,99999.0,465.0,1,0,True,False,False,False,True,False,False,True,True,False,False,False,False,False,False,False,False,False,False,False,False,False,False,False,False,False,False,True,False,False,False,True,False,False,1
99,1,225000.0,0.0,47500.0,1,1,1,1,0,0,0,0,0,0,1,1,7,5,0,1,18,7,0,43,0,0,6,0,0,0,0.0,0.0,0.0,0,0.0,0.0,0.0,247.0,0,0,True,False,False,False,True,False,False,True,False,False,False,False,False,False,False,False,False,False,False,False,True,False,False,False,False,False,False,True,False,False,True,False,False,False,1
99,0,999999.0,625.0,42000.0,2,0,0,0,0,0,0,0,0,0,0,0,1,0,0,1,99,99,0,42,1,0,8,0,61,93,42000.0,12000.0,30000.0,0,0.0,0.0,0.0,501.0,0,2,True,False,False,False,True,False,False,True,False,False,False,True,False,False,False,False,False,False,False,False,False,False,False,False,False,False,False,True,True,False,False,False,False,False,0
99,1,275000.0,0.0,77500.0,1,1,1,1,0,0,0,0,0,0,1,1,4,2,0,1,18,14,0,45,0,0,1,0,30,44,29000.0,29000.0,0.0,0,0.0,0.0,0.0,501.0,0,0,True,False,False,False,True,False,False,True,False,False,False,False,False,False,False,False,False,False,False,False,True,False,False,False,False,False,False,True,False,False,True,False,False,False,1
99,0,999999.0,1000.0,61200.0,2,0,0,0,0,0,0,0,0,0,0,0,1,0,0,2,99,99,0,29,0,0,7,0,37,78,80000.0,80000.0,0.0,0,0.0,0.0,0.0,501.0,1,0,True,False,False,False,True,False,False,True,False,False,False,False,False,False,False,False,False,True,False,False,False,False,False,False,False,False,False,True,True,False,False,False,False,False,1
99,0,999999.0,875.0,87115.0,1,1,1,1,2,0,1,1,0,1,0,0,4,0,0,1,99,99,1,23,1,0,6,0,41,68,8615.0,8615.0,0.0,0,0.0,0.0,0.0,501.0,0,0,True,False,False,False,True,False,False,True,True,False,False,False,False,False,False,False,False,False,False,False,False,False,True,False,False,False,False,False,False,False,False,True,False,False,1
99,1,225000.0,0.0,88500.0,1,1,2,1,0,0,0,0,0,0,2,1,4,1,0,1,21,21,0,62,1,0,8,0,48,87,63500.0,55000.0,0.0,0,0.0,0.0,0.0,501.0,0,8,True,False,False,False,True,False,False,True,False,False,False,True,False,False,False,False,False,False,False,False,False,False,False,False,False,False,False,True,False,False,True,False,False,False,1
99,0,999999.0,725.0,90000.0,1,2,2,3,0,0,0,0,0,0,0,0,12,0,0,1,99,99,1,17,1,1,6,1,25,15,10000.0,10000.0,0.0,0,0.0,0.0,0.0,359.0,1,0,True,False,False,False,True,False,False,True,False,False,False,False,False,False,False,False,False,False,True,False,False,False,False,False,False,False,False,True,False,False,False,True,False,False,1
99,0,999999.0,675.0,27000.0,1,1,1,1,2,0,1,1,0,1,0,0,4,0,0,1,99,99,1,2,0,0,7,0,0,0,0.0,999999.0,999999.0,999999,99999.0,99999.0,99999.0,215.0,1,0,True,False,False,False,True,False,False,True,True,False,False,False,False,False,False,False,False,False,False,False,False,False,False,False,False,False,False,True,False,False,False,True,False,False,1
99,1,225000.0,0.0,10980.0,1,0,0,0,0,0,0,0,0,0,0,0,2,0,0,1,99,99,0,76,0,0,6,0,0,0,6480.0,0.0,0.0,0,6480.0,0.0,0.0,146.0,0,0,True,False,False,False,True,False,False,True,False,False,False,False,False,False,True,False,False,False,False,False,False,False,False,False,False,False,False,True,False,False,False,False,False,True,1
99,1,112500.0,0.0,11500.0,1,1,1,1,0,0,0,0,0,0,2,1,6,4,1,1,9,3,0,37,1,0,6,0,20,8,11500.0,11500.0,0.0,0,0.0,0.0,0.0,69.0,0,5,True,False,False,False,True,False,False,True,False,False,False,True,False,False,False,False,False,False,False,False,False,False,False,False,False,False,False,True,False,False,True,False,False,False,1
99,0,999999.0,412.0,24000.0,1,0,0,0,0,0,0,0,0,0,0,0,1,0,0,1,99,99,0,28,1,1,8,1,16,15,24000.0,24000.0,0.0,0,0.0,0.0,0.0,372.0,1,1,True,False,False,False,True,False,False,True,False,False,False,True,False,False,False,False,False,False,False,False,False,False,False,False,False,True,False,False,False,False,False,True,False,False,0
99,0,999999.0,212.0,18490.0,1,1,0,0,0,0,0,0,0,0,1,1,2,0,0,1,99,99,0,32,0,1,6,1,22,18,8000.0,8000.0,0.0,0,0.0,0.0,0.0,223.0,1,0,True,False,False,False,True,False,False,True,False,False,False,False,False,False,False,False,False,False,False,False,True,False,False,False,False,False,False,True,False,False,True,False,False,False,1
99,1,162500.0,0.0,61384.0,1,1,0,0,0,0,0,0,0,0,2,1,2,0,0,1,99,99,0,61,1,0,8,0,34,67,54214.0,42000.0,0.0,0,0.0,0.0,0.0,501.0,0,8,True,False,False,False,True,False,False,True,False,False,False,True,False,False,False,False,False,False,False,False,False,False,False,False,False,False,False,True,False,False,True,False,False,False,1
99,0,999999.0,1000.0,19500.0,3,0,0,0,0,0,0,0,0,0,0,0,1,0,0,2,99,99,0,20,1,1,7,2,24,16,9000.0,9000.0,0.0,0,0.0,0.0,0.0,140.0,1,0,True,False,False,False,True,False,False,True,False,False,False,False,False,False,False,False,False,True,False,False,False,False,False,False,False,False,False,True,False,False,False,True,False,False,1
99,0,999999.0,625.0,45444.0,2,1,2,1,2,0,1,1,0,1,0,0,7,0,0,1,99,99,2,20,1,0,0,0,24,47,21504.0,21504.0,0.0,0,0.0,0.0,0.0,230.0,1,0,True,False,False,False,True,False,False,True,True,False,False,False,False,False,False,False,False,False,False,False,False,False,False,False,False,False,False,True,False,False,False,True,False,False,1
99,1,350000.0,0.0,7444.0,1,1,1,1,0,0,0,0,0,0,2,1,3,1,0,1,11,11,0,52,1,0,5,0,35,68,7444.0,0.0,7444.0,0,0.0,0.0,0.0,75.0,0,5,True,False,False,False,True,False,False,True,False,False,False,True,False,False,False,False,False,False,False,False,False,False,False,False,False,False,False,True,False,False,True,False,False,False,1
99,0,999999.0,575.0,15000.0,2,0,0,1,0,0,0,1,0,1,0,0,2,0,0,1,99,99,0,2,1,0,7,0,0,0,0.0,999999.0,999999.0,999999,99999.0,99999.0,99999.0,176.0,1,0,True,False,False,False,True,False,False,True,True,False,False,False,False,False,False,False,False,False,False,False,False,False,False,False,False,False,False,True,False,False,False,True,False,False,1
99,1,187500.0,0.0,65772.0,1,1,1,1,2,0,1,1,0,1,0,0,4,0,0,1,99,99,1,48,1,0,6,0,25,15,41200.0,40000.0,0.0,0,0.0,0.0,0.0,501.0,0,0,True,False,False,False,True,False,False,True,True,False,False,False,False,False,False,False,False,False,False,False,False,False,False,False,False,False,False,True,False,False,False,True,False,False,1
99,0,999999.0,875.0,68021.0,1,1,1,1,1,0,1,2,0,1,0,0,4,0,0,1,99,99,1,16,1,1,4,1,0,0,0.0,0.0,0.0,0,0.0,0.0,0.0,501.0,0,0,True,False,False,False,True,False,False,True,True,False,False,False,False,False,False,False,False,False,False,False,False,False,False,False,False,True,False,False,False,False,False,True,False,False,1
99,0,999999.0,512.0,28200.0,1,1,1,1,0,0,0,0,0,0,0,0,5,0,0,1,99,99,0,22,1,1,6,1,18,19,9000.0,9000.0,0.0,0,0.0,0.0,0.0,186.0,1,0,True,False,False,False,True,False,False,True,False,False,False,False,False,False,True,False,False,False,False,False,False,False,False,False,False,False,False,True,False,False,False,True,False,False,1
99,0,999999.0,462.0,189115.0,1,1,1,1,2,0,1,1,0,1,0,0,6,0,0,1,99,99,3,22,1,1,5,1,41,68,123515.0,0.0,123515.0,0,0.0,0.0,0.0,501.0,0,0,True,False,False,False,True,False,False,True,True,False,False,False,False,False,False,False,False,False,False,False,False,False,False,False,False,False,False,True,False,False,False,True,False,False,1
99,1,275000.0,0.0,116012.0,1,1,1,1,0,0,0,0,0,0,2,1,4,2,0,1,17,10,0,42,1,0,8,0,61,93,87000.0,86000.0,0.0,0,0.0,0.0,0.0,501.0,1,2,True,False,False,False,True,False,False,True,False,False,False,True,False,False,False,False,False,False,False,False,False,False,False,False,False,False,False,True,False,False,True,False,False,False,1
99,1,350000.0,0.0,110240.0,1,1,1,1,2,0,1,1,0,1,0,0,4,0,0,1,99,99,1,16,1,1,4,1,24,44,240.0,240.0,0.0,0,0.0,0.0,0.0,501.0,0,0,True,False,False,False,True,False,False,True,True,False,False,False,False,False,False,False,False,False,False,False,False,False,False,False,False,False,False,True,False,False,False,True,False,False,1
99,0,999999.0,537.0,53000.0,1,1,1,1,0,0,0,0,0,0,1,1,4,2,0,1,11,5,0,31,0,0,7,0,22,61,15000.0,15000.0,0.0,0,0.0,0.0,0.0,421.0,1,0,True,False,False,False,True,False,False,True,False,False,False,False,False,False,False,False,False,False,False,False,True,False,True,False,False,False,False,False,False,False,True,False,False,False,1
99,0,999999.0,725.0,33000.0,1,1,1,1,0,0,0,0,0,0,1,1,5,2,0,1,7,6,0,30,0,0,1,0,0,0,0.0,0.0,0.0,0,0.0,0.0,0.0,218.0,1,0,True,False,False,False,True,False,False,True,False,False,False,False,False,False,False,False,False,False,False,False,True,False,False,False,False,False,False,True,False,False,True,False,False,False,1
99,0,999999.0,625.0,9358.0,1,0,0,1,0,0,0,1,0,1,0,0,2,0,0,1,99,99,0,11,1,1,2,1,0,0,0.0,999999.0,999999.0,999999,99999.0,99999.0,99999.0,109.0,1,0,True,False,False,False,True,False,False,True,True,False,False,False,False,False,False,False,False,False,False,False,False,False,True,False,False,False,False,False,False,False,False,True,False,False,1
99,0,999999.0,575.0,46878.0,1,1,1,1,0,0,0,0,0,0,2,1,4,2,0,1,8,6,0,31,1,0,6,0,34,49,46878.0,46838.0,0.0,0,0.0,0.0,0.0,373.0,0,5,True,False,False,False,True,False,False,True,False,False,False,True,False,False,False,False,False,False,False,False,False,False,False,False,False,False,False,True,False,False,True,False,False,False,1
99,0,999999.0,387.0,7800.0,1,0,0,0,0,0,0,0,0,0,0,0,1,0,0,1,99,99,0,67,0,0,5,0,0,0,7800.0,0.0,0.0,0,0.0,948.0,0.0,131.0,1,2,True,False,False,False,True,False,False,True,False,False,False,True,False,False,False,False,False,False,False,False,False,False,False,False,False,False,False,True,False,False,False,False,False,True,1
99,1,137500.0,0.0,52000.0,1,1,1,1,2,0,1,1,0,1,0,0,5,0,0,1,99,99,2,23,0,0,6,0,22,18,18000.0,18000.0,0.0,0,0.0,0.0,0.0,337.0,0,0,True,False,False,False,True,False,False,True,True,False,False,False,False,False,False,False,False,False,False,False,False,False,False,False,False,False,False,True,False,False,False,True,False,False,1
99,0,999999.0,437.0,12304.0,1,1,1,1,0,0,0,0,0,0,1,1,4,2,2,1,4,0,0,23,0,0,6,0,0,0,0.0,0.0,0.0,0,0.0,0.0,0.0,98.0,1,0,True,False,False,False,True,False,False,True,False,False,False,False,False,False,False,False,False,False,False,False,True,False,False,False,False,False,False,True,False,False,True,False,False,False,1
99,0,999999.0,512.0,22000.0,1,1,1,1,2,0,1,1,0,1,0,0,6,0,0,1,99,99,3,3,0,0,0,0,0,0,0.0,999999.0,999999.0,999999,99999.0,99999.0,99999.0,133.0,1,0,True,False,False,False,True,False,False,True,True,False,False,False,False,False,False,False,False,False,False,False,False,False,False,False,False,False,False,True,False,False,False,True,False,False,1
99,1,275000.0,0.0,85000.0,1,1,1,1,2,0,1,1,0,1,0,0,4,0,0,1,99,99,1,13,0,1,2,1,0,0,0.0,999999.0,999999.0,999999,99999.0,99999.0,99999.0,501.0,0,0,True,False,False,False,True,False,False,True,True,False,False,False,False,False,False,False,False,False,False,False,False,False,False,False,True,False,False,False,False,False,False,True,False,False,1
99,0,999999.0,675.0,15335.0,1,0,1,0,1,0,1,0,0,0,0,0,5,0,0,1,99,99,3,5,1,1,0,1,0,0,0.0,999999.0,999999.0,999999,99999.0,99999.0,99999.0,104.0,0,0,True,False,False,False,True,False,False,True,True,False,False,False,False,False,False,False,False,False,False,False,False,False,False,False,False,False,False,True,False,False,False,True,False,False,1
99,1,95000.0,0.0,6400.0,1,0,0,0,0,0,0,0,0,0,0,0,1,0,0,1,99,99,0,87,0,0,2,0,0,0,6400.0,0.0,0.0,0,4300.0,0.0,0.0,108.0,0,8,True,False,False,False,True,False,False,True,False,False,False,True,False,False,False,False,False,False,False,False,False,False,False,False,False,False,False,True,False,False,False,False,False,True,1
99,0,999999.0,112.0,6084.0,1,0,0,0,0,0,0,0,0,0,0,0,1,0,0,1,99,99,0,78,1,0,4,0,0,0,6084.0,0.0,0.0,0,0.0,936.0,4140.0,102.0,0,7,True,False,False,False,True,False,False,True,False,False,False,True,False,False,False,False,False,False,False,False,False,False,True,False,False,False,False,False,False,False,False,False,False,True,1
99,0,999999.0,675.0,39000.0,1,1,1,1,0,0,0,0,0,0,2,1,4,2,1,1,5,3,0,30,1,0,6,0,23,18,19500.0,19500.0,0.0,0,0.0,0.0,0.0,310.0,0,1,True,False,False,False,True,False,False,True,False,False,False,True,False,False,False,False,False,False,False,False,False,False,False,False,False,False,False,True,False,False,True,False,False,False,1
99,0,999999.0,1000.0,0.0,2,1,1,1,0,0,0,0,0,0,0,0,9,0,0,1,99,99,4,18,0,0,1,0,6,7,0.0,0.0,0.0,0,0.0,0.0,0.0,1.0,1,0,True,False,False,False,True,False,False,True,False,False,False,False,False,False,False,False,False,False,True,False,False,False,False,False,False,False,False,True,False,False,False,True,False,False,0
99,1,350000.0,0.0,87980.0,1,1,1,1,2,0,1,1,0,1,0,0,5,0,0,1,99,99,2,10,1,1,2,2,0,0,0.0,999999.0,999999.0,999999,99999.0,99999.0,99999.0,501.0,0,0,True,False,False,False,True,False,False,True,True,False,False,False,False,False,False,False,False,False,False,False,False,False,False,False,False,True,False,False,False,False,False,True,False,False,1
99,0,999999.0,875.0,24000.0,4,0,0,0,0,0,0,0,0,0,0,0,1,0,0,2,99,99,0,50,0,0,6,0,0,0,7500.0,0.0,0.0,0,0.0,7500.0,0.0,116.0,0,0,True,False,False,False,True,False,False,True,False,False,False,False,False,False,False,False,False,True,False,False,False,False,False,False,False,True,False,False,False,False,False,True,False,False,1
99,0,999999.0,512.0,4913.0,1,0,1,0,0,0,0,0,0,0,0,0,2,1,0,1,20,20,0,58,0,0,0,0,11,11,3480.0,857.0,0.0,0,0.0,0.0,0.0,59.0,0,5,True,False,False,False,True,False,False,True,False,False,False,True,False,False,False,False,False,False,False,False,False,False,False,False,False,False,False,True,True,False,False,False,False,False,1
99,0,999999.0,487.0,17000.0,1,0,0,0,0,0,0,0,0,0,0,0,1,0,0,1,99,99,0,25,0,0,7,0,39,82,17000.0,17000.0,0.0,0,0.0,0.0,0.0,264.0,1,1,True,False,False,False,True,False,False,True,False,False,False,True,False,False,False,False,False,False,False,False,False,False,True,False,False,False,False,False,False,False,False,True,False,False,1
99,0,999999.0,575.0,23137.0,1,1,2,1,0,0,0,0,0,0,0,0,6,0,0,1,99,99,1,19,1,0,0,0,41,68,12000.0,12000.0,0.0,0,0.0,0.0,0.0,133.0,1,0,True,False,False,False,True,False,False,True,False,False,False,False,False,False,False,False,False,False,True,False,False,False,False,False,False,False,False,True,False,False,False,True,False,False,1
99,1,225000.0,0.0,40320.0,1,1,0,0,0,0,0,0,0,0,1,1,2,0,0,1,99,99,0,62,0,0,5,0,41,68,22320.0,22320.0,0.0,0,0.0,0.0,0.0,486.0,0,0,True,False,False,False,True,False,False,True,False,False,False,False,False,False,False,False,False,False,False,False,True,False,False,False,False,False,False,True,False,False,True,False,False,False,1
99,0,999999.0,1000.0,89000.0,1,1,1,1,2,0,1,1,0,1,0,0,4,0,0,1,99,99,1,6,0,1,0,1,0,0,0.0,999999.0,999999.0,999999,99999.0,99999.0,99999.0,501.0,1,0,True,False,False,False,True,False,False,True,True,False,False,False,False,False,False,False,False,False,False,False,False,False,False,False,False,False,False,True,False,False,False,True,False,False,1
99,0,999999.0,875.0,13560.0,1,0,1,0,0,0,0,0,0,0,0,0,6,0,0,1,99,99,0,15,1,1,5,1,0,0,0.0,999999.0,999999.0,999999,0.0,0.0,0.0,79.0,0,0,True,False,False,False,True,False,False,True,False,False,False,False,False,False,True,False,False,False,False,False,False,False,True,False,False,False,False,False,False,False,False,True,False,False,1
99,1,275000.0,0.0,32116.0,1,1,1,1,0,0,0,0,0,0,1,1,4,2,0,1,43,39,0,65,0,0,6,0,26,72,7240.0,4000.0,0.0,0,3240.0,0.0,0.0,251.0,0,0,True,False,False,False,True,False,False,True,False,False,False,False,False,False,False,False,False,False,False,False,True,False,False,False,False,False,False,True,False,False,True,False,False,False,1
99,1,350000.0,0.0,83711.0,1,1,1,0,0,0,0,0,0,0,2,2,3,0,0,1,99,99,0,43,1,0,7,0,41,68,70000.0,0.0,70000.0,0,0.0,0.0,0.0,501.0,1,0,True,False,False,False,True,False,False,True,False,True,False,False,False,False,False,False,False,False,False,False,False,False,False,False,False,False,False,True,False,False,True,False,False,False,1
99,1,137500.0,0.0,37000.0,1,2,1,1,0,0,0,0,0,0,1,2,7,2,0,1,7,6,0,29,1,0,2,0,23,18,18000.0,18000.0,0.0,0,0.0,0.0,0.0,184.0,1,0,True,False,False,False,True,False,False,True,False,False,False,False,False,False,False,False,False,False,False,False,True,False,False,False,False,False,False,True,False,False,True,False,False,False,1
99,1,112500.0,0.0,23444.0,1,0,1,1,0,0,0,0,0,0,0,0,3,1,0,1,36,36,0,55,0,0,6,0,22,18,23000.0,23000.0,0.0,0,0.0,0.0,0.0,235.0,0,6,True,False,False,False,True,False,False,True,False,False,False,True,False,False,False,False,False,False,False,False,False,False,True,False,False,False,False,False,False,False,False,False,False,True,1
99,0,999999.0,875.0,12156.0,1,1,1,1,2,0,1,1,0,1,0,0,5,0,0,1,99,99,2,19,1,1,6,1,0,0,2268.0,0.0,0.0,0,0.0,0.0,2268.0,80.0,1,0,True,False,False,False,True,False,False,True,True,False,False,False,False,False,False,False,False,False,False,False,False,False,False,False,False,False,False,True,False,False,False,True,False,False,1
99,0,999999.0,725.0,46820.0,1,1,1,1,0,0,0,0,0,0,1,1,3,1,1,1,3,3,0,32,0,1,6,1,42,84,28800.0,28000.0,0.0,0,0.0,0.0,0.0,469.0,1,0,True,False,False,False,True,False,False,True,False,False,False,False,False,False,False,False,False,False,False,False,True,False,True,False,False,False,False,False,False,False,True,False,False,False,1
99,0,999999.0,312.0,9644.0,1,0,0,0,0,0,0,0,0,0,0,0,1,0,0,1,99,99,0,52,1,0,6,0,25,15,9644.0,4000.0,0.0,0,0.0,5644.0,0.0,149.0,0,2,True,False,False,False,True,False,False,True,False,False,False,True,False,False,False,False,False,False,False,False,False,False,True,False,False,False,False,False,False,False,False,False,True,False,1
99,1,137500.0,0.0,34360.0,1,1,2,1,5,7,1,0,0,0,2,1,5,2,2,1,3,1,0,29,1,0,6,0,46,84,25000.0,25000.0,0.0,0,0.0,0.0,0.0,227.0,1,2,True,False,False,False,True,False,False,True,False,False,False,True,False,False,False,False,False,False,False,False,False,False,False,False,False,False,False,True,False,False,True,False,False,False,1
99,0,999999.0,575.0,35437.0,2,2,1,1,0,0,0,0,0,0,0,0,9,0,0,1,99,99,3,20,0,0,2,0,0,0,0.0,0.0,0.0,0,0.0,0.0,0.0,130.0,1,0,True,False,False,False,True,False,False,True,False,False,False,False,False,False,False,False,False,False,True,False,False,False,False,False,False,False,False,True,False,False,False,True,False,False,1
99,0,999999.0,282.0,22770.0,1,1,2,1,2,0,1,1,0,1,0,0,6,0,0,1,99,99,2,9,0,1,1,1,0,0,0.0,999999.0,999999.0,999999,99999.0,99999.0,99999.0,133.0,0,0,True,False,False,False,True,False,False,True,True,False,False,False,False,False,False,False,False,False,False,False,False,False,False,False,False,False,False,True,False,False,False,True,False,False,1
99,1,162500.0,0.0,54962.0,1,1,0,0,0,0,0,0,0,0,2,1,2,0,0,1,99,99,0,30,1,0,6,0,25,44,39184.0,37406.0,0.0,0,0.0,0.0,0.0,501.0,1,2,True,False,False,False,True,False,False,True,False,False,False,True,False,False,False,False,False,False,False,False,False,False,False,False,False,False,False,True,False,False,True,False,False,False,1
99,0,999999.0,462.0,17800.0,1,1,0,0,0,0,0,0,0,0,2,1,2,0,0,1,99,99,0,63,1,0,7,0,0,0,7800.0,0.0,0.0,0,6000.0,1800.0,0.0,214.0,1,2,True,False,False,False,True,False,False,True,False,False,False,True,False,False,False,False,False,False,False,False,False,False,False,False,False,False,False,True,False,False,True,False,False,False,1
99,0,999999.0,575.0,19200.0,2,2,2,2,2,0,1,1,0,1,0,0,3,0,0,1,99,99,0,2,1,0,7,0,0,0,0.0,999999.0,999999.0,999999,99999.0,99999.0,99999.0,192.0,1,0,True,False,False,False,True,False,False,True,True,False,False,False,False,False,False,False,False,False,False,False,False,False,False,False,False,False,False,True,False,False,False,True,False,False,1
99,1,95000.0,0.0,7200.0,2,0,0,0,0,0,0,0,0,0,0,0,1,0,0,2,99,99,0,60,0,0,4,0,19,46,52328.0,48000.0,0.0,0,0.0,0.0,0.0,501.0,0,0,True,False,False,False,True,False,False,True,False,False,False,False,False,False,False,False,False,True,False,False,False,False,False,False,False,False,False,True,True,False,False,False,False,False,1
99,1,400000.0,0.0,145000.0,1,1,1,1,0,0,0,0,0,0,1,1,3,1,0,1,25,25,0,50,0,0,6,0,22,51,40000.0,40000.0,0.0,0,0.0,0.0,0.0,501.0,0,0,True,False,False,False,True,False,False,True,False,False,False,False,False,False,False,False,False,False,False,False,True,False,False,False,False,False,False,True,False,False,True,False,False,False,1
99,1,275000.0,0.0,57500.0,1,0,1,1,0,0,0,3,0,2,0,0,4,0,0,1,99,99,0,20,0,0,7,0,24,47,15000.0,15000.0,0.0,0,0.0,0.0,0.0,450.0,0,0,True,False,False,False,True,False,False,True,False,False,True,False,False,False,False,False,False,False,False,False,False,False,False,False,False,False,False,True,False,False,False,True,False,False,1
99,0,999999.0,512.0,30378.0,1,1,0,0,0,0,0,0,0,0,0,0,5,0,0,1,99,99,0,3,1,0,0,0,0,0,0.0,999999.0,999999.0,999999,99999.0,99999.0,99999.0,205.0,1,0,True,False,False,False,True,False,False,True,False,False,False,False,False,False,True,False,False,False,False,False,False,False,False,False,False,True,False,False,False,False,False,True,False,False,1
99,0,999999.0,575.0,23000.0,2,0,0,0,0,0,0,0,0,0,0,0,1,0,0,2,99,99,0,26,0,1,7,1,25,19,22000.0,22000.0,0.0,0,0.0,0.0,0.0,341.0,1,0,True,False,False,False,True,False,False,True,False,False,False,False,False,False,False,False,False,True,False,False,False,False,False,False,False,False,False,True,False,False,False,True,False,False,1
99,1,162500.0,0.0,81196.0,1,0,1,0,1,0,1,0,0,0,0,0,9,0,0,1,99,99,7,23,1,0,5,0,20,8,30000.0,30000.0,0.0,0,0.0,0.0,0.0,316.0,0,0,True,False,False,False,True,False,False,True,True,False,False,False,False,False,False,False,False,False,False,False,False,False,False,False,False,False,False,True,False,False,False,True,False,False,1
99,1,350000.0,0.0,35293.0,1,0,2,0,1,0,1,0,0,0,0,0,7,0,0,1,99,99,3,15,0,1,3,2,0,0,0.0,999999.0,999999.0,999999,0.0,0.0,0.0,190.0,1,0,True,False,False,False,True,False,False,True,True,False,False,False,False,False,False,False,False,False,False,False,False,False,False,True,False,False,False,False,False,False,False,True,False,False,1
99,0,999999.0,725.0,20000.0,1,0,1,0,1,0,1,0,0,0,0,0,4,0,0,1,99,99,2,18,0,0,6,0,0,0,0.0,0.0,0.0,0,0.0,0.0,0.0,154.0,1,0,True,False,False,False,True,False,False,True,True,False,False,False,False,False,False,False,False,False,False,False,False,False,False,False,False,False,False,True,False,False,False,True,False,False,1
99,1,400000.0,0.0,254119.0,1,1,0,0,0,0,0,0,0,0,1,1,2,0,0,1,99,99,0,63,0,0,7,0,0,0,0.0,0.0,0.0,0,0.0,0.0,0.0,501.0,0,0,True,False,False,False,True,False,False,True,False,False,False,False,False,False,False,False,False,False,False,False,True,False,False,False,False,False,False,True,False,False,True,False,False,False,1
99,0,999999.0,575.0,17800.0,1,1,1,1,2,0,1,1,0,1,0,0,4,0,0,1,99,99,1,18,1,0,4,0,0,0,0.0,0.0,0.0,0,0.0,0.0,0.0,137.0,1,0,True,False,False,False,True,False,False,True,True,False,False,False,False,False,False,False,False,False,False,False,False,False,False,False,False,False,False,True,False,False,False,True,False,False,1
99,0,999999.0,875.0,25000.0,1,1,1,1,2,0,1,1,0,1,0,0,5,0,0,1,99,99,2,9,0,1,1,1,0,0,0.0,999999.0,999999.0,999999,99999.0,99999.0,99999.0,169.0,1,0,True,False,False,False,True,False,False,True,True,False,False,False,False,False,False,False,False,False,False,False,False,False,False,False,False,False,False,True,False,False,False,True,False,False,1
99,1,275000.0,0.0,107000.0,1,1,1,1,2,0,1,1,0,1,0,0,4,0,0,1,99,99,1,3,0,1,0,2,0,0,0.0,999999.0,999999.0,999999,99999.0,99999.0,99999.0,501.0,1,0,True,False,False,False,True,False,False,True,True,False,False,False,False,False,False,False,False,False,False,False,False,False,False,False,False,False,False,True,False,False,False,True,False,False,1
99,0,999999.0,512.0,53200.0,1,1,1,1,0,0,0,0,0,0,2,1,7,4,0,1,28,10,0,45,1,0,1,0,25,18,19000.0,19000.0,0.0,0,0.0,0.0,0.0,269.0,0,6,True,False,False,False,True,False,False,True,False,False,False,True,False,False,False,False,False,False,False,False,False,False,False,False,False,False,False,True,False,False,True,False,False,False,1
99,1,350000.0,0.0,65545.0,1,1,1,1,0,0,0,0,0,0,2,2,3,1,0,1,19,19,0,46,0,1,7,1,35,62,21045.0,0.0,21000.0,0,0.0,0.0,0.0,501.0,0,6,True,False,False,False,True,False,False,True,False,False,False,True,False,False,False,False,False,False,False,False,False,False,False,False,False,False,False,True,False,False,True,False,False,False,1
99,0,999999.0,875.0,44960.0,1,1,1,1,0,0,0,0,0,0,0,0,11,0,0,1,99,99,0,2,0,0,7,0,0,0,0.0,999999.0,999999.0,999999,99999.0,99999.0,99999.0,180.0,1,0,True,False,False,False,True,False,False,True,False,False,True,False,False,False,False,False,False,False,False,False,False,False,False,False,False,False,False,True,False,False,False,True,False,False,1
99,1,225000.0,0.0,67575.0,1,1,1,1,2,0,1,1,3,1,0,0,4,0,0,1,99,99,1,19,1,1,2,1,24,47,5575.0,5395.0,0.0,0,0.0,0.0,0.0,501.0,1,0,True,False,False,False,True,False,False,True,True,False,False,False,False,False,False,False,False,False,False,False,False,False,False,False,False,False,False,True,False,False,False,True,False,False,1
99,0,999999.0,875.0,40000.0,1,1,1,1,2,0,1,1,0,1,0,0,4,0,0,1,99,99,1,13,1,1,2,1,0,0,0.0,999999.0,999999.0,999999,99999.0,99999.0,99999.0,318.0,1,0,True,False,False,False,True,False,False,True,True,False,False,False,False,False,False,False,False,False,False,False,False,False,False,False,False,False,False,True,False,False,False,True,False,False,1
99,0,999999.0,462.0,17240.0,1,1,0,0,0,0,0,0,0,0,1,1,2,0,0,1,99,99,0,21,0,0,6,0,18,44,11000.0,11000.0,0.0,0,0.0,0.0,0.0,208.0,1,0,True,False,False,False,True,False,False,True,False,False,False,False,False,False,False,False,False,False,False,False,True,False,False,False,False,False,False,True,False,False,True,False,False,False,1
99,0,999999.0,412.0,8196.0,1,0,1,0,1,0,1,0,0,0,0,0,3,0,0,1,99,99,1,13,1,1,2,1,0,0,0.0,999999.0,999999.0,999999,99999.0,99999.0,99999.0,82.0,0,0,True,False,False,False,True,False,False,True,True,False,False,False,False,False,False,False,False,False,False,False,False,False,False,False,False,False,False,True,False,False,False,True,False,False,1
99,1,112500.0,0.0,0.0,1,1,1,1,0,0,0,0,0,0,2,2,5,3,0,1,18,15,0,47,0,0,2,0,23,18,0.0,0.0,0.0,0,0.0,0.0,0.0,1.0,0,5,True,False,False,False,True,False,False,True,False,False,False,True,False,False,False,False,False,False,False,False,False,False,False,False,False,False,False,True,False,False,True,False,False,False,1
99,0,999999.0,537.0,40600.0,5,0,0,1,0,0,0,1,0,1,0,0,5,0,0,1,99,99,1,26,0,0,1,0,16,15,8000.0,8000.0,0.0,0,0.0,0.0,0.0,263.0,1,0,True,False,False,False,True,False,False,True,True,False,False,False,False,False,False,False,False,False,False,False,False,False,False,False,False,False,False,True,False,False,False,True,False,False,0
99,0,999999.0,625.0,15000.0,1,1,1,1,0,0,0,0,0,0,1,1,5,3,1,1,12,4,0,31,0,1,6,2,18,44,6000.0,6000.0,0.0,0,0.0,0.0,0.0,101.0,1,0,True,False,False,False,True,False,False,True,False,False,False,False,False,False,False,False,False,False,False,False,True,False,False,False,False,False,False,True,False,False,True,False,False,False,0
99,1,187500.0,0.0,33600.0,1,1,1,1,0,0,0,0,0,0,2,1,4,2,0,1,10,5,0,34,1,1,7,1,29,27,32000.0,32000.0,0.0,0,0.0,0.0,0.0,267.0,1,6,True,False,False,False,True,False,False,True,False,False,False,True,False,False,False,False,False,False,False,False,False,False,False,False,False,False,False,True,False,False,True,False,False,False,1
99,0,999999.0,412.0,20000.0,1,1,1,1,0,0,0,0,0,0,2,1,4,2,0,1,8,6,0,29,1,0,6,0,24,44,20000.0,20000.0,0.0,0,0.0,0.0,0.0,159.0,0,5,True,False,False,False,True,False,False,True,False,False,False,True,False,False,False,False,False,False,False,False,False,False,False,False,False,False,False,True,False,False,True,False,False,False,1
99,1,350000.0,0.0,51000.0,2,0,0,0,0,0,0,0,0,0,0,0,1,0,0,2,99,99,0,36,1,0,8,0,24,47,0.0,0.0,0.0,0,0.0,0.0,0.0,1.0,1,0,True,False,False,False,True,False,False,True,False,False,False,False,False,False,False,False,False,True,False,False,False,False,False,False,False,False,False,True,True,False,False,False,False,False,1
99,1,225000.0,0.0,65034.0,1,1,1,0,0,0,0,0,0,0,0,0,5,0,0,1,99,99,0,1,1,0,7,0,0,0,0.0,999999.0,999999.0,999999,99999.0,99999.0,99999.0,429.0,1,0,True,False,False,False,True,False,False,True,False,False,False,False,False,False,True,False,False,False,False,False,False,False,False,False,False,False,False,True,False,False,False,True,False,False,1
99,0,999999.0,437.0,28600.0,1,0,0,0,0,0,0,0,0,0,0,0,4,0,0,1,99,99,2,26,1,0,2,0,20,8,10000.0,10000.0,0.0,0,0.0,0.0,0.0,224.0,1,1,True,False,False,False,True,False,False,True,False,False,False,True,False,False,False,False,False,False,False,False,False,False,False,False,False,False,False,True,False,False,False,True,False,False,0
99,1,400000.0,0.0,116140.0,1,1,1,1,2,0,1,1,0,1,0,0,4,0,0,1,99,99,1,25,0,0,7,0,22,51,16640.0,16640.0,0.0,0,0.0,0.0,0.0,501.0,0,0,True,False,False,False,True,False,False,True,True,False,False,False,False,False,False,False,False,False,False,False,False,False,False,False,False,False,False,True,False,False,False,True,False,False,1
99,1,275000.0,0.0,56524.0,1,1,1,1,2,0,1,1,0,1,0,0,4,0,0,1,99,99,1,30,1,0,7,0,27,50,21800.0,21800.0,0.0,0,0.0,0.0,0.0,442.0,1,0,True,False,False,False,True,False,False,True,True,False,False,False,False,False,False,False,False,False,False,False,False,False,False,False,False,False,False,True,False,False,False,True,False,False,1
99,0,999999.0,725.0,63060.0,2,1,2,1,0,0,0,0,0,0,1,1,10,3,0,1,22,11,0,40,0,0,2,0,22,18,13260.0,13260.0,0.0,0,0.0,0.0,0.0,245.0,1,0,True,False,False,False,True,False,False,True,False,False,False,False,False,False,False,False,False,False,False,False,True,False,False,False,False,False,False,True,False,False,True,False,False,False,1
99,0,999999.0,362.0,15000.0,1,1,0,0,0,0,0,0,0,0,2,1,3,0,0,1,99,99,0,30,1,0,0,0,24,44,15000.0,15000.0,0.0,0,0.0,0.0,0.0,155.0,0,5,True,False,False,False,True,False,False,True,False,False,False,True,False,False,False,False,False,False,False,False,False,False,False,False,False,False,False,True,False,False,True,False,False,False,1
99,1,225000.0,0.0,86042.0,1,1,0,0,0,0,0,0,0,0,1,1,2,0,0,1,99,99,0,69,0,0,8,0,26,72,14571.0,6930.0,0.0,0,4876.0,0.0,0.0,501.0,0,0,True,False,False,False,True,False,False,True,False,False,False,False,False,False,False,False,False,False,False,False,True,False,False,False,False,False,False,True,False,False,True,False,False,False,1
99,0,999999.0,675.0,42000.0,1,1,1,1,1,0,1,2,0,1,0,0,4,0,0,1,99,99,0,13,1,1,2,1,0,0,0.0,999999.0,999999.0,999999,99999.0,99999.0,99999.0,334.0,0,0,True,False,False,False,True,False,False,True,True,False,False,False,False,False,False,False,False,False,False,False,False,False,True,False,False,False,False,False,False,False,False,True,False,False,1
99,0,999999.0,1000.0,80500.0,1,1,0,0,0,0,0,0,0,0,2,1,2,0,0,1,99,99,0,30,1,1,7,1,41,68,56500.0,56000.0,0.0,0,0.0,0.0,0.0,501.0,1,2,True,False,False,False,True,False,False,True,False,False,False,True,False,False,False,False,False,False,False,False,False,False,False,False,False,False,False,True,False,False,True,False,False,False,1
99,1,187500.0,0.0,85000.0,1,1,1,1,0,0,0,0,0,0,2,1,4,2,0,1,18,13,0,39,1,0,8,0,46,84,55000.0,55000.0,0.0,0,0.0,0.0,0.0,501.0,1,1,True,False,False,False,True,False,False,True,False,False,False,True,False,False,False,False,False,False,False,False,False,False,False,False,False,False,False,True,False,False,True,False,False,False,1
99,1,162500.0,0.0,6684.0,1,0,0,0,0,0,0,0,0,0,0,0,1,0,0,1,99,99,0,67,0,0,4,0,0,0,6684.0,0.0,0.0,0,6684.0,0.0,0.0,112.0,0,7,True,False,False,False,True,False,False,True,False,False,False,True,False,False,False,False,False,False,False,False,False,False,False,False,False,False,False,True,False,False,False,False,False,True,1
99,0,999999.0,725.0,38900.0,1,1,0,0,0,0,0,0,0,0,1,1,2,0,0,1,99,99,0,51,0,0,6,0,20,9,900.0,0.0,900.0,0,0.0,0.0,0.0,469.0,0,0,True,False,False,False,True,False,False,True,False,False,False,False,False,False,False,False,False,False,False,False,True,False,False,False,False,False,False,True,False,False,True,False,False,False,1
99,0,999999.0,0.0,999999.0,1,0,0,0,0,0,0,0,0,0,0,0,1,0,0,1,99,99,0,17,1,1,5,2,18,44,400.0,400.0,0.0,0,0.0,0.0,0.0,0.0,1,0,False,True,False,True,False,False,False,True,False,False,False,False,True,False,False,False,False,False,False,False,False,False,False,False,False,False,False,True,False,False,False,True,False,False,1
99,1,162500.0,0.0,18000.0,1,1,1,1,0,0,0,0,0,0,2,1,4,2,0,1,16,14,0,39,1,1,2,1,16,15,18000.0,18000.0,0.0,0,0.0,0.0,0.0,143.0,1,1,True,False,False,False,True,False,False,True,False,False,False,True,False,False,False,False,False,False,False,False,False,False,False,False,False,False,False,True,False,False,True,False,False,False,1
99,0,999999.0,1.0,37230.0,1,1,0,0,0,0,0,0,0,0,2,1,2,0,0,1,99,99,0,46,1,0,8,0,41,68,35230.0,35000.0,0.0,0,0.0,0.0,0.0,448.0,1,1,True,False,False,False,True,False,False,True,False,False,False,True,False,False,False,False,False,False,False,False,False,False,False,False,False,True,False,False,False,False,True,False,False,False,1
99,0,999999.0,575.0,40000.0,1,0,0,0,0,0,0,0,0,0,0,0,1,0,0,1,99,99,0,75,1,0,7,0,20,52,40000.0,0.0,40000.0,0,0.0,0.0,0.0,501.0,1,1,True,False,False,False,True,False,False,True,False,False,False,True,False,False,False,False,False,False,False,False,False,False,False,False,False,False,False,True,False,False,False,True,False,False,1
99,0,999999.0,675.0,28000.0,1,0,1,0,0,0,0,0,0,0,0,0,3,2,0,1,6,6,0,36,0,0,6,0,38,68,28000.0,28000.0,0.0,0,0.0,0.0,0.0,280.0,1,2,True,False,False,False,True,False,False,True,False,False,False,True,False,False,False,False,False,False,False,False,False,False,False,False,False,False,False,True,False,False,False,False,True,False,1
99,1,137500.0,0.0,66400.0,1,1,1,1,0,0,0,0,0,0,1,1,3,1,0,1,14,14,0,40,0,0,7,0,22,60,22000.0,22000.0,0.0,0,0.0,0.0,0.0,501.0,1,0,True,False,False,False,True,False,False,True,False,False,False,False,False,False,False,False,False,False,False,False,True,False,False,False,False,False,False,True,False,False,True,False,False,False,1
99,1,137500.0,0.0,24000.0,1,1,1,1,0,0,0,0,0,0,1,2,4,2,1,1,7,3,0,49,1,0,2,0,41,68,24000.0,24000.0,0.0,0,0.0,0.0,0.0,191.0,1,0,True,False,False,False,True,False,False,True,False,False,False,False,False,False,False,False,False,False,False,False,True,False,False,False,False,False,False,True,False,False,True,False,False,False,1
99,0,999999.0,487.0,17928.0,1,1,1,1,0,0,0,0,0,0,2,1,4,2,0,1,16,14,0,40,1,0,6,0,23,18,9688.0,0.0,0.0,0,0.0,9688.0,0.0,143.0,1,2,True,False,False,False,True,False,False,True,False,False,False,True,False,False,False,False,False,False,False,False,False,False,False,False,False,True,False,False,False,False,True,False,False,False,1
99,0,999999.0,1000.0,50000.0,1,1,1,1,0,0,0,0,0,0,1,1,6,4,1,1,10,0,0,30,0,0,7,0,0,0,0.0,0.0,0.0,0,0.0,0.0,0.0,302.0,1,0,True,False,False,False,True,False,False,True,False,False,False,False,False,False,False,False,False,False,False,False,True,False,False,False,False,False,False,True,False,False,True,False,False,False,1
99,1,225000.0,0.0,67659.0,1,1,1,1,0,0,0,0,0,0,1,1,3,1,0,1,19,19,0,42,0,0,7,0,30,44,30900.0,30000.0,0.0,0,0.0,0.0,0.0,501.0,0,0,True,False,False,False,True,False,False,True,False,False,False,False,False,False,False,False,False,False,False,False,True,False,False,False,False,False,False,True,False,False,True,False,False,False,1
99,1,77500.0,0.0,8040.0,1,0,0,0,0,0,0,0,0,0,0,0,1,0,0,1,99,99,0,83,0,0,6,0,0,0,8040.0,0.0,0.0,0,8040.0,0.0,0.0,135.0,0,6,True,False,False,False,True,False,False,True,False,False,False,True,False,False,False,False,False,False,False,False,False,False,False,False,False,False,False,True,False,False,False,False,False,True,1
99,1,187500.0,0.0,35400.0,1,1,1,1,2,0,1,1,0,1,0,0,4,0,0,1,99,99,1,2,1,0,7,0,0,0,0.0,999999.0,999999.0,999999,99999.0,99999.0,99999.0,282.0,1,0,True,False,False,False,True,False,False,True,True,False,False,False,False,False,False,False,False,False,False,False,False,False,False,False,False,False,False,True,False,False,False,True,False,False,1
99,1,400000.0,0.0,72030.0,1,1,0,0,0,0,0,0,0,0,1,1,2,0,0,1,99,99,0,30,0,0,7,0,24,47,2030.0,2000.0,0.0,0,0.0,0.0,0.0,501.0,1,0,True,False,False,False,True,False,False,True,False,False,False,False,False,False,False,False,False,False,False,False,True,False,False,True,False,False,False,False,False,False,True,False,False,False,1
99,1,400000.0,0.0,100000.0,1,1,1,1,2,0,1,1,0,1,0,0,3,0,0,1,99,99,0,18,1,1,6,1,0,0,0.0,0.0,0.0,0,0.0,0.0,0.0,501.0,1,0,True,False,False,False,True,False,False,True,True,False,False,False,False,False,False,False,False,False,False,False,False,False,False,True,False,False,False,False,False,False,False,True,False,False,1
99,0,999999.0,625.0,10650.0,1,1,1,1,2,0,1,1,0,1,0,0,6,0,0,1,99,99,2,9,1,1,1,1,0,0,0.0,999999.0,999999.0,999999,99999.0,99999.0,99999.0,62.0,1,0,True,False,False,False,True,False,False,True,True,False,False,False,False,False,False,False,False,False,False,False,False,False,False,False,False,False,False,True,False,False,False,True,False,False,1
99,1,275000.0,0.0,44000.0,1,1,0,0,0,0,0,0,0,0,2,1,2,0,0,1,99,99,0,52,1,0,8,0,31,65,26000.0,18000.0,8000.0,0,0.0,0.0,0.0,501.0,0,6,True,False,False,False,True,False,False,True,False,False,False,True,False,False,False,False,False,False,False,False,False,False,False,False,False,False,False,True,False,False,True,False,False,False,1
99,1,85000.0,0.0,26000.0,1,1,1,1,0,0,0,0,0,0,2,1,10,8,2,1,20,1,0,42,1,0,1,0,23,18,26000.0,26000.0,0.0,0,0.0,0.0,0.0,104.0,0,6,True,False,False,False,True,False,False,True,False,False,False,True,False,False,False,False,False,False,False,False,False,False,False,False,False,False,False,True,False,False,True,False,False,False,1
99,0,999999.0,875.0,26100.0,1,1,2,1,0,0,0,0,0,0,0,0,7,0,0,1,99,99,0,24,1,0,6,0,42,84,17000.0,17000.0,0.0,0,0.0,0.0,0.0,136.0,1,0,True,False,False,False,True,False,False,True,False,False,False,False,False,False,True,False,False,False,False,False,False,False,False,False,False,False,False,True,False,True,False,False,False,False,1
99,0,999999.0,0.0,999999.0,1,0,0,0,0,0,0,0,0,0,0,0,1,0,0,1,99,99,0,19,1,0,4,0,18,44,2500.0,1500.0,1000.0,0,0.0,0.0,0.0,0.0,1,0,False,True,False,True,False,False,False,True,False,False,False,False,True,False,False,False,False,False,False,False,False,False,False,False,False,True,False,False,False,False,False,True,False,False,1
99,0,999999.0,537.0,32035.0,1,1,1,1,0,0,0,0,0,0,1,1,7,5,1,1,17,3,0,37,0,0,2,0,23,18,9000.0,9000.0,0.0,0,0.0,0.0,0.0,173.0,0,0,True,False,False,False,True,False,False,True,False,False,False,False,False,False,False,False,False,False,False,False,True,False,False,False,False,False,False,True,False,False,True,False,False,False,1
99,1,187500.0,0.0,13824.0,1,1,0,0,0,0,0,0,0,0,1,1,2,0,0,1,99,99,0,60,0,0,6,0,0,0,5088.0,0.0,0.0,0,5088.0,0.0,0.0,166.0,0,0,True,False,False,False,True,False,False,True,False,False,False,False,False,False,False,False,False,False,False,False,True,False,False,False,False,False,False,True,False,False,True,False,False,False,1
99,1,112500.0,0.0,18668.0,1,0,0,0,0,0,0,0,0,0,0,0,1,0,0,1,99,99,0,68,0,0,8,0,39,82,18668.0,0.0,2207.0,0,5458.0,0.0,5400.0,314.0,1,2,True,False,False,False,True,False,False,True,False,False,False,True,False,False,False,False,False,False,False,False,False,False,False,False,False,False,False,True,True,False,False,False,False,False,0
99,0,999999.0,412.0,12055.0,2,0,0,0,0,0,0,0,0,0,0,0,1,0,0,2,99,99,0,20,1,0,6,0,35,66,16784.0,16784.0,0.0,0,0.0,0.0,0.0,260.0,1,0,True,False,False,False,True,False,False,True,False,False,False,False,False,False,False,False,False,True,False,False,False,False,False,False,True,False,False,False,False,False,False,True,False,False,1
99,1,137500.0,0.0,74466.0,1,1,1,1,2,0,1,1,0,1,0,0,7,0,0,1,99,99,4,18,0,0,6,0,14,17,516.0,516.0,0.0,0,0.0,0.0,0.0,363.0,0,0,True,False,False,False,True,False,False,True,True,False,False,False,False,False,False,False,False,False,False,False,False,False,False,False,False,False,False,True,False,False,False,True,False,False,1
99,1,275000.0,0.0,53600.0,1,2,2,2,4,0,1,3,0,1,0,0,9,0,0,1,99,99,2,21,0,1,6,1,4,27,800.0,800.0,0.0,0,0.0,0.0,0.0,199.0,1,0,True,False,False,False,True,False,False,True,False,False,False,False,False,False,False,False,False,False,False,True,False,False,False,False,False,True,False,False,False,False,False,True,False,False,1
99,1,12500.0,0.0,10000.0,1,0,0,0,0,0,0,0,0,0,0,0,1,0,0,1,99,99,0,69,0,0,6,0,0,0,10000.0,0.0,0.0,0,1158.0,0.0,0.0,168.0,0,1,True,False,False,False,True,False,False,True,False,False,False,True,False,False,False,False,False,False,False,False,False,False,False,False,False,False,False,True,False,False,False,False,False,True,1
99,1,187500.0,0.0,42000.0,2,0,0,1,0,0,0,0,0,0,0,0,1,0,0,2,99,99,0,38,0,0,8,0,24,47,24500.0,24000.0,0.0,0,0.0,0.0,0.0,380.0,0,0,True,False,False,False,True,False,False,True,False,False,False,False,False,False,False,False,False,True,False,False,False,False,False,False,False,False,False,True,False,False,False,True,False,False,1
99,0,999999.0,575.0,6000.0,1,0,0,0,0,0,0,0,0,0,0,0,3,0,0,1,99,99,1,18,1,1,4,1,0,0,3000.0,0.0,0.0,0,0.0,0.0,3000.0,60.0,1,0,True,False,False,False,True,False,False,True,False,False,False,False,False,False,False,False,False,False,True,False,False,False,False,False,False,True,False,False,False,False,False,True,False,False,1
99,1,225000.0,0.0,69000.0,1,1,0,0,0,0,0,0,0,0,2,1,2,0,0,1,99,99,0,59,1,0,6,0,22,8,50000.0,45000.0,0.0,0,0.0,0.0,0.0,501.0,0,8,True,False,False,False,True,False,False,True,False,False,False,True,False,False,False,False,False,False,False,False,False,False,False,False,True,False,False,False,False,False,True,False,False,False,1
99,0,999999.0,675.0,58000.0,2,0,1,0,1,0,1,0,0,0,0,0,4,0,0,1,99,99,0,4,1,0,0,0,0,0,0.0,999999.0,999999.0,999999,99999.0,99999.0,99999.0,461.0,1,0,True,False,False,False,True,False,False,True,True,False,False,False,False,False,False,False,False,False,False,False,False,False,False,False,False,False,False,True,False,False,False,True,False,False,1
99,1,67500.0,0.0,51125.0,1,1,3,1,4,0,2,0,0,0,0,0,7,0,0,1,99,99,1,9,0,1,1,1,0,0,0.0,999999.0,999999.0,999999,99999.0,99999.0,99999.0,258.0,0,0,True,False,False,False,True,False,False,True,False,False,True,False,False,False,False,False,False,False,False,False,False,False,False,False,False,False,False,True,False,False,False,True,False,False,1
99,0,999999.0,725.0,0.0,1,1,1,1,0,0,0,0,0,0,1,2,8,5,5,1,4,0,0,23,1,0,6,0,13,4,0.0,0.0,0.0,0,0.0,0.0,0.0,1.0,1,0,True,False,False,False,True,False,False,True,False,False,False,False,False,False,False,False,False,False,False,False,True,False,True,False,False,False,False,False,False,False,True,False,False,False,1
99,0,999999.0,537.0,27000.0,1,1,1,1,2,0,1,1,0,1,0,0,3,0,0,1,99,99,0,1,1,0,7,0,0,0,0.0,999999.0,999999.0,999999,99999.0,99999.0,99999.0,271.0,1,0,True,False,False,False,True,False,False,True,True,False,False,False,False,False,False,False,False,False,False,False,False,False,False,False,False,False,False,True,False,False,False,True,False,False,1
99,0,999999.0,625.0,30000.0,1,0,1,0,1,0,1,0,0,0,0,0,2,0,0,1,99,99,0,8,0,1,1,1,0,0,0.0,999999.0,999999.0,999999,99999.0,99999.0,99999.0,351.0,0,0,True,False,False,False,True,False,False,True,True,False,False,False,False,False,False,False,False,False,False,False,False,False,False,False,False,True,False,False,False,False,False,True,False,False,1
99,0,999999.0,1000.0,90000.0,1,1,1,1,2,0,1,1,0,1,0,0,4,0,0,1,99,99,1,12,1,1,1,1,0,0,0.0,999999.0,999999.0,999999,99999.0,99999.0,99999.0,501.0,1,0,True,False,False,False,True,False,False,True,True,False,False,False,False,False,False,False,False,False,False,False,False,False,False,False,True,False,False,False,False,False,False,True,False,False,1
99,0,999999.0,462.0,48440.0,1,1,1,1,2,0,1,1,0,1,0,0,4,0,0,1,99,99,1,8,0,1,1,1,0,0,0.0,999999.0,999999.0,999999,99999.0,99999.0,99999.0,385.0,1,0,True,False,False,False,True,False,False,True,True,False,False,False,False,False,False,False,False,False,False,False,False,False,False,False,False,False,False,True,False,False,False,True,False,False,1
99,0,999999.0,1000.0,6500.0,2,0,1,0,0,0,0,0,0,0,0,0,1,0,0,2,99,99,0,45,0,0,8,0,24,52,3600.0,3600.0,0.0,0,0.0,0.0,0.0,56.0,1,0,True,False,False,False,True,False,False,True,False,False,False,False,False,False,False,False,False,True,False,False,False,False,False,False,False,False,False,True,False,False,False,True,False,False,1
99,0,999999.0,575.0,29400.0,1,1,1,1,2,0,1,1,0,1,0,0,5,0,0,1,99,99,2,8,0,0,0,0,0,0,0.0,999999.0,999999.0,999999,99999.0,99999.0,99999.0,199.0,0,0,True,False,False,False,True,False,False,True,True,False,False,False,False,False,False,False,False,False,False,False,False,False,False,False,False,False,False,True,False,False,False,True,False,False,1
99,0,999999.0,625.0,25529.0,1,1,1,1,2,0,1,1,0,1,0,0,7,0,0,1,99,99,3,14,1,1,2,1,0,0,0.0,999999.0,999999.0,999999,99999.0,99999.0,99999.0,138.0,0,0,True,False,False,False,True,False,False,True,True,False,False,False,False,False,False,False,False,False,False,False,False,False,False,False,False,False,False,True,False,False,False,True,False,False,1
99,0,999999.0,675.0,15785.0,1,0,1,0,2,0,1,0,0,0,0,0,2,0,0,1,99,99,0,65,0,0,7,0,22,61,6785.0,0.0,0.0,0,6780.0,5.0,0.0,211.0,0,6,True,False,False,False,True,False,False,True,False,False,False,True,False,False,False,False,False,False,False,False,False,False,False,False,False,False,False,True,False,False,False,False,False,True,1
99,0,999999.0,875.0,5000.0,1,1,2,1,8,0,3,0,0,0,0,0,10,0,0,1,99,99,1,8,1,1,1,1,0,0,0.0,999999.0,999999.0,999999,99999.0,99999.0,99999.0,20.0,0,0,True,False,False,False,True,False,False,True,False,False,False,False,False,False,True,False,False,False,False,False,False,False,False,False,False,False,False,True,False,False,False,True,False,False,1
99,1,275000.0,0.0,6000.0,1,1,1,1,2,0,1,1,0,1,0,0,7,0,0,1,99,99,4,12,0,1,2,1,0,0,0.0,999999.0,999999.0,999999,99999.0,99999.0,99999.0,31.0,0,0,True,False,False,False,True,False,False,True,True,False,False,False,False,False,False,False,False,False,False,False,False,False,False,False,False,False,False,True,False,False,False,True,False,False,1
99,0,999999.0,875.0,60000.0,1,1,1,1,0,0,0,0,0,0,1,1,3,1,0,1,15,15,0,30,0,0,6,0,17,13,18000.0,18000.0,0.0,0,0.0,0.0,0.0,501.0,0,0,True,False,False,False,True,False,False,True,False,False,False,False,False,False,False,False,False,False,False,False,True,False,False,False,False,False,False,True,False,False,True,False,False,False,1
99,1,275000.0,0.0,45000.0,2,0,0,0,0,0,0,0,0,0,0,0,1,0,0,2,99,99,0,36,0,0,7,0,41,72,37279.0,37279.0,0.0,0,0.0,0.0,0.0,501.0,1,0,True,False,False,False,True,False,False,True,False,False,False,False,False,True,False,False,False,False,False,False,False,False,False,False,False,False,False,True,True,False,False,False,False,False,1
99,1,275000.0,0.0,61000.0,1,1,1,1,0,0,0,0,0,0,1,1,4,2,1,1,12,0,0,41,0,0,7,0,41,68,31000.0,31000.0,0.0,0,0.0,0.0,0.0,485.0,0,0,True,False,False,False,True,False,False,True,False,False,False,False,False,False,False,False,False,False,False,False,True,False,True,False,False,False,False,False,False,False,True,False,False,False,1
99,0,999999.0,875.0,37800.0,1,1,1,1,2,0,1,1,0,1,0,0,4,0,0,1,99,99,1,6,1,1,0,2,0,0,0.0,999999.0,999999.0,999999,99999.0,99999.0,99999.0,301.0,1,0,True,False,False,False,True,False,False,True,True,False,False,False,False,False,False,False,False,False,False,False,False,False,False,False,False,False,False,True,False,False,False,True,False,False,1
99,0,999999.0,512.0,23212.0,1,1,1,1,2,0,1,1,0,1,0,0,4,0,0,1,99,99,1,33,1,0,6,0,0,0,7464.0,0.0,0.0,0,960.0,6504.0,0.0,181.0,1,0,True,False,False,False,True,False,False,True,True,False,False,False,False,False,False,False,False,False,False,False,False,False,False,False,False,False,False,True,False,False,False,True,False,False,1
99,1,400000.0,0.0,110762.0,1,1,1,1,2,0,1,1,0,1,0,0,4,0,0,1,99,99,1,13,1,1,2,1,0,0,0.0,999999.0,999999.0,999999,99999.0,99999.0,99999.0,501.0,0,0,True,False,False,False,True,False,False,True,True,False,False,False,False,False,False,False,False,False,False,False,False,False,False,False,False,False,False,True,False,False,False,True,False,False,1
99,0,999999.0,625.0,14048.0,1,0,1,0,0,0,0,0,0,0,0,0,6,5,0,1,20,9,0,38,0,0,7,0,20,9,12048.0,7200.0,0.0,0,0.0,4848.0,0.0,82.0,1,2,True,False,False,False,True,False,False,True,False,False,False,True,False,False,False,False,False,False,False,False,False,False,False,False,False,False,False,True,True,False,False,False,False,False,1
99,1,187500.0,0.0,124506.0,1,0,2,0,2,0,2,0,0,0,0,0,6,0,0,1,99,99,1,20,0,0,5,0,18,44,5900.0,5900.0,0.0,0,0.0,0.0,0.0,501.0,0,0,True,False,False,False,True,False,False,True,False,False,True,False,False,False,False,False,False,False,False,False,False,False,False,False,False,False,False,True,False,False,False,True,False,False,1
99,0,999999.0,362.0,6500.0,1,0,0,0,0,0,0,0,0,0,0,0,1,0,0,1,99,99,0,58,0,0,7,0,22,45,6500.0,0.0,0.0,0,0.0,0.0,0.0,101.0,1,1,True,False,False,False,True,False,False,True,False,False,False,True,False,False,False,False,False,False,False,False,False,False,False,False,False,True,False,False,True,False,False,False,False,False,1
99,0,999999.0,1.0,29190.0,1,1,1,1,0,0,0,0,0,0,2,1,4,2,2,1,2,0,0,29,1,0,7,0,11,18,18000.0,18000.0,0.0,0,0.0,0.0,0.0,232.0,1,2,True,False,False,False,True,False,False,True,False,False,False,True,False,False,False,False,False,False,False,False,False,False,False,False,False,False,False,True,False,False,True,False,False,False,1
99,0,999999.0,312.0,7932.0,1,0,0,0,0,0,0,0,0,0,0,0,1,0,0,1,99,99,0,73,0,0,3,0,0,0,7932.0,0.0,0.0,0,4572.0,3360.0,0.0,133.0,0,2,True,False,False,False,True,False,False,True,False,False,False,True,False,False,False,False,False,False,False,False,False,False,True,False,False,False,False,False,False,False,False,False,False,True,1
99,0,999999.0,0.0,999999.0,1,0,0,0,0,0,0,0,0,0,0,0,1,0,0,1,99,99,0,28,0,0,7,0,0,0,6000.0,0.0,0.0,0,0.0,0.0,6000.0,0.0,1,0,False,True,False,True,False,False,False,True,False,False,False,False,True,False,False,False,False,False,False,False,False,False,False,False,False,False,False,True,True,False,False,False,False,False,1
99,0,999999.0,625.0,50629.0,2,0,1,0,0,0,0,0,0,0,0,0,1,0,0,2,99,99,0,42,1,0,6,0,23,23,18000.0,18000.0,0.0,0,0.0,0.0,0.0,279.0,1,0,True,False,False,False,True,False,False,True,False,False,False,False,False,False,False,False,False,True,False,False,False,False,False,False,False,False,False,True,False,False,False,False,True,False,1
99,1,400000.0,0.0,59150.0,1,1,1,1,0,0,0,0,0,0,2,1,4,2,2,1,0,0,0,30,1,0,7,0,41,68,45800.0,45000.0,0.0,0,0.0,0.0,0.0,470.0,1,2,True,False,False,False,True,False,False,True,False,False,False,True,False,False,False,False,False,False,False,False,False,False,False,False,False,False,False,True,False,False,True,False,False,False,1
99,0,999999.0,0.0,999999.0,1,0,0,0,0,0,0,0,0,0,0,0,1,0,0,1,99,99,0,75,0,0,5,0,0,0,0.0,0.0,0.0,0,0.0,0.0,0.0,0.0,1,0,False,True,False,True,False,False,False,True,False,False,False,False,True,False,False,False,False,False,False,False,False,False,False,False,False,False,False,True,False,True,False,False,False,False,1
99,1,350000.0,0.0,45133.0,1,1,1,1,0,0,0,0,0,0,2,1,4,2,0,1,26,16,0,55,1,0,6,0,20,8,45133.0,42000.0,0.0,0,0.0,0.0,0.0,347.0,0,7,True,False,False,False,True,False,False,True,False,False,False,True,False,False,False,False,False,False,False,False,False,False,False,False,False,False,False,True,False,False,True,False,False,False,1
99,1,275000.0,0.0,7378.0,1,0,0,0,0,0,0,0,0,0,0,0,1,0,0,1,99,99,0,69,1,0,6,0,23,18,7378.0,0.0,0.0,0,7378.0,0.0,0.0,124.0,0,7,True,False,False,False,True,False,False,True,False,False,False,True,False,False,False,False,False,False,False,False,False,False,False,False,False,False,False,True,True,False,False,False,False,False,1
99,0,999999.0,575.0,61200.0,1,0,0,1,0,0,0,1,0,1,0,0,2,0,0,1,99,99,0,27,1,0,6,0,23,18,25000.0,25000.0,0.0,0,0.0,0.0,0.0,501.0,1,0,True,False,False,False,True,False,False,True,True,False,False,False,False,False,False,False,False,False,False,False,False,False,False,False,False,False,False,True,False,False,False,True,False,False,1
99,0,999999.0,462.0,26302.0,1,1,1,1,2,0,1,1,0,1,0,0,8,0,0,1,99,99,5,26,0,0,0,0,20,9,1320.0,0.0,1320.0,0,0.0,0.0,0.0,115.0,0,0,True,False,False,False,True,False,False,True,True,False,False,False,False,False,False,False,False,False,False,False,False,False,False,False,False,False,False,True,False,False,False,True,False,False,1
99,0,999999.0,512.0,798.0,1,0,1,0,1,0,1,0,0,0,0,0,2,0,0,1,99,99,0,15,1,1,3,1,0,0,0.0,999999.0,999999.0,999999,0.0,0.0,0.0,9.0,0,0,True,False,False,False,True,False,False,True,True,False,False,False,False,False,False,False,False,False,False,False,False,False,True,False,False,False,False,False,False,False,False,True,False,False,1
99,0,999999.0,875.0,57500.0,1,1,0,0,0,0,0,0,0,0,2,1,2,0,0,1,99,99,0,27,1,0,8,0,40,80,21000.0,10000.0,10000.0,0,0.0,0.0,0.0,501.0,0,5,True,False,False,False,True,False,False,True,False,False,False,True,False,False,False,False,False,False,False,False,False,False,False,False,False,False,False,True,False,False,True,False,False,False,1
99,1,162500.0,0.0,37240.0,1,1,0,1,0,0,0,0,0,0,2,1,5,0,0,1,99,99,0,74,1,0,1,0,0,0,7380.0,0.0,0.0,0,4800.0,2580.0,0.0,246.0,0,7,True,False,False,False,True,False,False,True,False,False,False,True,False,False,False,False,False,False,False,False,False,False,False,False,False,False,False,True,False,False,True,False,False,False,1
99,0,999999.0,512.0,14000.0,3,0,0,1,0,0,0,1,0,1,0,0,3,0,0,1,99,99,1,3,0,0,0,0,0,0,0.0,999999.0,999999.0,999999,99999.0,99999.0,99999.0,140.0,1,0,True,False,False,False,True,False,False,True,True,False,False,False,False,False,False,False,False,False,False,False,False,False,False,False,False,False,False,True,False,False,False,True,False,False,1
99,0,999999.0,875.0,21352.0,1,1,2,1,0,0,0,0,0,0,1,1,7,4,1,1,20,3,0,40,0,0,6,0,22,61,0.0,0.0,0.0,0,0.0,0.0,0.0,108.0,0,0,True,False,False,False,True,False,False,True,False,False,False,False,False,False,False,False,False,False,False,False,True,False,True,False,False,False,False,False,False,False,True,False,False,False,1
99,1,275000.0,0.0,78950.0,1,1,1,1,0,0,0,0,0,0,1,1,3,1,0,1,28,28,0,55,0,0,6,0,0,0,0.0,0.0,0.0,0,0.0,0.0,0.0,501.0,0,0,True,False,False,False,True,False,False,True,False,False,False,False,False,False,False,False,False,False,False,False,True,False,False,False,True,False,False,False,False,False,True,False,False,False,1
99,1,350000.0,0.0,71876.0,1,1,1,1,1,0,1,2,0,1,0,0,3,0,0,1,99,99,0,29,1,0,7,0,22,18,5103.0,1332.0,3771.0,0,0.0,0.0,0.0,501.0,0,0,True,False,False,False,True,False,False,True,True,False,False,False,False,False,False,False,False,False,False,False,False,False,False,False,False,False,False,True,False,False,False,True,False,False,1
99,1,137500.0,0.0,57587.0,1,0,1,0,1,0,1,0,0,0,0,0,4,0,0,1,99,99,2,24,0,0,6,0,24,44,16387.0,16387.0,0.0,0,0.0,0.0,0.0,450.0,0,0,True,False,False,False,True,False,False,True,True,False,False,False,False,False,False,False,False,False,False,False,False,False,False,False,False,False,False,True,False,False,False,True,False,False,1
99,1,162500.0,0.0,0.0,1,1,1,1,0,0,0,0,0,0,2,1,5,3,0,1,21,17,0,42,1,0,6,0,0,0,0.0,0.0,0.0,0,0.0,0.0,0.0,1.0,0,6,True,False,False,False,True,False,False,True,False,False,False,True,False,False,False,False,False,False,False,False,False,False,False,False,False,False,False,True,False,False,True,False,False,False,1
99,0,999999.0,575.0,27000.0,1,1,1,1,0,0,0,0,0,0,2,1,4,1,0,1,21,21,0,58,1,0,1,0,9,6,14000.0,14000.0,0.0,0,0.0,0.0,0.0,211.0,1,2,True,False,False,False,True,False,False,True,False,False,False,True,False,False,False,False,False,False,False,False,False,False,False,False,False,False,False,True,False,False,True,False,False,False,0
99,0,999999.0,537.0,36796.0,1,1,1,1,2,0,1,1,0,1,0,0,6,0,0,1,99,99,3,7,1,1,1,1,0,0,0.0,999999.0,999999.0,999999,99999.0,99999.0,99999.0,222.0,0,0,True,False,False,False,True,False,False,True,True,False,False,False,False,False,False,False,False,False,False,False,False,False,False,False,False,False,False,True,False,False,False,True,False,False,1
99,1,275000.0,0.0,52465.0,1,1,0,0,0,0,0,0,0,0,2,1,2,0,0,1,99,99,0,63,1,0,8,0,27,72,47721.0,46000.0,0.0,0,0.0,0.0,0.0,501.0,0,8,True,False,False,False,True,False,False,True,False,False,False,True,False,False,False,False,False,False,False,False,False,False,False,False,False,False,False,True,False,False,True,False,False,False,1
99,1,37500.0,0.0,20971.0,1,0,0,0,0,0,0,0,0,0,0,0,1,0,0,1,99,99,0,79,1,0,3,0,0,0,20971.0,0.0,0.0,0,0.0,0.0,0.0,353.0,0,8,True,False,False,False,True,False,False,True,False,False,False,True,False,False,False,False,False,False,False,False,False,False,False,False,False,False,False,True,False,False,False,False,False,True,1
99,0,999999.0,512.0,72000.0,1,0,0,0,0,0,0,0,0,0,0,0,2,0,0,1,99,99,1,27,0,0,6,0,41,68,30000.0,30000.0,0.0,0,0.0,0.0,0.0,501.0,0,0,True,False,False,False,True,False,False,True,False,False,False,False,False,False,False,False,False,False,True,False,False,False,False,False,False,False,False,True,False,False,False,False,False,True,1
99,1,162500.0,0.0,35050.0,1,1,1,1,2,0,1,1,0,1,0,0,4,0,0,1,99,99,1,1,1,0,7,0,0,0,0.0,999999.0,999999.0,999999,99999.0,99999.0,99999.0,279.0,1,0,True,False,False,False,True,False,False,True,True,False,False,False,False,False,False,False,False,False,False,False,False,False,False,True,False,False,False,False,False,False,False,True,False,False,1
99,0,999999.0,725.0,42732.0,1,0,1,0,0,0,0,0,0,0,0,0,2,1,0,1,12,12,0,46,0,0,8,0,26,72,42732.0,42732.0,0.0,0,0.0,0.0,0.0,500.0,1,2,True,False,False,False,True,False,False,True,False,False,False,True,False,False,False,False,False,False,False,False,False,False,False,False,True,False,False,False,False,False,False,False,True,False,1
99,1,400000.0,0.0,60000.0,1,1,1,1,2,0,1,1,0,1,0,0,4,0,0,1,99,99,1,6,0,1,0,1,0,0,0.0,999999.0,999999.0,999999,99999.0,99999.0,99999.0,477.0,0,0,True,False,False,False,True,False,False,True,True,False,False,False,False,False,False,False,False,False,False,False,False,False,False,True,False,False,False,False,False,False,False,True,False,False,1
99,0,999999.0,1000.0,98000.0,1,1,0,0,0,0,0,0,0,0,1,1,2,0,0,1,99,99,0,26,0,0,7,0,20,52,13000.0,0.0,13000.0,0,0.0,0.0,0.0,501.0,1,0,True,False,False,False,True,False,False,True,False,False,False,False,False,False,False,False,False,False,False,False,True,False,False,False,False,False,False,True,False,False,True,False,False,False,1
99,0,999999.0,875.0,42000.0,1,1,1,1,2,0,1,1,0,1,0,0,4,0,0,1,99,99,1,6,1,1,0,2,0,0,0.0,999999.0,999999.0,999999,99999.0,99999.0,99999.0,334.0,0,0,True,False,False,False,True,False,False,True,True,False,False,False,False,False,False,False,False,False,False,False,False,False,False,False,False,False,False,True,False,False,False,True,False,False,1
99,1,27500.0,0.0,30429.0,1,0,0,1,0,0,0,0,0,0,0,0,3,0,0,1,99,99,1,60,0,0,2,0,0,0,7560.0,0.0,0.0,0,0.0,7560.0,0.0,314.0,0,6,True,False,False,False,True,False,False,True,False,False,False,True,False,False,False,False,False,False,False,False,False,False,False,False,False,False,False,True,False,False,False,False,True,False,1
99,1,400000.0,0.0,122000.0,1,1,1,1,0,0,0,0,0,0,2,1,3,1,1,1,1,1,0,32,1,0,8,0,41,68,109000.0,94000.0,0.0,0,0.0,0.0,0.0,501.0,1,2,True,False,False,False,True,False,False,True,False,False,False,True,False,False,False,False,False,False,False,False,False,False,False,False,False,False,False,True,False,False,True,False,False,False,1
99,1,137500.0,0.0,39000.0,2,0,0,0,0,0,0,0,0,0,0,0,1,0,0,2,99,99,0,21,0,0,6,0,24,44,14000.0,14000.0,0.0,0,0.0,0.0,0.0,217.0,1,0,True,False,False,False,True,False,False,True,False,False,False,False,False,False,False,False,False,True,False,False,False,False,False,False,False,False,False,True,False,False,False,True,False,False,1
99,1,162500.0,0.0,52000.0,1,1,1,1,2,1,1,1,0,1,0,0,5,0,0,1,99,99,2,15,0,1,4,1,0,0,0.0,999999.0,999999.0,999999,0.0,0.0,0.0,351.0,1,0,True,False,False,False,True,False,False,True,True,False,False,False,False,False,False,False,False,False,False,False,False,False,False,False,False,False,False,True,False,False,False,True,False,False,1
99,1,137500.0,0.0,38400.0,1,1,1,1,0,0,0,0,0,0,2,1,5,3,2,1,9,1,0,38,1,0,7,0,36,49,36000.0,36000.0,0.0,0,0.0,0.0,0.0,259.0,1,7,True,False,False,False,True,False,False,True,False,False,False,True,False,False,False,False,False,False,False,False,False,False,False,False,False,False,False,True,False,False,True,False,False,False,1
99,1,137500.0,0.0,53000.0,1,2,2,2,5,0,3,4,0,3,0,0,8,0,0,1,99,99,2,5,1,1,0,1,0,0,0.0,999999.0,999999.0,999999,99999.0,99999.0,99999.0,244.0,1,0,True,False,False,False,True,False,False,True,False,False,False,False,False,False,True,False,False,False,False,False,False,False,True,False,False,False,False,False,False,False,False,True,False,False,1
99,1,12500.0,0.0,42000.0,1,1,1,1,2,0,1,1,0,1,0,0,5,0,0,1,99,99,2,8,0,1,1,1,0,0,0.0,999999.0,999999.0,999999,99999.0,99999.0,99999.0,284.0,1,0,True,False,False,False,True,False,False,True,True,False,False,False,False,False,False,False,False,False,False,False,False,False,False,False,False,True,False,False,False,False,False,True,False,False,1
99,0,999999.0,675.0,10022.0,6,1,2,1,0,0,0,0,0,0,1,1,3,1,1,1,0,0,0,23,0,0,4,0,11,11,4522.0,4522.0,0.0,0,0.0,0.0,0.0,100.0,1,0,True,False,False,False,True,False,False,True,False,False,False,False,False,False,False,False,False,False,False,False,True,False,False,False,False,False,False,True,False,False,True,False,False,False,1
99,1,275000.0,0.0,95535.0,1,0,1,0,1,0,1,0,0,0,0,0,2,0,0,1,99,99,0,30,0,0,6,0,11,11,3140.0,3100.0,0.0,0,0.0,0.0,0.0,501.0,0,0,True,False,False,False,True,False,False,True,True,False,False,False,False,False,False,False,False,False,False,False,False,False,False,False,False,False,False,True,False,False,False,True,False,False,0
99,0,999999.0,675.0,45000.0,1,1,1,1,0,0,0,0,0,0,1,1,3,1,1,1,1,1,0,29,0,0,6,0,24,44,20000.0,20000.0,0.0,0,0.0,0.0,0.0,451.0,1,0,True,False,False,False,True,False,False,True,False,False,False,False,False,False,False,False,False,False,False,False,True,False,False,False,False,False,False,True,False,False,True,False,False,False,1
99,1,162500.0,0.0,88000.0,1,1,1,1,2,0,1,1,0,1,0,0,4,0,0,1,99,99,1,23,1,1,6,1,26,19,30000.0,30000.0,0.0,0,0.0,0.0,0.0,501.0,0,0,True,False,False,False,True,False,False,True,True,False,False,False,False,False,False,False,False,False,False,False,False,False,False,False,False,False,False,True,False,True,False,False,False,False,1
99,1,400000.0,0.0,95767.0,1,1,0,0,0,0,0,0,0,0,1,2,2,0,0,1,99,99,0,68,1,0,8,0,79,92,37164.0,0.0,417.0,0,0.0,0.0,0.0,501.0,0,0,True,False,False,False,True,False,False,True,False,False,False,False,False,False,False,False,False,False,False,False,True,False,False,False,False,False,False,True,False,False,True,False,False,False,1
99,1,400000.0,0.0,47613.0,1,1,1,1,0,0,0,0,0,0,2,1,3,1,0,1,28,28,0,70,1,0,8,0,34,67,29025.0,0.0,0.0,0,9780.0,0.0,1656.0,491.0,0,7,True,False,False,False,True,False,False,True,False,False,False,True,False,False,False,False,False,False,False,False,False,False,False,False,False,False,False,True,False,False,True,False,False,False,1
99,1,162500.0,0.0,93000.0,1,1,1,1,0,0,0,0,0,0,1,2,4,2,0,1,13,8,0,33,1,0,7,0,23,18,28000.0,28000.0,0.0,0,0.0,0.0,0.0,501.0,1,0,True,False,False,False,True,False,False,True,False,False,False,False,False,False,False,False,False,False,False,False,True,False,True,False,False,False,False,False,False,False,True,False,False,False,1
99,1,225000.0,0.0,47995.0,1,1,1,1,2,0,1,1,0,1,0,0,3,0,0,1,99,99,0,3,1,1,0,2,0,0,0.0,999999.0,999999.0,999999,99999.0,99999.0,99999.0,481.0,1,0,True,False,False,False,True,False,False,True,True,False,False,False,False,False,False,False,False,False,False,False,False,False,False,False,False,False,False,True,False,False,False,True,False,False,1
99,1,400000.0,0.0,80000.0,2,0,1,1,0,0,0,0,0,0,0,0,3,2,0,1,12,6,0,30,1,0,8,0,49,90,80000.0,50000.0,30000.0,0,0.0,0.0,0.0,501.0,0,6,True,False,False,False,True,False,False,True,False,False,False,True,False,False,False,False,False,False,False,False,False,False,False,False,False,False,False,True,True,False,False,False,False,False,1
99,0,999999.0,675.0,0.0,2,1,1,1,2,0,1,1,0,1,0,0,10,0,0,1,99,99,6,2,0,0,7,0,0,0,0.0,999999.0,999999.0,999999,99999.0,99999.0,99999.0,1.0,1,0,True,False,False,False,True,False,False,True,True,False,False,False,False,False,False,False,False,False,False,False,False,False,False,False,False,False,False,True,False,False,False,True,False,False,1
99,1,225000.0,0.0,91916.0,1,1,0,0,0,0,0,0,0,0,1,1,2,0,0,1,99,99,0,72,0,0,6,0,0,0,51471.0,0.0,0.0,0,4679.0,0.0,0.0,501.0,0,0,True,False,False,False,True,False,False,True,False,False,False,False,False,False,False,False,False,False,False,False,True,False,False,False,False,False,False,True,False,False,True,False,False,False,1
99,0,999999.0,0.0,999999.0,1,0,0,0,0,0,0,0,0,0,0,0,1,0,0,1,99,99,0,84,1,0,2,0,0,0,3500.0,0.0,0.0,0,0.0,0.0,0.0,0.0,1,0,False,True,False,True,False,False,False,True,False,False,False,False,True,False,False,False,False,False,False,False,False,False,False,False,False,False,False,True,False,False,False,True,False,False,1
99,1,275000.0,0.0,7842.0,1,1,1,1,0,0,0,0,0,0,2,1,4,2,0,1,37,23,0,61,1,0,2,0,0,0,7042.0,0.0,0.0,0,7042.0,0.0,0.0,61.0,0,8,True,False,False,False,True,False,False,True,False,False,False,True,False,False,False,False,False,False,False,False,False,False,False,False,False,False,False,True,False,False,True,False,False,False,1
99,1,275000.0,0.0,55000.0,1,0,1,0,1,0,1,0,0,0,0,0,3,0,0,1,99,99,1,12,1,1,2,1,0,0,0.0,999999.0,999999.0,999999,99999.0,99999.0,99999.0,501.0,0,0,True,False,False,False,True,False,False,True,True,False,False,False,False,False,False,False,False,False,False,False,False,False,False,False,False,False,False,True,False,False,False,True,False,False,1
99,1,225000.0,0.0,115500.0,1,1,1,1,0,0,0,0,0,0,1,2,3,1,1,1,0,0,0,32,1,0,8,0,79,92,50000.0,50000.0,0.0,0,0.0,0.0,0.0,501.0,1,0,True,False,False,False,True,False,False,True,False,False,False,False,False,False,False,False,False,False,False,False,True,False,False,False,False,False,False,True,False,False,True,False,False,False,1
99,1,95000.0,0.0,12000.0,1,1,1,1,0,0,0,0,0,0,1,1,6,3,1,1,11,3,1,32,0,0,2,0,0,0,0.0,0.0,0.0,0,0.0,0.0,0.0,70.0,1,0,True,False,False,False,True,False,False,True,False,False,False,False,False,False,False,False,False,False,False,False,True,False,False,False,False,False,False,True,False,False,True,False,False,False,1
99,0,999999.0,312.0,19000.0,1,1,1,1,2,0,1,1,0,1,0,0,5,0,0,1,99,99,2,9,0,1,1,1,0,0,0.0,999999.0,999999.0,999999,99999.0,99999.0,99999.0,128.0,0,0,True,False,False,False,True,False,False,True,True,False,False,False,False,False,False,False,False,False,False,False,False,False,False,False,False,False,False,True,False,False,False,True,False,False,1
99,1,112500.0,0.0,5588.0,1,1,1,1,2,0,1,1,0,1,0,0,7,0,0,1,99,99,4,13,0,1,2,1,0,0,0.0,999999.0,999999.0,999999,99999.0,99999.0,99999.0,30.0,0,0,True,False,False,False,True,False,False,True,True,False,False,False,False,False,False,False,False,False,False,False,False,False,False,False,False,False,False,True,False,False,False,True,False,False,1
99,1,162500.0,0.0,35110.0,1,2,2,2,2,0,1,1,0,1,0,0,7,0,0,1,99,99,2,19,1,0,6,0,20,8,2500.0,2500.0,0.0,0,0.0,0.0,0.0,171.0,0,0,True,False,False,False,True,False,False,True,True,False,False,False,False,False,False,False,False,False,False,False,False,False,False,False,False,False,False,True,False,False,False,True,False,False,1
99,1,275000.0,0.0,27000.0,1,1,0,0,0,0,0,0,0,0,0,0,4,0,0,1,99,99,0,10,1,1,1,2,0,0,0.0,999999.0,999999.0,999999,99999.0,99999.0,99999.0,215.0,0,0,True,False,False,False,True,False,False,True,False,False,True,False,False,False,False,False,False,False,False,False,False,False,True,False,False,False,False,False,False,False,False,True,False,False,1
99,0,999999.0,462.0,20980.0,1,1,1,1,0,0,0,0,0,0,2,1,4,2,1,1,5,1,0,27,1,0,4,0,25,22,1980.0,0.0,1980.0,0,0.0,0.0,0.0,167.0,1,2,True,False,False,False,True,False,False,True,False,False,False,True,False,False,False,False,False,False,False,False,False,False,False,False,False,False,False,True,False,False,True,False,False,False,1
99,0,999999.0,675.0,36400.0,1,0,2,0,0,0,0,0,0,0,0,0,3,1,0,1,29,29,0,62,0,0,1,0,0,0,12600.0,0.0,0.0,0,0.0,3534.0,0.0,365.0,1,0,True,False,False,False,True,False,False,True,False,False,False,False,False,False,False,True,False,False,False,False,False,False,False,False,False,False,False,True,False,False,False,False,False,True,1
99,0,999999.0,137.0,15000.0,1,1,1,1,0,0,0,0,0,0,1,1,4,2,2,1,3,1,0,27,0,0,6,0,20,9,0.0,0.0,0.0,0,0.0,0.0,0.0,119.0,1,0,True,False,False,False,True,False,False,True,False,False,False,False,False,False,False,False,False,False,False,False,True,False,False,False,False,True,False,False,False,False,True,False,False,False,0
99,1,187500.0,0.0,29800.0,1,1,1,1,0,0,0,0,0,0,2,1,5,3,3,1,4,2,0,38,1,0,7,0,37,49,22000.0,20000.0,0.0,0,0.0,0.0,0.0,201.0,1,2,True,False,False,False,True,False,False,True,False,False,False,True,False,False,False,False,False,False,False,False,False,False,False,False,False,False,False,True,False,False,True,False,False,False,1
99,1,400000.0,0.0,86176.0,1,1,0,0,0,0,0,0,0,0,2,1,2,0,0,1,99,99,0,58,1,0,6,0,31,53,45176.0,45000.0,0.0,0,0.0,0.0,0.0,501.0,0,6,True,False,False,False,True,False,False,True,False,False,False,True,False,False,False,False,False,False,False,False,False,False,False,False,False,False,False,True,False,False,True,False,False,False,1
99,1,112500.0,0.0,32404.0,1,0,1,0,0,0,0,0,0,0,0,0,2,1,0,1,25,25,0,48,0,0,7,0,25,52,28000.0,28000.0,0.0,0,0.0,0.0,0.0,390.0,0,6,True,False,False,False,True,False,False,True,False,False,False,True,False,False,False,False,False,False,False,False,False,False,True,False,False,False,False,False,False,False,False,False,True,False,1
99,1,275000.0,0.0,43200.0,1,1,1,1,0,0,0,0,0,0,1,1,4,2,0,1,12,8,0,40,0,0,7,0,37,78,32000.0,32000.0,0.0,0,0.0,0.0,0.0,344.0,0,0,True,False,False,False,True,False,False,True,False,False,False,False,False,False,False,False,False,False,False,False,True,False,False,False,False,False,False,True,False,False,True,False,False,False,1
99,1,400000.0,0.0,320709.0,1,1,0,0,0,0,0,0,0,0,1,1,2,0,0,1,99,99,0,68,0,0,6,0,0,0,7590.0,0.0,0.0,0,7590.0,0.0,0.0,501.0,0,0,True,False,False,False,True,False,False,True,False,False,False,False,False,False,False,False,False,False,False,False,True,False,False,False,False,False,False,True,False,False,True,False,False,False,1
99,0,999999.0,462.0,22976.0,1,1,1,1,1,0,1,2,0,1,0,0,6,0,0,1,99,99,2,13,1,1,2,1,0,0,0.0,999999.0,999999.0,999999,99999.0,99999.0,99999.0,132.0,0,0,True,False,False,False,True,False,False,True,True,False,False,False,False,False,False,False,False,False,False,False,False,False,False,False,False,False,False,True,False,False,False,True,False,False,1
99,0,999999.0,725.0,25461.0,1,1,1,2,2,0,1,1,0,1,0,0,7,0,0,1,99,99,2,18,0,1,6,1,0,0,0.0,0.0,0.0,0,0.0,0.0,0.0,124.0,1,0,True,False,False,False,True,False,False,True,True,False,False,False,False,False,False,False,False,False,False,False,False,False,False,False,False,False,False,True,False,False,False,True,False,False,1
99,0,999999.0,875.0,35100.0,4,0,0,1,0,0,0,1,0,1,0,0,4,0,0,1,99,99,1,19,0,1,5,1,24,44,100.0,100.0,0.0,0,0.0,0.0,0.0,270.0,1,0,True,False,False,False,True,False,False,True,True,False,False,False,False,False,False,False,False,False,False,False,False,False,False,False,False,False,False,True,False,False,False,True,False,False,1
99,1,162500.0,0.0,222000.0,2,2,2,2,2,0,1,1,0,1,0,0,6,0,0,1,99,99,1,13,1,1,2,2,0,0,0.0,999999.0,999999.0,999999,99999.0,99999.0,99999.0,501.0,0,0,True,False,False,False,True,False,False,True,True,False,False,False,False,False,False,False,False,False,False,False,False,False,False,False,False,False,False,True,False,False,False,True,False,False,1
99,0,999999.0,537.0,50988.0,1,1,2,1,2,0,1,1,0,1,0,0,5,0,0,1,99,99,1,0,1,0,7,0,0,0,0.0,999999.0,999999.0,999999,99999.0,99999.0,99999.0,336.0,1,0,True,False,False,False,True,False,False,True,True,False,False,False,False,False,False,False,False,False,False,False,False,False,False,False,False,True,False,False,False,False,False,True,False,False,1
99,1,400000.0,0.0,73603.0,1,1,1,1,0,0,0,0,0,0,1,1,5,3,0,1,18,15,0,44,0,0,7,0,0,0,0.0,0.0,0.0,0,0.0,0.0,0.0,485.0,1,0,True,False,False,False,True,False,False,True,False,False,False,False,False,False,False,False,False,False,False,False,True,False,False,True,False,False,False,False,False,False,True,False,False,False,1
99,0,999999.0,675.0,9888.0,1,0,1,0,1,0,1,0,0,0,0,0,5,0,0,1,99,99,1,14,0,1,2,1,0,0,0.0,999999.0,999999.0,999999,99999.0,99999.0,99999.0,68.0,1,0,True,False,False,False,True,False,False,True,True,False,False,False,False,False,False,False,False,False,False,False,False,False,False,False,False,True,False,False,False,False,False,True,False,False,1
99,1,112500.0,0.0,29113.0,1,1,0,0,0,0,0,0,0,0,1,1,2,0,0,1,99,99,0,64,0,0,6,0,24,47,18325.0,18325.0,0.0,0,0.0,0.0,0.0,351.0,0,0,True,False,False,False,True,False,False,True,False,False,False,False,False,False,False,False,False,False,False,False,True,False,False,False,False,False,False,True,False,False,True,False,False,False,1
99,0,999999.0,462.0,54800.0,1,1,2,1,0,0,0,0,0,0,0,0,6,1,0,1,41,41,0,61,0,0,0,0,0,0,4800.0,0.0,0.0,0,4800.0,0.0,0.0,321.0,1,0,True,False,False,False,True,False,False,True,False,False,False,False,False,False,False,True,False,False,False,False,False,False,False,False,False,True,False,False,False,False,False,True,False,False,1
99,0,999999.0,675.0,11000.0,1,0,1,0,0,0,0,0,0,0,0,0,2,1,0,1,16,16,0,38,0,0,7,0,18,44,11000.0,8000.0,0.0,0,0.0,3000.0,0.0,129.0,1,1,True,False,False,False,True,False,False,True,False,False,False,True,False,False,False,False,False,False,False,False,False,False,False,False,False,False,False,True,True,False,False,False,False,False,0
99,1,162500.0,0.0,27329.0,1,0,0,0,0,0,0,0,0,0,0,0,1,0,0,1,99,99,0,55,0,0,6,0,24,44,27329.0,11143.0,0.0,0,0.0,0.0,0.0,424.0,0,5,True,False,False,False,True,False,False,True,False,False,False,True,False,False,False,False,False,False,False,False,False,False,False,False,False,False,False,True,True,False,False,False,False,False,1
99,0,999999.0,0.0,999999.0,1,0,0,0,0,0,0,0,0,0,0,0,1,0,0,1,99,99,0,48,1,1,4,1,0,0,8500.0,0.0,0.0,0,0.0,8500.0,0.0,0.0,0,0,False,False,True,False,False,True,False,True,False,False,False,False,False,True,False,False,False,False,False,False,False,False,True,False,False,False,False,False,False,False,False,True,False,False,1
99,1,275000.0,0.0,140534.0,1,1,1,2,0,0,0,3,0,1,2,1,4,1,0,1,25,25,0,60,1,0,7,0,36,66,73603.0,15000.0,0.0,0,0.0,0.0,0.0,501.0,0,7,True,False,False,False,True,False,False,True,False,False,False,True,False,False,False,False,False,False,False,False,False,False,False,False,False,False,False,True,False,False,True,False,False,False,1
99,0,999999.0,625.0,17160.0,1,1,1,1,0,0,0,0,0,0,1,1,7,5,1,1,15,2,0,33,0,0,1,0,0,0,0.0,0.0,0.0,0,0.0,0.0,0.0,92.0,1,0,True,False,False,False,True,False,False,True,False,False,False,False,False,False,False,False,False,False,False,False,True,False,False,False,False,False,False,True,False,False,True,False,False,False,1
99,0,999999.0,875.0,22500.0,2,0,1,0,0,0,0,0,0,0,0,0,1,0,0,2,99,99,0,22,0,0,8,0,11,16,12000.0,12000.0,0.0,0,0.0,0.0,0.0,186.0,1,0,True,False,False,False,True,False,False,True,False,False,False,False,False,False,False,False,False,True,False,False,False,False,False,False,False,False,False,True,False,False,False,True,False,False,1
99,0,999999.0,575.0,18600.0,1,1,1,1,2,0,1,1,0,1,0,0,5,0,0,1,99,99,2,10,0,1,2,1,0,0,0.0,999999.0,999999.0,999999,99999.0,99999.0,99999.0,126.0,0,0,True,False,False,False,True,False,False,True,True,False,False,False,False,False,False,False,False,False,False,False,False,False,False,False,False,False,False,True,False,False,False,True,False,False,1
99,0,999999.0,575.0,3200.0,1,1,1,1,0,0,0,0,0,0,1,2,6,4,0,1,17,12,0,38,1,0,6,0,0,0,0.0,0.0,0.0,0,0.0,0.0,0.0,19.0,1,0,True,False,False,False,True,False,False,True,False,False,False,False,False,False,False,False,False,False,False,False,True,False,True,False,False,False,False,False,False,False,True,False,False,False,1
99,0,999999.0,875.0,38000.0,1,1,1,1,0,0,0,0,0,0,1,1,4,2,0,1,10,9,0,21,0,0,7,0,24,44,12000.0,12000.0,0.0,0,0.0,0.0,0.0,302.0,0,0,True,False,False,False,True,False,False,True,False,False,False,False,False,False,False,False,False,False,False,False,True,False,False,False,False,False,False,True,False,False,True,False,False,False,1
99,0,999999.0,337.0,7200.0,2,0,0,1,0,0,0,0,0,0,0,0,2,1,1,1,0,0,0,21,1,0,5,0,14,4,7200.0,7200.0,0.0,0,0.0,0.0,0.0,84.0,1,1,True,False,False,False,True,False,False,True,False,False,False,True,False,False,False,False,False,False,False,False,False,False,False,False,False,False,False,True,False,False,False,True,False,False,0
99,1,137500.0,0.0,32000.0,1,1,1,1,0,0,0,0,0,0,0,0,5,0,0,1,99,99,0,19,1,0,5,0,25,15,5000.0,5000.0,0.0,0,0.0,0.0,0.0,211.0,0,0,True,False,False,False,True,False,False,True,True,False,False,False,False,False,False,False,False,False,False,False,False,False,False,False,False,False,False,True,False,False,False,True,False,False,1
99,1,137500.0,0.0,40000.0,1,1,1,1,0,0,0,0,0,0,2,1,4,2,1,1,5,2,0,36,1,0,6,0,31,33,40000.0,40000.0,0.0,0,0.0,0.0,0.0,318.0,1,2,True,False,False,False,True,False,False,True,False,False,False,True,False,False,False,False,False,False,False,False,False,False,False,False,False,False,False,True,False,False,True,False,False,False,1
99,0,999999.0,487.0,12268.0,2,0,0,1,0,0,0,0,0,0,0,0,1,0,0,2,99,99,0,26,0,0,0,0,22,18,8074.0,8074.0,0.0,0,0.0,0.0,0.0,125.0,1,0,True,False,False,False,True,False,False,True,False,False,False,False,False,False,False,False,False,True,False,False,False,False,False,False,False,False,False,True,False,False,False,True,False,False,1
99,1,275000.0,0.0,33003.0,2,1,1,1,0,0,0,0,0,0,2,2,4,2,0,1,26,11,0,61,0,0,7,0,21,45,13521.0,11054.0,0.0,0,0.0,0.0,0.0,254.0,0,7,True,False,False,False,True,False,False,True,False,False,False,True,False,False,False,False,False,False,False,False,False,False,False,False,False,False,False,True,False,False,True,False,False,False,1
99,0,999999.0,282.0,15000.0,1,0,1,0,0,0,0,0,0,0,0,0,3,2,0,1,22,14,0,39,0,0,3,0,14,26,6000.0,0.0,0.0,0,0.0,6000.0,0.0,150.0,1,1,True,False,False,False,True,False,False,True,False,False,False,True,False,False,False,False,False,False,False,False,False,False,True,False,False,False,False,False,False,False,False,False,True,False,1
99,0,999999.0,0.0,999999.0,1,0,0,0,0,0,0,0,0,0,0,0,1,0,0,1,99,99,0,23,1,0,6,0,11,18,10800.0,10800.0,0.0,0,0.0,0.0,0.0,0.0,1,0,False,False,True,False,False,True,False,True,False,False,False,False,False,True,False,False,False,False,False,False,False,False,False,False,False,True,False,False,False,False,False,True,False,False,0
99,1,225000.0,0.0,56000.0,1,1,1,1,2,0,1,1,0,1,0,0,4,0,0,1,99,99,1,7,0,1,1,1,0,0,0.0,999999.0,999999.0,999999,99999.0,99999.0,99999.0,445.0,0,0,True,False,False,False,True,False,False,True,True,False,False,False,False,False,False,False,False,False,False,False,False,True,False,False,False,False,False,False,False,False,False,True,False,False,1
99,1,400000.0,0.0,83029.0,1,1,0,0,0,0,0,0,0,0,2,1,2,0,0,1,99,99,0,47,1,0,7,0,26,44,66853.0,64421.0,0.0,0,0.0,0.0,0.0,501.0,0,6,True,False,False,False,True,False,False,True,False,False,False,True,False,False,False,False,False,False,False,False,False,False,False,False,False,False,False,True,False,False,True,False,False,False,1
99,1,95000.0,0.0,52092.0,1,0,3,0,1,0,1,0,0,0,0,0,4,1,0,1,22,22,0,41,0,0,6,0,23,45,18392.0,18392.0,0.0,0,0.0,0.0,0.0,407.0,0,0,True,False,False,False,True,False,False,True,True,False,False,False,False,False,False,False,False,False,False,False,False,False,True,False,False,False,False,False,False,True,False,False,False,False,1
99,0,999999.0,512.0,21000.0,1,0,0,0,0,0,0,0,0,0,0,0,1,0,0,1,99,99,0,43,1,0,6,0,26,22,21000.0,21000.0,0.0,0,0.0,0.0,0.0,326.0,0,5,True,False,False,False,True,False,False,True,False,False,False,True,False,False,False,False,False,False,False,False,False,False,False,False,False,False,False,True,False,False,False,True,False,False,1
99,0,999999.0,362.0,24000.0,1,1,1,1,2,0,1,1,0,1,0,0,7,0,0,1,99,99,4,15,1,1,2,1,0,0,0.0,999999.0,999999.0,999999,0.0,0.0,0.0,129.0,1,0,True,False,False,False,True,False,False,True,True,False,False,False,False,False,False,False,False,False,False,False,False,False,False,False,False,False,False,True,False,False,False,True,False,False,1
99,0,999999.0,725.0,40000.0,1,0,0,0,0,0,0,0,0,0,0,0,1,0,0,1,99,99,0,36,1,0,7,0,19,46,40000.0,40000.0,0.0,0,0.0,0.0,0.0,501.0,0,5,True,False,False,False,True,False,False,True,False,False,False,True,False,False,False,False,False,False,False,False,False,False,True,False,False,False,False,False,False,False,False,True,False,False,0
99,1,225000.0,0.0,15786.0,1,0,0,0,0,0,0,0,0,0,0,0,1,0,0,1,99,99,0,72,1,0,6,0,0,0,15786.0,0.0,0.0,0,8040.0,0.0,0.0,265.0,0,8,True,False,False,False,True,False,False,True,False,False,False,True,False,False,False,False,False,False,False,False,False,False,False,False,False,False,False,True,False,False,False,False,False,True,1
99,1,72500.0,0.0,30640.0,1,0,2,0,0,0,0,0,0,0,0,0,7,0,0,1,99,99,0,24,1,1,3,1,24,19,1000.0,1000.0,0.0,0,0.0,0.0,0.0,155.0,0,0,True,False,False,False,True,False,False,True,False,False,False,False,False,False,True,False,False,False,False,False,False,False,True,False,False,False,False,False,False,False,False,True,False,False,1
99,0,999999.0,675.0,18000.0,1,0,0,0,0,0,0,0,0,0,0,0,1,0,0,1,99,99,0,30,0,0,6,0,31,65,18000.0,18000.0,0.0,0,0.0,0.0,0.0,279.0,0,2,True,False,False,False,True,False,False,True,False,False,False,True,False,False,False,False,False,False,False,False,False,False,False,False,False,False,False,True,False,False,False,True,False,False,1
99,1,162500.0,0.0,52200.0,1,0,0,0,0,0,0,0,0,0,0,0,2,0,0,1,99,99,0,37,0,0,7,0,41,68,33000.0,33000.0,0.0,0,0.0,0.0,0.0,501.0,0,6,True,False,False,False,True,False,False,True,False,False,False,True,False,False,False,False,False,False,False,False,False,False,False,False,False,False,False,True,True,False,False,False,False,False,1
99,0,999999.0,312.0,29130.0,1,1,0,0,0,0,0,0,0,0,1,1,2,0,0,1,99,99,0,86,0,0,6,0,0,0,15289.0,0.0,0.0,0,4680.0,0.0,0.0,389.0,0,0,True,False,False,False,True,False,False,True,False,False,False,False,False,False,False,False,False,False,False,False,True,False,False,False,False,False,False,True,False,False,True,False,False,False,1
99,0,999999.0,575.0,84855.0,1,1,1,1,0,0,0,0,0,0,2,1,7,5,0,1,43,26,0,69,1,0,6,0,19,17,19055.0,18500.0,555.0,0,0.0,0.0,0.0,421.0,0,1,True,False,False,False,True,False,False,True,False,False,False,True,False,False,False,False,False,False,False,False,False,False,False,False,False,False,False,True,False,False,True,False,False,False,1
99,1,225000.0,0.0,143515.0,1,1,1,1,0,0,0,0,0,0,1,1,5,3,2,1,8,2,0,31,0,0,2,0,41,68,0.0,0.0,0.0,0,0.0,0.0,0.0,501.0,0,0,True,False,False,False,True,False,False,True,False,False,False,False,False,False,False,False,False,False,False,False,True,False,False,False,False,False,False,True,False,False,True,False,False,False,1
99,0,999999.0,675.0,16000.0,1,0,1,0,1,0,1,0,0,0,0,0,3,0,0,1,99,99,1,20,1,1,7,1,24,47,8000.0,8000.0,0.0,0,0.0,0.0,0.0,165.0,1,0,True,False,False,False,True,False,False,True,True,False,False,False,False,False,False,False,False,False,False,False,False,False,False,True,False,False,False,False,False,False,False,True,False,False,1
99,0,999999.0,675.0,44303.0,1,1,1,1,0,0,0,0,0,0,0,0,8,0,0,1,99,99,0,8,0,0,1,0,0,0,0.0,999999.0,999999.0,999999,99999.0,99999.0,99999.0,196.0,0,0,True,False,False,False,True,False,False,True,False,False,True,False,False,False,False,False,False,False,False,False,False,False,False,False,False,False,False,True,False,False,False,True,False,False,1
99,0,999999.0,462.0,14000.0,1,0,1,0,1,1,1,0,0,0,0,0,3,0,0,1,99,99,1,15,0,1,3,1,0,0,0.0,999999.0,999999.0,999999,0.0,0.0,0.0,140.0,0,0,True,False,False,False,True,False,False,True,True,False,False,False,False,False,False,False,False,False,False,False,False,False,True,False,False,False,False,False,False,False,False,True,False,False,1
99,1,137500.0,0.0,40240.0,2,1,1,1,2,0,1,1,0,1,0,0,5,0,0,1,99,99,2,7,1,1,1,1,0,0,0.0,999999.0,999999.0,999999,99999.0,99999.0,99999.0,272.0,0,0,True,False,False,False,True,False,False,True,True,False,False,False,False,False,False,False,False,False,False,False,False,False,False,False,False,False,False,True,False,False,False,True,False,False,1
99,1,225000.0,0.0,55000.0,1,1,2,1,2,0,1,1,0,1,0,0,5,0,0,1,99,99,1,16,1,1,5,2,0,0,0.0,0.0,0.0,0,0.0,0.0,0.0,363.0,0,0,True,False,False,False,True,False,False,True,True,False,False,False,False,False,False,False,False,False,False,False,False,False,False,False,False,False,False,True,False,False,False,True,False,False,1
99,0,999999.0,387.0,16000.0,1,1,0,0,0,0,0,0,0,0,1,1,2,0,0,1,99,99,0,54,0,0,1,0,0,0,0.0,0.0,0.0,0,0.0,0.0,0.0,193.0,0,0,True,False,False,False,True,False,False,True,False,False,False,False,False,False,False,False,False,False,False,False,True,False,False,False,False,False,False,True,False,False,True,False,False,False,1
99,0,999999.0,875.0,36000.0,3,0,0,0,0,0,0,0,0,0,0,0,1,0,0,2,99,99,0,25,1,1,7,1,24,47,10700.0,10700.0,0.0,0,0.0,0.0,0.0,166.0,1,0,True,False,False,False,True,False,False,True,False,False,False,False,False,False,False,False,False,True,False,False,False,False,False,False,False,False,False,True,False,False,False,True,False,False,1
99,1,400000.0,0.0,76000.0,1,1,1,1,2,0,1,1,0,1,0,0,5,0,0,1,99,99,2,5,1,1,0,1,0,0,0.0,999999.0,999999.0,999999,99999.0,99999.0,99999.0,501.0,1,0,True,False,False,False,True,False,False,True,True,False,False,False,False,False,False,False,False,False,False,False,False,False,False,False,True,False,False,False,False,False,False,True,False,False,1
99,1,350000.0,0.0,43105.0,1,1,1,1,2,0,1,1,0,1,0,0,11,0,0,1,99,99,8,11,0,1,2,2,0,0,0.0,999999.0,999999.0,999999,99999.0,99999.0,99999.0,180.0,0,0,True,False,False,False,True,False,False,True,True,False,False,False,False,False,False,False,False,False,False,False,False,False,False,False,False,False,False,True,False,False,False,True,False,False,1
99,1,400000.0,0.0,115036.0,1,1,0,0,0,0,0,0,0,0,1,1,2,0,0,1,99,99,0,76,0,0,7,0,14,26,0.0,0.0,0.0,0,0.0,0.0,0.0,501.0,0,0,True,False,False,False,True,False,False,True,False,False,False,False,False,False,False,False,False,False,False,False,True,False,False,False,False,False,False,True,False,False,True,False,False,False,0
99,1,275000.0,0.0,58819.0,1,1,3,1,6,0,1,0,0,0,2,1,6,2,0,1,21,11,0,54,1,0,4,0,28,22,24000.0,24000.0,0.0,0,0.0,0.0,0.0,337.0,0,5,True,False,False,False,True,False,False,True,False,False,False,True,False,False,False,False,False,False,False,False,False,False,False,False,False,False,False,True,False,False,True,False,False,False,1
99,0,999999.0,875.0,59000.0,1,1,2,1,2,0,1,1,3,1,0,0,6,0,0,1,99,99,2,15,0,1,3,1,0,0,0.0,999999.0,999999.0,999999,0.0,0.0,0.0,345.0,0,0,True,False,False,False,True,False,False,True,True,False,False,False,False,False,False,False,False,False,False,False,False,False,True,False,False,False,False,False,False,False,False,True,False,False,1
99,1,5000.0,0.0,8636.0,1,0,0,0,0,0,0,0,0,0,0,0,1,0,0,1,99,99,0,73,0,0,6,0,0,0,8636.0,0.0,0.0,0,8636.0,0.0,0.0,145.0,0,7,True,False,False,False,True,False,False,True,False,False,False,True,False,False,False,False,False,False,False,False,False,False,False,False,False,False,False,True,False,False,False,False,False,True,1
99,1,112500.0,0.0,34000.0,1,0,0,0,0,0,0,0,0,0,0,0,1,0,0,1,99,99,0,55,0,0,7,0,19,46,34000.0,34000.0,0.0,0,0.0,0.0,0.0,501.0,0,6,True,False,False,False,True,False,False,True,False,False,False,True,False,False,False,False,False,False,False,False,False,False,False,False,False,False,False,True,False,False,False,True,False,False,1
99,0,999999.0,337.0,11851.0,1,0,0,0,0,0,0,0,0,0,0,0,1,0,0,1,99,99,0,50,0,0,8,0,25,31,11851.0,2218.0,6322.0,0,0.0,0.0,0.0,184.0,0,6,True,False,False,False,True,False,False,True,False,False,False,True,False,False,False,False,False,False,False,False,False,False,False,False,False,False,False,True,False,False,False,True,False,False,1
99,1,27500.0,0.0,16526.0,1,1,0,0,0,0,0,0,0,0,2,1,2,0,0,1,99,99,0,78,1,0,2,0,0,0,11726.0,0.0,0.0,0,0.0,0.0,0.0,220.0,0,7,True,False,False,False,True,False,False,True,False,False,False,True,False,False,False,False,False,False,False,False,False,False,False,False,False,False,True,False,False,False,True,False,False,False,1
99,1,112500.0,0.0,56400.0,1,1,1,1,0,0,0,0,0,0,2,1,3,1,0,1,24,24,0,53,1,0,6,0,22,18,42000.0,42000.0,0.0,0,0.0,0.0,0.0,501.0,0,5,True,False,False,False,True,False,False,True,False,False,False,True,False,False,False,False,False,False,False,False,False,False,False,False,False,False,False,True,False,False,True,False,False,False,1
99,0,999999.0,112.0,8000.0,1,0,1,0,0,0,0,0,0,0,0,0,3,2,0,1,13,6,0,31,0,0,5,0,0,0,8000.0,0.0,0.0,0,0.0,8000.0,0.0,80.0,1,2,True,False,False,False,True,False,False,True,False,False,False,True,False,False,False,False,False,False,False,False,False,False,True,False,False,False,False,False,False,False,False,True,False,False,1
99,1,85000.0,0.0,43000.0,1,1,2,1,0,0,0,0,0,0,2,2,5,2,2,1,4,2,0,25,1,0,6,0,41,68,34000.0,34000.0,0.0,0,0.0,0.0,0.0,283.0,1,0,True,False,False,False,True,False,False,True,False,True,False,False,False,False,False,False,False,False,False,False,False,False,False,False,False,False,False,True,False,False,True,False,False,False,1
99,1,350000.0,0.0,85859.0,1,2,2,2,0,0,0,7,0,2,0,0,11,0,0,1,99,99,2,6,0,1,0,2,0,0,0.0,999999.0,999999.0,999999,99999.0,99999.0,99999.0,319.0,0,0,True,False,False,False,True,False,False,True,False,False,True,False,False,False,False,False,False,False,False,False,False,False,False,False,False,True,False,False,False,False,False,True,False,False,1
99,0,999999.0,625.0,31000.0,1,1,0,0,0,0,0,0,0,0,2,1,2,0,0,1,99,99,0,29,1,0,7,0,16,15,0.0,0.0,0.0,0,0.0,0.0,0.0,373.0,1,2,True,False,False,False,True,False,False,True,False,False,False,True,False,False,False,False,False,False,False,False,False,False,False,False,False,False,False,True,False,False,True,False,False,False,1
99,0,999999.0,575.0,6240.0,1,0,1,0,1,0,1,0,0,0,0,0,3,0,0,1,99,99,1,10,1,1,1,1,0,0,0.0,999999.0,999999.0,999999,99999.0,99999.0,99999.0,62.0,1,0,True,False,False,False,True,False,False,True,True,False,False,False,False,False,False,False,False,False,False,False,False,False,False,False,False,False,False,True,False,False,False,True,False,False,1
99,0,999999.0,875.0,6828.0,1,0,0,0,0,0,0,0,0,0,0,0,1,0,0,1,99,99,0,86,0,0,7,0,0,0,6828.0,0.0,0.0,0,6768.0,0.0,0.0,115.0,0,7,True,False,False,False,True,False,False,True,False,False,False,True,False,False,False,False,False,False,False,False,False,False,False,False,False,False,False,True,False,False,False,False,False,True,1
99,1,162500.0,0.0,35000.0,1,1,1,1,0,0,0,0,0,0,2,1,4,1,1,1,1,1,0,26,1,0,6,0,29,48,27000.0,27000.0,0.0,0,0.0,0.0,0.0,269.0,1,2,True,False,False,False,True,False,False,True,False,False,False,True,False,False,False,False,False,False,False,False,False,False,False,False,False,False,False,True,False,False,True,False,False,False,1
99,1,350000.0,0.0,135974.0,1,1,0,0,0,0,0,0,0,0,1,1,2,0,0,1,99,99,0,78,0,0,8,0,0,0,64531.0,0.0,0.0,0,5928.0,0.0,0.0,501.0,0,0,True,False,False,False,True,False,False,True,False,False,False,False,False,False,False,False,False,False,False,False,True,False,False,False,False,False,False,True,False,False,True,False,False,False,1
99,1,225000.0,0.0,56000.0,2,1,0,0,0,0,0,0,0,0,0,0,1,0,0,2,99,99,0,49,0,0,8,0,43,86,44000.0,44000.0,0.0,0,0.0,0.0,0.0,501.0,1,0,True,False,False,False,True,False,False,True,False,False,False,False,False,False,False,False,False,True,False,False,False,False,False,False,False,True,False,False,False,False,False,True,False,False,1
99,1,225000.0,0.0,87200.0,1,1,0,0,0,0,0,0,0,0,1,1,2,0,0,1,99,99,0,55,0,0,6,0,22,61,12000.0,12000.0,0.0,0,0.0,0.0,0.0,501.0,0,0,True,False,False,False,True,False,False,True,False,False,False,False,False,False,False,False,False,False,False,False,True,False,False,False,False,False,False,True,False,False,True,False,False,False,1
99,0,999999.0,675.0,26000.0,1,1,0,0,0,0,0,0,0,0,2,1,2,0,0,1,99,99,0,31,1,0,7,0,20,8,26000.0,26000.0,0.0,0,0.0,0.0,0.0,313.0,0,5,True,False,False,False,True,False,False,True,False,False,False,True,False,False,False,False,False,False,False,False,False,False,False,False,False,False,False,True,False,False,True,False,False,False,1
99,1,350000.0,0.0,30001.0,1,1,0,0,0,0,0,0,0,0,2,1,2,0,0,1,99,99,0,62,1,0,7,0,25,15,40000.0,0.0,40000.0,0,0.0,0.0,0.0,361.0,0,8,True,False,False,False,True,False,False,True,False,False,False,True,False,False,False,False,False,False,False,False,False,False,False,False,False,False,False,True,False,False,True,False,False,False,1
99,1,137500.0,0.0,46500.0,1,1,1,1,0,0,0,0,0,0,2,1,5,3,0,1,11,6,0,42,1,0,6,0,23,18,25500.0,25500.0,0.0,0,0.0,0.0,0.0,314.0,0,5,True,False,False,False,True,False,False,True,False,False,False,True,False,False,False,False,False,False,False,False,False,False,False,False,False,False,False,True,False,False,True,False,False,False,1
99,1,350000.0,0.0,48000.0,1,0,1,0,1,0,1,0,0,0,0,0,3,0,0,1,99,99,1,12,1,1,2,1,0,0,0.0,999999.0,999999.0,999999,99999.0,99999.0,99999.0,480.0,0,0,True,False,False,False,True,False,False,True,True,False,False,False,False,False,False,False,False,False,False,False,False,False,False,False,False,False,False,True,False,False,False,True,False,False,1
99,0,999999.0,262.0,10500.0,1,1,1,1,1,0,1,2,0,1,0,0,4,0,0,1,99,99,1,9,0,1,1,1,0,0,0.0,999999.0,999999.0,999999,99999.0,99999.0,99999.0,83.0,0,0,True,False,False,False,True,False,False,True,True,False,False,False,False,False,False,False,False,False,False,False,False,False,False,False,False,False,False,True,False,False,False,True,False,False,1
99,0,999999.0,725.0,10600.0,3,0,0,0,0,0,0,0,0,0,0,0,1,0,0,3,99,99,0,26,1,0,6,0,25,15,0.0,0.0,0.0,0,0.0,0.0,0.0,1.0,1,0,True,False,False,False,True,False,False,True,False,False,False,False,False,False,False,False,False,True,False,False,False,False,False,False,False,False,False,True,False,False,False,True,False,False,1
99,1,350000.0,0.0,30000.0,1,1,1,1,0,0,0,0,0,0,2,1,4,2,1,1,6,1,0,32,1,0,6,0,41,68,30000.0,30000.0,0.0,0,0.0,0.0,0.0,239.0,1,2,True,False,False,False,True,False,False,True,False,False,False,True,False,False,False,False,False,False,False,False,False,False,False,True,False,False,False,False,False,False,True,False,False,False,1
99,1,275000.0,0.0,28000.0,1,1,0,0,0,0,0,0,0,0,1,1,3,0,0,1,99,99,0,62,0,0,6,0,20,8,5000.0,5000.0,0.0,0,0.0,0.0,0.0,281.0,0,0,True,False,False,False,True,False,False,True,False,False,False,False,False,False,False,False,False,False,False,False,True,False,False,False,False,False,False,True,False,False,True,False,False,False,1
99,0,999999.0,212.0,15717.0,1,0,2,0,1,7,1,0,0,0,0,0,4,0,0,1,99,99,1,33,1,0,6,0,20,8,14000.0,14000.0,0.0,0,0.0,0.0,0.0,121.0,0,0,True,False,False,False,True,False,False,True,True,False,False,False,False,False,False,False,False,False,False,False,False,False,False,False,False,False,False,True,False,False,False,True,False,False,1
99,1,400000.0,0.0,37500.0,1,1,0,0,0,0,0,0,0,0,1,2,2,0,0,1,99,99,0,69,1,0,6,0,23,18,26000.0,9000.0,0.0,0,7000.0,0.0,0.0,500.0,0,0,True,False,False,False,True,False,False,True,False,False,False,False,False,False,False,False,False,False,False,False,True,False,False,False,False,False,False,True,False,False,True,False,False,False,1
99,1,5000.0,0.0,7884.0,1,0,0,0,0,0,0,0,0,0,0,0,1,0,0,1,99,99,0,73,1,0,3,0,0,0,7884.0,0.0,0.0,0,4992.0,1128.0,1764.0,133.0,0,6,True,False,False,False,True,False,False,True,False,False,False,True,False,False,False,False,False,False,False,False,False,False,False,False,False,False,False,True,True,False,False,False,False,False,1
99,1,187500.0,0.0,9000.0,1,0,0,0,0,0,0,0,0,0,0,0,1,0,0,1,99,99,0,81,1,0,3,0,0,0,9000.0,0.0,0.0,0,5600.0,0.0,0.0,151.0,0,8,True,False,False,False,True,False,False,True,False,False,False,True,False,False,False,False,False,False,False,False,False,False,False,False,False,False,False,True,False,False,False,False,False,True,1
99,1,137500.0,0.0,113241.0,1,1,1,1,2,0,1,1,3,1,0,0,6,0,0,1,99,99,3,21,1,0,5,0,24,19,6000.0,6000.0,0.0,0,0.0,0.0,0.0,501.0,0,0,True,False,False,False,True,False,False,True,True,False,False,False,False,False,False,False,False,False,False,False,False,False,False,False,False,False,False,True,False,False,False,True,False,False,1
99,0,999999.0,875.0,46517.0,1,1,0,0,0,0,0,0,0,0,1,1,2,0,0,1,99,99,0,29,0,0,8,0,41,68,20210.0,20560.0,-850.0,0,0.0,0.0,0.0,501.0,1,0,True,False,False,False,True,False,False,True,False,False,False,False,False,False,False,False,False,False,False,False,True,False,False,False,False,False,False,True,False,False,True,False,False,False,1
99,0,999999.0,1000.0,35000.0,3,0,0,0,0,0,0,0,0,0,0,0,1,0,0,3,99,99,0,26,1,0,8,0,31,65,56692.0,56362.0,0.0,0,0.0,0.0,0.0,501.0,1,0,True,False,False,False,True,False,False,True,False,False,False,False,False,False,False,False,False,True,False,False,False,False,False,False,False,False,False,True,False,False,False,True,False,False,1
99,0,999999.0,875.0,48800.0,1,1,0,0,0,0,0,0,0,0,1,1,2,0,0,1,99,99,0,32,0,0,0,0,0,0,0.0,0.0,0.0,0,0.0,0.0,0.0,501.0,1,0,True,False,False,False,True,False,False,True,False,False,False,False,False,False,False,False,False,False,False,False,True,False,False,True,False,False,False,False,False,False,True,False,False,False,1
99,0,999999.0,875.0,19200.0,6,0,0,0,0,0,0,0,0,0,0,0,1,0,0,1,99,99,0,24,1,1,8,1,4,27,19200.0,19200.0,0.0,0,0.0,0.0,0.0,298.0,0,1,True,False,False,False,True,False,False,True,False,False,False,True,False,False,False,False,False,False,False,False,False,False,False,False,False,False,False,True,False,False,False,True,False,False,1
99,1,225000.0,0.0,18000.0,1,0,0,1,0,0,0,0,0,0,0,0,4,3,2,1,25,0,0,40,1,0,2,0,17,11,18000.0,0.0,18000.0,0,0.0,0.0,0.0,143.0,1,1,True,False,False,False,True,False,False,True,False,False,False,True,False,False,False,False,False,False,False,False,False,False,False,False,False,False,False,True,True,False,False,False,False,False,1
99,1,162500.0,0.0,88000.0,1,1,1,1,2,0,1,1,0,1,0,0,4,0,0,1,99,99,1,24,0,1,3,1,22,61,15000.0,15000.0,0.0,0,0.0,0.0,0.0,501.0,0,0,True,False,False,False,True,False,False,True,True,False,False,False,False,False,False,False,False,False,False,False,False,False,False,False,False,False,False,True,False,True,False,False,False,False,1
99,0,999999.0,412.0,400.0,2,0,0,0,0,0,0,0,0,0,0,0,1,0,0,2,99,99,0,65,1,1,7,1,40,77,19200.0,19200.0,0.0,0,0.0,0.0,0.0,323.0,1,0,True,False,False,False,True,False,False,True,False,False,False,False,False,False,False,False,False,True,False,False,False,False,False,False,False,False,False,True,False,False,False,True,False,False,1
99,1,187500.0,0.0,50000.0,1,1,1,1,0,0,0,0,0,0,1,1,3,1,0,1,10,10,0,34,0,0,7,0,26,72,20000.0,20000.0,0.0,0,0.0,0.0,0.0,501.0,0,0,True,False,False,False,True,False,False,True,False,False,False,False,False,False,False,False,False,False,False,False,True,False,False,False,False,False,False,True,False,False,True,False,False,False,1
99,0,999999.0,675.0,26700.0,2,1,2,1,0,0,0,0,0,0,0,0,1,0,0,2,99,99,0,32,1,0,1,0,0,0,0.0,0.0,0.0,0,0.0,0.0,0.0,1.0,1,0,True,False,False,False,True,False,False,True,False,False,False,False,False,True,False,False,False,False,False,False,False,False,False,False,False,False,False,True,False,False,False,True,False,False,1
99,0,999999.0,1000.0,98000.0,2,1,1,1,0,0,0,0,0,0,0,0,1,0,0,2,99,99,0,34,1,1,7,1,41,68,25100.0,25100.0,0.0,0,0.0,0.0,0.0,389.0,1,0,True,False,False,False,True,False,False,True,False,False,False,False,False,True,False,False,False,False,False,False,False,False,False,False,False,False,False,True,False,False,False,True,False,False,1
99,1,137500.0,0.0,8520.0,1,1,1,1,0,0,0,0,0,0,1,2,5,3,0,1,14,5,0,33,1,0,4,0,20,8,5720.0,5720.0,0.0,0,0.0,0.0,0.0,58.0,0,0,True,False,False,False,True,False,False,True,False,False,False,False,False,False,False,False,False,False,False,False,True,False,False,False,False,False,False,True,False,False,True,False,False,False,1
99,0,999999.0,875.0,16760.0,1,2,1,0,0,0,0,0,0,0,0,0,7,2,0,1,42,41,0,62,0,0,1,0,0,0,0.0,0.0,0.0,0,0.0,0.0,0.0,83.0,1,0,True,False,False,False,True,False,False,True,False,False,False,False,False,False,False,True,False,False,False,False,False,False,False,False,False,False,False,True,False,True,False,False,False,False,1
99,1,112500.0,0.0,29317.0,3,1,2,1,4,0,3,0,0,0,0,0,2,0,0,2,99,99,0,7,0,1,1,1,0,0,0.0,999999.0,999999.0,999999,99999.0,99999.0,99999.0,1.0,0,0,True,False,False,False,True,False,False,True,False,False,False,False,False,True,False,False,False,False,False,False,False,False,False,False,False,False,False,True,False,False,False,True,False,False,1
99,0,999999.0,337.0,10000.0,1,0,0,0,0,0,0,0,0,0,0,0,1,0,0,1,99,99,0,35,1,0,7,0,25,19,10000.0,10000.0,0.0,0,0.0,0.0,0.0,155.0,1,2,True,False,False,False,True,False,False,True,False,False,False,True,False,False,False,False,False,False,False,False,False,False,False,False,False,False,False,True,False,False,False,True,False,False,1
99,1,137500.0,0.0,13240.0,1,1,1,1,2,0,1,1,0,1,0,0,5,0,0,1,99,99,2,19,1,0,6,0,20,8,3040.0,3040.0,0.0,0,0.0,0.0,0.0,87.0,1,0,True,False,False,False,True,False,False,True,True,False,False,False,False,False,False,False,False,False,False,False,False,False,False,False,False,True,False,False,False,False,False,True,False,False,1
99,0,999999.0,575.0,30800.0,1,1,1,1,0,0,0,0,0,0,2,1,3,1,1,1,1,1,0,22,1,1,6,1,11,16,26000.0,26000.0,0.0,0,0.0,0.0,0.0,309.0,1,1,True,False,False,False,True,False,False,True,False,False,False,True,False,False,False,False,False,False,False,False,False,False,False,False,False,False,False,True,False,False,True,False,False,False,1
99,0,999999.0,625.0,42000.0,1,2,2,2,0,0,0,0,0,0,4,1,5,1,0,1,42,42,0,63,0,0,3,0,0,0,0.0,0.0,0.0,0,0.0,0.0,0.0,268.0,1,0,True,False,False,False,True,False,False,True,False,False,False,False,False,False,False,True,False,False,False,False,False,False,False,True,False,False,False,False,False,False,True,False,False,False,1
99,1,400000.0,0.0,206516.0,1,1,1,1,0,0,0,0,0,0,2,1,4,2,0,1,12,7,0,42,1,0,8,0,35,68,206516.0,195516.0,11000.0,0,0.0,0.0,0.0,501.0,0,6,True,False,False,False,True,False,False,True,False,False,False,True,False,False,False,False,False,False,False,False,False,False,False,False,False,False,False,True,False,False,True,False,False,False,1
99,0,999999.0,625.0,15360.0,3,0,2,0,1,0,1,0,0,0,0,0,5,0,0,1,99,99,0,5,1,1,0,1,0,0,0.0,999999.0,999999.0,999999,99999.0,99999.0,99999.0,98.0,1,0,True,False,False,False,True,False,False,True,True,False,False,False,False,False,False,False,False,False,False,False,False,False,False,False,False,False,False,True,False,False,False,True,False,False,1
99,0,999999.0,412.0,14000.0,1,1,0,0,0,0,0,0,0,0,1,1,2,0,0,1,99,99,0,41,0,0,6,0,41,68,12000.0,12000.0,0.0,0,0.0,0.0,0.0,169.0,1,0,True,False,False,False,True,False,False,True,False,False,False,False,False,False,False,False,False,False,False,False,True,False,False,False,False,False,False,True,False,False,True,False,False,False,1
99,1,350000.0,0.0,117350.0,1,1,1,1,0,0,0,0,0,0,1,1,3,1,1,1,1,1,0,37,0,0,8,0,41,77,54327.0,53528.0,0.0,0,0.0,0.0,0.0,501.0,1,0,True,False,False,False,True,False,False,True,False,False,False,False,False,False,False,False,False,False,False,False,True,False,False,False,False,False,False,True,False,False,True,False,False,False,1
99,0,999999.0,187.0,9600.0,1,1,1,1,2,0,1,1,0,1,0,0,4,0,0,1,99,99,1,3,0,0,0,0,0,0,0.0,999999.0,999999.0,999999,99999.0,99999.0,99999.0,76.0,1,0,True,False,False,False,True,False,False,True,True,False,False,False,False,False,False,False,False,False,False,False,False,False,False,False,False,False,False,True,False,False,False,True,False,False,1
99,0,999999.0,875.0,63492.0,1,1,0,0,0,0,0,0,0,0,1,1,2,0,0,1,99,99,0,27,0,0,8,0,42,84,32240.0,32240.0,0.0,0,0.0,0.0,0.0,501.0,1,0,True,False,False,False,True,False,False,True,False,False,False,False,False,False,False,False,False,False,False,False,True,False,False,False,False,False,False,True,False,False,True,False,False,False,1
99,1,400000.0,0.0,58603.0,2,0,0,0,0,0,0,0,0,0,0,0,1,0,0,2,99,99,0,48,0,0,8,0,0,0,0.0,0.0,0.0,0,0.0,0.0,0.0,1.0,0,0,True,False,False,False,True,False,False,True,False,False,False,False,False,False,False,False,False,True,False,False,False,False,False,False,False,False,False,True,False,False,False,True,False,False,1
99,0,999999.0,875.0,1225.0,2,1,1,1,2,0,1,1,0,1,0,0,4,0,0,1,99,99,1,8,0,0,0,0,0,0,0.0,999999.0,999999.0,999999,99999.0,99999.0,99999.0,10.0,1,0,True,False,False,False,True,False,False,True,True,False,False,False,False,False,False,False,False,False,False,False,False,False,False,False,False,False,False,True,False,False,False,True,False,False,1
99,0,999999.0,437.0,17568.0,1,0,0,0,0,0,0,0,0,0,0,0,1,0,0,1,99,99,0,83,0,0,4,0,0,0,17568.0,0.0,0.0,0,5568.0,0.0,0.0,295.0,0,5,True,False,False,False,True,False,False,True,False,False,False,True,False,False,False,False,False,False,False,False,False,False,False,False,False,False,False,True,False,False,False,False,False,True,1
99,1,77500.0,0.0,32280.0,1,0,2,0,0,0,0,0,0,0,0,0,3,1,0,1,30,30,0,62,0,0,7,0,18,44,14280.0,14280.0,0.0,0,0.0,0.0,0.0,323.0,0,5,True,False,False,False,True,False,False,True,False,False,False,True,False,False,False,False,False,False,False,False,False,False,True,False,False,False,False,False,False,False,False,False,False,True,1
99,1,275000.0,0.0,23000.0,1,1,1,1,0,0,0,0,0,0,1,1,3,1,0,1,17,17,0,45,0,0,8,0,37,78,0.0,0.0,0.0,0,0.0,0.0,0.0,230.0,0,0,True,False,False,False,True,False,False,True,False,False,False,False,False,False,False,False,False,False,False,False,True,False,False,False,False,True,False,False,False,False,True,False,False,False,1
99,1,162500.0,0.0,21000.0,1,1,1,1,2,0,1,1,0,1,0,0,6,0,0,1,99,99,3,5,0,1,1,1,0,0,0.0,999999.0,999999.0,999999,99999.0,99999.0,99999.0,127.0,1,0,True,False,False,False,True,False,False,True,True,False,False,False,False,False,False,False,False,False,False,False,False,False,False,False,False,False,False,True,False,False,False,True,False,False,1
99,0,999999.0,1000.0,26000.0,2,0,0,0,0,0,0,0,0,0,0,0,1,0,0,2,99,99,0,25,1,0,6,0,41,68,35900.0,35000.0,0.0,0,0.0,0.0,900.0,501.0,1,0,True,False,False,False,True,False,False,True,False,False,False,False,False,False,False,False,False,True,False,False,False,False,False,False,False,False,False,True,True,False,False,False,False,False,1
99,1,162500.0,0.0,48900.0,1,0,1,0,1,0,1,0,0,0,0,0,3,0,0,1,99,99,1,19,0,1,7,1,18,44,5000.0,5000.0,0.0,0,0.0,0.0,0.0,490.0,0,0,True,False,False,False,True,False,False,True,True,False,False,False,False,False,False,False,False,False,False,False,False,False,False,False,False,False,False,True,False,False,False,True,False,False,1
99,0,999999.0,1.0,13300.0,1,1,1,1,1,0,1,2,0,1,0,0,3,0,0,1,99,99,0,1,0,0,7,0,0,0,0.0,999999.0,999999.0,999999,99999.0,99999.0,99999.0,133.0,1,0,True,False,False,False,True,False,False,True,True,False,False,False,False,False,False,False,False,False,False,False,False,False,True,False,False,False,False,False,False,False,False,True,False,False,1
99,1,225000.0,0.0,43690.0,1,0,1,0,1,0,1,0,0,0,0,0,2,0,0,1,99,99,0,30,1,0,7,0,24,47,15690.0,15600.0,0.0,0,0.0,0.0,0.0,501.0,0,0,True,False,False,False,True,False,False,True,True,False,False,False,False,False,False,False,False,False,False,False,False,False,False,False,False,False,False,True,False,False,False,True,False,False,1
99,1,137500.0,0.0,14400.0,2,1,0,0,0,0,0,0,0,0,2,1,2,0,0,1,99,99,0,76,1,0,3,0,0,0,9600.0,0.0,0.0,0,9600.0,0.0,0.0,192.0,0,8,True,False,False,False,True,False,False,True,False,False,False,True,False,False,False,False,False,False,False,False,False,False,False,False,False,False,False,True,False,False,True,False,False,False,1
99,1,400000.0,0.0,227716.0,2,1,1,1,2,0,1,1,0,1,0,0,5,0,0,1,99,99,2,21,0,1,7,2,25,31,2000.0,0.0,2000.0,0,0.0,0.0,0.0,501.0,1,0,True,False,False,False,True,False,False,True,True,False,False,False,False,False,False,False,False,False,False,False,False,False,False,False,False,False,False,True,False,False,False,True,False,False,1
99,0,999999.0,337.0,3588.0,1,0,0,0,0,0,0,0,0,0,0,0,1,0,0,1,99,99,0,75,0,0,6,0,0,0,3588.0,0.0,0.0,0,3588.0,0.0,0.0,60.0,0,7,True,False,False,False,True,False,False,True,False,False,False,True,False,False,False,False,False,False,False,False,False,False,False,False,False,False,False,True,False,False,False,False,False,True,1
99,0,999999.0,512.0,62900.0,2,1,2,1,1,0,1,2,0,1,0,0,4,0,0,1,99,99,1,12,1,1,2,1,0,0,0.0,999999.0,999999.0,999999,99999.0,99999.0,99999.0,484.0,1,0,True,False,False,False,True,False,False,True,True,False,False,False,False,False,False,False,False,False,False,False,False,False,False,False,False,False,False,True,False,False,False,True,False,False,1
99,1,137500.0,0.0,26400.0,1,0,0,1,0,0,0,0,0,0,0,0,2,1,0,1,23,23,0,68,1,0,0,0,0,0,8400.0,0.0,0.0,0,0.0,0.0,0.0,352.0,0,8,True,False,False,False,True,False,False,True,False,False,False,True,False,False,False,False,False,False,False,False,False,False,False,False,False,False,False,True,False,False,False,False,True,False,1
99,1,112500.0,0.0,9800.0,1,1,1,1,0,0,0,0,0,0,2,1,3,1,0,1,25,25,0,45,1,0,6,0,20,9,1800.0,1800.0,0.0,0,0.0,0.0,0.0,101.0,1,2,True,False,False,False,True,False,False,True,False,False,False,True,False,False,False,False,False,False,False,False,False,False,True,False,False,False,False,False,False,False,True,False,False,False,1
99,0,999999.0,337.0,18550.0,1,0,1,0,1,0,1,0,0,0,0,0,5,0,0,1,99,99,3,10,0,1,1,1,0,0,0.0,999999.0,999999.0,999999,99999.0,99999.0,99999.0,125.0,1,0,True,False,False,False,True,False,False,True,True,False,False,False,False,False,False,False,False,False,False,False,False,False,False,False,False,False,False,True,False,False,False,True,False,False,1
99,1,400000.0,0.0,0.0,1,1,0,0,0,0,0,0,0,0,2,1,2,0,0,1,99,99,0,73,1,0,8,0,0,0,0.0,0.0,0.0,0,0.0,0.0,0.0,1.0,0,6,True,False,False,False,True,False,False,True,False,False,False,True,False,False,False,False,False,False,False,False,False,False,False,False,False,False,False,True,False,False,True,False,False,False,1
99,1,162500.0,0.0,43400.0,1,1,1,1,2,0,1,1,0,1,0,0,5,0,0,1,99,99,2,5,0,1,0,1,0,0,0.0,999999.0,999999.0,999999,99999.0,99999.0,99999.0,293.0,0,0,True,False,False,False,True,False,False,True,True,False,False,False,False,False,False,False,False,False,False,False,False,False,True,False,False,False,False,False,False,False,False,True,False,False,1
99,0,999999.0,575.0,20034.0,1,0,1,0,0,0,0,0,0,0,0,0,2,1,1,1,0,0,0,22,0,0,7,0,25,18,20034.0,20000.0,0.0,0,0.0,0.0,0.0,234.0,1,1,True,False,False,False,True,False,False,True,False,False,False,True,False,False,False,False,False,False,False,False,False,False,True,False,False,False,False,False,False,False,False,True,False,False,1
99,0,999999.0,725.0,40000.0,3,0,0,0,0,0,0,0,0,0,0,0,1,0,0,3,99,99,0,38,1,0,5,0,0,0,7560.0,0.0,0.0,0,0.0,7560.0,0.0,117.0,0,0,True,False,False,False,True,False,False,True,False,False,False,False,False,False,False,False,False,True,False,False,False,False,True,False,False,False,False,False,False,False,False,True,False,False,1
99,1,162500.0,0.0,56107.0,1,1,1,0,3,0,1,0,0,0,1,1,3,0,0,1,99,99,0,61,0,0,6,0,11,11,10982.0,10982.0,0.0,0,0.0,0.0,0.0,501.0,0,0,True,False,False,False,True,False,False,True,False,False,False,False,False,False,False,False,False,False,False,False,True,False,False,False,False,False,False,True,False,False,True,False,False,False,1
99,1,400000.0,0.0,15300.0,2,0,0,0,0,0,0,0,0,0,0,0,1,0,0,2,99,99,0,58,1,0,6,0,13,10,1000.0,0.0,0.0,0,0.0,0.0,1000.0,16.0,1,0,True,False,False,False,True,False,False,True,False,False,False,False,False,True,False,False,False,False,False,False,False,False,False,True,False,False,False,False,False,False,False,False,False,True,0
99,0,999999.0,0.0,999999.0,1,0,0,0,0,0,0,0,0,0,0,0,1,0,0,1,99,99,0,20,1,1,7,2,11,11,8000.0,8000.0,0.0,0,0.0,0.0,0.0,0.0,1,0,False,False,True,False,False,True,False,True,False,False,False,False,False,True,False,False,False,False,False,False,False,False,False,False,False,False,False,True,False,False,False,True,False,False,1
99,0,999999.0,675.0,47000.0,1,0,0,0,0,0,0,0,0,0,0,0,1,0,0,1,99,99,0,43,1,0,7,0,20,9,47000.0,0.0,47000.0,0,0.0,0.0,0.0,501.0,1,2,True,False,False,False,True,False,False,True,False,False,False,True,False,False,False,False,False,False,False,False,False,False,False,False,False,False,False,True,False,False,False,True,False,False,1
99,1,85000.0,0.0,18900.0,2,0,0,0,0,0,0,0,0,0,0,0,1,0,0,1,99,99,0,87,0,0,7,0,22,51,18900.0,13000.0,0.0,0,1000.0,0.0,500.0,318.0,1,8,True,False,False,False,True,False,False,True,False,False,False,True,False,False,False,False,False,False,False,False,False,False,False,False,False,False,False,True,False,False,False,False,False,True,1
99,0,999999.0,362.0,11000.0,2,0,0,1,0,0,0,0,0,0,0,0,4,3,0,1,15,7,0,39,1,1,8,1,23,18,11000.0,11000.0,0.0,0,0.0,0.0,0.0,87.0,0,2,True,False,False,False,True,False,False,True,False,False,False,True,False,False,False,False,False,False,False,False,False,False,False,False,False,False,False,True,False,False,False,True,False,False,1
99,1,187500.0,0.0,30000.0,1,1,1,1,0,0,0,0,0,0,1,1,3,1,0,1,15,15,0,44,0,0,6,0,0,0,0.0,0.0,0.0,0,0.0,0.0,0.0,301.0,0,0,True,False,False,False,True,False,False,True,False,False,False,False,False,False,False,False,False,False,False,False,True,False,True,False,False,False,False,False,False,False,True,False,False,False,1
99,1,400000.0,0.0,57936.0,1,1,1,1,0,0,0,0,0,0,1,1,3,1,0,1,24,24,0,52,0,0,7,0,19,17,13800.0,7000.0,6800.0,0,0.0,0.0,0.0,501.0,0,0,True,False,False,False,True,False,False,True,False,False,False,False,False,False,False,False,False,False,False,False,True,False,False,False,False,False,False,True,False,False,True,False,False,False,1
99,0,999999.0,1000.0,48247.0,1,1,0,0,0,0,0,0,0,0,2,1,2,0,0,1,99,99,0,69,1,0,8,0,22,32,48247.0,0.0,0.0,0,8016.0,0.0,0.0,501.0,1,1,True,False,False,False,True,False,False,True,False,False,False,True,False,False,False,False,False,False,False,False,False,False,False,False,False,False,False,True,False,False,True,False,False,False,0
99,1,225000.0,0.0,274119.0,2,1,0,0,0,0,0,0,0,0,2,2,2,0,0,1,99,99,0,24,0,0,6,0,20,52,254119.0,195516.0,0.0,0,0.0,0.0,0.0,501.0,1,2,True,False,False,False,True,False,False,True,False,False,False,True,False,False,False,False,False,False,False,False,False,False,False,False,False,False,False,True,False,False,True,False,False,False,0
99,0,999999.0,675.0,12000.0,5,0,0,1,0,0,0,1,0,1,0,0,2,0,0,1,99,99,0,5,1,0,1,0,0,0,0.0,999999.0,999999.0,999999,99999.0,99999.0,99999.0,140.0,0,0,True,False,False,False,True,False,False,True,True,False,False,False,False,False,False,False,False,False,False,False,False,False,False,False,False,False,False,True,False,False,False,True,False,False,1
99,1,137500.0,0.0,18384.0,3,0,0,0,0,0,0,0,0,0,0,0,2,0,0,1,99,99,0,90,0,0,2,0,0,0,7464.0,0.0,0.0,0,2976.0,4488.0,0.0,245.0,0,8,True,False,False,False,True,False,False,True,False,False,False,True,False,False,False,False,False,False,False,False,False,False,False,False,False,False,False,True,False,False,False,False,False,True,1
99,0,999999.0,362.0,27500.0,1,1,1,1,2,0,1,1,0,1,0,0,6,0,0,1,99,99,3,12,0,1,2,1,0,0,0.0,999999.0,999999.0,999999,99999.0,99999.0,99999.0,166.0,0,0,True,False,False,False,True,False,False,True,True,False,False,False,False,False,False,False,False,False,False,False,False,False,False,False,False,False,False,True,False,False,False,True,False,False,1
99,0,999999.0,1000.0,48000.0,3,0,0,0,0,0,0,0,0,0,0,0,1,0,0,3,99,99,0,28,1,0,8,0,37,78,30000.0,30000.0,0.0,0,0.0,0.0,0.0,465.0,1,0,True,False,False,False,True,False,False,True,False,False,False,False,False,False,False,False,False,True,False,False,False,False,False,False,False,False,False,True,False,True,False,False,False,False,1
99,0,999999.0,512.0,500.0,1,1,1,1,2,7,1,1,0,1,0,0,4,0,0,1,99,99,1,20,1,1,7,1,0,0,0.0,0.0,0.0,0,0.0,0.0,0.0,4.0,1,0,True,False,False,False,True,False,False,True,True,False,False,False,False,False,False,False,False,False,False,False,False,False,False,False,False,False,False,True,False,False,False,True,False,False,1
99,1,187500.0,0.0,55876.0,1,0,3,0,1,0,1,0,0,0,0,0,9,0,0,1,99,99,5,19,1,1,7,1,20,8,3604.0,650.0,0.0,0,2954.0,0.0,0.0,208.0,1,0,True,False,False,False,True,False,False,True,True,False,False,False,False,False,False,False,False,False,False,False,False,False,False,False,False,False,False,True,False,False,False,True,False,False,1
99,0,999999.0,625.0,18908.0,2,0,0,1,0,0,0,0,0,0,0,0,1,0,0,2,99,99,0,44,0,0,0,0,14,26,4800.0,0.0,4800.0,0,0.0,0.0,0.0,74.0,0,0,True,False,False,False,True,False,False,True,False,False,False,False,False,False,False,False,False,True,False,False,False,False,False,False,False,False,False,True,False,False,False,True,False,False,1
99,1,162500.0,0.0,66000.0,1,1,1,1,0,0,0,0,0,0,2,1,3,1,1,1,0,0,0,28,1,1,7,1,29,34,39000.0,39000.0,0.0,0,0.0,0.0,0.0,501.0,1,2,True,False,False,False,True,False,False,True,False,False,False,True,False,False,False,False,False,False,False,False,False,False,False,False,False,False,False,True,False,False,True,False,False,False,1
99,0,999999.0,675.0,69000.0,1,1,0,0,0,0,0,0,0,0,1,1,2,0,0,1,99,99,0,30,0,0,8,0,30,44,31000.0,31000.0,0.0,0,0.0,0.0,0.0,501.0,1,0,True,False,False,False,True,False,False,True,False,False,False,False,False,False,False,False,False,False,False,False,True,False,False,False,False,False,False,True,False,False,True,False,False,False,0
99,1,187500.0,0.0,109250.0,1,2,2,2,0,0,0,0,0,0,4,1,6,2,2,1,4,1,0,28,1,0,7,0,32,37,36800.0,36000.0,0.0,0,0.0,0.0,0.0,501.0,1,0,True,False,False,False,True,False,False,True,False,True,False,False,False,False,False,False,False,False,False,False,False,False,False,False,False,False,False,True,False,False,True,False,False,False,1
99,1,22500.0,0.0,15000.0,1,1,1,1,2,0,1,1,0,1,0,0,5,0,0,1,99,99,2,8,0,1,1,1,0,0,0.0,999999.0,999999.0,999999,99999.0,99999.0,99999.0,101.0,0,0,True,False,False,False,True,False,False,True,True,False,False,False,False,False,False,False,False,False,False,False,False,False,False,False,False,False,False,True,False,False,False,True,False,False,1
99,0,999999.0,875.0,40000.0,3,0,0,0,0,0,0,0,0,0,0,0,1,0,0,1,99,99,0,31,1,0,8,0,20,8,40000.0,30000.0,10000.0,0,0.0,0.0,0.0,501.0,1,2,True,False,False,False,True,False,False,True,False,False,False,True,False,False,False,False,False,False,False,False,False,False,False,False,True,False,False,False,False,False,False,True,False,False,0
99,1,275000.0,0.0,135500.0,1,1,1,1,2,0,1,1,0,1,0,0,5,0,0,1,99,99,2,21,1,0,6,0,23,18,15000.0,15000.0,0.0,0,0.0,0.0,0.0,501.0,0,0,True,False,False,False,True,False,False,True,True,False,False,False,False,False,False,False,False,False,False,False,False,True,False,False,False,False,False,False,False,False,False,True,False,False,1
99,1,400000.0,0.0,109700.0,1,1,1,1,0,0,0,0,0,0,2,1,7,5,0,1,20,5,0,47,1,0,8,0,41,68,77500.0,77500.0,0.0,0,0.0,0.0,0.0,501.0,0,2,True,False,False,False,True,False,False,True,False,False,False,True,False,False,False,False,False,False,False,False,False,False,False,False,True,False,False,False,False,False,True,False,False,False,1
99,1,400000.0,0.0,148510.0,2,1,0,0,0,0,0,0,0,0,2,1,2,0,0,1,99,99,0,70,1,0,8,0,79,92,137100.0,120000.0,0.0,0,2100.0,0.0,0.0,501.0,0,7,True,False,False,False,True,False,False,True,False,False,False,True,False,False,False,False,False,False,False,False,False,False,False,False,False,False,False,True,False,False,True,False,False,False,1
99,1,187500.0,0.0,58500.0,1,0,0,0,0,0,0,0,0,0,0,0,1,0,0,1,99,99,0,54,0,0,8,0,30,44,58500.0,53000.0,0.0,0,0.0,0.0,0.0,501.0,1,2,True,False,False,False,True,False,False,True,False,False,False,True,False,False,False,False,False,False,False,False,False,False,False,False,False,False,False,True,True,False,False,False,False,False,1
99,1,137500.0,0.0,40240.0,1,1,2,1,0,0,0,0,0,0,2,1,4,1,0,1,10,10,0,41,1,0,7,0,33,48,37000.0,37000.0,0.0,0,0.0,0.0,0.0,310.0,0,6,True,False,False,False,True,False,False,True,False,False,False,True,False,False,False,False,False,False,False,False,False,False,False,False,False,True,False,False,False,False,True,False,False,False,1
99,1,162500.0,0.0,30000.0,1,1,1,1,2,0,1,1,0,1,0,0,5,0,0,1,99,99,2,3,0,1,0,1,0,0,0.0,999999.0,999999.0,999999,99999.0,99999.0,99999.0,203.0,1,0,True,False,False,False,True,False,False,True,True,False,False,False,False,False,False,False,False,False,False,False,False,False,False,False,False,False,False,True,False,False,False,True,False,False,1
99,1,400000.0,0.0,114500.0,1,1,0,0,0,0,0,0,0,0,2,1,2,0,0,1,99,99,0,45,1,0,8,0,41,68,64600.0,64000.0,0.0,0,0.0,0.0,0.0,501.0,0,6,True,False,False,False,True,False,False,True,False,False,False,True,False,False,False,False,False,False,False,False,False,False,False,False,False,False,False,True,False,False,True,False,False,False,1
99,1,162500.0,0.0,50000.0,1,1,1,1,2,0,1,1,0,1,0,0,5,0,0,1,99,99,2,18,1,0,6,0,22,18,0.0,0.0,0.0,0,0.0,0.0,0.0,330.0,1,0,True,False,False,False,True,False,False,True,True,False,False,False,False,False,False,False,False,False,False,False,False,False,False,False,False,False,False,True,False,False,False,True,False,False,1
99,1,112500.0,0.0,52000.0,2,0,1,0,3,0,1,0,0,0,0,0,8,0,0,1,99,99,5,39,0,0,1,0,22,18,12000.0,12000.0,0.0,0,0.0,0.0,0.0,226.0,0,0,True,False,False,False,True,False,False,True,False,False,False,False,False,False,False,False,False,False,True,False,False,False,False,False,False,False,False,True,False,False,False,True,False,False,1
99,0,999999.0,1000.0,45000.0,2,0,0,0,0,0,0,0,0,0,0,0,1,0,0,1,99,99,0,27,1,0,8,0,61,93,45000.0,45000.0,0.0,0,0.0,0.0,0.0,501.0,1,2,True,False,False,False,True,False,False,True,False,False,False,True,False,False,False,False,False,False,False,False,False,False,False,False,False,False,False,True,False,False,False,True,False,False,1
99,0,999999.0,387.0,19876.0,2,0,1,0,1,0,1,0,0,0,0,0,3,0,0,1,99,99,1,15,1,1,2,1,0,0,5880.0,999999.0,999999.0,999999,0.0,5880.0,0.0,199.0,1,0,True,False,False,False,True,False,False,True,True,False,False,False,False,False,False,False,False,False,False,False,False,False,True,False,False,False,False,False,False,False,False,True,False,False,1
99,1,400000.0,0.0,89356.0,1,1,1,1,1,0,1,2,0,1,0,0,4,0,0,1,99,99,1,11,1,1,2,1,0,0,0.0,999999.0,999999.0,999999,99999.0,99999.0,99999.0,501.0,0,0,True,False,False,False,True,False,False,True,True,False,False,False,False,False,False,False,False,False,False,False,False,False,False,False,False,False,False,True,False,False,False,True,False,False,1
99,1,400000.0,0.0,43500.0,1,1,2,1,0,0,0,0,0,0,0,0,6,1,0,1,45,45,0,67,0,0,2,0,0,0,6000.0,0.0,0.0,0,6000.0,0.0,0.0,245.0,1,0,True,False,False,False,True,False,False,True,False,False,False,False,False,False,False,False,True,False,False,False,False,False,False,False,False,False,False,True,False,False,False,True,False,False,1
99,1,187500.0,0.0,78000.0,1,0,1,0,1,0,1,0,0,0,0,0,2,0,0,1,99,99,0,39,1,0,8,0,24,19,48000.0,40000.0,0.0,0,0.0,0.0,0.0,501.0,1,0,True,False,False,False,True,False,False,True,True,False,False,False,False,False,False,False,False,False,False,False,False,False,False,False,False,False,False,True,False,False,False,True,False,False,1
99,1,225000.0,0.0,10850.0,1,0,0,0,0,0,0,0,0,0,0,0,1,0,0,1,99,99,0,78,0,0,8,0,0,0,10850.0,0.0,0.0,0,4272.0,0.0,0.0,182.0,0,6,True,False,False,False,True,False,False,True,False,False,False,True,False,False,False,False,False,False,False,False,False,False,False,False,False,False,False,True,False,False,False,False,False,True,1
99,0,999999.0,725.0,29900.0,1,0,0,1,0,0,0,1,0,1,0,0,3,0,0,1,99,99,1,15,1,1,3,1,0,0,0.0,999999.0,999999.0,999999,0.0,0.0,0.0,300.0,1,0,True,False,False,False,True,False,False,True,True,False,False,False,False,False,False,False,False,False,False,False,False,False,False,False,False,False,False,True,False,False,False,True,False,False,1
99,0,999999.0,487.0,27900.0,1,1,1,1,0,0,0,0,0,0,3,1,5,1,1,1,0,0,1,30,1,0,2,0,26,19,16800.0,16800.0,0.0,0,0.0,0.0,0.0,178.0,1,0,True,False,False,False,True,False,False,True,False,False,False,False,False,False,False,False,False,False,True,False,False,False,False,False,False,False,False,True,False,False,True,False,False,False,1
99,0,999999.0,537.0,10500.0,2,2,2,2,0,0,0,0,0,0,2,1,4,1,0,1,9,9,0,23,1,0,0,0,22,18,4500.0,4500.0,0.0,0,0.0,0.0,0.0,81.0,1,1,True,False,False,False,True,False,False,True,False,False,False,True,False,False,False,False,False,False,False,False,False,False,False,False,False,False,False,True,False,False,True,False,False,False,0
99,1,275000.0,0.0,17000.0,1,0,1,0,0,0,0,0,0,0,0,0,5,3,0,1,22,15,1,44,0,0,0,0,22,61,15000.0,15000.0,0.0,0,0.0,0.0,0.0,112.0,1,5,True,False,False,False,True,False,False,True,False,False,False,True,False,False,False,False,False,False,False,False,False,False,False,False,False,False,False,True,False,False,False,True,False,False,1
99,0,999999.0,512.0,41600.0,1,1,1,1,2,0,1,1,0,1,0,0,6,0,0,1,99,99,3,15,1,1,2,1,0,0,0.0,999999.0,999999.0,999999,0.0,0.0,0.0,251.0,0,0,True,False,False,False,True,False,False,True,True,False,False,False,False,False,False,False,False,False,False,False,False,False,False,False,False,False,False,True,False,False,False,True,False,False,1
99,0,999999.0,625.0,37366.0,1,1,2,1,2,7,1,1,0,1,0,0,8,0,0,1,99,99,1,2,0,0,7,0,0,0,0.0,999999.0,999999.0,999999,99999.0,99999.0,99999.0,172.0,1,0,True,False,False,False,True,False,False,True,True,False,False,False,False,False,False,False,False,False,False,False,False,False,False,False,False,False,False,True,False,False,False,True,False,False,1
99,1,187500.0,0.0,61234.0,1,1,0,0,0,0,0,0,0,0,1,1,2,0,0,1,99,99,0,27,0,1,8,1,31,65,29185.0,29000.0,0.0,0,0.0,0.0,0.0,501.0,1,0,True,False,False,False,True,False,False,True,False,False,False,False,False,False,False,False,False,False,False,False,True,False,False,False,False,False,False,True,False,False,True,False,False,False,1
99,0,999999.0,675.0,26836.0,1,1,1,1,0,0,0,0,0,0,0,0,7,0,0,1,99,99,0,65,0,0,2,0,0,0,7224.0,0.0,0.0,0,0.0,7224.0,0.0,136.0,1,0,True,False,False,False,True,False,False,True,False,False,False,False,False,False,True,False,False,False,False,False,False,False,False,False,False,True,False,False,False,False,False,False,False,True,1
99,0,999999.0,575.0,3500.0,2,0,0,1,0,0,0,1,0,1,0,0,8,0,0,1,99,99,5,6,0,0,0,0,0,0,0.0,999999.0,999999.0,999999,99999.0,99999.0,99999.0,17.0,1,0,True,False,False,False,True,False,False,True,True,False,False,False,False,False,False,False,False,False,False,False,False,False,True,False,False,False,False,False,False,False,False,True,False,False,1
99,1,187500.0,0.0,58800.0,4,0,0,0,0,0,0,0,0,0,0,0,6,0,0,1,99,99,2,24,1,0,3,0,29,27,15000.0,15000.0,0.0,0,0.0,0.0,0.0,330.0,1,0,True,False,False,False,True,False,False,True,False,False,False,False,False,False,False,False,False,False,True,False,False,False,False,False,False,False,False,True,False,False,False,True,False,False,1
99,0,999999.0,875.0,15120.0,1,1,0,0,0,0,0,0,0,0,1,1,2,0,0,1,99,99,0,63,0,0,6,0,0,0,7560.0,0.0,0.0,0,7560.0,0.0,0.0,182.0,1,0,True,False,False,False,True,False,False,True,False,False,False,False,False,False,False,False,False,False,False,False,True,False,False,False,False,False,False,True,False,False,True,False,False,False,1
99,1,187500.0,0.0,28720.0,2,1,1,1,0,0,0,0,0,0,0,0,5,0,0,1,99,99,1,15,1,0,2,0,0,0,0.0,999999.0,999999.0,999999,0.0,0.0,0.0,194.0,1,0,True,False,False,False,True,False,False,True,False,False,False,False,False,False,False,False,False,False,True,False,False,False,False,False,False,False,False,True,False,False,False,True,False,False,1
99,1,187500.0,0.0,33800.0,1,1,1,1,2,0,1,1,0,1,0,0,5,0,0,1,99,99,2,19,1,0,6,0,26,22,6000.0,6000.0,0.0,0,0.0,0.0,0.0,223.0,0,0,True,False,False,False,True,False,False,True,True,False,False,False,False,False,False,False,False,False,False,False,False,False,False,False,False,False,False,True,False,False,False,True,False,False,1
99,1,225000.0,0.0,45000.0,1,1,1,1,2,0,1,1,0,1,0,0,7,0,0,1,99,99,4,6,1,1,1,1,0,0,0.0,999999.0,999999.0,999999,99999.0,99999.0,99999.0,242.0,1,0,True,False,False,False,True,False,False,True,True,False,False,False,False,False,False,False,False,False,False,False,False,False,False,False,False,False,False,True,False,False,False,True,False,False,1
99,0,999999.0,162.0,7224.0,1,0,0,0,0,0,0,0,0,0,0,0,1,0,0,1,99,99,0,63,0,0,4,0,0,0,7224.0,0.0,0.0,0,0.0,7224.0,0.0,112.0,0,6,True,False,False,False,True,False,False,True,False,False,False,True,False,False,False,False,False,False,False,False,False,False,True,False,False,False,False,False,True,False,False,False,False,False,1
99,0,999999.0,387.0,8988.0,1,0,1,0,0,0,0,0,0,0,0,0,4,3,0,1,11,8,0,36,0,0,6,0,0,0,8988.0,0.0,0.0,0,0.0,8988.0,0.0,71.0,1,1,True,False,False,False,True,False,False,True,False,False,False,True,False,False,False,False,False,False,False,False,False,False,True,False,False,False,False,False,False,False,False,True,False,False,1
99,1,400000.0,0.0,125515.0,1,1,1,1,2,0,1,1,0,1,0,0,4,0,0,1,99,99,1,15,1,1,3,1,0,0,0.0,999999.0,999999.0,999999,0.0,0.0,0.0,501.0,0,0,True,False,False,False,True,False,False,True,True,False,False,False,False,False,False,False,False,False,False,False,False,False,False,False,False,False,False,True,False,False,False,True,False,False,1
99,0,999999.0,537.0,28500.0,1,1,0,0,0,0,0,0,0,0,1,1,4,0,0,1,99,99,0,17,0,0,2,0,0,0,0.0,0.0,0.0,0,0.0,0.0,0.0,223.0,1,0,True,False,False,False,True,False,False,True,False,False,False,False,False,False,False,False,False,False,False,False,True,False,False,False,False,False,False,True,False,False,True,False,False,False,1
99,1,187500.0,0.0,39328.0,1,1,0,0,0,0,0,0,0,0,1,1,2,0,0,1,99,99,0,80,0,0,8,0,0,0,21328.0,0.0,0.0,0,4906.0,0.0,0.0,501.0,0,0,True,False,False,False,True,False,False,True,False,False,False,False,False,False,False,False,False,False,False,False,True,False,False,False,False,False,False,True,False,False,True,False,False,False,1
99,1,137500.0,0.0,97400.0,1,1,1,1,0,0,0,0,0,0,2,1,5,3,0,1,23,9,0,47,1,0,8,0,35,46,51200.0,51000.0,0.0,0,0.0,0.0,0.0,501.0,0,6,True,False,False,False,True,False,False,True,False,False,False,True,False,False,False,False,False,False,False,False,False,False,True,False,False,False,False,False,False,False,True,False,False,False,1
99,0,999999.0,262.0,12000.0,5,0,0,0,0,0,0,0,0,0,0,0,1,0,0,5,99,99,0,20,0,0,4,0,20,39,8000.0,7000.0,0.0,0,0.0,0.0,0.0,124.0,1,0,True,False,False,False,True,False,False,True,False,False,False,False,False,True,False,False,False,False,False,False,False,False,False,False,False,True,False,False,False,False,False,True,False,False,1
99,0,999999.0,875.0,21000.0,1,1,1,1,1,0,1,2,0,1,0,0,5,0,0,1,99,99,2,14,1,1,2,1,0,0,0.0,999999.0,999999.0,999999,99999.0,99999.0,99999.0,134.0,1,0,True,False,False,False,True,False,False,True,True,False,False,False,False,False,False,False,False,False,False,False,False,False,False,False,False,False,False,True,False,False,False,True,False,False,1
99,1,37500.0,0.0,78000.0,1,1,0,0,0,0,0,0,0,0,2,1,2,0,0,1,99,99,0,60,1,1,8,1,25,52,30000.0,30000.0,0.0,0,0.0,0.0,0.0,501.0,0,6,True,False,False,False,True,False,False,True,False,False,False,True,False,False,False,False,False,False,False,False,False,False,False,False,False,False,False,True,False,False,True,False,False,False,1
99,0,999999.0,512.0,2240.0,1,0,2,0,1,0,1,0,0,0,0,0,4,0,0,1,99,99,0,9,1,1,1,1,0,0,0.0,999999.0,999999.0,999999,99999.0,99999.0,99999.0,18.0,0,0,True,False,False,False,True,False,False,True,True,False,False,False,False,False,False,False,False,False,False,False,False,False,False,False,False,False,False,True,False,False,False,True,False,False,1
99,1,162500.0,0.0,69530.0,1,1,2,1,0,0,0,0,0,0,0,0,11,0,0,1,99,99,0,18,0,1,6,1,0,0,0.0,0.0,0.0,0,0.0,0.0,0.0,258.0,1,0,True,False,False,False,True,False,False,True,False,False,False,False,False,False,True,False,False,False,False,False,False,False,False,False,False,False,False,True,False,False,False,True,False,False,1
99,1,225000.0,0.0,40000.0,3,0,0,1,0,0,0,1,0,1,0,0,2,0,0,1,99,99,0,12,1,1,2,2,0,0,0.0,999999.0,999999.0,999999,99999.0,99999.0,99999.0,468.0,0,0,True,False,False,False,True,False,False,True,True,False,False,False,False,False,False,False,False,False,False,False,False,False,False,False,False,False,False,True,False,False,False,True,False,False,1
99,1,275000.0,0.0,165302.0,1,1,0,0,0,0,0,0,0,0,1,1,2,0,0,1,99,99,0,61,0,0,8,0,19,46,809.0,0.0,0.0,0,0.0,0.0,0.0,501.0,0,0,True,False,False,False,True,False,False,True,False,False,False,False,False,False,False,False,False,False,False,False,True,False,False,False,False,False,False,True,False,False,True,False,False,False,1
99,1,350000.0,0.0,174000.0,1,1,0,0,0,0,0,0,0,0,1,1,2,0,0,1,99,99,0,42,0,0,7,0,24,47,52000.0,50000.0,0.0,0,0.0,0.0,0.0,501.0,1,0,True,False,False,False,True,False,False,True,False,False,False,False,False,False,False,False,False,False,False,False,True,False,False,False,False,False,False,True,False,False,True,False,False,False,1
99,0,999999.0,675.0,66221.0,1,0,0,0,0,0,0,0,0,0,0,0,1,0,0,1,99,99,0,36,1,0,7,0,38,69,66221.0,60266.0,5955.0,0,0.0,0.0,0.0,501.0,1,2,True,False,False,False,True,False,False,True,False,False,False,True,False,False,False,False,False,False,False,False,False,False,False,False,False,False,False,True,True,False,False,False,False,False,1
99,1,225000.0,0.0,53600.0,1,1,1,1,0,0,0,0,0,0,1,1,3,1,0,1,23,23,0,49,0,0,7,0,41,68,23600.0,17800.0,0.0,3670,0.0,0.0,0.0,501.0,0,0,True,False,False,False,True,False,False,True,False,False,False,False,False,False,False,False,False,False,False,False,True,False,False,False,False,True,False,False,False,False,True,False,False,False,1
99,0,999999.0,875.0,36480.0,3,1,1,1,0,0,0,0,0,0,0,0,6,0,0,1,99,99,2,36,1,0,8,0,17,13,100.0,100.0,0.0,0,0.0,0.0,0.0,205.0,1,0,True,False,False,False,True,False,False,True,False,False,False,False,False,False,False,False,False,False,True,False,False,False,False,False,False,True,False,False,False,True,False,False,False,False,0
99,1,400000.0,0.0,80250.0,1,1,1,1,0,0,0,0,0,0,1,1,4,2,0,1,20,14,0,47,0,0,7,0,21,66,8200.0,8200.0,0.0,0,0.0,0.0,0.0,501.0,0,0,True,False,False,False,True,False,False,True,False,False,False,False,False,False,False,False,False,False,False,False,True,False,False,False,False,False,False,True,False,False,True,False,False,False,1
99,1,400000.0,0.0,78050.0,1,1,1,1,0,0,0,0,0,0,1,1,5,3,0,1,19,14,0,39,0,0,7,0,41,68,20000.0,20000.0,0.0,0,0.0,0.0,0.0,501.0,0,0,True,False,False,False,True,False,False,True,False,False,False,False,False,False,False,False,False,False,False,False,True,False,False,False,False,False,False,True,False,False,True,False,False,False,1
99,1,187500.0,0.0,64696.0,1,3,3,3,4,0,2,10,0,2,0,0,11,0,0,1,99,99,0,1,1,0,7,0,0,0,0.0,999999.0,999999.0,999999,99999.0,99999.0,99999.0,245.0,1,0,True,False,False,False,True,False,False,True,False,False,True,False,False,False,False,False,False,False,False,False,False,False,False,False,False,False,False,True,False,False,False,True,False,False,1
99,1,225000.0,0.0,68800.0,1,1,1,1,0,0,0,0,0,0,1,1,4,2,0,1,17,7,0,38,0,0,7,0,22,61,19000.0,19000.0,0.0,0,0.0,0.0,0.0,501.0,0,0,True,False,False,False,True,False,False,True,False,False,False,False,False,False,False,False,False,False,False,False,True,False,False,False,False,False,False,True,False,False,True,False,False,False,1
99,0,999999.0,875.0,0.0,2,0,0,1,0,0,0,1,0,1,0,0,5,0,0,1,99,99,3,20,0,0,6,0,0,0,0.0,0.0,0.0,0,0.0,0.0,0.0,1.0,1,0,True,False,False,False,True,False,False,True,True,False,False,False,False,False,False,False,False,False,False,False,False,False,False,True,False,False,False,False,False,False,False,True,False,False,1
99,1,137500.0,0.0,50000.0,1,1,0,0,0,0,0,0,0,0,1,1,2,0,0,1,99,99,0,36,0,0,7,0,30,44,18000.0,18000.0,0.0,0,0.0,0.0,0.0,501.0,1,0,True,False,False,False,True,False,False,True,False,False,False,False,False,False,False,False,False,False,False,False,True,False,False,False,False,False,False,True,False,False,True,False,False,False,1
99,0,999999.0,1000.0,23400.0,1,1,1,0,0,0,0,0,0,0,0,0,7,0,0,1,99,99,0,0,0,0,7,0,0,0,0.0,999999.0,999999.0,999999,99999.0,99999.0,99999.0,116.0,1,0,True,False,False,False,True,False,False,True,False,False,False,False,False,False,True,False,False,False,False,False,False,False,False,False,False,False,False,True,False,False,False,True,False,False,1
99,0,999999.0,575.0,6000.0,2,0,1,0,1,0,1,0,0,0,0,0,6,0,0,1,99,99,1,3,0,0,0,0,0,0,0.0,999999.0,999999.0,999999,99999.0,99999.0,99999.0,34.0,1,0,True,False,False,False,True,False,False,True,True,False,False,False,False,False,False,False,False,False,False,False,False,False,False,False,False,False,False,True,False,False,False,True,False,False,1
99,0,999999.0,625.0,20800.0,1,1,1,1,0,0,0,0,0,0,1,1,3,1,0,1,30,30,0,64,0,0,0,0,0,0,7000.0,0.0,0.0,0,0.0,7000.0,0.0,214.0,1,0,True,False,False,False,True,False,False,True,False,False,False,False,False,False,False,False,False,False,False,False,True,False,False,False,False,False,False,True,False,False,True,False,False,False,1
99,1,400000.0,0.0,123515.0,1,1,0,0,0,0,0,0,0,0,2,1,2,0,0,1,99,99,0,59,1,0,8,0,22,32,123515.0,0.0,123515.0,0,0.0,0.0,0.0,501.0,0,6,True,False,False,False,True,False,False,True,False,False,False,True,False,False,False,False,False,False,False,False,False,False,False,False,False,False,False,True,False,False,True,False,False,False,1
99,1,400000.0,0.0,98603.0,2,2,0,0,0,0,0,0,0,0,1,2,2,0,0,1,99,99,0,80,1,0,8,0,63,96,40000.0,0.0,40000.0,0,0.0,0.0,0.0,501.0,0,0,True,False,False,False,True,False,False,True,False,False,False,False,False,False,False,False,False,False,False,False,True,False,False,False,False,False,False,True,False,False,True,False,False,False,1
99,1,137500.0,0.0,83904.0,1,2,1,1,0,0,0,0,0,0,1,1,4,0,0,1,99,99,0,56,0,0,6,0,22,61,32000.0,32000.0,0.0,0,0.0,0.0,0.0,501.0,0,0,True,False,False,False,True,False,False,True,False,False,False,False,False,False,False,False,False,False,False,False,True,False,True,False,False,False,False,False,False,False,True,False,False,False,1
99,1,95000.0,0.0,23000.0,1,1,1,1,0,0,0,0,0,0,2,1,5,3,1,1,9,2,0,47,1,0,1,0,23,18,11000.0,11000.0,0.0,0,0.0,0.0,0.0,155.0,1,1,True,False,False,False,True,False,False,True,False,False,False,True,False,False,False,False,False,False,False,False,False,False,False,False,False,False,False,True,False,False,True,False,False,False,1
99,0,999999.0,462.0,12000.0,2,0,0,1,0,0,0,0,0,0,0,0,2,1,1,1,0,0,0,45,1,0,2,0,20,8,12000.0,12000.0,0.0,0,0.0,0.0,0.0,140.0,1,2,True,False,False,False,True,False,False,True,False,False,False,True,False,False,False,False,False,False,False,False,False,False,False,False,False,False,False,True,False,False,False,True,False,False,1
99,0,999999.0,575.0,26624.0,1,0,3,0,1,0,1,0,0,0,0,0,6,0,0,1,99,99,1,24,1,0,4,0,16,15,0.0,0.0,0.0,0,0.0,0.0,0.0,153.0,1,0,True,False,False,False,True,False,False,True,True,False,False,False,False,False,False,False,False,False,False,False,False,False,True,False,False,False,False,False,False,False,False,True,False,False,1
99,0,999999.0,462.0,16876.0,1,0,2,0,2,0,1,0,0,0,0,0,4,0,0,1,99,99,1,22,0,1,6,2,20,9,4876.0,4876.0,0.0,0,0.0,0.0,0.0,130.0,1,0,True,False,False,False,True,False,False,True,False,False,False,False,False,False,False,False,False,False,True,False,False,False,True,False,False,False,False,False,False,True,False,False,False,False,1
99,0,999999.0,262.0,33000.0,1,0,0,1,0,0,0,0,0,0,0,0,5,4,0,1,23,20,0,58,1,0,6,0,20,8,0.0,0.0,0.0,0,0.0,0.0,0.0,214.0,0,5,True,False,False,False,True,False,False,True,False,False,False,True,False,False,False,False,False,False,False,False,False,False,False,False,False,False,False,True,False,True,False,False,False,False,1
99,1,225000.0,0.0,94128.0,1,1,1,2,0,0,0,8,0,2,0,0,9,0,0,1,99,99,0,2,0,0,7,0,0,0,0.0,999999.0,999999.0,999999,99999.0,99999.0,99999.0,346.0,1,0,True,False,False,False,True,False,False,True,False,False,True,False,False,False,False,False,False,False,False,False,False,False,False,False,False,True,False,False,False,False,False,True,False,False,1
99,0,999999.0,1.0,30000.0,2,0,0,0,0,0,0,0,0,0,0,0,1,0,0,1,99,99,0,33,1,0,7,0,24,47,30000.0,30000.0,0.0,0,0.0,0.0,0.0,465.0,1,2,True,False,False,False,True,False,False,True,False,False,False,True,False,False,False,False,False,False,False,False,False,False,False,False,False,False,False,True,False,False,False,True,False,False,0
99,1,72500.0,0.0,19440.0,1,1,0,0,0,0,0,0,0,0,2,1,4,0,0,1,99,99,0,58,1,0,3,0,29,27,7440.0,0.0,0.0,0,7440.0,0.0,0.0,155.0,0,2,True,False,False,False,True,False,False,True,False,False,False,True,False,False,False,False,False,False,False,False,False,False,True,False,False,False,False,False,False,False,True,False,False,False,1
99,0,999999.0,462.0,23630.0,1,0,1,0,0,0,0,0,0,0,0,0,2,1,0,1,30,30,0,62,0,0,5,0,0,0,630.0,0.0,0.0,0,0.0,630.0,0.0,285.0,0,7,True,False,False,False,True,False,False,True,False,False,False,True,False,False,False,False,False,False,False,False,False,False,True,False,False,False,False,False,False,False,False,True,False,False,1
99,1,400000.0,0.0,12500.0,2,0,0,0,0,0,0,0,0,0,0,0,1,0,0,1,99,99,0,52,0,0,6,0,33,60,12500.0,12000.0,0.0,0,0.0,0.0,0.0,194.0,0,7,True,False,False,False,True,False,False,True,False,False,False,True,False,False,False,False,False,False,False,False,False,False,False,False,False,False,False,True,True,False,False,False,False,False,1
99,1,225000.0,0.0,100000.0,1,1,2,1,0,0,0,0,0,0,0,0,4,1,0,1,38,38,0,65,0,0,0,0,0,0,0.0,0.0,0.0,0,0.0,0.0,0.0,501.0,0,0,True,False,False,False,True,False,False,True,False,False,False,False,False,False,False,True,False,False,False,False,False,False,False,False,False,True,False,False,False,False,False,False,False,True,1
99,0,999999.0,875.0,55385.0,1,1,1,1,0,0,0,0,0,0,1,1,3,1,1,1,1,1,0,24,0,0,8,0,35,66,18985.0,18985.0,0.0,0,0.0,0.0,0.0,501.0,1,0,True,False,False,False,True,False,False,True,False,False,False,False,False,False,False,False,False,False,False,False,True,False,False,False,False,False,False,True,False,False,True,False,False,False,1
99,1,400000.0,0.0,9760.0,1,0,0,0,0,0,0,0,0,0,0,0,1,0,0,1,99,99,0,65,0,0,7,0,0,0,9760.0,0.0,0.0,0,7360.0,0.0,0.0,164.0,0,7,True,False,False,False,True,False,False,True,False,False,False,True,False,False,False,False,False,False,False,False,False,False,False,False,False,False,False,True,False,False,False,False,False,True,1
99,0,999999.0,512.0,34000.0,1,0,0,0,0,0,0,0,0,0,0,0,1,0,0,1,99,99,0,32,1,0,6,0,18,19,34000.0,34000.0,0.0,0,0.0,0.0,0.0,501.0,1,1,True,False,False,False,True,False,False,True,False,False,False,True,False,False,False,False,False,False,False,False,False,False,True,False,False,False,False,False,False,False,False,True,False,False,1
99,1,162500.0,0.0,89430.0,1,3,3,2,1,0,1,2,0,1,0,0,16,0,0,1,99,99,6,23,1,0,4,0,23,16,0.0,0.0,0.0,0,0.0,0.0,0.0,332.0,0,0,True,False,False,False,True,False,False,True,True,False,False,False,False,False,False,False,False,False,False,False,False,False,False,False,False,False,False,True,False,False,False,True,False,False,0
99,0,999999.0,512.0,7000.0,1,1,1,1,0,0,0,0,0,0,1,1,6,4,0,1,13,7,0,45,0,0,2,0,0,0,0.0,0.0,0.0,0,0.0,0.0,0.0,42.0,1,0,True,False,False,False,True,False,False,True,False,False,False,False,False,False,False,False,False,False,False,False,True,False,False,False,False,False,False,True,False,False,True,False,False,False,1
99,0,999999.0,487.0,22000.0,1,0,0,0,0,0,0,0,0,0,0,0,1,0,0,1,99,99,0,26,0,1,7,1,37,49,22000.0,22000.0,0.0,0,0.0,0.0,0.0,341.0,1,1,True,False,False,False,True,False,False,True,False,False,False,True,False,False,False,False,False,False,False,False,False,False,False,False,False,False,False,True,False,False,False,True,False,False,1
99,1,187500.0,0.0,45745.0,1,1,1,1,2,0,1,1,0,1,0,0,5,0,0,1,99,99,2,17,1,1,3,1,11,11,4028.0,4028.0,0.0,0,0.0,0.0,0.0,309.0,1,0,True,False,False,False,True,False,False,True,True,False,False,False,False,False,False,False,False,False,False,False,False,False,False,False,False,True,False,False,False,False,False,True,False,False,1
99,0,999999.0,875.0,48000.0,1,1,1,1,2,0,1,1,0,1,0,0,5,0,0,1,99,99,2,12,1,1,2,1,0,0,0.0,999999.0,999999.0,999999,99999.0,99999.0,99999.0,324.0,0,0,True,False,False,False,True,False,False,True,True,False,False,False,False,False,False,False,False,False,False,False,False,False,False,False,False,False,False,True,False,False,False,True,False,False,1
99,0,999999.0,625.0,8002.0,1,0,0,0,0,0,0,0,0,0,0,0,1,0,0,1,99,99,0,29,0,0,7,0,22,61,8002.0,7040.0,0.0,0,0.0,888.0,0.0,124.0,0,5,True,False,False,False,True,False,False,True,False,False,False,True,False,False,False,False,False,False,False,False,False,False,True,False,False,False,False,False,True,False,False,False,False,False,1
99,0,999999.0,675.0,25159.0,1,0,2,0,0,0,0,0,0,0,0,0,7,5,0,1,36,25,0,63,0,0,8,0,24,44,15677.0,15560.0,0.0,0,0.0,0.0,0.0,122.0,1,1,True,False,False,False,True,False,False,True,False,False,False,True,False,False,False,False,False,False,False,False,False,False,False,False,False,True,False,False,False,True,False,False,False,False,0
99,1,95000.0,0.0,50600.0,1,1,1,1,1,0,1,2,0,1,0,0,12,0,0,1,99,99,3,12,0,1,2,1,0,0,0.0,999999.0,999999.0,999999,99999.0,99999.0,99999.0,211.0,0,0,True,False,False,False,True,False,False,True,True,False,False,False,False,False,False,False,False,False,False,False,False,False,False,False,False,False,False,True,False,False,False,True,False,False,1
99,0,999999.0,412.0,14361.0,1,0,0,0,0,0,0,0,0,0,0,0,1,0,0,1,99,99,0,65,1,0,7,0,18,44,14361.0,6525.0,0.0,0,7836.0,0.0,0.0,241.0,0,7,True,False,False,False,True,False,False,True,False,False,False,True,False,False,False,False,False,False,False,False,False,False,False,False,False,False,False,True,True,False,False,False,False,False,1
99,0,999999.0,212.0,24000.0,1,0,1,0,1,7,1,0,0,0,0,0,3,0,0,1,99,99,1,12,1,1,2,2,0,0,0.0,999999.0,999999.0,999999,99999.0,99999.0,99999.0,240.0,0,0,True,False,False,False,True,False,False,True,True,False,False,False,False,False,False,False,False,False,False,False,False,False,False,False,False,False,False,True,False,False,False,True,False,False,1
99,0,999999.0,1000.0,7500.0,3,0,0,0,0,0,0,0,0,0,0,0,1,0,0,2,99,99,0,20,1,1,7,2,31,65,2525.0,2500.0,0.0,0,0.0,0.0,0.0,39.0,1,0,True,False,False,False,True,False,False,True,False,False,False,False,False,False,False,False,False,True,False,False,False,False,False,False,False,False,False,True,False,False,False,True,False,False,1
99,0,999999.0,575.0,11210.0,1,1,1,1,0,0,0,0,0,0,1,1,5,3,0,1,23,21,0,47,0,0,8,0,0,0,0.0,0.0,0.0,0,0.0,0.0,0.0,73.0,0,0,True,False,False,False,True,False,False,True,False,False,False,False,False,False,False,False,False,False,False,False,True,False,False,True,False,False,False,False,False,False,True,False,False,False,1
99,0,999999.0,875.0,50000.0,3,1,0,0,0,0,0,0,0,0,0,0,1,0,0,2,99,99,0,21,0,0,1,0,0,0,0.0,0.0,0.0,0,0.0,0.0,0.0,1.0,1,0,True,False,False,False,True,False,False,True,False,False,False,False,False,True,False,False,False,False,False,False,False,False,False,False,False,False,False,True,False,False,False,True,False,False,1
99,0,999999.0,387.0,15000.0,1,0,0,0,0,0,0,0,0,0,0,0,1,0,0,1,99,99,0,27,1,1,8,2,25,31,15000.0,15000.0,0.0,0,0.0,0.0,0.0,233.0,1,1,True,False,False,False,True,False,False,True,False,False,False,True,False,False,False,False,False,False,False,False,False,False,False,False,False,False,False,True,False,True,False,False,False,False,1
99,1,187500.0,0.0,71000.0,1,1,2,1,2,0,1,1,0,1,0,0,7,1,1,1,4,4,3,33,0,0,7,0,0,0,3600.0,0.0,0.0,0,0.0,0.0,3600.0,353.0,0,0,True,False,False,False,True,False,False,True,True,False,False,False,False,False,False,False,False,False,False,False,False,False,False,False,False,False,False,True,False,False,False,True,False,False,1
99,0,999999.0,0.0,999999.0,1,0,0,0,0,0,0,0,0,0,0,0,1,0,0,1,99,99,0,19,1,1,6,2,20,8,4000.0,4000.0,0.0,0,0.0,0.0,0.0,0.0,1,0,False,False,True,False,False,True,False,True,False,False,False,False,False,True,False,False,False,False,False,False,False,False,False,False,False,False,False,True,False,False,False,True,False,False,1
99,0,999999.0,875.0,24500.0,2,0,0,0,0,0,0,0,0,0,0,0,1,0,0,2,99,99,0,23,1,0,7,0,22,18,24500.0,23000.0,0.0,0,0.0,0.0,0.0,380.0,1,0,True,False,False,False,True,False,False,True,False,False,False,False,False,False,False,False,False,True,False,False,False,False,False,False,False,False,False,True,False,False,False,True,False,False,1
99,0,999999.0,675.0,107000.0,2,0,1,0,0,0,0,0,0,0,0,0,2,1,0,2,9,9,0,27,0,0,5,0,24,44,7000.0,7000.0,0.0,0,0.0,0.0,0.0,82.0,1,0,True,False,False,False,True,False,False,True,False,False,False,False,False,False,False,False,False,True,False,False,False,False,False,False,False,False,False,True,True,False,False,False,False,False,1
99,1,187500.0,0.0,34300.0,1,1,0,0,0,0,0,0,0,0,2,1,2,0,0,1,99,99,0,66,1,0,6,0,24,47,7800.0,0.0,0.0,0,7800.0,0.0,0.0,458.0,0,6,True,False,False,False,True,False,False,True,False,False,False,True,False,False,False,False,False,False,False,False,False,False,False,False,False,False,False,True,False,False,True,False,False,False,1
99,0,999999.0,337.0,24000.0,1,1,2,1,1,0,1,0,0,0,0,0,7,0,0,1,99,99,1,12,0,1,2,1,0,0,0.0,999999.0,999999.0,999999,99999.0,99999.0,99999.0,125.0,0,0,True,False,False,False,True,False,False,True,True,False,False,False,False,False,False,False,False,False,False,False,False,False,False,False,False,False,False,True,False,False,False,True,False,False,1
99,1,275000.0,0.0,71786.0,1,1,1,1,0,0,0,0,0,0,2,1,3,1,0,1,25,25,0,47,1,0,7,0,29,22,46887.0,40327.0,0.0,0,0.0,0.0,0.0,501.0,0,6,True,False,False,False,True,False,False,True,False,False,False,True,False,False,False,False,False,False,False,False,False,False,False,False,False,False,False,True,False,False,True,False,False,False,1
99,1,275000.0,0.0,127400.0,1,1,1,1,0,0,0,0,0,0,2,1,4,2,0,1,20,16,0,53,1,0,2,0,13,23,125000.0,95000.0,30000.0,0,0.0,0.0,0.0,501.0,0,6,True,False,False,False,True,False,False,True,False,False,False,True,False,False,False,False,False,False,False,False,False,False,False,False,False,False,False,True,False,False,True,False,False,False,1
99,0,999999.0,725.0,0.0,1,1,1,1,2,0,1,1,0,1,0,0,3,0,0,1,99,99,0,1,1,0,7,0,0,0,0.0,999999.0,999999.0,999999,99999.0,99999.0,99999.0,1.0,1,0,True,False,False,False,True,False,False,True,True,False,False,False,False,False,False,False,False,False,False,False,False,False,False,False,True,False,False,False,False,False,False,True,False,False,1
99,1,225000.0,0.0,104503.0,1,0,0,1,0,0,0,0,0,0,0,0,2,1,0,1,27,27,0,68,1,0,7,0,0,0,66103.0,0.0,0.0,0,7500.0,0.0,0.0,501.0,0,8,True,False,False,False,True,False,False,True,False,False,False,True,False,False,False,False,False,False,False,False,False,False,False,False,False,False,False,True,False,False,False,False,False,True,1
99,1,137500.0,0.0,52328.0,3,0,2,0,1,0,1,0,0,0,0,0,4,0,0,1,99,99,1,20,0,1,7,1,0,0,0.0,0.0,0.0,0,0.0,0.0,0.0,409.0,0,0,True,False,False,False,True,False,False,True,True,False,False,False,False,False,False,False,False,False,False,False,False,False,True,False,False,False,False,False,False,False,False,True,False,False,1
99,1,225000.0,0.0,36000.0,2,0,0,0,0,0,0,0,0,0,0,0,1,0,0,1,99,99,0,60,1,0,6,0,49,90,36000.0,36000.0,0.0,0,0.0,0.0,0.0,501.0,0,6,True,False,False,False,True,False,False,True,False,False,False,True,False,False,False,False,False,False,False,False,False,False,False,False,False,False,False,True,True,False,False,False,False,False,1
99,1,137500.0,0.0,69500.0,1,1,1,1,0,0,0,0,0,0,2,1,5,3,2,1,14,0,0,30,1,0,4,0,20,9,59500.0,59500.0,0.0,0,0.0,0.0,0.0,470.0,0,5,True,False,False,False,True,False,False,True,False,False,False,True,False,False,False,False,False,False,False,False,False,False,False,False,False,False,False,True,False,False,True,False,False,False,1
99,0,999999.0,575.0,11600.0,2,0,1,0,0,0,0,0,0,0,0,0,1,0,0,2,99,99,0,17,0,1,5,1,0,0,0.0,0.0,0.0,0,0.0,0.0,0.0,1.0,0,0,True,False,False,False,True,False,False,True,False,False,False,False,False,False,False,False,False,True,False,False,False,False,False,False,False,False,False,True,False,False,False,True,False,False,1
99,1,112500.0,0.0,24500.0,1,1,0,0,0,0,0,0,0,0,2,1,2,0,0,1,99,99,0,67,1,0,7,0,24,44,20000.0,0.0,0.0,0,8000.0,0.0,0.0,327.0,0,8,True,False,False,False,True,False,False,True,False,False,False,True,False,False,False,False,False,False,False,False,False,False,False,False,False,False,False,True,False,False,True,False,False,False,1
99,1,350000.0,0.0,57044.0,1,1,1,2,0,0,0,3,0,1,2,1,5,2,0,1,12,8,0,45,1,0,7,0,37,49,33000.0,33000.0,0.0,0,0.0,0.0,0.0,376.0,1,1,True,False,False,False,True,False,False,True,False,False,False,True,False,False,False,False,False,False,False,False,False,False,False,False,True,False,False,False,False,False,True,False,False,False,1
99,0,999999.0,875.0,28830.0,1,1,1,1,0,0,0,0,0,0,2,1,4,2,1,1,5,0,0,27,1,0,8,0,46,84,17990.0,17900.0,0.0,0,0.0,0.0,0.0,229.0,1,1,True,False,False,False,True,False,False,True,False,False,False,True,False,False,False,False,False,False,False,False,False,False,False,False,False,False,False,True,False,False,True,False,False,False,1
99,1,400000.0,0.0,30000.0,1,1,1,1,2,0,1,1,0,1,0,0,5,0,0,1,99,99,2,4,0,1,0,1,0,0,0.0,999999.0,999999.0,999999,99999.0,99999.0,99999.0,203.0,1,0,True,False,False,False,True,False,False,True,True,False,False,False,False,False,False,False,False,False,False,False,False,False,True,False,False,False,False,False,False,False,False,True,False,False,1
99,0,999999.0,875.0,30000.0,2,0,1,0,1,0,1,0,0,0,0,0,3,0,0,1,99,99,1,10,1,0,2,0,0,0,0.0,999999.0,999999.0,999999,99999.0,99999.0,99999.0,300.0,1,0,True,False,False,False,True,False,False,True,True,False,False,False,False,False,False,False,False,False,False,False,False,False,False,False,False,False,False,True,False,False,False,True,False,False,1
99,0,999999.0,112.0,24000.0,1,1,1,1,0,0,0,0,0,0,1,2,3,1,0,1,10,10,0,33,1,0,6,0,32,34,24000.0,24000.0,0.0,0,0.0,0.0,0.0,240.0,1,0,True,False,False,False,True,False,False,True,False,False,False,False,False,False,False,False,False,False,False,False,True,False,False,False,False,False,False,True,False,False,True,False,False,False,1
99,0,999999.0,575.0,16277.0,1,0,2,0,1,0,1,0,0,0,0,0,5,0,0,1,99,99,2,12,0,1,2,1,0,0,0.0,999999.0,999999.0,999999,99999.0,99999.0,99999.0,110.0,1,0,True,False,False,False,True,False,False,True,True,False,False,False,False,False,False,False,False,False,False,False,False,False,False,False,False,False,False,True,False,False,False,True,False,False,1
99,1,275000.0,0.0,57045.0,1,1,1,1,0,0,0,0,0,0,1,1,3,1,0,1,7,7,0,32,0,0,7,0,42,84,27045.0,27000.0,0.0,0,0.0,0.0,0.0,501.0,1,0,True,False,False,False,True,False,False,True,False,False,False,False,False,False,False,False,False,False,False,False,True,False,False,False,False,False,False,True,False,False,True,False,False,False,1
99,0,999999.0,412.0,30888.0,1,1,1,1,0,0,0,0,0,0,1,1,3,1,0,1,27,27,0,59,0,0,5,0,24,47,17000.0,17000.0,0.0,0,0.0,0.0,0.0,318.0,0,0,True,False,False,False,True,False,False,True,False,False,False,False,False,False,False,False,False,False,False,False,True,False,True,False,False,False,False,False,False,False,True,False,False,False,0
99,1,187500.0,0.0,67290.0,2,1,2,1,5,0,3,4,0,3,0,0,6,0,0,1,99,99,0,0,0,0,7,0,0,0,0.0,999999.0,999999.0,999999,99999.0,99999.0,99999.0,378.0,1,0,True,False,False,False,True,False,False,True,False,False,False,False,False,False,True,False,False,False,False,False,False,False,False,False,False,False,False,True,False,False,False,True,False,False,1
99,0,999999.0,875.0,20000.0,2,0,0,0,0,0,0,0,0,0,0,0,1,0,0,1,99,99,0,53,1,1,8,1,19,17,20000.0,15000.0,0.0,0,0.0,0.0,0.0,310.0,0,6,True,False,False,False,True,False,False,True,False,False,False,True,False,False,False,False,False,False,False,False,False,False,False,False,False,False,False,True,False,False,False,False,False,True,1
99,0,999999.0,875.0,28125.0,1,1,1,1,0,0,0,0,0,0,0,0,13,0,0,1,99,99,0,12,0,1,2,1,0,0,0.0,999999.0,999999.0,999999,99999.0,99999.0,99999.0,117.0,1,0,True,False,False,False,True,False,False,True,False,False,False,False,False,False,True,False,False,False,False,False,False,False,False,False,False,False,False,True,False,False,False,True,False,False,1
99,1,400000.0,0.0,106000.0,2,1,1,1,0,0,0,0,0,0,0,0,1,0,0,2,99,99,0,26,0,0,8,0,6,7,1000.0,1000.0,0.0,0,0.0,0.0,0.0,16.0,1,0,True,False,False,False,True,False,False,True,False,False,False,False,False,True,False,False,False,False,False,False,False,False,False,False,False,False,False,True,False,False,False,True,False,False,1
99,1,275000.0,0.0,33003.0,2,1,1,1,1,3,1,2,0,1,0,0,4,0,0,1,99,99,1,26,1,0,6,0,24,47,2501.0,12500.0,-9999.0,0,0.0,0.0,0.0,254.0,1,0,True,False,False,False,True,False,False,True,True,False,False,False,False,False,False,False,False,False,False,False,False,False,False,False,False,False,False,True,False,False,False,True,False,False,1
99,1,162500.0,0.0,37350.0,1,1,1,1,2,0,1,1,0,1,0,0,4,0,0,1,99,99,1,14,0,1,2,1,0,0,0.0,999999.0,999999.0,999999,99999.0,99999.0,99999.0,297.0,1,0,True,False,False,False,True,False,False,True,True,False,False,False,False,False,False,False,False,False,False,False,False,False,True,False,False,False,False,False,False,False,False,True,False,False,1
99,0,999999.0,725.0,46500.0,1,1,1,1,0,0,0,0,0,0,1,1,4,2,2,1,4,1,0,24,0,0,6,0,15,15,0.0,0.0,0.0,0,0.0,0.0,0.0,370.0,1,0,True,False,False,False,True,False,False,True,False,False,False,False,False,False,False,False,False,False,False,False,True,False,False,False,False,False,False,True,False,False,True,False,False,False,0
99,1,225000.0,0.0,61000.0,1,1,1,1,0,0,0,0,0,0,1,1,5,3,0,1,11,7,0,24,0,0,6,0,0,0,0.0,0.0,0.0,0,0.0,0.0,0.0,412.0,0,0,True,False,False,False,True,False,False,True,False,False,False,False,False,False,False,False,False,False,False,False,True,False,False,False,False,False,False,True,False,False,True,False,False,False,1
99,0,999999.0,387.0,8160.0,1,1,1,1,0,0,0,0,0,0,1,1,5,3,1,1,8,2,0,29,0,0,0,0,0,0,0.0,0.0,0.0,0,0.0,0.0,0.0,55.0,0,0,True,False,False,False,True,False,False,True,False,False,False,False,False,False,False,False,False,False,False,False,True,False,False,False,False,False,False,True,False,False,True,False,False,False,1
99,0,999999.0,875.0,2160.0,1,0,1,0,2,0,1,0,0,0,0,0,2,0,0,1,99,99,0,27,1,1,7,2,26,47,1200.0,1200.0,0.0,0,0.0,0.0,0.0,26.0,1,1,True,False,False,False,True,False,False,True,False,False,False,True,False,False,False,False,False,False,False,False,False,False,False,False,False,False,False,True,False,False,False,True,False,False,1
99,1,225000.0,0.0,90000.0,1,2,1,1,0,0,0,0,0,0,1,1,5,0,0,1,99,99,0,24,0,1,7,1,41,68,12000.0,12000.0,0.0,0,0.0,0.0,0.0,501.0,0,0,True,False,False,False,True,False,False,True,False,False,False,False,False,False,False,False,False,False,False,False,True,False,False,False,False,True,False,False,False,False,True,False,False,False,1
99,1,350000.0,0.0,51546.0,1,0,0,0,0,0,0,0,0,0,0,0,1,0,0,1,99,99,0,76,0,0,6,0,0,0,51546.0,0.0,0.0,0,4547.0,0.0,0.0,501.0,0,8,True,False,False,False,True,False,False,True,False,False,False,True,False,False,False,False,False,False,False,False,False,False,False,False,False,False,False,True,False,False,False,False,False,True,1
99,0,999999.0,575.0,21600.0,1,1,1,1,0,0,0,0,0,0,1,1,3,1,1,1,1,1,0,26,0,0,7,0,29,48,10800.0,10800.0,0.0,0,0.0,0.0,0.0,216.0,1,0,True,False,False,False,True,False,False,True,False,False,False,False,False,False,False,False,False,False,False,False,True,False,False,False,False,False,False,True,False,False,True,False,False,False,1
99,0,999999.0,675.0,25200.0,1,0,0,0,0,0,0,0,0,0,0,0,2,0,0,1,99,99,1,22,0,0,5,0,22,61,22000.0,22000.0,0.0,0,0.0,0.0,0.0,304.0,1,1,True,False,False,False,True,False,False,True,False,False,False,True,False,False,False,False,False,False,False,False,False,False,False,False,False,False,False,True,False,False,False,True,False,False,1
99,0,999999.0,437.0,37892.0,1,0,0,0,0,0,0,0,0,0,0,0,1,0,0,1,99,99,0,43,0,0,8,0,26,72,37892.0,37892.0,0.0,0,0.0,0.0,0.0,501.0,0,5,True,False,False,False,True,False,False,True,False,False,False,True,False,False,False,False,False,False,False,False,False,False,False,False,False,False,False,True,True,False,False,False,False,False,1
99,0,999999.0,575.0,52696.0,1,1,2,1,3,0,5,0,0,0,0,0,4,0,0,1,99,99,0,0,0,0,7,0,0,0,0.0,999999.0,999999.0,999999,99999.0,99999.0,99999.0,405.0,1,0,True,False,False,False,True,False,False,True,False,False,True,False,False,False,False,False,False,False,False,False,False,False,False,False,False,False,False,True,False,False,False,True,False,False,1
99,1,275000.0,0.0,99000.0,1,1,2,1,4,0,5,0,0,0,0,0,6,0,0,1,99,99,0,1,1,0,7,0,0,0,0.0,999999.0,999999.0,999999,99999.0,99999.0,99999.0,501.0,1,0,True,False,False,False,True,False,False,True,False,False,True,False,False,False,False,False,False,False,False,False,False,False,True,False,False,False,False,False,False,False,False,True,False,False,1
99,0,999999.0,725.0,36000.0,1,1,0,0,0,0,0,0,0,0,2,1,2,0,0,1,99,99,0,29,1,1,2,1,24,19,20000.0,20000.0,0.0,0,0.0,0.0,0.0,434.0,0,1,True,False,False,False,True,False,False,True,False,False,False,True,False,False,False,False,False,False,False,False,False,False,False,False,False,False,False,True,False,False,True,False,False,False,1
99,0,999999.0,487.0,24000.0,1,1,0,0,0,0,0,0,0,0,2,1,2,0,0,1,99,99,0,35,1,0,7,0,16,15,9000.0,4000.0,0.0,0,0.0,0.0,0.0,289.0,1,1,True,False,False,False,True,False,False,True,False,False,False,True,False,False,False,False,False,False,False,False,False,False,False,True,False,False,False,False,False,False,True,False,False,False,1
99,0,999999.0,725.0,25000.0,2,0,0,1,0,0,0,1,0,1,0,0,4,0,0,1,99,99,1,2,0,0,7,0,0,0,0.0,999999.0,999999.0,999999,99999.0,99999.0,99999.0,199.0,1,0,True,False,False,False,True,False,False,True,True,False,False,False,False,False,False,False,False,False,False,False,False,False,False,False,False,False,False,True,False,False,False,True,False,False,1
99,0,999999.0,675.0,38590.0,1,0,1,0,4,0,3,0,0,0,0,0,7,0,0,1,99,99,2,16,0,1,4,1,0,0,0.0,0.0,0.0,0,0.0,0.0,0.0,195.0,1,0,True,False,False,False,True,False,False,True,False,False,False,False,False,False,True,False,False,False,False,False,False,False,False,False,False,False,False,True,False,False,False,True,False,False,1
99,0,999999.0,0.0,999999.0,1,0,0,0,0,0,0,0,0,0,0,0,1,0,0,1,99,99,0,83,1,0,6,0,0,0,12000.0,0.0,0.0,0,0.0,0.0,0.0,0.0,1,0,False,True,False,True,False,False,False,True,False,False,False,False,True,False,False,False,False,False,False,False,False,False,False,False,False,False,False,True,False,False,False,False,False,True,1
99,1,137500.0,0.0,38000.0,1,1,1,1,0,0,0,0,0,0,1,1,5,3,0,1,13,7,0,41,0,0,8,0,11,22,20000.0,20000.0,0.0,0,0.0,0.0,0.0,257.0,1,0,True,False,False,False,True,False,False,True,False,False,False,False,False,False,False,False,False,False,False,False,True,False,False,False,False,True,False,False,False,False,True,False,False,False,1
99,1,225000.0,0.0,24480.0,1,0,0,0,0,0,0,0,0,0,0,0,4,0,0,1,99,99,0,47,1,0,0,0,11,11,3840.0,3840.0,0.0,0,0.0,0.0,0.0,191.0,1,0,True,False,False,False,True,False,False,True,False,False,False,False,False,False,True,False,False,False,False,False,False,False,False,False,False,True,False,False,False,True,False,False,False,False,0
99,0,999999.0,412.0,26000.0,1,1,1,1,0,0,0,0,0,0,1,1,5,2,2,1,3,0,0,23,0,0,1,0,11,16,9000.0,9000.0,0.0,0,0.0,0.0,0.0,171.0,1,0,True,False,False,False,True,False,False,True,False,False,False,False,False,False,False,False,False,False,False,False,True,False,False,False,False,False,False,True,False,False,True,False,False,False,1
99,0,999999.0,412.0,15120.0,1,1,1,1,0,0,0,0,0,0,2,1,4,2,0,1,28,26,0,57,1,0,1,0,0,0,0.0,0.0,0.0,0,0.0,0.0,0.0,118.0,1,2,True,False,False,False,True,False,False,True,False,False,False,True,False,False,False,False,False,False,False,False,False,False,False,False,False,True,False,False,False,False,True,False,False,False,1
99,1,95000.0,0.0,29775.0,1,1,1,1,0,0,0,0,0,0,1,1,9,5,0,1,20,11,0,43,0,0,2,0,20,8,0.0,0.0,0.0,0,0.0,0.0,0.0,113.0,0,0,True,False,False,False,True,False,False,True,False,False,False,False,False,False,False,False,False,False,False,False,True,False,False,False,False,False,False,True,False,False,True,False,False,False,1
99,0,999999.0,675.0,10000.0,1,0,0,0,0,0,0,0,0,0,0,0,1,0,0,1,99,99,0,63,0,0,6,0,0,0,10000.0,0.0,0.0,0,6000.0,0.0,0.0,155.0,1,1,True,False,False,False,True,False,False,True,False,False,False,True,False,False,False,False,False,False,False,False,False,False,True,False,False,False,False,False,False,False,False,False,False,True,1
99,1,112500.0,0.0,60256.0,1,0,1,0,0,0,0,0,0,0,0,0,3,1,0,1,20,20,0,53,0,0,8,0,19,46,32040.0,32000.0,0.0,0,0.0,0.0,0.0,501.0,0,6,True,False,False,False,True,False,False,True,False,False,False,True,False,False,False,False,False,False,False,False,False,False,True,False,False,False,False,False,False,False,False,True,False,False,1
99,1,95000.0,0.0,28130.0,1,0,1,0,3,0,2,0,0,0,0,0,5,0,0,1,99,99,1,5,1,1,0,1,0,0,0.0,999999.0,999999.0,999999,99999.0,99999.0,99999.0,185.0,1,0,True,False,False,False,True,False,False,True,False,False,True,False,False,False,False,False,False,False,False,False,False,False,True,False,False,False,False,False,False,False,False,True,False,False,1
99,1,137500.0,0.0,52040.0,1,1,1,1,2,0,1,1,3,1,0,0,6,0,0,1,99,99,3,19,1,1,6,2,18,44,700.0,700.0,0.0,0,0.0,0.0,0.0,293.0,0,0,True,False,False,False,True,False,False,True,True,False,False,False,False,False,False,False,False,False,False,False,False,False,False,False,False,False,False,True,False,False,False,True,False,False,0
99,0,999999.0,875.0,25000.0,1,1,1,1,2,0,1,1,0,1,0,0,5,0,0,1,99,99,2,15,1,1,3,1,0,0,0.0,999999.0,999999.0,999999,0.0,0.0,0.0,169.0,1,0,True,False,False,False,True,False,False,True,True,False,False,False,False,False,False,False,False,False,False,False,False,False,False,False,False,False,False,True,False,False,False,True,False,False,1
99,1,225000.0,0.0,127250.0,1,1,2,1,0,0,0,0,0,0,1,1,5,1,0,1,28,28,0,50,0,0,7,0,31,53,51000.0,45000.0,0.0,0,0.0,0.0,0.0,501.0,0,0,True,False,False,False,True,False,False,True,False,False,False,False,False,False,False,False,False,False,False,False,True,False,False,False,False,False,False,True,False,False,True,False,False,False,1
99,0,999999.0,875.0,600.0,1,0,1,0,1,0,1,0,0,0,0,0,4,0,0,1,99,99,2,3,0,1,0,1,0,0,0.0,999999.0,999999.0,999999,99999.0,99999.0,99999.0,5.0,1,0,True,False,False,False,True,False,False,True,True,False,False,False,False,False,False,False,False,False,False,False,False,False,True,False,False,False,False,False,False,False,False,True,False,False,1
99,0,999999.0,875.0,29000.0,2,1,1,1,2,0,1,1,3,1,0,0,5,0,0,1,99,99,2,5,1,1,0,1,0,0,0.0,999999.0,999999.0,999999,99999.0,99999.0,99999.0,196.0,1,0,True,False,False,False,True,False,False,True,True,False,False,False,False,False,False,False,False,False,False,False,False,False,False,False,False,False,False,True,False,False,False,True,False,False,1
99,1,350000.0,0.0,18000.0,1,0,0,0,0,0,0,0,0,0,0,0,1,0,0,1,99,99,0,73,0,0,2,0,0,0,18000.0,0.0,0.0,0,8000.0,0.0,0.0,303.0,0,6,True,False,False,False,True,False,False,True,False,False,False,True,False,False,False,False,False,False,False,False,False,False,False,False,False,False,False,True,False,False,False,False,False,True,1
99,0,999999.0,625.0,36500.0,1,1,0,0,0,0,0,0,0,0,0,0,4,0,0,1,99,99,1,23,0,0,5,0,22,18,4500.0,4500.0,0.0,0,0.0,0.0,0.0,285.0,1,0,True,False,False,False,True,False,False,True,False,False,False,False,False,False,False,False,False,False,True,False,False,False,False,False,False,False,False,True,False,False,False,True,False,False,1
99,1,187500.0,0.0,68000.0,1,1,1,1,2,0,1,1,0,1,0,0,5,0,0,1,99,99,1,16,1,1,5,1,0,0,0.0,0.0,0.0,0,0.0,0.0,0.0,448.0,0,0,True,False,False,False,True,False,False,True,True,False,False,False,False,False,False,False,False,False,False,False,False,False,False,False,False,False,False,True,False,False,False,True,False,False,1
99,1,162500.0,0.0,56521.0,1,0,0,0,0,0,0,0,0,0,0,0,2,0,0,1,99,99,0,63,0,0,6,0,0,0,10976.0,0.0,0.0,0,0.0,0.0,0.0,501.0,0,8,True,False,False,False,True,False,False,True,False,False,False,True,False,False,False,False,False,False,False,False,False,False,False,False,False,False,False,True,False,False,False,True,False,False,1
99,0,999999.0,1000.0,58500.0,1,0,2,0,0,0,0,0,0,0,0,0,3,1,0,1,43,43,0,76,0,0,7,0,0,0,20000.0,0.0,0.0,0,4000.0,0.0,0.0,501.0,1,0,True,False,False,False,True,False,False,True,False,False,False,False,False,False,False,True,False,False,False,False,False,False,False,False,False,False,False,True,False,False,False,False,False,True,1
99,0,999999.0,875.0,14000.0,4,0,1,0,1,0,1,0,0,0,0,0,2,0,0,1,99,99,0,9,0,1,1,1,0,0,0.0,999999.0,999999.0,999999,99999.0,99999.0,99999.0,164.0,1,0,True,False,False,False,True,False,False,True,True,False,False,False,False,False,False,False,False,False,False,False,False,False,False,False,False,False,False,True,False,False,False,True,False,False,1
99,0,999999.0,575.0,26339.0,2,1,1,1,2,0,1,1,0,1,0,0,5,0,0,1,99,99,2,18,1,1,5,1,0,0,0.0,0.0,0.0,0,0.0,0.0,0.0,168.0,1,0,True,False,False,False,True,False,False,True,True,False,False,False,False,False,False,False,False,False,False,False,False,False,False,False,False,True,False,False,False,False,False,True,False,False,1
99,0,999999.0,412.0,3744.0,1,0,0,0,0,0,0,0,0,0,0,0,1,0,0,1,99,99,0,41,0,0,7,0,29,27,3744.0,0.0,0.0,0,0.0,3744.0,0.0,58.0,1,1,True,False,False,False,True,False,False,True,False,False,False,True,False,False,False,False,False,False,False,False,False,False,True,False,False,False,False,False,False,False,False,True,False,False,1
99,0,999999.0,387.0,5300.0,2,0,0,0,0,0,0,0,0,0,0,0,1,0,0,1,99,99,0,20,0,0,7,0,22,52,5300.0,5300.0,0.0,0,0.0,0.0,0.0,82.0,1,1,True,False,False,False,True,False,False,True,False,False,False,True,False,False,False,False,False,False,False,False,False,False,False,False,False,False,False,True,False,False,False,True,False,False,1
99,0,999999.0,575.0,27769.0,1,0,2,0,1,0,1,0,0,0,0,0,4,0,0,1,99,99,1,15,0,1,2,1,0,0,0.0,999999.0,999999.0,999999,0.0,0.0,0.0,214.0,0,0,True,False,False,False,True,False,False,True,True,False,False,False,False,False,False,False,False,False,False,False,False,False,True,False,False,False,False,False,False,False,False,True,False,False,1
99,0,999999.0,625.0,13000.0,1,0,2,0,1,0,1,0,0,0,0,0,8,0,0,1,99,99,5,1,1,0,7,0,0,0,0.0,999999.0,999999.0,999999,99999.0,99999.0,99999.0,64.0,1,0,True,False,False,False,True,False,False,True,True,False,False,False,False,False,False,False,False,False,False,False,False,False,False,False,False,False,False,True,False,False,False,True,False,False,1
99,0,999999.0,1000.0,18000.0,2,1,1,1,0,0,0,0,0,0,0,0,1,0,0,2,99,99,0,20,0,0,2,0,41,68,0.0,0.0,0.0,0,0.0,0.0,0.0,1.0,0,0,True,False,False,False,True,False,False,True,False,False,False,False,False,True,False,False,False,False,False,False,False,False,False,False,False,False,False,True,False,False,False,True,False,False,1
99,1,12500.0,0.0,20000.0,1,1,2,1,0,0,0,0,0,0,2,1,4,1,1,1,3,3,0,33,1,1,6,1,23,16,20000.0,0.0,20000.0,0,0.0,0.0,0.0,154.0,1,1,True,False,False,False,True,False,False,True,False,False,False,True,False,False,False,False,False,False,False,False,False,False,False,False,False,True,False,False,False,False,True,False,False,False,1
99,0,999999.0,312.0,25210.0,1,0,1,0,1,0,1,0,0,0,0,0,2,0,0,1,99,99,0,12,1,1,2,2,0,0,0.0,999999.0,999999.0,999999,99999.0,99999.0,99999.0,295.0,0,0,True,False,False,False,True,False,False,True,True,False,False,False,False,False,False,False,False,False,False,False,False,False,True,False,False,False,False,False,False,False,False,True,False,False,1
99,1,350000.0,0.0,92000.0,1,1,1,1,0,0,0,0,0,0,1,1,4,2,0,1,18,13,0,40,0,0,6,0,22,61,30000.0,30000.0,0.0,0,0.0,0.0,0.0,501.0,0,0,True,False,False,False,True,False,False,True,False,False,False,False,False,False,False,False,False,False,False,False,True,False,False,False,False,False,False,True,False,False,True,False,False,False,1
99,0,999999.0,875.0,17200.0,1,2,3,2,0,0,0,0,0,0,1,2,13,4,1,1,16,3,0,36,1,0,7,0,13,10,3000.0,0.0,3000.0,0,0.0,0.0,0.0,72.0,0,0,True,False,False,False,True,False,False,True,False,False,False,False,False,False,False,False,False,False,False,False,True,False,False,False,False,False,False,True,False,False,True,False,False,False,1
99,1,400000.0,0.0,124103.0,1,1,1,1,0,0,0,0,0,0,1,1,4,2,1,1,5,3,0,25,0,0,7,0,22,61,22000.0,22000.0,0.0,0,0.0,0.0,0.0,501.0,1,0,True,False,False,False,True,False,False,True,False,False,False,False,False,False,False,False,False,False,False,False,True,False,False,False,False,False,False,True,False,False,True,False,False,False,1
99,1,225000.0,0.0,66100.0,1,1,1,1,0,0,0,0,0,0,2,1,5,3,0,1,19,16,0,42,1,0,7,0,25,44,30050.0,30000.0,0.0,0,0.0,0.0,0.0,436.0,1,2,True,False,False,False,True,False,False,True,False,False,False,True,False,False,False,False,False,False,False,False,False,False,False,False,False,False,False,True,False,False,True,False,False,False,1
99,1,225000.0,0.0,64000.0,1,1,0,0,0,0,0,0,0,0,1,1,2,0,0,1,99,99,0,57,0,0,6,0,18,44,18000.0,18000.0,0.0,0,0.0,0.0,0.0,501.0,0,0,True,False,False,False,True,False,False,True,False,False,False,False,False,False,False,False,False,False,False,False,True,False,False,False,False,False,False,True,False,False,True,False,False,False,1
99,1,400000.0,0.0,79699.0,1,1,1,1,0,0,0,0,0,0,1,1,3,1,0,1,11,11,0,46,0,1,8,1,26,72,26699.0,26699.0,0.0,0,0.0,0.0,0.0,501.0,0,0,True,False,False,False,True,False,False,True,False,False,False,False,False,False,False,False,False,False,False,False,True,False,False,False,False,False,False,True,False,False,True,False,False,False,1
99,1,400000.0,0.0,58000.0,1,1,0,0,0,0,0,0,0,0,2,1,2,0,0,1,99,99,0,27,1,0,7,0,41,68,48000.0,48000.0,0.0,0,0.0,0.0,0.0,501.0,1,1,True,False,False,False,True,False,False,True,False,False,False,True,False,False,False,False,False,False,False,False,False,False,False,False,False,False,False,True,False,False,True,False,False,False,1
99,0,999999.0,412.0,11000.0,1,1,1,1,2,0,1,1,0,1,0,0,7,0,0,1,99,99,4,11,1,1,2,1,0,0,0.0,999999.0,999999.0,999999,99999.0,99999.0,99999.0,59.0,1,0,True,False,False,False,True,False,False,True,True,False,False,False,False,False,False,False,False,False,False,False,False,False,False,False,False,False,False,True,False,False,False,True,False,False,1
99,1,400000.0,0.0,120300.0,1,1,1,1,0,0,0,0,0,0,1,1,5,3,0,1,19,5,0,36,0,0,7,0,38,68,26000.0,26000.0,0.0,0,0.0,0.0,0.0,501.0,0,0,True,False,False,False,True,False,False,True,False,False,False,False,False,False,False,False,False,False,False,False,True,False,True,False,False,False,False,False,False,False,True,False,False,False,1
99,0,999999.0,875.0,26100.0,1,1,1,1,0,0,0,0,0,0,0,0,8,0,0,1,99,99,1,25,0,0,0,0,16,15,600.0,600.0,0.0,0,0.0,0.0,0.0,124.0,0,0,True,False,False,False,True,False,False,True,False,False,False,False,False,False,False,False,False,False,True,False,False,False,False,False,False,False,False,True,False,False,False,True,False,False,1
99,1,225000.0,0.0,48000.0,1,1,1,1,0,0,0,0,0,0,2,2,4,2,1,1,12,4,0,34,0,0,7,0,22,51,19000.0,19000.0,0.0,0,0.0,0.0,0.0,382.0,0,5,True,False,False,False,True,False,False,True,False,False,False,True,False,False,False,False,False,False,False,False,False,False,False,False,False,False,False,True,False,False,True,False,False,False,1
99,0,999999.0,875.0,39354.0,1,2,2,2,0,0,0,0,0,0,1,1,6,2,0,1,16,12,0,51,0,0,6,0,23,16,0.0,0.0,0.0,0,0.0,0.0,0.0,226.0,1,0,True,False,False,False,True,False,False,True,False,False,False,False,False,False,False,False,False,False,False,False,True,False,False,False,False,True,False,False,False,False,True,False,False,False,1
99,0,999999.0,487.0,9000.0,1,1,1,1,2,0,1,1,0,1,0,0,5,0,0,1,99,99,1,2,1,0,7,0,0,0,0.0,999999.0,999999.0,999999,99999.0,99999.0,99999.0,61.0,1,0,True,False,False,False,True,False,False,True,True,False,False,False,False,False,False,False,False,False,False,False,False,False,False,False,False,False,False,True,False,False,False,True,False,False,1
99,0,999999.0,875.0,76673.0,1,1,1,1,2,0,1,1,0,1,0,0,4,0,0,1,99,99,1,10,0,1,2,1,0,0,0.0,999999.0,999999.0,999999,99999.0,99999.0,99999.0,501.0,1,0,True,False,False,False,True,False,False,True,True,False,False,False,False,False,False,False,False,False,False,False,False,False,True,False,False,False,False,False,False,False,False,True,False,False,1
99,0,999999.0,875.0,18000.0,4,1,1,1,0,0,0,0,0,0,2,1,7,4,2,1,11,0,0,42,1,0,1,0,22,18,10800.0,10800.0,0.0,0,0.0,0.0,0.0,94.0,1,1,True,False,False,False,True,False,False,True,False,False,False,True,False,False,False,False,False,False,False,False,False,False,False,False,False,False,False,True,False,False,True,False,False,False,1
99,1,225000.0,0.0,62000.0,1,1,1,1,2,0,1,1,0,1,0,0,4,0,0,1,99,99,1,0,1,0,7,0,0,0,0.0,999999.0,999999.0,999999,99999.0,99999.0,99999.0,493.0,1,0,True,False,False,False,True,False,False,True,True,False,False,False,False,False,False,False,False,False,False,False,False,False,False,False,False,False,False,True,False,False,False,True,False,False,1
99,0,999999.0,437.0,4500.0,1,0,0,0,0,0,0,0,0,0,0,0,1,0,0,1,99,99,0,62,0,0,6,0,0,0,4500.0,0.0,0.0,0,4500.0,0.0,0.0,70.0,1,2,True,False,False,False,True,False,False,True,False,False,False,True,False,False,False,False,False,False,False,False,False,False,False,False,False,False,False,True,False,False,False,False,False,True,1
99,0,999999.0,875.0,50300.0,1,1,1,1,0,0,0,0,0,0,1,1,3,1,0,1,8,8,0,44,0,0,7,0,41,68,40300.0,40000.0,0.0,0,0.0,0.0,0.0,501.0,1,0,True,False,False,False,True,False,False,True,False,False,False,False,False,False,False,False,False,False,False,False,True,False,False,False,False,False,False,True,False,False,True,False,False,False,1
99,0,999999.0,537.0,7000.0,2,0,0,1,0,0,0,0,0,0,0,0,2,1,0,1,8,8,0,38,1,0,3,0,23,18,7000.0,7000.0,0.0,0,0.0,0.0,0.0,82.0,0,5,True,False,False,False,True,False,False,True,False,False,False,True,False,False,False,False,False,False,False,False,False,False,False,False,False,False,False,True,False,False,False,False,False,True,1
99,1,400000.0,0.0,90193.0,1,1,0,0,0,0,0,0,0,0,1,1,2,0,0,1,99,99,0,73,0,0,7,0,0,0,6706.0,0.0,0.0,0,5292.0,0.0,0.0,501.0,0,0,True,False,False,False,True,False,False,True,False,False,False,False,False,False,False,False,False,False,False,False,True,False,False,False,False,False,False,True,False,False,True,False,False,False,1
99,1,187500.0,0.0,62500.0,1,1,1,1,2,0,1,1,0,1,0,0,4,0,0,1,99,99,1,13,1,1,2,1,0,0,0.0,999999.0,999999.0,999999,99999.0,99999.0,99999.0,497.0,0,0,True,False,False,False,True,False,False,True,True,False,False,False,False,False,False,False,False,False,False,False,False,False,False,False,False,False,False,True,False,False,False,True,False,False,1
99,1,137500.0,0.0,35034.0,1,1,1,1,2,0,1,1,0,1,0,0,5,0,0,1,99,99,2,7,0,1,1,1,0,0,0.0,999999.0,999999.0,999999,99999.0,99999.0,99999.0,237.0,1,0,True,False,False,False,True,False,False,True,True,False,False,False,False,False,False,False,False,False,False,False,False,False,False,False,False,False,False,True,False,False,False,True,False,False,1
99,1,275000.0,0.0,34467.0,1,1,1,1,0,0,0,0,0,0,2,1,4,2,2,1,2,1,0,34,1,0,8,0,30,67,31500.0,31000.0,0.0,0,0.0,0.0,0.0,274.0,1,2,True,False,False,False,True,False,False,True,False,False,False,True,False,False,False,False,False,False,False,False,False,False,False,False,False,False,False,True,False,False,True,False,False,False,1
99,1,275000.0,0.0,60000.0,1,1,1,1,2,0,1,1,0,1,0,0,4,0,0,1,99,99,1,4,1,1,0,2,0,0,0.0,999999.0,999999.0,999999,99999.0,99999.0,99999.0,477.0,1,0,True,False,False,False,True,False,False,True,True,False,False,False,False,False,False,False,False,False,False,False,False,False,False,False,False,False,False,True,False,False,False,True,False,False,1
99,0,999999.0,875.0,50500.0,1,1,1,1,2,0,1,1,0,1,0,0,4,0,0,1,99,99,1,13,0,1,2,1,0,0,0.0,999999.0,999999.0,999999,99999.0,99999.0,99999.0,402.0,1,0,True,False,False,False,True,False,False,True,True,False,False,False,False,False,False,False,False,False,False,False,False,False,False,False,False,True,False,False,False,False,False,True,False,False,1
99,0,999999.0,312.0,10000.0,2,0,1,0,0,0,0,0,0,0,0,0,3,2,1,1,9,3,0,37,0,0,5,0,18,44,10000.0,10000.0,0.0,0,0.0,0.0,0.0,100.0,0,5,True,False,False,False,True,False,False,True,False,False,False,True,False,False,False,False,False,False,False,False,False,False,False,False,False,False,False,True,False,False,False,True,False,False,0
99,1,187500.0,0.0,38922.0,1,1,1,0,0,0,0,0,0,0,2,1,4,0,0,1,99,99,0,69,1,0,6,0,0,0,32922.0,0.0,0.0,0,10510.0,0.0,0.0,299.0,0,8,True,False,False,False,True,False,False,True,False,False,False,True,False,False,False,False,False,False,False,False,False,False,False,False,False,False,False,True,False,False,True,False,False,False,1
99,1,225000.0,0.0,65500.0,1,1,1,1,2,0,1,1,0,1,0,0,6,0,0,1,99,99,3,22,0,0,7,0,19,46,25000.0,25000.0,0.0,0,0.0,0.0,0.0,368.0,0,0,True,False,False,False,True,False,False,True,True,False,False,False,False,False,False,False,False,False,False,False,False,False,False,False,False,False,False,True,False,False,False,True,False,False,1
99,0,999999.0,625.0,5700.0,1,0,0,0,0,0,0,0,0,0,0,0,1,0,0,1,99,99,0,87,0,0,0,0,0,0,5700.0,0.0,0.0,0,5700.0,0.0,0.0,96.0,1,2,True,False,False,False,True,False,False,True,False,False,False,True,False,False,False,False,False,False,False,False,False,False,False,False,False,False,False,True,False,False,False,False,False,True,1
99,1,225000.0,0.0,25040.0,1,1,0,0,0,0,0,0,0,0,2,1,2,0,0,1,99,99,0,65,1,0,5,0,22,18,19520.0,0.0,0.0,0,7800.0,0.0,0.0,334.0,0,8,True,False,False,False,True,False,False,True,False,False,False,True,False,False,False,False,False,False,False,False,False,False,False,False,False,False,False,True,False,False,True,False,False,False,1
99,0,999999.0,312.0,15360.0,1,1,1,1,0,0,0,0,0,0,3,1,3,1,0,1,25,25,0,78,1,0,1,0,0,0,0.0,0.0,0.0,0,0.0,0.0,0.0,158.0,1,0,True,False,False,False,True,False,False,True,False,False,False,False,False,False,False,True,False,False,False,False,False,False,False,False,False,False,False,True,False,False,True,False,False,False,1
99,1,400000.0,0.0,199866.0,1,1,1,1,0,0,0,0,0,0,2,1,4,1,0,1,11,11,0,56,1,0,8,0,38,68,196266.0,195516.0,0.0,0,0.0,0.0,0.0,501.0,0,6,True,False,False,False,True,False,False,True,False,False,False,True,False,False,False,False,False,False,False,False,False,False,False,False,False,False,False,True,False,False,True,False,False,False,1
99,1,225000.0,0.0,44641.0,1,0,1,0,1,0,1,0,0,0,0,0,6,0,0,1,99,99,4,18,1,1,5,1,0,0,0.0,0.0,0.0,0,0.0,0.0,0.0,256.0,1,0,True,False,False,False,True,False,False,True,True,False,False,False,False,False,False,False,False,False,False,False,False,False,False,False,False,False,False,True,False,False,False,True,False,False,1
99,0,999999.0,725.0,3230.0,3,0,0,0,0,0,0,0,0,0,0,0,1,0,0,3,99,99,0,37,1,0,7,0,25,15,9334.0,9320.0,0.0,0,0.0,0.0,0.0,145.0,0,0,True,False,False,False,True,False,False,True,False,False,False,False,False,False,False,False,False,True,False,False,False,False,False,False,False,False,False,True,False,False,False,True,False,False,1
99,1,225000.0,0.0,56800.0,1,1,0,0,0,0,0,0,0,0,2,1,2,0,0,1,99,99,0,55,1,0,6,0,37,49,46800.0,45000.0,0.0,0,0.0,0.0,0.0,501.0,0,6,True,False,False,False,True,False,False,True,False,False,False,True,False,False,False,False,False,False,False,False,False,False,False,False,False,False,False,True,False,False,True,False,False,False,1
99,1,162500.0,0.0,32830.0,1,1,1,1,2,0,1,1,0,1,0,0,5,0,0,1,99,99,2,19,1,1,6,1,25,18,5000.0,5000.0,0.0,0,0.0,0.0,0.0,216.0,0,0,True,False,False,False,True,False,False,True,True,False,False,False,False,False,False,False,False,False,False,False,False,False,False,False,False,False,False,True,False,False,False,True,False,False,1
99,1,162500.0,0.0,57100.0,1,1,1,1,0,0,0,0,0,0,2,1,6,3,0,1,9,5,0,41,1,1,8,2,37,78,32700.0,32000.0,0.0,0,0.0,0.0,0.0,334.0,0,5,True,False,False,False,True,False,False,True,False,False,False,True,False,False,False,False,False,False,False,False,False,False,False,False,False,True,False,False,False,False,True,False,False,False,1
99,1,350000.0,0.0,31000.0,1,1,1,1,2,0,1,1,0,1,0,0,5,0,0,1,99,99,2,1,1,0,7,0,0,0,0.0,999999.0,999999.0,999999,99999.0,99999.0,99999.0,209.0,1,0,True,False,False,False,True,False,False,True,True,False,False,False,False,False,False,False,False,False,False,False,False,False,False,False,False,False,False,True,False,False,False,True,False,False,1
99,1,137500.0,0.0,45500.0,1,1,0,0,0,0,0,0,0,0,2,1,2,0,0,1,99,99,0,38,1,0,7,0,36,50,45500.0,44000.0,0.0,0,0.0,0.0,0.0,501.0,1,2,True,False,False,False,True,False,False,True,False,False,False,True,False,False,False,False,False,False,False,False,False,False,False,False,False,False,False,True,False,False,True,False,False,False,1
99,0,999999.0,487.0,7200.0,1,0,1,0,0,0,0,0,0,0,0,0,5,4,3,1,6,2,0,22,0,0,3,0,22,18,7200.0,7200.0,0.0,0,0.0,0.0,0.0,49.0,1,1,True,False,False,False,True,False,False,True,False,False,False,True,False,False,False,False,False,False,False,False,False,False,False,False,False,False,False,True,False,False,False,True,False,False,1
99,0,999999.0,1000.0,35000.0,1,0,1,0,1,0,1,0,0,0,0,0,4,0,0,1,99,99,2,7,0,1,1,1,0,0,0.0,999999.0,999999.0,999999,99999.0,99999.0,99999.0,277.0,1,0,True,False,False,False,True,False,False,True,True,False,False,False,False,False,False,False,False,False,False,False,False,False,True,False,False,False,False,False,False,False,False,True,False,False,1
99,0,999999.0,675.0,8840.0,5,1,1,1,0,0,0,0,0,0,4,5,5,3,0,3,23,16,0,55,1,0,2,0,23,18,0.0,0.0,0.0,0,0.0,0.0,0.0,98.0,1,0,True,False,False,False,True,False,False,True,False,False,False,False,False,True,False,False,False,False,False,False,False,False,False,False,False,False,False,True,False,False,True,False,False,False,1
99,1,225000.0,0.0,67293.0,1,2,2,2,2,0,1,1,0,1,0,0,10,0,0,1,99,99,4,15,0,1,3,2,0,0,0.0,999999.0,999999.0,999999,0.0,0.0,0.0,262.0,0,0,True,False,False,False,True,False,False,True,True,False,False,False,False,False,False,False,False,False,False,False,False,False,False,False,False,False,False,True,False,False,False,True,False,False,1
99,0,999999.0,875.0,9600.0,1,0,1,0,1,0,1,0,0,0,0,0,4,0,0,1,99,99,2,8,1,1,1,1,0,0,0.0,999999.0,999999.0,999999,99999.0,99999.0,99999.0,76.0,1,0,True,False,False,False,True,False,False,True,True,False,False,False,False,False,False,False,False,False,False,False,False,False,False,False,False,False,False,True,False,False,False,True,False,False,1
99,0,999999.0,875.0,45100.0,2,0,0,0,0,0,0,0,0,0,0,0,1,0,0,2,99,99,0,31,1,0,7,0,31,53,100000.0,100000.0,0.0,0,0.0,0.0,0.0,501.0,1,0,True,False,False,False,True,False,False,True,False,False,False,False,False,False,False,False,False,True,False,False,False,False,False,False,False,False,False,True,True,False,False,False,False,False,1
99,0,999999.0,337.0,14000.0,2,0,0,1,0,0,0,1,0,1,0,0,5,0,0,1,99,99,2,6,1,1,0,1,0,0,0.0,999999.0,999999.0,999999,99999.0,99999.0,99999.0,95.0,0,0,True,False,False,False,True,False,False,True,True,False,False,False,False,False,False,False,False,False,False,False,False,False,False,False,False,False,False,True,False,False,False,True,False,False,1
99,1,112500.0,0.0,28927.0,1,1,0,0,0,0,0,0,0,0,2,1,2,0,0,1,99,99,0,65,1,0,7,0,0,0,19798.0,0.0,0.0,0,4031.0,0.0,0.0,386.0,0,7,True,False,False,False,True,False,False,True,False,False,False,True,False,False,False,False,False,False,False,False,False,False,False,False,False,False,False,True,False,False,True,False,False,False,1
99,1,350000.0,0.0,17660.0,1,1,1,1,0,0,0,0,0,0,2,1,3,1,0,1,48,48,0,70,1,0,6,0,0,0,7440.0,0.0,0.0,0,2040.0,0.0,0.0,182.0,0,2,True,False,False,False,True,False,False,True,False,False,False,True,False,False,False,False,False,False,False,False,False,False,True,False,False,False,False,False,False,False,True,False,False,False,1
99,0,999999.0,537.0,15000.0,2,0,1,0,1,0,1,0,0,0,0,0,3,0,0,1,99,99,1,9,1,1,1,1,0,0,0.0,999999.0,999999.0,999999,99999.0,99999.0,99999.0,150.0,1,0,True,False,False,False,True,False,False,True,True,False,False,False,False,False,False,False,False,False,False,False,False,False,False,False,False,False,False,True,False,False,False,True,False,False,1
99,1,187500.0,0.0,68000.0,1,1,1,1,2,0,1,1,0,1,0,0,4,0,0,1,99,99,1,5,0,1,0,2,0,0,0.0,999999.0,999999.0,999999,99999.0,99999.0,99999.0,501.0,0,0,True,False,False,False,True,False,False,True,True,False,False,False,False,False,False,False,False,False,False,False,False,False,False,False,False,False,False,True,False,False,False,True,False,False,1
99,1,350000.0,0.0,132334.0,1,1,1,2,2,0,1,1,0,1,0,0,6,0,0,1,99,99,2,12,1,1,2,1,0,0,0.0,999999.0,999999.0,999999,99999.0,99999.0,99999.0,501.0,0,0,True,False,False,False,True,False,False,True,True,False,False,False,False,False,False,False,False,False,False,False,False,False,True,False,False,False,False,False,False,False,False,True,False,False,1
99,0,999999.0,537.0,19000.0,1,1,0,0,0,0,0,0,0,0,1,1,2,0,0,1,99,99,0,33,0,0,6,0,19,17,11000.0,11000.0,0.0,0,0.0,0.0,0.0,229.0,1,0,True,False,False,False,True,False,False,True,False,False,False,False,False,False,False,False,False,False,False,False,True,False,False,False,False,True,False,False,False,False,True,False,False,False,1
99,1,162500.0,0.0,49857.0,2,0,2,0,0,0,0,0,0,0,0,0,1,0,0,2,99,99,0,47,1,0,8,0,41,68,29300.0,29300.0,0.0,0,0.0,0.0,0.0,454.0,1,0,True,False,False,False,True,False,False,True,False,False,False,False,False,False,False,False,False,True,False,False,False,False,False,False,False,False,False,True,True,False,False,False,False,False,1
99,0,999999.0,537.0,19760.0,1,1,1,1,2,0,1,1,0,1,0,0,4,0,0,1,99,99,1,0,1,0,7,0,0,0,0.0,999999.0,999999.0,999999,99999.0,99999.0,99999.0,157.0,1,0,True,False,False,False,True,False,False,True,True,False,False,False,False,False,False,False,False,False,False,False,False,False,False,False,False,False,False,True,False,False,False,True,False,False,1
99,0,999999.0,237.0,10394.0,1,0,0,0,0,0,0,0,0,0,0,0,1,0,0,1,99,99,0,83,0,0,6,0,0,0,10394.0,0.0,0.0,0,7763.0,0.0,0.0,175.0,1,2,True,False,False,False,True,False,False,True,False,False,False,True,False,False,False,False,False,False,False,False,False,False,False,False,False,False,False,True,True,False,False,False,False,False,1
99,1,137500.0,0.0,20000.0,2,0,0,0,0,0,0,0,0,0,0,0,1,0,0,1,99,99,0,34,0,0,8,0,26,58,20000.0,20000.0,0.0,0,0.0,0.0,0.0,310.0,1,2,True,False,False,False,True,False,False,True,False,False,False,True,False,False,False,False,False,False,False,False,False,False,False,False,False,False,False,True,False,False,False,True,False,False,1
99,0,999999.0,337.0,8558.0,2,0,1,0,0,0,0,0,0,0,0,0,3,2,2,1,4,0,0,38,0,1,2,1,13,10,8558.0,7000.0,0.0,0,0.0,0.0,0.0,86.0,1,1,True,False,False,False,True,False,False,True,False,False,False,True,False,False,False,False,False,False,False,False,False,False,False,False,False,False,False,True,True,False,False,False,False,False,0
99,0,999999.0,675.0,15189.0,1,1,1,1,2,0,1,1,0,1,0,0,5,0,0,1,99,99,2,1,0,0,7,0,0,0,0.0,999999.0,999999.0,999999,99999.0,99999.0,99999.0,103.0,1,0,True,False,False,False,True,False,False,True,True,False,False,False,False,False,False,False,False,False,False,False,False,False,False,False,False,False,False,True,False,False,False,True,False,False,1
99,0,999999.0,1000.0,16289.0,1,0,0,1,0,0,0,1,0,1,0,0,3,0,0,1,99,99,1,15,0,1,3,1,0,0,1100.0,999999.0,999999.0,999999,0.0,0.0,1100.0,163.0,1,0,True,False,False,False,True,False,False,True,True,False,False,False,False,False,False,False,False,False,False,False,False,False,True,False,False,False,False,False,False,False,False,True,False,False,1
99,1,95000.0,0.0,42200.0,1,1,1,1,2,0,1,1,0,1,0,0,4,0,0,1,99,99,1,12,1,1,2,1,0,0,0.0,999999.0,999999.0,999999,99999.0,99999.0,99999.0,336.0,0,0,True,False,False,False,True,False,False,True,True,False,False,False,False,False,False,False,False,False,False,False,False,False,False,False,False,False,False,True,False,False,False,True,False,False,1
99,1,112500.0,0.0,44150.0,1,1,1,0,3,0,1,0,0,0,1,1,3,0,0,1,99,99,0,48,0,0,3,0,11,16,570.0,570.0,0.0,0,0.0,0.0,0.0,455.0,0,0,True,False,False,False,True,False,False,True,False,False,False,False,False,False,False,False,False,False,False,False,True,False,False,False,False,False,False,True,False,False,True,False,False,False,1
99,0,999999.0,875.0,55000.0,1,1,1,1,2,0,1,1,3,1,0,0,4,0,0,1,99,99,1,9,1,1,1,1,0,0,0.0,999999.0,999999.0,999999,99999.0,99999.0,99999.0,437.0,1,0,True,False,False,False,True,False,False,True,True,False,False,False,False,False,False,False,False,False,False,False,False,False,False,False,False,False,False,True,False,False,False,True,False,False,1
99,0,999999.0,387.0,9600.0,2,0,0,0,0,0,0,0,0,0,0,0,1,0,0,1,99,99,0,25,1,0,6,0,26,22,9600.0,9600.0,0.0,0,0.0,0.0,0.0,149.0,1,1,True,False,False,False,True,False,False,True,False,False,False,True,False,False,False,False,False,False,False,False,False,False,False,False,False,False,False,True,False,False,False,True,False,False,1
99,1,85000.0,0.0,60100.0,1,1,0,0,0,0,0,0,0,0,2,1,2,0,0,1,99,99,0,30,1,0,8,0,48,87,60100.0,60000.0,0.0,0,0.0,0.0,0.0,501.0,0,1,True,False,False,False,True,False,False,True,False,False,False,True,False,False,False,False,False,False,False,False,False,False,False,False,False,True,False,False,False,False,True,False,False,False,1
99,0,999999.0,512.0,27000.0,1,0,1,0,0,0,0,0,0,0,0,0,2,1,0,1,18,18,0,41,0,0,8,0,42,86,27000.0,27000.0,0.0,0,0.0,0.0,0.0,325.0,1,2,True,False,False,False,True,False,False,True,False,False,False,True,False,False,False,False,False,False,False,False,False,False,False,False,False,False,False,True,False,False,False,False,True,False,1
99,1,400000.0,0.0,9810.0,2,0,1,0,1,1,1,0,0,0,0,0,5,0,0,1,99,99,2,16,1,1,5,1,0,0,0.0,0.0,0.0,0,0.0,0.0,0.0,63.0,0,0,True,False,False,False,True,False,False,True,True,False,False,False,False,False,False,False,False,False,False,False,False,False,False,True,False,False,False,False,False,False,False,True,False,False,1
99,0,999999.0,312.0,22025.0,1,0,0,0,0,0,0,0,0,0,0,0,1,0,0,1,99,99,0,53,0,0,4,0,0,0,22025.0,0.0,0.0,0,5578.0,0.0,0.0,341.0,0,7,True,False,False,False,True,False,False,True,False,False,False,True,False,False,False,False,False,False,False,False,False,False,False,False,False,False,False,True,True,False,False,False,False,False,1
99,1,400000.0,0.0,63000.0,1,1,1,1,2,0,1,1,0,1,0,0,5,0,0,1,99,99,2,8,0,1,1,1,0,0,0.0,999999.0,999999.0,999999,99999.0,99999.0,99999.0,415.0,0,0,True,False,False,False,True,False,False,True,True,False,False,False,False,False,False,False,False,False,False,False,False,False,False,False,False,False,False,True,False,False,False,True,False,False,1
99,0,999999.0,462.0,17040.0,1,1,1,1,1,0,1,2,0,1,0,0,5,0,0,1,99,99,2,1,0,0,7,0,0,0,0.0,999999.0,999999.0,999999,99999.0,99999.0,99999.0,115.0,1,0,True,False,False,False,True,False,False,True,True,False,False,False,False,False,False,False,False,False,False,False,False,False,False,False,False,False,False,True,False,False,False,True,False,False,1
99,1,162500.0,0.0,159779.0,1,1,1,1,2,0,1,1,0,1,0,0,8,0,0,1,99,99,5,13,1,1,2,1,0,0,0.0,999999.0,999999.0,999999,99999.0,99999.0,99999.0,501.0,1,0,True,False,False,False,True,False,False,True,True,False,False,False,False,False,False,False,False,False,False,False,False,False,False,False,False,True,False,False,False,False,False,True,False,False,1
99,0,999999.0,725.0,18000.0,1,1,1,1,2,0,1,1,0,1,0,0,6,0,0,1,99,99,2,0,1,0,7,0,0,0,0.0,999999.0,999999.0,999999,99999.0,99999.0,99999.0,105.0,1,0,True,False,False,False,True,False,False,True,True,False,False,False,False,False,False,False,False,False,False,False,False,False,False,False,False,False,False,True,False,False,False,True,False,False,1
99,1,400000.0,0.0,57516.0,1,1,0,0,0,0,0,0,0,0,2,1,2,0,0,1,99,99,0,73,1,0,7,0,0,0,21687.0,0.0,0.0,0,0.0,9179.0,0.0,501.0,0,8,True,False,False,False,True,False,False,True,False,False,False,True,False,False,False,False,False,False,False,False,False,False,False,False,False,False,False,True,False,False,True,False,False,False,1
99,0,999999.0,625.0,0.0,2,0,0,1,0,0,0,1,0,1,0,0,4,0,0,1,99,99,2,11,1,1,2,1,0,0,0.0,999999.0,999999.0,999999,99999.0,99999.0,99999.0,1.0,1,0,True,False,False,False,True,False,False,True,True,False,False,False,False,False,False,False,False,False,False,False,False,False,False,False,False,False,False,True,False,False,False,True,False,False,1
99,1,225000.0,0.0,37336.0,1,1,1,1,0,0,0,0,0,0,1,1,3,1,0,1,11,11,0,36,0,0,8,0,26,72,37336.0,37336.0,0.0,0,0.0,0.0,0.0,374.0,0,0,True,False,False,False,True,False,False,True,False,False,False,False,False,False,False,False,False,False,False,False,True,False,False,False,False,False,False,True,False,False,True,False,False,False,1
99,0,999999.0,1000.0,91000.0,1,0,0,0,0,0,0,0,0,0,0,0,2,0,0,1,99,99,1,37,0,0,8,0,46,84,60000.0,60000.0,0.0,0,0.0,0.0,0.0,501.0,1,1,True,False,False,False,True,False,False,True,False,False,False,True,False,False,False,False,False,False,False,False,False,False,False,False,False,False,False,True,False,False,False,True,False,False,1
99,1,275000.0,0.0,83391.0,1,1,1,1,2,0,1,1,0,1,0,0,3,0,0,1,99,99,0,3,0,0,0,0,0,0,0.0,999999.0,999999.0,999999,99999.0,99999.0,99999.0,501.0,1,0,True,False,False,False,True,False,False,True,True,False,False,False,False,False,False,False,False,False,False,False,False,False,False,False,False,False,False,True,False,False,False,True,False,False,1
99,0,999999.0,725.0,10400.0,1,1,1,1,0,0,0,0,0,0,2,2,3,1,1,1,1,1,0,21,0,0,2,0,0,0,0.0,0.0,0.0,0,0.0,0.0,0.0,104.0,1,1,True,False,False,False,True,False,False,True,False,False,False,True,False,False,False,False,False,False,False,False,False,False,False,False,False,False,False,True,False,False,True,False,False,False,1
99,0,999999.0,625.0,13000.0,1,1,0,0,0,0,0,0,0,0,1,1,2,0,0,1,99,99,0,81,0,0,4,0,0,0,6000.0,0.0,0.0,0,6000.0,0.0,0.0,173.0,1,0,True,False,False,False,True,False,False,True,False,False,False,False,False,False,False,False,False,False,False,False,True,False,False,False,False,False,False,True,False,False,True,False,False,False,1
99,0,999999.0,875.0,18960.0,1,0,3,0,1,0,1,0,0,0,0,0,12,7,1,1,25,3,2,36,0,0,2,0,26,22,7200.0,7200.0,0.0,0,0.0,0.0,0.0,74.0,1,0,True,False,False,False,True,False,False,True,True,False,False,False,False,False,False,False,False,False,False,False,False,False,False,False,False,False,False,True,False,False,False,True,False,False,1
99,1,350000.0,0.0,50347.0,1,1,0,0,0,0,0,0,0,0,1,1,2,0,0,1,99,99,0,81,0,0,6,0,0,0,0.0,0.0,0.0,0,0.0,0.0,0.0,501.0,0,0,True,False,False,False,True,False,False,True,False,False,False,False,False,False,False,False,False,False,False,False,True,False,False,False,False,False,False,True,False,False,True,False,False,False,1
99,1,187500.0,0.0,52505.0,1,1,1,1,0,0,0,0,0,0,2,2,4,2,0,1,17,15,0,39,0,0,6,0,38,68,4000.0,4000.0,0.0,0,0.0,0.0,0.0,418.0,1,2,True,False,False,False,True,False,False,True,False,False,False,True,False,False,False,False,False,False,False,False,False,False,False,False,False,True,False,False,False,False,True,False,False,False,1
99,1,275000.0,0.0,60300.0,1,1,0,0,0,0,0,0,0,0,2,1,2,0,0,1,99,99,0,33,1,1,8,1,26,22,25000.0,24000.0,0.0,0,0.0,0.0,0.0,501.0,0,1,True,False,False,False,True,False,False,True,False,False,False,True,False,False,False,False,False,False,False,False,False,False,True,False,False,False,False,False,False,False,True,False,False,False,1
99,0,999999.0,875.0,20000.0,3,0,0,0,0,0,0,0,0,0,0,0,1,0,0,2,99,99,0,23,1,1,7,1,24,47,12000.0,12000.0,0.0,0,0.0,0.0,0.0,186.0,1,0,True,False,False,False,True,False,False,True,False,False,False,False,False,False,False,False,False,True,False,False,False,False,False,False,False,False,False,True,False,False,False,True,False,False,0
99,1,225000.0,0.0,1595.0,1,0,1,0,0,0,0,0,0,0,0,0,4,3,0,1,22,11,0,44,0,0,7,0,41,68,-2005.0,0.0,-2005.0,0,0.0,0.0,0.0,12.0,0,0,True,False,False,False,True,False,False,True,False,False,False,False,False,False,False,True,False,False,False,False,False,False,False,False,False,False,False,True,False,False,False,False,False,True,1
99,1,400000.0,0.0,68107.0,1,1,1,1,2,0,1,1,0,1,0,0,6,0,0,1,99,99,3,10,1,1,1,1,0,0,0.0,999999.0,999999.0,999999,99999.0,99999.0,99999.0,411.0,0,0,True,False,False,False,True,False,False,True,True,False,False,False,False,False,False,False,False,False,False,False,False,False,False,False,False,False,False,True,False,False,False,True,False,False,1
99,1,112500.0,0.0,34607.0,1,0,0,0,0,0,0,0,0,0,0,0,2,0,0,1,99,99,0,40,0,0,7,0,22,61,26225.0,26000.0,0.0,0,0.0,0.0,0.0,417.0,1,2,True,False,False,False,True,False,False,True,False,False,False,True,False,False,False,False,False,False,False,False,False,False,False,False,False,False,False,True,True,False,False,False,False,False,1
99,0,999999.0,725.0,21620.0,1,1,1,1,2,0,1,1,0,1,0,0,6,0,0,1,99,99,1,5,1,0,0,0,0,0,0.0,999999.0,999999.0,999999,99999.0,99999.0,99999.0,124.0,1,0,True,False,False,False,True,False,False,True,True,False,False,False,False,False,False,False,False,False,False,False,False,False,False,False,False,False,False,True,False,False,False,True,False,False,1
99,1,400000.0,0.0,78780.0,1,1,1,1,2,0,1,1,0,1,0,0,3,0,0,1,99,99,0,20,0,1,7,2,37,78,6369.0,5959.0,0.0,0,0.0,0.0,0.0,501.0,0,0,True,False,False,False,True,False,False,True,True,False,False,False,False,False,False,False,False,False,False,False,False,False,False,False,False,False,False,True,False,False,False,True,False,False,1
99,1,162500.0,0.0,37200.0,1,1,1,1,0,0,0,0,0,0,2,1,4,2,2,1,2,0,0,46,1,0,7,0,27,31,37200.0,37000.0,0.0,0,0.0,0.0,0.0,296.0,1,1,True,False,False,False,True,False,False,True,False,False,False,True,False,False,False,False,False,False,False,False,False,False,False,False,False,False,False,True,False,False,True,False,False,False,1
99,1,225000.0,0.0,42000.0,1,1,1,1,0,0,0,0,0,0,2,1,3,1,0,1,10,10,0,37,1,0,7,0,24,19,22000.0,22000.0,0.0,0,0.0,0.0,0.0,421.0,1,2,True,False,False,False,True,False,False,True,False,False,False,True,False,False,False,False,False,False,False,False,False,False,False,False,False,False,False,True,False,False,True,False,False,False,1
99,0,999999.0,675.0,12280.0,1,1,1,1,0,0,0,0,0,0,2,2,4,2,0,1,20,13,0,46,0,0,7,0,24,47,8280.0,0.0,0.0,0,0.0,8280.0,0.0,94.0,1,1,True,False,False,False,True,False,False,True,False,False,False,True,False,False,False,False,False,False,False,False,False,False,False,False,False,False,False,True,False,False,True,False,False,False,1
99,0,999999.0,1000.0,32785.0,1,1,1,1,2,0,1,1,0,1,0,0,5,0,0,1,99,99,2,4,0,0,0,0,0,0,0.0,999999.0,999999.0,999999,99999.0,99999.0,99999.0,222.0,1,0,True,False,False,False,True,False,False,True,True,False,False,False,False,False,False,False,False,False,False,False,False,False,False,False,False,False,False,True,False,False,False,True,False,False,1
99,1,162500.0,0.0,43765.0,1,0,1,0,1,0,1,0,0,0,0,0,6,0,0,1,99,99,4,18,1,0,3,0,20,8,4000.0,4000.0,0.0,0,0.0,0.0,0.0,256.0,1,0,True,False,False,False,True,False,False,True,True,False,False,False,False,False,False,False,False,False,False,False,False,False,False,False,False,False,False,True,False,False,False,True,False,False,1
99,1,162500.0,0.0,91295.0,1,1,2,1,2,0,1,1,0,1,0,0,7,0,0,1,99,99,2,28,0,1,7,1,23,18,14653.0,14635.0,0.0,0,0.0,0.0,0.0,454.0,0,0,True,False,False,False,True,False,False,True,True,False,False,False,False,False,False,False,False,False,False,False,False,False,False,False,False,False,False,True,False,False,False,True,False,False,1
99,0,999999.0,625.0,17000.0,3,0,1,1,0,0,0,0,0,0,0,0,2,1,1,1,1,1,0,30,1,0,3,0,34,49,17000.0,17000.0,0.0,0,0.0,0.0,0.0,199.0,1,1,True,False,False,False,True,False,False,True,False,False,False,True,False,False,False,False,False,False,False,False,False,False,False,False,False,False,False,True,False,False,False,True,False,False,1
99,1,187500.0,0.0,25068.0,2,0,0,0,0,0,0,0,0,0,0,0,2,0,0,1,99,99,1,72,0,0,6,0,0,0,6000.0,0.0,0.0,0,6000.0,0.0,0.0,334.0,0,8,True,False,False,False,True,False,False,True,False,False,False,True,False,False,False,False,False,False,False,False,False,False,False,False,False,False,False,True,True,False,False,False,False,False,1
99,1,350000.0,0.0,33000.0,1,1,1,1,2,0,1,1,0,1,0,0,5,0,0,1,99,99,2,11,1,1,2,1,0,0,0.0,999999.0,999999.0,999999,99999.0,99999.0,99999.0,223.0,1,0,True,False,False,False,True,False,False,True,True,False,False,False,False,False,False,False,False,False,False,False,False,False,False,False,False,False,False,True,False,False,False,True,False,False,1
99,0,999999.0,462.0,49000.0,1,1,1,1,1,0,1,2,0,1,0,0,4,0,0,1,99,99,1,16,0,1,5,2,24,47,2000.0,1821.0,0.0,0,0.0,0.0,0.0,390.0,0,0,True,False,False,False,True,False,False,True,True,False,False,False,False,False,False,False,False,False,False,False,False,False,False,False,False,False,False,True,False,False,False,True,False,False,1
99,1,225000.0,0.0,100000.0,1,1,1,1,0,0,0,0,0,0,1,1,3,1,1,1,3,3,0,31,0,0,8,0,39,82,50000.0,35000.0,15000.0,0,0.0,0.0,0.0,501.0,1,0,True,False,False,False,True,False,False,True,False,False,False,False,False,False,False,False,False,False,False,False,True,False,False,False,False,False,False,True,False,False,True,False,False,False,1
99,0,999999.0,625.0,40164.0,1,1,0,1,0,0,0,0,0,0,2,1,3,0,0,1,99,99,0,69,1,0,6,0,31,33,30000.0,30000.0,0.0,0,0.0,0.0,0.0,414.0,1,5,True,False,False,False,True,False,False,True,False,False,False,True,False,False,False,False,False,False,False,False,False,False,False,False,False,False,False,True,False,False,True,False,False,False,1
99,0,999999.0,512.0,7200.0,1,1,1,1,2,0,1,1,0,1,0,0,3,0,0,1,99,99,0,0,0,0,7,0,0,0,0.0,999999.0,999999.0,999999,99999.0,99999.0,99999.0,72.0,1,0,True,False,False,False,True,False,False,True,True,False,False,False,False,False,False,False,False,False,False,False,False,False,False,False,False,False,False,True,False,False,False,True,False,False,1
99,1,162500.0,0.0,55000.0,1,1,0,0,0,0,0,0,0,0,2,1,2,0,0,1,99,99,0,53,1,0,8,0,48,87,45000.0,45000.0,0.0,0,0.0,0.0,0.0,501.0,0,7,True,False,False,False,True,False,False,True,False,False,False,True,False,False,False,False,False,False,False,False,False,False,True,False,False,False,False,False,False,False,True,False,False,False,1
99,0,999999.0,1000.0,45800.0,1,1,1,1,2,0,1,1,0,1,0,0,7,0,0,1,99,99,4,1,0,0,7,0,0,0,0.0,999999.0,999999.0,999999,99999.0,99999.0,99999.0,231.0,1,0,True,False,False,False,True,False,False,True,True,False,False,False,False,False,False,False,False,False,False,False,False,False,False,False,False,False,False,True,False,False,False,True,False,False,1
99,0,999999.0,0.0,999999.0,1,0,0,0,0,0,0,0,0,0,0,0,1,0,0,1,99,99,0,46,1,0,7,0,24,44,8000.0,0.0,8000.0,0,0.0,0.0,0.0,0.0,1,0,False,True,False,True,False,False,False,True,False,False,False,False,True,False,False,False,False,False,False,False,False,False,False,False,False,False,False,True,True,False,False,False,False,False,1
99,0,999999.0,875.0,7700.0,3,0,0,0,0,0,0,0,0,0,0,0,1,0,0,3,99,99,0,20,0,0,7,0,22,61,22000.0,22000.0,0.0,0,0.0,0.0,0.0,341.0,1,0,True,False,False,False,True,False,False,True,False,False,False,False,False,False,False,False,False,True,False,False,False,False,False,False,False,False,False,True,False,False,False,True,False,False,1
99,0,999999.0,412.0,36199.0,5,1,0,0,0,0,0,0,0,0,0,0,1,0,0,4,99,99,0,15,0,1,3,1,0,0,0.0,999999.0,999999.0,999999,0.0,0.0,0.0,1.0,1,0,True,False,False,False,True,False,False,True,False,False,False,False,False,False,False,False,False,True,False,False,False,False,False,False,False,False,False,True,False,False,False,True,False,False,1
99,1,275000.0,0.0,58400.0,1,1,0,0,0,0,0,0,0,0,2,1,2,0,0,1,99,99,0,38,1,0,7,0,41,68,44500.0,43000.0,0.0,0,0.0,0.0,0.0,501.0,1,2,True,False,False,False,True,False,False,True,False,False,False,True,False,False,False,False,False,False,False,False,False,False,False,False,False,False,False,True,False,False,True,False,False,False,1
99,0,999999.0,675.0,47292.0,1,1,2,1,2,7,1,1,0,1,0,0,8,0,0,1,99,99,2,14,0,1,2,2,0,0,0.0,999999.0,999999.0,999999,99999.0,99999.0,99999.0,213.0,1,0,True,False,False,False,True,False,False,True,True,False,False,False,False,False,False,False,False,False,False,False,False,False,False,False,False,False,False,True,False,False,False,True,False,False,1
99,0,999999.0,625.0,16280.0,1,1,1,1,0,0,0,0,0,0,1,1,5,3,2,1,6,1,0,26,0,0,7,0,18,44,2280.0,0.0,0.0,0,0.0,2280.0,0.0,110.0,1,0,True,False,False,False,True,False,False,True,False,False,False,False,False,False,False,False,False,False,False,False,True,False,False,False,False,False,False,True,False,False,True,False,False,False,1
99,0,999999.0,487.0,8200.0,3,0,0,1,0,0,0,0,0,0,0,0,1,0,0,3,99,99,0,30,1,0,0,0,11,11,3200.0,3200.0,0.0,0,0.0,0.0,0.0,50.0,1,0,True,False,False,False,True,False,False,True,False,False,False,False,False,False,False,False,False,True,False,False,False,False,False,False,False,False,False,True,False,True,False,False,False,False,0
99,1,95000.0,0.0,4200.0,1,0,2,0,2,0,2,0,0,0,0,0,4,0,0,1,99,99,0,19,0,0,6,0,0,0,0.0,0.0,0.0,0,0.0,0.0,0.0,32.0,0,0,True,False,False,False,True,False,False,True,False,False,True,False,False,False,False,False,False,False,False,False,False,False,False,False,False,False,False,True,False,False,False,True,False,False,1
99,0,999999.0,875.0,60000.0,1,1,1,1,2,0,1,1,0,1,0,0,4,0,0,1,99,99,1,5,0,1,0,1,0,0,0.0,999999.0,999999.0,999999,99999.0,99999.0,99999.0,477.0,0,0,True,False,False,False,True,False,False,True,True,False,False,False,False,False,False,False,False,False,False,False,False,False,False,True,False,False,False,False,False,False,False,True,False,False,1
99,1,275000.0,0.0,53600.0,1,2,2,2,0,0,0,0,0,0,4,1,9,3,0,1,29,21,0,68,1,0,7,0,0,0,0.0,0.0,0.0,0,0.0,0.0,0.0,199.0,1,0,True,False,False,False,True,False,False,True,False,False,False,False,False,False,False,False,True,False,False,False,False,False,False,False,False,True,False,False,False,False,True,False,False,False,1
99,0,999999.0,875.0,60000.0,1,1,1,1,2,0,1,1,0,1,0,0,4,0,0,1,99,99,1,8,1,0,1,0,0,0,0.0,999999.0,999999.0,999999,99999.0,99999.0,99999.0,477.0,1,0,True,False,False,False,True,False,False,True,True,False,False,False,False,False,False,False,False,False,False,False,False,False,False,False,False,True,False,False,False,False,False,True,False,False,1
99,0,999999.0,675.0,32000.0,2,0,1,0,1,7,1,0,0,0,0,0,2,0,0,1,99,99,0,19,0,1,6,1,41,68,6000.0,6000.0,0.0,0,0.0,0.0,0.0,385.0,1,0,True,False,False,False,True,False,False,True,True,False,False,False,False,False,False,False,False,False,False,False,False,False,False,False,False,False,False,True,False,False,False,True,False,False,1
99,0,999999.0,0.0,999999.0,1,0,0,0,0,0,0,0,0,0,0,0,1,0,0,1,99,99,0,33,0,0,6,0,0,0,0.0,0.0,0.0,0,0.0,0.0,0.0,0.0,0,0,False,False,True,False,False,True,False,True,False,False,False,False,False,True,False,False,False,False,False,False,False,False,False,False,False,False,False,True,False,False,False,True,False,False,1
99,0,999999.0,875.0,105600.0,1,1,1,1,0,0,0,0,0,0,2,1,4,2,0,1,14,10,0,45,1,0,8,0,38,68,105600.0,105600.0,0.0,0,0.0,0.0,0.0,501.0,1,1,True,False,False,False,True,False,False,True,False,False,False,True,False,False,False,False,False,False,False,False,False,False,False,False,False,True,False,False,False,False,True,False,False,False,1
99,0,999999.0,875.0,11150.0,1,1,1,1,0,0,0,0,0,0,2,1,5,3,0,1,17,11,0,46,1,0,7,0,41,68,7150.0,8000.0,-850.0,0,0.0,0.0,0.0,75.0,1,1,True,False,False,False,True,False,False,True,False,False,False,True,False,False,False,False,False,False,False,False,False,False,False,False,False,True,False,False,False,False,True,False,False,False,1
99,0,999999.0,387.0,9600.0,2,0,0,0,0,0,0,0,0,0,0,0,1,0,0,2,99,99,0,29,0,0,8,0,6,7,7500.0,7500.0,0.0,0,0.0,0.0,0.0,116.0,1,0,True,False,False,False,True,False,False,True,False,False,False,False,False,False,False,False,False,True,False,False,False,False,False,False,False,False,False,True,False,False,False,True,False,False,0
99,1,400000.0,0.0,62800.0,1,1,1,1,2,0,1,1,0,1,0,0,3,0,0,1,99,99,0,19,1,1,7,1,22,18,300.0,300.0,0.0,0,0.0,0.0,0.0,501.0,0,0,True,False,False,False,True,False,False,True,True,False,False,False,False,False,False,False,False,False,False,False,False,False,False,False,False,False,False,True,False,False,False,True,False,False,1
99,0,999999.0,462.0,9100.0,2,0,0,0,0,0,0,0,0,0,0,0,1,0,0,1,99,99,0,26,0,1,3,1,22,18,9100.0,9100.0,0.0,0,0.0,0.0,0.0,141.0,1,1,True,False,False,False,True,False,False,True,False,False,False,True,False,False,False,False,False,False,False,False,False,False,False,False,False,False,False,True,False,False,False,True,False,False,1
99,1,350000.0,0.0,25838.0,1,0,1,0,1,0,1,0,0,0,0,0,2,0,0,1,99,99,0,48,1,0,7,0,0,0,7374.0,0.0,0.0,0,0.0,0.0,0.0,311.0,0,0,True,False,False,False,True,False,False,True,True,False,False,False,False,False,False,False,False,False,False,False,False,False,False,False,False,False,False,True,False,False,False,True,False,False,1
99,1,225000.0,0.0,20067.0,1,1,0,0,0,0,0,0,0,0,2,1,2,0,0,1,99,99,0,62,1,0,6,0,10,19,349.0,123.0,0.0,0,0.0,0.0,0.0,242.0,0,8,True,False,False,False,True,False,False,True,False,False,False,True,False,False,False,False,False,False,False,False,False,False,False,False,False,False,False,True,False,False,True,False,False,False,1
99,1,137500.0,0.0,40000.0,1,1,1,1,0,0,0,0,0,0,1,1,4,2,1,1,8,1,0,26,0,0,7,0,18,44,0.0,0.0,0.0,0,0.0,0.0,0.0,318.0,1,0,True,False,False,False,True,False,False,True,False,False,False,False,False,False,False,False,False,False,False,False,True,False,False,False,False,False,False,True,False,False,True,False,False,False,1
99,0,999999.0,675.0,26000.0,1,0,0,0,0,0,0,0,0,0,0,0,1,0,0,1,99,99,0,31,1,0,6,0,25,11,26000.0,26000.0,0.0,0,0.0,0.0,0.0,403.0,1,1,True,False,False,False,True,False,False,True,False,False,False,True,False,False,False,False,False,False,False,False,False,False,False,False,False,False,False,True,False,False,False,True,False,False,1
99,0,999999.0,675.0,6720.0,1,0,1,0,1,0,1,0,0,0,0,0,3,0,0,1,99,99,1,4,1,0,0,0,0,0,0.0,999999.0,999999.0,999999,99999.0,99999.0,99999.0,67.0,1,0,True,False,False,False,True,False,False,True,True,False,False,False,False,False,False,False,False,False,False,False,False,False,True,False,False,False,False,False,False,False,False,True,False,False,1
99,0,999999.0,575.0,33000.0,1,0,0,0,0,0,0,0,0,0,0,0,1,0,0,1,99,99,0,41,1,0,7,0,25,44,33000.0,33000.0,0.0,0,0.0,0.0,0.0,501.0,0,5,True,False,False,False,True,False,False,True,False,False,False,True,False,False,False,False,False,False,False,False,False,False,False,False,False,False,False,True,False,False,False,True,False,False,1
99,0,999999.0,875.0,58000.0,2,0,0,0,0,0,0,0,0,0,0,0,1,0,0,1,99,99,0,40,1,0,7,0,45,82,58000.0,58000.0,0.0,0,0.0,0.0,0.0,501.0,1,2,True,False,False,False,True,False,False,True,False,False,False,True,False,False,False,False,False,False,False,False,False,False,False,False,False,False,False,True,True,False,False,False,False,False,1
99,0,999999.0,675.0,23995.0,1,1,1,1,0,0,0,0,0,0,2,1,3,1,0,1,6,6,0,44,1,0,7,0,24,47,-2005.0,0.0,-2005.0,0,0.0,0.0,0.0,240.0,1,2,True,False,False,False,True,False,False,True,False,False,False,True,False,False,False,False,False,False,False,False,False,False,False,False,False,True,False,False,False,False,True,False,False,False,1
99,0,999999.0,575.0,15000.0,2,0,0,1,0,0,0,0,0,0,0,0,2,1,1,1,2,2,0,21,1,0,6,0,25,15,15000.0,15000.0,0.0,0,0.0,0.0,0.0,176.0,1,1,True,False,False,False,True,False,False,True,False,False,False,True,False,False,False,False,False,False,False,False,False,False,False,False,False,False,False,True,False,False,False,True,False,False,1
99,0,999999.0,1000.0,92000.0,1,1,1,1,0,0,0,0,0,0,2,1,5,3,3,1,4,1,0,35,1,0,8,0,26,72,50000.0,50000.0,0.0,0,0.0,0.0,0.0,501.0,1,1,True,False,False,False,True,False,False,True,False,False,False,True,False,False,False,False,False,False,False,False,False,False,False,False,False,False,False,True,False,False,True,False,False,False,1
99,0,999999.0,725.0,65450.0,1,1,0,0,0,0,0,0,0,0,1,1,2,0,0,1,99,99,0,28,0,0,8,0,37,78,26000.0,26000.0,0.0,0,0.0,0.0,0.0,501.0,1,0,True,False,False,False,True,False,False,True,False,False,False,False,False,False,False,False,False,False,False,False,True,False,False,False,False,True,False,False,False,False,True,False,False,False,0
99,0,999999.0,875.0,18000.0,1,1,1,1,2,0,1,1,0,1,0,0,6,0,0,1,99,99,3,9,0,1,1,1,0,0,0.0,999999.0,999999.0,999999,99999.0,99999.0,99999.0,109.0,1,0,True,False,False,False,True,False,False,True,True,False,False,False,False,False,False,False,False,False,False,False,False,False,False,False,False,False,False,True,False,False,False,True,False,False,1
99,1,162500.0,0.0,64560.0,1,0,0,1,0,0,0,4,0,3,0,0,5,0,0,1,99,99,0,1,1,0,7,0,0,0,0.0,999999.0,999999.0,999999,99999.0,99999.0,99999.0,413.0,1,0,True,False,False,False,True,False,False,True,False,False,False,False,False,False,True,False,False,False,False,False,False,False,False,False,False,False,False,True,False,False,False,True,False,False,1
99,0,999999.0,512.0,39549.0,1,1,1,1,0,0,0,0,0,0,2,1,10,6,0,1,31,8,0,58,1,0,0,0,25,15,0.0,0.0,0.0,0,0.0,0.0,0.0,150.0,0,2,True,False,False,False,True,False,False,True,False,False,False,True,False,False,False,False,False,False,False,False,False,True,False,False,False,False,False,False,False,False,True,False,False,False,1
99,1,95000.0,0.0,43500.0,1,0,0,1,0,0,0,0,0,0,0,0,3,2,0,1,37,31,0,61,1,0,6,0,17,11,16500.0,0.0,14000.0,0,0.0,0.0,0.0,448.0,0,2,True,False,False,False,True,False,False,True,False,False,False,True,False,False,False,False,False,False,False,False,False,False,True,False,False,False,False,False,True,False,False,False,False,False,1
99,0,999999.0,512.0,20000.0,1,0,0,0,0,0,0,0,0,0,0,0,1,0,0,1,99,99,0,50,1,0,7,0,22,45,20000.0,20000.0,0.0,0,0.0,0.0,0.0,310.0,0,2,True,False,False,False,True,False,False,True,False,False,False,True,False,False,False,False,False,False,False,False,False,False,True,False,False,False,False,False,False,False,False,True,False,False,0
99,1,225000.0,0.0,44275.0,2,0,1,0,0,0,0,0,0,0,0,0,4,2,0,1,14,14,0,40,0,0,7,0,31,65,33475.0,31000.0,0.0,0,0.0,0.0,2400.0,352.0,0,6,True,False,False,False,True,False,False,True,False,False,False,True,False,False,False,False,False,False,False,False,False,False,False,False,False,False,False,True,True,False,False,False,False,False,1
99,1,22500.0,0.0,24000.0,2,1,2,1,2,7,1,1,0,1,0,0,11,0,0,1,99,99,7,19,1,1,7,1,30,65,0.0,0.0,0.0,0,0.0,0.0,0.0,96.0,0,0,True,False,False,False,True,False,False,True,True,False,False,False,False,False,False,False,False,False,False,False,False,False,False,False,False,False,False,True,False,False,False,True,False,False,0
99,1,275000.0,0.0,102100.0,1,1,0,0,0,0,0,0,0,0,2,1,2,0,0,1,99,99,0,58,1,0,8,0,41,72,78714.0,77380.0,0.0,0,0.0,0.0,0.0,501.0,0,2,True,False,False,False,True,False,False,True,False,False,False,True,False,False,False,False,False,False,False,False,False,False,False,False,False,False,False,True,False,False,True,False,False,False,1
99,0,999999.0,0.0,999999.0,1,0,0,0,0,0,0,0,0,0,0,0,1,0,0,1,99,99,0,64,1,0,6,0,0,0,0.0,0.0,0.0,0,0.0,0.0,0.0,0.0,0,0,False,True,False,True,False,False,False,True,False,False,False,False,True,False,False,False,False,False,False,False,False,False,False,False,False,False,False,True,True,False,False,False,False,False,1
99,1,137500.0,0.0,51560.0,1,1,1,1,2,0,1,1,0,1,0,0,4,0,0,1,99,99,0,2,1,0,7,0,0,0,0.0,999999.0,999999.0,999999,99999.0,99999.0,99999.0,397.0,1,0,True,False,False,False,True,False,False,True,True,False,False,False,False,False,False,False,False,False,False,False,False,False,False,False,False,False,False,True,False,False,False,True,False,False,1
99,0,999999.0,875.0,31560.0,1,1,1,1,0,0,0,0,0,0,0,0,6,0,0,1,99,99,1,51,0,0,3,0,6,7,5500.0,5500.0,0.0,0,0.0,0.0,0.0,178.0,1,0,True,False,False,False,True,False,False,True,False,False,False,False,False,False,False,False,False,False,False,True,False,False,False,False,False,False,False,True,True,False,False,False,False,False,1
99,0,999999.0,725.0,11280.0,2,1,1,1,0,0,0,0,0,0,0,0,1,0,0,2,99,99,0,2,1,0,7,0,0,0,0.0,999999.0,999999.0,999999,99999.0,99999.0,99999.0,1.0,1,0,True,False,False,False,True,False,False,True,False,False,False,False,False,False,False,False,False,True,False,False,False,False,False,True,False,False,False,False,False,False,False,True,False,False,1
99,0,999999.0,362.0,5200.0,2,0,1,0,0,0,0,0,0,0,0,0,3,2,0,1,7,6,0,28,0,1,2,1,0,0,5200.0,0.0,0.0,0,0.0,5200.0,0.0,52.0,1,2,True,False,False,False,True,False,False,True,False,False,False,True,False,False,False,False,False,False,False,False,False,False,False,False,False,False,False,True,False,False,False,True,False,False,1
99,1,275000.0,0.0,49565.0,2,0,1,0,1,0,1,0,0,0,0,0,3,0,0,1,99,99,1,24,1,0,6,0,17,11,17065.0,17000.0,0.0,0,0.0,0.0,0.0,501.0,0,0,True,False,False,False,True,False,False,True,True,False,False,False,False,False,False,False,False,False,False,False,False,False,False,False,False,False,False,True,False,False,False,True,False,False,1
99,1,162500.0,0.0,26900.0,1,1,2,1,2,0,1,1,0,1,0,0,7,0,0,1,99,99,3,15,1,1,2,1,0,0,0.0,999999.0,999999.0,999999,0.0,0.0,0.0,140.0,0,0,True,False,False,False,True,False,False,True,True,False,False,False,False,False,False,False,False,False,False,False,False,False,False,False,False,False,False,True,False,False,False,True,False,False,1
99,0,999999.0,312.0,3983.0,1,1,0,0,0,0,0,0,0,0,1,1,2,0,0,1,99,99,0,68,0,0,4,0,0,0,3264.0,0.0,0.0,0,3264.0,0.0,0.0,53.0,0,0,True,False,False,False,True,False,False,True,False,False,False,False,False,False,False,False,False,False,False,False,True,False,False,False,False,False,False,True,False,False,True,False,False,False,1
99,0,999999.0,725.0,17200.0,2,0,1,2,0,0,0,0,0,0,0,0,9,4,2,1,16,2,1,36,1,0,6,0,0,0,10200.0,0.0,0.0,0,4800.0,0.0,0.0,69.0,1,2,True,False,False,False,True,False,False,True,False,False,False,True,False,False,False,False,False,False,False,False,False,False,False,False,False,False,False,True,False,False,False,False,True,False,1
99,0,999999.0,575.0,48520.0,1,0,0,0,0,0,0,0,0,0,0,0,1,0,0,1,99,99,0,35,1,0,6,0,41,68,48520.0,48000.0,0.0,0,0.0,0.0,0.0,501.0,0,5,True,False,False,False,True,False,False,True,False,False,False,True,False,False,False,False,False,False,False,False,False,False,False,False,False,False,False,True,False,False,False,True,False,False,1
99,1,350000.0,0.0,30500.0,1,1,1,1,0,0,0,0,0,0,1,1,5,3,2,1,12,2,0,30,0,0,7,0,37,78,0.0,0.0,0.0,0,0.0,0.0,0.0,206.0,0,0,True,False,False,False,True,False,False,True,False,False,False,False,False,False,False,False,False,False,False,False,True,False,False,False,False,False,False,True,False,False,True,False,False,False,1
99,0,999999.0,625.0,0.0,1,0,1,0,0,0,0,0,0,0,0,0,3,2,0,1,8,6,0,33,0,0,6,0,0,0,0.0,0.0,0.0,0,0.0,0.0,0.0,1.0,0,5,True,False,False,False,True,False,False,True,False,False,False,True,False,False,False,False,False,False,False,False,False,False,True,False,False,False,False,False,False,False,False,False,True,False,1
99,1,187500.0,0.0,52650.0,1,1,1,1,0,0,0,0,0,0,1,1,3,1,0,1,32,32,0,61,0,0,6,0,21,45,14650.0,9000.0,0.0,0,0.0,0.0,0.0,501.0,0,0,True,False,False,False,True,False,False,True,False,False,False,False,False,False,False,False,False,False,False,False,True,False,False,False,False,False,False,True,False,False,True,False,False,False,1
99,1,112500.0,0.0,41000.0,1,1,0,0,0,0,0,0,0,0,2,1,2,0,0,1,99,99,0,58,1,0,7,0,43,86,21000.0,21000.0,0.0,0,0.0,0.0,0.0,494.0,0,2,True,False,False,False,True,False,False,True,False,False,False,True,False,False,False,False,False,False,False,False,False,False,False,False,False,False,False,True,False,False,True,False,False,False,1
99,1,275000.0,0.0,34106.0,1,1,0,0,0,0,0,0,0,0,2,1,2,0,0,1,99,99,0,59,1,0,8,0,37,78,34106.0,9200.0,0.0,0,0.0,0.0,0.0,411.0,0,7,True,False,False,False,True,False,False,True,False,False,False,True,False,False,False,False,False,False,False,False,False,False,False,False,False,False,False,True,False,False,True,False,False,False,1
99,1,225000.0,0.0,60500.0,1,1,1,1,2,0,1,1,0,1,0,0,5,0,0,1,99,99,2,22,0,1,7,1,25,44,15000.0,15000.0,0.0,0,0.0,0.0,0.0,399.0,0,0,True,False,False,False,True,False,False,True,True,False,False,False,False,False,False,False,False,False,False,False,False,False,False,False,False,False,False,True,False,False,False,True,False,False,1
99,0,999999.0,625.0,19000.0,2,1,1,1,0,0,0,0,0,0,1,1,5,3,2,1,11,0,0,22,0,0,7,0,0,0,0.0,0.0,0.0,0,0.0,0.0,0.0,128.0,1,0,True,False,False,False,True,False,False,True,False,False,False,False,False,False,False,False,False,False,False,False,True,False,False,False,False,False,False,True,False,False,True,False,False,False,1
99,0,999999.0,575.0,16000.0,5,1,0,0,0,0,0,0,0,0,1,1,2,0,0,1,99,99,0,29,0,0,3,0,23,18,4000.0,4000.0,0.0,0,0.0,0.0,0.0,193.0,1,0,True,False,False,False,True,False,False,True,False,False,False,False,False,False,False,False,False,False,False,False,True,False,False,False,False,False,False,True,False,False,True,False,False,False,1
99,1,400000.0,0.0,97650.0,1,1,0,0,0,0,0,0,0,0,2,1,2,0,0,1,99,99,0,71,1,1,8,2,37,78,96050.0,0.0,75000.0,0,1050.0,0.0,0.0,501.0,0,6,True,False,False,False,True,False,False,True,False,False,False,True,False,False,False,False,False,False,False,False,False,False,False,False,False,False,False,True,False,False,True,False,False,False,1
99,1,225000.0,0.0,80213.0,1,0,0,1,0,0,0,1,0,1,0,0,2,0,0,1,99,99,0,61,1,0,6,0,32,42,62471.0,20622.0,0.0,0,0.0,0.0,0.0,501.0,0,0,True,False,False,False,True,False,False,True,True,False,False,False,False,False,False,False,False,False,False,False,False,False,False,False,False,False,False,True,True,False,False,False,False,False,1
99,0,999999.0,437.0,63000.0,1,0,1,0,0,0,0,0,0,0,0,0,4,0,0,1,99,99,0,22,0,0,7,0,18,44,2000.0,2000.0,0.0,0,0.0,0.0,0.0,493.0,0,0,True,False,False,False,True,False,False,True,False,False,False,False,False,False,True,False,False,False,False,False,False,False,False,False,False,False,False,True,False,False,False,True,False,False,1
99,0,999999.0,0.0,999999.0,1,0,0,0,0,0,0,0,0,0,0,0,1,0,0,1,99,99,0,20,1,0,6,0,11,18,12000.0,12000.0,0.0,0,0.0,0.0,0.0,0.0,1,0,False,False,True,False,False,True,False,True,False,False,False,False,False,True,False,False,False,False,False,False,False,False,False,False,False,False,False,True,False,False,False,True,False,False,0
99,1,400000.0,0.0,116700.0,1,1,1,1,0,0,0,0,0,0,1,1,4,2,0,1,18,15,0,46,0,0,8,0,22,51,500.0,0.0,0.0,0,0.0,0.0,0.0,501.0,0,0,True,False,False,False,True,False,False,True,False,False,False,False,False,False,False,False,False,False,False,False,True,False,False,False,False,False,False,True,False,False,True,False,False,False,1
99,0,999999.0,575.0,7560.0,2,0,0,0,0,0,0,0,0,0,0,0,1,0,0,1,99,99,0,54,1,0,6,0,0,0,7560.0,0.0,0.0,0,0.0,7560.0,0.0,117.0,1,1,True,False,False,False,True,False,False,True,False,False,False,True,False,False,False,False,False,False,False,False,False,False,True,False,False,False,False,False,False,False,False,False,True,False,1
99,1,350000.0,0.0,101000.0,1,1,0,0,0,0,0,0,0,0,2,2,2,0,0,1,99,99,0,39,0,0,8,0,35,62,82000.0,0.0,82000.0,0,0.0,0.0,0.0,501.0,1,2,True,False,False,False,True,False,False,True,False,False,False,True,False,False,False,False,False,False,False,False,False,False,False,False,False,False,False,True,False,False,True,False,False,False,1
99,1,400000.0,0.0,116600.0,1,1,1,1,2,0,1,1,0,1,0,0,4,0,0,1,99,99,1,1,1,0,7,0,0,0,0.0,999999.0,999999.0,999999,99999.0,99999.0,99999.0,501.0,1,0,True,False,False,False,True,False,False,True,True,False,False,False,False,False,False,False,False,False,False,False,False,False,False,False,False,False,False,True,False,False,False,True,False,False,1
99,0,999999.0,1000.0,35600.0,1,1,1,1,0,0,0,0,0,0,2,1,4,2,1,1,6,2,0,48,1,0,8,0,41,68,35000.0,35000.0,0.0,0,0.0,0.0,0.0,283.0,1,1,True,False,False,False,True,False,False,True,False,False,False,True,False,False,False,False,False,False,False,False,False,False,False,False,False,False,False,True,False,False,True,False,False,False,1
99,0,999999.0,625.0,18000.0,1,1,1,1,2,0,1,1,0,1,0,0,4,0,0,1,99,99,1,13,0,1,2,1,0,0,0.0,999999.0,999999.0,999999,99999.0,99999.0,99999.0,143.0,0,0,True,False,False,False,True,False,False,True,True,False,False,False,False,False,False,False,False,False,False,False,False,False,False,False,False,False,False,True,False,False,False,True,False,False,1
99,1,225000.0,0.0,72778.0,1,1,1,1,0,0,0,0,0,0,2,1,4,2,0,1,24,13,0,75,1,0,6,0,0,0,14247.0,0.0,0.0,0,11747.0,0.0,0.0,501.0,0,7,True,False,False,False,True,False,False,True,False,False,False,True,False,False,False,False,False,False,False,False,False,False,False,False,False,False,False,True,False,False,True,False,False,False,1
99,0,999999.0,0.0,999999.0,1,0,0,0,0,0,0,0,0,0,0,0,1,0,0,1,99,99,0,25,1,0,6,0,11,18,12777.0,12657.0,0.0,0,0.0,0.0,0.0,0.0,1,0,False,False,True,False,False,True,False,True,False,False,False,False,False,True,False,False,False,False,False,False,False,False,False,False,False,False,False,True,False,False,False,True,False,False,0
99,0,999999.0,875.0,15000.0,2,0,1,0,0,0,0,0,0,0,0,0,1,0,0,2,99,99,0,40,1,0,8,0,35,68,25000.0,25000.0,0.0,0,0.0,0.0,0.0,388.0,1,0,True,False,False,False,True,False,False,True,False,False,False,False,False,False,False,False,False,True,False,False,False,False,False,False,False,False,False,True,True,False,False,False,False,False,1
99,0,999999.0,0.0,999999.0,1,0,0,0,0,0,0,0,0,0,0,0,1,0,0,1,99,99,0,57,0,0,8,0,22,60,6259.0,0.0,0.0,0,6259.0,0.0,0.0,0.0,1,0,False,True,False,True,False,False,False,True,False,False,False,False,True,False,False,False,False,False,False,False,False,False,False,False,False,False,False,True,False,False,False,True,False,False,1
99,1,350000.0,0.0,83000.0,1,1,1,1,0,0,0,0,0,0,2,1,3,1,0,1,15,15,0,45,1,0,6,0,41,68,25000.0,0.0,25000.0,0,0.0,0.0,0.0,501.0,1,2,True,False,False,False,True,False,False,True,False,False,False,True,False,False,False,False,False,False,False,False,False,False,False,False,False,False,False,True,False,False,True,False,False,False,1
99,0,999999.0,675.0,28000.0,1,1,1,1,2,0,1,1,0,1,0,0,6,0,0,1,99,99,3,9,1,1,1,2,0,0,0.0,999999.0,999999.0,999999,99999.0,99999.0,99999.0,164.0,0,0,True,False,False,False,True,False,False,True,True,False,False,False,False,False,False,False,False,False,False,False,False,False,False,False,False,False,False,True,False,False,False,True,False,False,1
99,1,400000.0,0.0,190603.0,2,1,1,1,2,0,1,1,0,1,0,0,4,0,0,1,99,99,1,4,0,0,0,0,0,0,0.0,999999.0,999999.0,999999,99999.0,99999.0,99999.0,501.0,1,0,True,False,False,False,True,False,False,True,True,False,False,False,False,False,False,False,False,False,False,False,False,False,False,False,False,False,False,True,False,False,False,True,False,False,1
99,1,275000.0,0.0,16034.0,1,0,1,0,0,0,0,0,0,0,0,0,2,1,0,1,29,29,0,62,0,0,7,0,22,61,11034.0,0.0,0.0,0,0.0,0.0,5400.0,193.0,0,8,True,False,False,False,True,False,False,True,False,False,False,True,False,False,False,False,False,False,False,False,False,False,False,False,False,False,False,True,True,False,False,False,False,False,1
99,0,999999.0,387.0,7500.0,2,0,0,0,0,0,0,0,0,0,0,0,3,0,0,1,99,99,0,36,1,0,4,0,0,0,0.0,0.0,0.0,0,0.0,0.0,0.0,77.0,1,0,True,False,False,False,True,False,False,True,False,False,False,False,False,False,True,False,False,False,False,False,False,False,False,False,False,False,False,True,False,True,False,False,False,False,1
99,1,400000.0,0.0,95000.0,1,1,0,0,0,0,0,0,0,0,2,1,2,0,0,1,99,99,0,59,1,0,8,0,41,72,95000.0,74000.0,0.0,0,0.0,0.0,0.0,501.0,0,7,True,False,False,False,True,False,False,True,False,False,False,True,False,False,False,False,False,False,False,False,False,False,False,False,False,False,False,True,False,False,True,False,False,False,1
99,0,999999.0,537.0,30189.0,2,0,0,0,0,0,0,0,0,0,0,0,1,0,0,1,99,99,0,30,1,1,7,1,23,45,30189.0,15000.0,0.0,0,0.0,15189.0,0.0,468.0,1,1,True,False,False,False,True,False,False,True,False,False,False,True,False,False,False,False,False,False,False,False,False,False,False,False,False,False,False,True,False,False,False,True,False,False,1
99,1,350000.0,0.0,77076.0,1,2,2,2,0,0,0,0,0,0,3,1,6,2,2,1,1,1,0,25,0,0,6,0,26,52,1200.0,1200.0,0.0,0,0.0,0.0,0.0,442.0,1,0,True,False,False,False,True,False,False,True,False,True,False,False,False,False,False,False,False,False,False,False,False,False,False,False,False,False,False,True,False,False,True,False,False,False,1
99,0,999999.0,625.0,18000.0,2,0,0,0,0,0,0,0,0,0,0,0,1,0,0,1,99,99,0,20,1,1,6,1,41,68,18000.0,18000.0,0.0,0,0.0,0.0,0.0,279.0,1,1,True,False,False,False,True,False,False,True,False,False,False,True,False,False,False,False,False,False,False,False,False,False,False,False,False,False,False,True,False,False,False,True,False,False,0
99,1,95000.0,0.0,41700.0,1,0,1,0,1,0,1,0,0,0,0,0,2,0,0,1,99,99,0,17,0,1,5,1,18,44,4200.0,4200.0,0.0,0,0.0,0.0,0.0,488.0,1,0,True,False,False,False,True,False,False,True,True,False,False,False,False,False,False,False,False,False,False,False,False,False,False,False,False,False,False,True,False,False,False,True,False,False,0
99,1,350000.0,0.0,51390.0,1,1,1,0,0,0,0,0,0,0,0,0,4,1,0,1,24,24,0,50,0,0,7,0,41,68,40000.0,36000.0,0.0,0,0.0,0.0,0.0,402.0,0,7,True,False,False,False,True,False,False,True,False,False,False,True,False,False,False,False,False,False,False,False,False,False,False,False,False,False,False,True,True,False,False,False,False,False,1
99,1,225000.0,0.0,56702.0,1,1,0,0,0,0,0,0,0,0,2,2,2,0,0,1,99,99,0,69,0,0,6,0,0,0,18552.0,0.0,0.0,0,6214.0,0.0,0.0,501.0,0,5,True,False,False,False,True,False,False,True,False,False,False,True,False,False,False,False,False,False,False,False,False,False,False,False,False,False,False,True,False,False,True,False,False,False,1
99,0,999999.0,625.0,35207.0,1,1,1,1,0,0,0,0,0,0,2,1,6,4,1,1,17,2,0,36,1,0,2,0,23,16,23137.0,21521.0,0.0,0,1616.0,0.0,0.0,212.0,1,2,True,False,False,False,True,False,False,True,False,False,False,True,False,False,False,False,False,False,False,False,False,False,False,False,False,False,False,True,False,False,True,False,False,False,0
99,0,999999.0,575.0,8000.0,2,0,0,1,0,0,0,1,1,1,0,0,5,0,0,1,99,99,1,13,1,1,2,1,0,0,0.0,999999.0,999999.0,999999,99999.0,99999.0,99999.0,53.0,1,0,True,False,False,False,True,False,False,True,True,False,False,False,False,False,False,False,False,False,False,False,False,False,False,False,False,False,False,True,False,False,False,True,False,False,1
99,1,225000.0,0.0,119000.0,1,1,1,1,0,0,0,0,0,0,1,1,3,1,0,1,21,21,0,44,0,0,6,0,34,53,44000.0,38000.0,0.0,0,0.0,0.0,0.0,501.0,0,0,True,False,False,False,True,False,False,True,False,False,False,False,False,False,False,False,False,False,False,False,True,False,True,False,False,False,False,False,False,False,True,False,False,False,1
99,1,137500.0,0.0,51943.0,1,1,1,1,2,0,1,1,0,1,0,0,8,0,0,1,99,99,5,13,1,1,2,1,0,0,0.0,999999.0,999999.0,999999,99999.0,99999.0,99999.0,246.0,0,0,True,False,False,False,True,False,False,True,True,False,False,False,False,False,False,False,False,False,False,False,False,False,False,False,False,False,False,True,False,False,False,True,False,False,1
99,1,187500.0,0.0,31542.0,1,1,1,1,1,0,1,2,0,1,0,0,4,0,0,1,99,99,1,17,0,1,5,1,0,0,0.0,0.0,0.0,0,0.0,0.0,0.0,251.0,0,0,True,False,False,False,True,False,False,True,True,False,False,False,False,False,False,False,False,False,False,False,False,False,True,False,False,False,False,False,False,False,False,True,False,False,1
99,0,999999.0,487.0,15965.0,1,1,1,1,0,0,0,0,0,0,1,1,3,1,1,1,1,1,0,24,0,0,4,0,22,18,14765.0,14765.0,0.0,0,0.0,0.0,0.0,160.0,1,0,True,False,False,False,True,False,False,True,False,False,False,False,False,False,False,False,False,False,False,False,True,False,False,False,False,False,False,True,False,False,True,False,False,False,1
99,0,999999.0,512.0,35888.0,1,1,1,1,2,0,1,1,0,1,0,0,7,0,0,1,99,99,3,11,0,1,2,1,0,0,0.0,999999.0,999999.0,999999,99999.0,99999.0,99999.0,187.0,0,0,True,False,False,False,True,False,False,True,True,False,False,False,False,False,False,False,False,False,False,False,False,False,False,False,False,False,False,True,False,False,False,True,False,False,1
99,0,999999.0,387.0,14000.0,1,1,1,1,0,0,0,0,0,0,0,0,4,0,0,1,99,99,1,23,1,0,3,0,24,19,2000.0,0.0,2000.0,0,0.0,0.0,0.0,108.0,1,0,True,False,False,False,True,False,False,True,False,False,False,False,False,False,False,False,False,False,False,True,False,False,False,False,False,False,False,True,False,False,False,True,False,False,1
99,1,225000.0,0.0,64000.0,1,1,1,1,0,0,0,0,0,0,2,1,4,2,0,1,14,12,0,46,1,0,8,0,24,47,28000.0,23000.0,0.0,0,0.0,0.0,0.0,501.0,0,6,True,False,False,False,True,False,False,True,False,False,False,True,False,False,False,False,False,False,False,False,False,False,False,False,False,False,False,True,False,False,True,False,False,False,1
99,0,999999.0,675.0,8400.0,4,0,1,0,0,0,0,0,0,0,0,0,1,0,0,1,99,99,0,38,1,1,4,2,20,8,8400.0,8400.0,0.0,0,0.0,0.0,0.0,130.0,1,2,True,False,False,False,True,False,False,True,False,False,False,True,False,False,False,False,False,False,False,False,False,False,False,False,False,False,False,True,False,False,False,True,False,False,1
99,0,999999.0,282.0,20000.0,1,1,1,1,2,0,1,1,0,1,0,0,10,0,0,1,99,99,7,13,0,1,2,1,0,0,0.0,999999.0,999999.0,999999,99999.0,99999.0,99999.0,83.0,0,0,True,False,False,False,True,False,False,True,True,False,False,False,False,False,False,False,False,False,False,False,False,False,False,False,False,False,False,True,False,False,False,True,False,False,1
99,1,275000.0,0.0,79000.0,1,1,1,1,0,0,0,0,0,0,1,1,4,2,2,1,4,2,0,34,0,0,6,0,22,51,24000.0,24000.0,0.0,0,0.0,0.0,0.0,501.0,1,0,True,False,False,False,True,False,False,True,False,False,False,False,False,False,False,False,False,False,False,False,True,False,False,True,False,False,False,False,False,False,True,False,False,False,1
99,0,999999.0,625.0,29023.0,1,1,1,1,0,0,0,0,0,0,1,1,3,1,0,1,7,7,0,25,0,0,4,0,29,39,13698.0,13698.0,0.0,0,0.0,0.0,0.0,291.0,1,0,True,False,False,False,True,False,False,True,False,False,False,False,False,False,False,False,False,False,False,False,True,False,False,False,False,False,False,True,False,False,True,False,False,False,1
99,0,999999.0,512.0,25000.0,2,0,0,0,0,0,0,0,0,0,0,0,1,0,0,2,99,99,0,25,0,0,7,0,35,66,25000.0,25000.0,0.0,0,0.0,0.0,0.0,388.0,1,0,True,False,False,False,True,False,False,True,False,False,False,False,False,False,False,False,False,True,False,False,False,False,False,False,False,False,False,True,False,False,False,True,False,False,1
99,0,999999.0,362.0,23000.0,1,1,1,1,0,0,0,0,0,0,1,1,8,6,0,1,18,5,0,38,0,0,2,0,0,0,0.0,0.0,0.0,0,0.0,0.0,0.0,109.0,0,0,True,False,False,False,True,False,False,True,False,False,False,False,False,False,False,False,False,False,False,False,True,False,False,False,False,False,False,True,False,False,True,False,False,False,1
99,1,112500.0,0.0,48000.0,1,0,1,0,1,0,1,0,0,0,0,0,2,0,0,1,99,99,0,35,0,1,7,1,19,46,40000.0,40000.0,0.0,0,0.0,0.0,0.0,501.0,0,0,True,False,False,False,True,False,False,True,True,False,False,False,False,False,False,False,False,False,False,False,False,False,True,False,False,False,False,False,False,False,False,False,True,False,1
99,0,999999.0,625.0,5000.0,2,0,1,0,0,0,0,0,0,0,0,0,1,0,0,2,99,99,0,29,1,0,6,0,25,15,36000.0,36000.0,0.0,0,0.0,0.0,0.0,501.0,1,0,True,False,False,False,True,False,False,True,False,False,False,False,False,True,False,False,False,False,False,False,False,False,False,False,False,False,False,True,True,False,False,False,False,False,1
99,0,999999.0,512.0,31000.0,2,1,1,1,0,0,0,0,0,0,2,1,7,5,2,1,8,1,0,32,1,0,3,0,27,22,16000.0,16000.0,0.0,0,0.0,0.0,0.0,167.0,0,5,True,False,False,False,True,False,False,True,False,False,False,True,False,False,False,False,False,False,False,False,False,False,False,False,False,False,False,True,False,False,True,False,False,False,1
99,0,999999.0,575.0,50000.0,1,1,0,0,0,0,0,0,0,0,0,0,3,0,0,1,99,99,0,2,0,0,7,0,0,0,0.0,999999.0,999999.0,999999,99999.0,99999.0,99999.0,501.0,1,0,True,False,False,False,True,False,False,True,False,False,True,False,False,False,False,False,False,False,False,False,False,False,True,False,False,False,False,False,False,False,False,True,False,False,1
99,1,400000.0,0.0,143000.0,1,1,1,1,0,0,0,0,0,0,2,1,4,1,0,1,23,23,0,54,1,0,8,0,79,92,105000.0,100000.0,0.0,0,0.0,0.0,0.0,501.0,0,6,True,False,False,False,True,False,False,True,False,False,False,True,False,False,False,False,False,False,False,False,False,False,False,False,False,False,False,True,False,False,True,False,False,False,1
99,0,999999.0,875.0,29000.0,1,0,0,0,0,0,0,0,0,0,0,0,1,0,0,1,99,99,0,35,1,1,8,1,25,52,29000.0,12000.0,15000.0,0,0.0,0.0,0.0,450.0,1,1,True,False,False,False,True,False,False,True,False,False,False,True,False,False,False,False,False,False,False,False,False,False,False,False,False,False,False,True,False,False,False,True,False,False,1
99,0,999999.0,575.0,44000.0,1,1,0,0,0,0,0,0,0,0,1,2,2,0,0,1,99,99,0,33,1,0,7,0,32,34,22000.0,22000.0,0.0,0,0.0,0.0,0.0,501.0,1,0,True,False,False,False,True,False,False,True,False,False,False,False,False,False,False,False,False,False,False,False,True,False,False,False,False,False,False,True,False,False,True,False,False,False,1
99,1,77500.0,0.0,47000.0,1,1,1,1,0,0,0,0,0,0,2,1,4,2,0,1,18,13,0,45,1,0,5,0,20,9,27000.0,27000.0,0.0,0,0.0,0.0,0.0,362.0,0,6,True,False,False,False,True,False,False,True,False,False,False,True,False,False,False,False,False,False,False,False,False,False,False,False,False,False,False,True,False,False,True,False,False,False,0
99,1,112500.0,0.0,32733.0,1,0,0,0,0,0,0,0,0,0,0,0,1,0,0,1,99,99,0,79,0,0,8,0,0,0,32733.0,0.0,0.0,0,2650.0,0.0,0.0,501.0,0,8,True,False,False,False,True,False,False,True,False,False,False,True,False,False,False,False,False,False,False,False,False,False,False,False,False,False,False,True,False,False,False,False,False,True,1
99,0,999999.0,625.0,24000.0,2,0,0,0,0,0,0,0,0,0,0,0,1,0,0,1,99,99,0,20,0,0,6,0,11,16,24000.0,24000.0,0.0,0,0.0,0.0,0.0,372.0,0,1,True,False,False,False,True,False,False,True,False,False,False,True,False,False,False,False,False,False,False,False,False,False,False,False,False,False,False,True,False,False,False,True,False,False,1
99,1,85000.0,0.0,0.0,2,0,0,0,0,0,0,0,0,0,0,0,1,0,0,2,99,99,0,46,0,0,6,0,24,44,5100.0,5100.0,0.0,0,0.0,0.0,0.0,79.0,1,0,True,False,False,False,True,False,False,True,False,False,False,False,False,False,False,False,False,True,False,False,False,False,False,False,False,False,False,True,True,False,False,False,False,False,1
99,1,37500.0,0.0,17000.0,1,1,1,1,2,0,1,1,0,1,0,0,4,0,0,1,99,99,1,9,0,1,1,2,0,0,0.0,999999.0,999999.0,999999,99999.0,99999.0,99999.0,135.0,1,0,True,False,False,False,True,False,False,True,True,False,False,False,False,False,False,False,False,False,False,False,False,False,False,False,False,True,False,False,False,False,False,True,False,False,1
99,1,137500.0,0.0,54450.0,1,0,0,0,0,0,0,0,0,0,0,0,1,0,0,1,99,99,0,27,1,0,8,0,41,68,54450.0,54000.0,0.0,0,0.0,0.0,0.0,501.0,1,1,True,False,False,False,True,False,False,True,False,False,False,True,False,False,False,False,False,False,False,False,False,False,False,False,False,False,False,True,False,False,False,True,False,False,1
99,0,999999.0,875.0,26280.0,1,0,2,0,0,0,0,0,0,0,0,0,3,1,0,1,30,30,0,55,0,0,8,0,27,64,25680.0,25680.0,0.0,0,0.0,0.0,0.0,263.0,0,2,True,False,False,False,True,False,False,True,False,False,False,True,False,False,False,False,False,False,False,False,False,False,True,False,False,False,False,False,True,False,False,False,False,False,1
99,0,999999.0,875.0,15708.0,1,1,1,1,0,0,0,0,0,0,1,1,7,5,0,1,22,9,0,42,0,0,2,0,22,18,0.0,0.0,0.0,0,0.0,0.0,0.0,78.0,1,0,True,False,False,False,True,False,False,True,False,False,False,False,False,False,False,False,False,False,False,False,True,False,False,False,False,False,False,True,False,False,True,False,False,False,1
99,1,400000.0,0.0,143000.0,1,1,1,1,0,0,0,0,0,0,1,1,5,3,0,1,28,10,0,55,0,0,7,0,38,49,25000.0,25000.0,0.0,0,0.0,0.0,0.0,501.0,1,0,True,False,False,False,True,False,False,True,False,False,False,False,False,False,False,False,False,False,False,False,True,False,False,False,False,False,False,True,False,False,True,False,False,False,1
99,1,350000.0,0.0,21418.0,1,1,0,0,0,0,0,0,0,0,2,2,2,0,0,1,99,99,0,52,0,0,7,0,20,8,6000.0,0.0,0.0,0,0.0,0.0,0.0,258.0,0,2,True,False,False,False,True,False,False,True,False,False,False,True,False,False,False,False,False,False,False,False,False,False,False,False,False,False,False,True,False,False,True,False,False,False,1
99,1,350000.0,0.0,84600.0,1,1,1,1,0,0,0,0,0,0,1,1,4,2,0,1,8,5,0,40,0,0,6,0,22,61,22000.0,22000.0,0.0,0,0.0,0.0,0.0,501.0,1,0,True,False,False,False,True,False,False,True,False,False,False,False,False,False,False,False,False,False,False,False,True,False,False,True,False,False,False,False,False,False,True,False,False,False,1
99,1,400000.0,0.0,333831.0,1,0,1,0,0,0,0,0,0,0,0,0,2,1,0,1,42,42,0,69,0,0,6,0,0,0,4800.0,0.0,0.0,0,0.0,4800.0,0.0,501.0,1,0,True,False,False,False,True,False,False,True,False,False,False,False,False,False,False,True,False,False,False,False,False,False,False,False,False,False,False,True,False,False,False,False,False,True,1
99,1,225000.0,0.0,22691.0,1,1,0,0,0,0,0,0,0,0,1,1,2,0,0,1,99,99,0,68,0,0,6,0,22,61,9444.0,0.0,0.0,0,7020.0,0.0,0.0,303.0,0,0,True,False,False,False,True,False,False,True,False,False,False,False,False,False,False,False,False,False,False,False,True,False,False,False,False,False,False,True,False,False,True,False,False,False,1
99,0,999999.0,312.0,16000.0,2,0,1,0,0,0,0,0,0,0,0,0,4,3,1,1,19,3,0,45,0,0,6,0,23,18,12500.0,10000.0,0.0,0,900.0,1600.0,0.0,127.0,0,5,True,False,False,False,True,False,False,True,False,False,False,True,False,False,False,False,False,False,False,False,False,False,False,False,False,False,False,True,True,False,False,False,False,False,1
99,0,999999.0,0.0,999999.0,1,0,0,0,0,0,0,0,0,0,0,0,1,0,0,1,99,99,0,17,1,1,4,1,0,0,0.0,0.0,0.0,0,0.0,0.0,0.0,0.0,1,0,False,True,False,True,False,False,False,True,False,False,False,False,True,False,False,False,False,False,False,False,False,False,False,False,False,False,False,True,False,False,False,True,False,False,1
99,1,137500.0,0.0,53000.0,1,1,0,0,0,0,0,0,0,0,2,1,2,0,0,1,99,99,0,47,1,0,7,0,30,21,53000.0,53000.0,0.0,0,0.0,0.0,0.0,501.0,0,2,True,False,False,False,True,False,False,True,False,False,False,True,False,False,False,False,False,False,False,False,False,False,False,False,False,False,False,True,False,False,True,False,False,False,1
99,0,999999.0,1000.0,0.0,4,0,0,0,0,0,0,0,0,0,0,0,1,0,0,3,99,99,0,22,1,1,7,1,0,0,0.0,0.0,0.0,0,0.0,0.0,0.0,1.0,1,0,True,False,False,False,True,False,False,True,False,False,False,False,False,False,False,False,False,True,False,False,False,False,False,False,False,False,False,True,False,False,False,True,False,False,1
99,0,999999.0,1000.0,133000.0,1,1,1,1,0,0,0,0,0,0,1,1,5,3,0,1,11,6,0,38,0,0,7,0,0,0,0.0,0.0,0.0,0,0.0,0.0,0.0,501.0,1,0,True,False,False,False,True,False,False,True,False,False,False,False,False,False,False,False,False,False,False,False,True,False,False,False,True,False,False,False,False,False,True,False,False,False,1
99,1,225000.0,0.0,28641.0,1,1,1,1,0,0,0,0,0,0,1,1,6,4,1,1,9,2,0,30,0,0,7,0,0,0,0.0,0.0,0.0,0,0.0,0.0,0.0,173.0,1,0,True,False,False,False,True,False,False,True,False,False,False,False,False,False,False,False,False,False,False,False,True,False,False,False,False,False,False,True,False,False,True,False,False,False,1
99,1,400000.0,0.0,58603.0,3,1,1,1,3,2,7,2,0,3,0,0,4,0,0,2,99,99,1,24,1,1,8,1,37,78,1280.0,1200.0,0.0,0,0.0,0.0,0.0,409.0,1,0,True,False,False,False,True,False,False,True,False,False,False,False,False,True,False,False,False,False,False,False,False,False,False,True,False,False,False,False,False,False,False,True,False,False,1
99,1,400000.0,0.0,129000.0,1,1,1,1,2,0,1,1,0,1,0,0,4,0,0,1,99,99,1,15,1,1,2,1,0,0,0.0,999999.0,999999.0,999999,0.0,0.0,0.0,501.0,1,0,True,False,False,False,True,False,False,True,True,False,False,False,False,False,False,False,False,False,False,False,False,False,True,False,False,False,False,False,False,False,False,True,False,False,1
99,0,999999.0,675.0,7800.0,2,0,0,1,0,0,0,0,0,0,0,0,2,1,1,1,0,0,0,26,1,0,2,0,23,18,7800.0,7800.0,0.0,0,0.0,0.0,0.0,91.0,1,2,True,False,False,False,True,False,False,True,False,False,False,True,False,False,False,False,False,False,False,False,False,False,False,False,False,False,False,True,False,False,False,True,False,False,0
99,1,350000.0,0.0,72993.0,1,1,0,0,0,0,0,0,0,0,2,1,2,0,0,1,99,99,0,64,1,0,7,0,41,68,41906.0,0.0,0.0,0,9042.0,0.0,0.0,501.0,0,8,True,False,False,False,True,False,False,True,False,False,False,True,False,False,False,False,False,False,False,False,False,False,False,False,False,False,False,True,False,False,True,False,False,False,1
99,0,999999.0,1000.0,8180.0,3,0,0,0,0,0,0,0,0,0,0,0,1,0,0,3,99,99,0,28,1,0,8,0,41,68,27000.0,27000.0,0.0,0,0.0,0.0,0.0,419.0,1,0,True,False,False,False,True,False,False,True,False,False,False,False,False,False,False,False,False,True,False,False,False,False,False,False,False,False,False,True,False,False,False,True,False,False,1
99,0,999999.0,512.0,12000.0,4,0,0,1,0,0,0,0,0,0,0,0,1,0,0,2,99,99,0,19,1,0,3,0,23,18,7600.0,7600.0,0.0,0,0.0,0.0,0.0,118.0,1,0,True,False,False,False,True,False,False,True,False,False,False,False,False,False,False,False,False,True,False,False,False,False,False,False,False,False,False,True,False,False,False,True,False,False,1
99,1,400000.0,0.0,129791.0,1,1,0,0,0,0,0,0,0,0,2,1,2,0,0,1,99,99,0,83,1,0,6,0,0,0,65188.0,0.0,0.0,0,6585.0,0.0,0.0,501.0,0,8,True,False,False,False,True,False,False,True,False,False,False,True,False,False,False,False,False,False,False,False,False,False,False,False,False,False,False,True,False,False,True,False,False,False,1
99,1,162500.0,0.0,44000.0,1,1,1,1,0,0,0,0,0,0,2,1,4,2,0,1,16,12,0,39,1,0,8,0,23,18,26000.0,26000.0,0.0,0,0.0,0.0,0.0,350.0,1,1,True,False,False,False,True,False,False,True,False,False,False,True,False,False,False,False,False,False,False,False,False,False,False,False,False,True,False,False,False,False,True,False,False,False,1
99,1,350000.0,0.0,47000.0,1,2,1,1,4,7,1,3,0,1,2,1,4,0,0,1,99,99,0,26,1,0,7,0,34,53,28000.0,28000.0,0.0,0,0.0,0.0,0.0,367.0,0,7,True,False,False,False,True,False,False,True,False,False,False,True,False,False,False,False,False,False,False,False,False,False,False,False,False,False,False,True,False,False,True,False,False,False,1
99,1,85000.0,0.0,61794.0,1,1,2,1,5,0,1,0,0,0,2,1,8,2,0,1,9,7,2,31,1,0,6,0,33,44,29600.0,29600.0,0.0,0,0.0,0.0,0.0,273.0,1,2,True,False,False,False,True,False,False,True,False,False,False,True,False,False,False,False,False,False,False,False,False,False,False,False,False,False,False,True,False,False,True,False,False,False,1
99,1,400000.0,0.0,79000.0,1,1,1,1,0,0,0,0,0,0,2,1,5,3,0,1,12,5,0,43,1,0,8,0,48,87,74000.0,74000.0,0.0,0,0.0,0.0,0.0,501.0,1,2,True,False,False,False,True,False,False,True,False,False,False,True,False,False,False,False,False,False,False,False,False,False,False,False,False,True,False,False,False,False,True,False,False,False,1
99,1,350000.0,0.0,20400.0,1,1,1,2,0,0,0,5,0,1,2,1,5,2,0,1,13,10,0,39,1,0,6,0,11,11,15000.0,15000.0,0.0,0,0.0,0.0,0.0,134.0,1,5,True,False,False,False,True,False,False,True,False,False,False,True,False,False,False,False,False,False,False,False,False,False,False,False,False,False,False,True,False,False,True,False,False,False,1
99,1,162500.0,0.0,62000.0,1,1,1,1,2,0,1,1,0,1,0,0,4,0,0,1,99,99,1,17,1,0,6,0,0,0,0.0,0.0,0.0,0,0.0,0.0,0.0,493.0,0,0,True,False,False,False,True,False,False,True,True,False,False,False,False,False,False,False,False,False,False,False,False,False,True,False,False,False,False,False,False,False,False,True,False,False,1
99,0,999999.0,875.0,20268.0,1,1,1,1,0,0,0,0,0,0,2,1,3,1,0,1,24,24,0,65,1,0,6,0,42,84,8500.0,0.0,8500.0,0,0.0,0.0,0.0,209.0,1,2,True,False,False,False,True,False,False,True,False,False,False,True,False,False,False,False,False,False,False,False,False,False,False,False,False,False,False,True,False,False,True,False,False,False,1
99,1,187500.0,0.0,65000.0,1,1,1,1,2,0,1,1,0,1,0,0,5,0,0,1,99,99,2,22,1,1,3,1,0,0,0.0,0.0,0.0,0,0.0,0.0,0.0,429.0,0,0,True,False,False,False,True,False,False,True,True,False,False,False,False,False,False,False,False,False,False,False,False,False,True,False,False,False,False,False,False,False,False,True,False,False,1
99,0,999999.0,625.0,46000.0,1,1,1,1,0,0,0,0,0,0,2,1,4,2,0,1,12,8,0,47,1,0,6,0,34,49,43000.0,43000.0,0.0,0,0.0,0.0,0.0,366.0,0,6,True,False,False,False,True,False,False,True,False,False,False,True,False,False,False,False,False,False,False,False,False,False,False,False,False,False,False,True,False,False,True,False,False,False,1
99,1,400000.0,0.0,31500.0,1,1,1,1,2,0,1,1,0,1,0,0,5,0,0,1,99,99,2,17,0,1,4,1,24,47,0.0,0.0,0.0,0,0.0,0.0,0.0,201.0,1,0,True,False,False,False,True,False,False,True,True,False,False,False,False,False,False,False,False,False,False,False,False,False,False,False,False,False,False,True,False,False,False,True,False,False,0
99,0,999999.0,412.0,9000.0,2,0,1,0,1,0,1,0,0,0,0,0,4,0,0,1,99,99,2,4,1,0,0,0,0,0,0.0,999999.0,999999.0,999999,99999.0,99999.0,99999.0,71.0,1,0,True,False,False,False,True,False,False,True,True,False,False,False,False,False,False,False,False,False,False,False,False,False,False,False,False,False,False,True,False,False,False,True,False,False,1
99,1,162500.0,0.0,38845.0,1,1,0,0,0,0,0,0,0,0,2,1,3,0,0,1,99,99,0,77,1,0,6,0,0,0,17274.0,0.0,0.0,0,10570.0,0.0,0.0,401.0,0,8,True,False,False,False,True,False,False,True,False,False,False,True,False,False,False,False,False,False,False,False,False,False,False,False,False,False,False,True,False,False,True,False,False,False,1
99,1,187500.0,0.0,12659.0,2,1,1,1,0,0,0,0,0,0,2,2,4,2,2,1,4,2,0,28,0,0,7,0,26,72,2500.0,2500.0,0.0,0,0.0,0.0,0.0,101.0,0,5,True,False,False,False,True,False,False,True,False,False,False,True,False,False,False,False,False,False,False,False,False,False,False,False,False,False,False,True,False,False,True,False,False,False,1
99,1,187500.0,0.0,10385.0,1,0,0,0,0,0,0,0,0,0,0,0,1,0,0,1,99,99,0,90,0,0,3,0,0,0,10385.0,0.0,0.0,0,6400.0,0.0,0.0,175.0,0,8,True,False,False,False,True,False,False,True,False,False,False,True,False,False,False,False,False,False,False,False,False,False,False,False,False,False,False,True,False,False,False,False,False,True,1
99,1,400000.0,0.0,101600.0,2,0,0,1,0,0,0,1,0,1,0,0,3,0,0,1,99,99,1,20,1,1,7,2,42,86,600.0,0.0,600.0,0,0.0,0.0,0.0,501.0,0,0,True,False,False,False,True,False,False,True,True,False,False,False,False,False,False,False,False,False,False,False,False,False,False,False,False,False,False,True,False,False,False,True,False,False,1
99,0,999999.0,725.0,32060.0,1,1,1,1,2,7,1,1,0,1,0,0,3,0,0,1,99,99,0,0,0,0,7,0,0,0,0.0,999999.0,999999.0,999999,99999.0,99999.0,99999.0,321.0,1,0,True,False,False,False,True,False,False,True,True,False,False,False,False,False,False,False,False,False,False,False,False,False,False,False,False,False,False,True,False,False,False,True,False,False,1
99,1,95000.0,0.0,25993.0,1,0,0,0,0,0,0,0,0,0,0,0,1,0,0,1,99,99,0,62,0,0,7,0,25,52,25993.0,17636.0,0.0,0,0.0,0.0,0.0,403.0,0,7,True,False,False,False,True,False,False,True,False,False,False,True,False,False,False,False,False,False,False,False,False,False,False,False,False,False,False,True,False,False,False,False,False,True,1
99,0,999999.0,875.0,101000.0,1,1,1,1,0,0,0,0,0,0,4,1,4,2,0,1,28,27,0,71,1,0,2,0,0,0,6000.0,0.0,0.0,0,0.0,6000.0,0.0,501.0,1,0,True,False,False,False,True,False,False,True,False,False,False,False,False,False,False,True,False,False,False,False,False,False,False,False,False,False,False,True,False,False,True,False,False,False,1
99,0,999999.0,362.0,9360.0,1,1,1,1,2,0,1,1,0,1,0,0,3,0,0,1,99,99,0,1,1,0,7,0,0,0,0.0,999999.0,999999.0,999999,99999.0,99999.0,99999.0,94.0,1,0,True,False,False,False,True,False,False,True,True,False,False,False,False,False,False,False,False,False,False,False,False,False,False,False,False,False,False,True,False,False,False,True,False,False,1
99,0,999999.0,437.0,30000.0,1,1,2,1,2,0,1,1,0,1,0,0,7,0,0,1,99,99,3,11,1,1,2,1,0,0,0.0,999999.0,999999.0,999999,99999.0,99999.0,99999.0,156.0,1,0,True,False,False,False,True,False,False,True,True,False,False,False,False,False,False,False,False,False,False,False,False,False,False,False,False,False,False,True,False,False,False,True,False,False,1
99,1,187500.0,0.0,75010.0,1,1,0,0,0,0,0,0,0,0,2,1,2,0,0,1,99,99,0,30,1,0,8,0,38,68,30005.0,30000.0,0.0,0,0.0,0.0,0.0,501.0,1,1,True,False,False,False,True,False,False,True,False,False,False,True,False,False,False,False,False,False,False,False,False,False,False,False,False,False,False,True,False,False,True,False,False,False,1
99,1,162500.0,0.0,26000.0,1,0,2,0,1,0,1,0,0,0,0,0,5,2,1,1,5,3,1,37,0,0,7,0,17,13,15000.0,15000.0,0.0,0,0.0,0.0,0.0,171.0,0,0,True,False,False,False,True,False,False,True,True,False,False,False,False,False,False,False,False,False,False,False,False,False,False,False,False,False,False,True,False,True,False,False,False,False,1
99,0,999999.0,512.0,39600.0,2,1,1,1,2,0,1,1,0,1,0,0,10,0,0,1,99,99,4,4,1,0,0,0,0,0,0.0,999999.0,999999.0,999999,99999.0,99999.0,99999.0,147.0,1,0,True,False,False,False,True,False,False,True,True,False,False,False,False,False,False,False,False,False,False,False,False,False,False,False,False,False,False,True,False,False,False,True,False,False,1
99,1,350000.0,0.0,99000.0,1,1,1,1,2,0,1,1,0,1,0,0,4,0,0,1,99,99,1,3,1,1,0,1,0,0,0.0,999999.0,999999.0,999999,99999.0,99999.0,99999.0,501.0,1,0,True,False,False,False,True,False,False,True,True,False,False,False,False,False,False,False,False,False,False,False,False,False,False,False,False,False,False,True,False,False,False,True,False,False,1
99,0,999999.0,512.0,0.0,4,0,0,0,0,0,0,0,0,0,0,0,1,0,0,3,99,99,0,27,1,1,2,1,20,12,2550.0,2550.0,0.0,0,0.0,0.0,0.0,40.0,1,0,True,False,False,False,True,False,False,True,False,False,False,False,False,False,False,False,False,True,False,False,False,False,False,False,False,False,False,True,False,False,False,True,False,False,1
99,1,187500.0,0.0,56295.0,1,0,0,0,0,0,0,0,0,0,0,0,5,0,0,1,99,99,0,18,0,1,6,1,0,0,0.0,0.0,0.0,0,0.0,0.0,0.0,365.0,1,0,True,False,False,False,True,False,False,True,False,False,False,False,False,False,True,False,False,False,False,False,False,False,False,False,False,True,False,False,False,False,False,True,False,False,1
99,0,999999.0,1.0,19178.0,1,1,0,0,0,0,0,0,0,0,2,1,2,0,0,1,99,99,0,55,1,0,8,0,26,72,18633.0,18500.0,0.0,0,0.0,0.0,0.0,231.0,0,6,True,False,False,False,True,False,False,True,False,False,False,True,False,False,False,False,False,False,False,False,False,False,False,False,False,False,False,True,False,False,True,False,False,False,1
99,0,999999.0,537.0,12500.0,2,0,0,0,0,0,0,0,0,0,0,0,1,0,0,1,99,99,0,35,1,0,2,0,22,18,12500.0,12500.0,0.0,0,0.0,0.0,0.0,194.0,1,1,True,False,False,False,True,False,False,True,False,False,False,True,False,False,False,False,False,False,False,False,False,False,False,False,False,False,False,True,False,False,False,False,True,False,0
99,0,999999.0,675.0,44904.0,1,1,1,1,0,0,0,0,0,0,2,1,3,1,1,1,4,4,0,36,1,0,7,0,25,48,39038.0,39038.0,0.0,0,0.0,0.0,0.0,450.0,1,2,True,False,False,False,True,False,False,True,False,False,False,True,False,False,False,False,False,False,False,False,False,False,False,False,False,False,False,True,False,False,True,False,False,False,1
99,1,275000.0,0.0,41450.0,1,1,1,1,2,0,1,1,0,1,0,0,3,0,0,1,99,99,0,2,1,0,7,0,0,0,0.0,999999.0,999999.0,999999,99999.0,99999.0,99999.0,415.0,1,0,True,False,False,False,True,False,False,True,True,False,False,False,False,False,False,False,False,False,False,False,False,False,False,True,False,False,False,False,False,False,False,True,False,False,1
99,1,162500.0,0.0,13546.0,1,1,0,0,0,0,0,0,0,0,2,1,2,0,0,1,99,99,0,84,1,0,2,0,0,0,10330.0,0.0,0.0,0,7728.0,0.0,0.0,181.0,0,8,True,False,False,False,True,False,False,True,False,False,False,True,False,False,False,False,False,False,False,False,False,False,False,False,False,False,False,True,False,False,True,False,False,False,1
99,0,999999.0,675.0,27560.0,1,0,1,0,2,0,1,0,0,0,0,0,2,0,0,1,99,99,0,26,0,0,7,0,41,68,20000.0,20000.0,0.0,0,0.0,0.0,0.0,332.0,1,1,True,False,False,False,True,False,False,True,False,False,False,True,False,False,False,False,False,False,False,False,False,False,False,False,False,False,False,True,False,False,False,True,False,False,1
99,1,162500.0,0.0,24000.0,1,1,1,1,0,0,0,0,0,0,1,1,3,1,0,1,7,7,0,52,0,0,2,0,26,19,11000.0,11000.0,0.0,0,0.0,0.0,0.0,240.0,0,0,True,False,False,False,True,False,False,True,False,False,False,False,False,False,False,False,False,False,False,False,True,False,False,False,False,False,False,True,False,False,True,False,False,False,0
99,1,350000.0,0.0,115300.0,1,1,1,1,2,0,1,1,0,1,0,0,4,0,0,1,99,99,1,19,1,1,7,1,18,44,19200.0,19000.0,0.0,0,0.0,0.0,0.0,501.0,0,0,True,False,False,False,True,False,False,True,True,False,False,False,False,False,False,False,False,False,False,False,False,False,False,False,False,False,False,True,False,False,False,True,False,False,0
99,0,999999.0,675.0,6720.0,2,0,0,1,0,0,0,1,0,1,0,0,2,0,0,1,99,99,0,16,1,1,3,1,0,0,0.0,0.0,0.0,0,0.0,0.0,0.0,79.0,1,0,True,False,False,False,True,False,False,True,True,False,False,False,False,False,False,False,False,False,False,False,False,False,True,False,False,False,False,False,False,False,False,True,False,False,1
99,1,162500.0,0.0,49935.0,1,1,1,1,2,0,1,1,0,1,0,0,6,0,0,1,99,99,3,11,1,1,1,1,0,0,0.0,999999.0,999999.0,999999,99999.0,99999.0,99999.0,292.0,1,0,True,False,False,False,True,False,False,True,True,False,False,False,False,False,False,False,False,False,False,False,False,False,False,False,False,False,False,True,False,False,False,True,False,False,1
99,0,999999.0,875.0,35100.0,4,0,0,1,0,0,0,0,0,0,0,0,4,2,0,1,19,18,0,55,1,0,8,0,34,47,35000.0,35000.0,0.0,0,0.0,0.0,0.0,270.0,1,2,True,False,False,False,True,False,False,True,False,False,False,True,False,False,False,False,False,False,False,False,False,False,False,False,False,False,False,True,False,True,False,False,False,False,1
99,0,999999.0,1000.0,61431.0,2,0,1,0,2,0,1,0,0,0,0,0,4,0,0,1,99,99,2,34,1,0,1,0,32,34,8500.0,8500.0,0.0,0,0.0,0.0,0.0,480.0,1,0,True,False,False,False,True,False,False,True,False,False,False,False,False,False,False,False,False,False,True,False,False,False,False,False,False,False,False,True,False,False,False,True,False,False,1
99,0,999999.0,112.0,7560.0,1,0,0,0,0,0,0,0,0,0,0,0,1,0,0,1,99,99,0,69,0,0,3,0,0,0,7560.0,0.0,0.0,0,0.0,7560.0,0.0,127.0,1,1,True,False,False,False,True,False,False,True,False,False,False,True,False,False,False,False,False,False,False,False,False,False,False,False,False,False,False,True,False,False,False,True,False,False,1
99,1,225000.0,0.0,38574.0,1,0,1,0,0,0,0,0,0,0,0,0,2,1,0,1,32,32,0,56,0,0,6,0,14,26,20574.0,11809.0,0.0,0,0.0,0.0,0.0,465.0,0,6,True,False,False,False,True,False,False,True,False,False,False,True,False,False,False,False,False,False,False,False,False,False,False,False,False,False,False,True,False,False,False,False,False,True,1
99,1,225000.0,0.0,21600.0,1,1,0,0,0,0,0,0,0,0,1,1,2,0,0,1,99,99,0,63,0,1,8,1,22,61,2600.0,0.0,0.0,0,700.0,0.0,0.0,260.0,0,0,True,False,False,False,True,False,False,True,False,False,False,False,False,False,False,False,False,False,False,False,True,False,False,False,False,False,False,True,False,False,True,False,False,False,1
99,1,42499.0,0.0,0.0,1,0,0,0,0,0,0,0,0,0,0,0,1,0,0,1,99,99,0,79,1,0,6,0,0,0,0.0,0.0,0.0,0,0.0,0.0,0.0,1.0,1,6,True,False,False,False,True,False,False,True,False,False,False,True,False,False,False,False,False,False,False,False,False,False,False,False,False,False,False,True,False,False,False,False,False,True,1
99,1,162500.0,0.0,54000.0,1,1,1,1,2,0,1,1,0,1,0,0,5,0,0,1,99,99,2,9,0,0,1,0,0,0,0.0,999999.0,999999.0,999999,99999.0,99999.0,99999.0,365.0,1,0,True,False,False,False,True,False,False,True,True,False,False,False,False,False,False,False,False,False,False,False,False,False,False,False,False,False,False,True,False,False,False,True,False,False,1
99,0,999999.0,675.0,31000.0,1,1,1,1,2,0,1,1,0,1,0,0,7,0,0,1,99,99,4,7,1,1,1,1,0,0,0.0,999999.0,999999.0,999999,99999.0,99999.0,99999.0,167.0,1,0,True,False,False,False,True,False,False,True,True,False,False,False,False,False,False,False,False,False,False,False,False,False,False,False,False,False,False,True,False,False,False,True,False,False,1
99,1,187500.0,0.0,60000.0,1,1,0,0,0,0,0,0,0,0,2,1,2,0,0,1,99,99,0,28,1,1,7,1,33,48,30000.0,30000.0,0.0,0,0.0,0.0,0.0,501.0,0,1,True,False,False,False,True,False,False,True,False,False,False,True,False,False,False,False,False,False,False,False,False,False,False,False,False,False,False,True,False,False,True,False,False,False,1
99,1,275000.0,0.0,70000.0,2,0,0,0,0,0,0,0,0,0,0,0,1,0,0,1,99,99,0,41,1,0,7,0,41,58,70000.0,65000.0,0.0,0,0.0,0.0,0.0,501.0,0,6,True,False,False,False,True,False,False,True,False,False,False,True,False,False,False,False,False,False,False,False,False,False,False,False,False,False,False,True,False,False,False,True,False,False,1
99,0,999999.0,437.0,15749.0,1,0,2,0,0,0,0,0,0,0,0,0,5,0,0,1,99,99,0,19,1,1,6,1,0,0,0.0,0.0,0.0,0,0.0,0.0,0.0,104.0,1,0,True,False,False,False,True,False,False,True,False,False,False,False,False,False,True,False,False,False,False,False,False,False,True,False,False,False,False,False,False,False,False,True,False,False,1
99,0,999999.0,0.0,999999.0,1,0,0,0,0,0,0,0,0,0,0,0,1,0,0,1,99,99,0,42,1,0,6,0,33,76,8508.0,0.0,0.0,0,0.0,8508.0,0.0,0.0,0,0,False,False,True,False,False,True,False,True,False,False,False,False,False,True,False,False,False,False,False,False,False,False,True,False,False,False,False,False,False,False,False,True,False,False,1
99,0,999999.0,625.0,28024.0,1,1,1,1,2,0,1,1,0,1,0,0,4,0,0,1,99,99,1,17,0,1,5,1,24,47,1000.0,1000.0,0.0,0,0.0,0.0,0.0,216.0,0,0,True,False,False,False,True,False,False,True,True,False,False,False,False,False,False,False,False,False,False,False,False,False,False,False,False,False,False,True,False,False,False,True,False,False,1
99,1,275000.0,0.0,26000.0,1,1,0,0,0,0,0,0,0,0,2,1,2,0,0,1,99,99,0,65,1,0,7,0,35,68,20000.0,8000.0,0.0,0,0.0,0.0,6000.0,347.0,1,2,True,False,False,False,True,False,False,True,False,False,False,True,False,False,False,False,False,False,False,False,False,False,False,False,False,False,False,True,False,False,True,False,False,False,1
99,1,187500.0,0.0,52000.0,1,1,1,1,2,0,1,1,0,1,0,0,4,0,0,1,99,99,1,17,1,1,5,2,0,0,0.0,0.0,0.0,0,0.0,0.0,0.0,414.0,0,0,True,False,False,False,True,False,False,True,True,False,False,False,False,False,False,False,False,False,False,False,False,False,False,False,False,False,False,True,False,False,False,True,False,False,1
99,0,999999.0,462.0,36120.0,1,1,1,1,0,0,0,0,0,0,2,1,7,2,2,1,4,0,1,22,1,0,2,0,26,12,14560.0,14560.0,0.0,0,0.0,0.0,0.0,180.0,1,2,True,False,False,False,True,False,False,True,False,False,False,True,False,False,False,False,False,False,False,False,False,False,False,False,False,False,False,True,False,False,True,False,False,False,1
99,1,42499.0,0.0,27700.0,1,0,2,0,1,0,1,0,0,0,0,0,6,0,0,1,99,99,2,17,1,0,5,0,20,8,2600.0,2500.0,0.0,0,0.0,0.0,100.0,162.0,1,0,True,False,False,False,True,False,False,True,True,False,False,False,False,False,False,False,False,False,False,False,False,False,False,False,False,False,False,True,False,False,False,True,False,False,1
99,1,95000.0,0.0,35230.0,2,1,1,1,2,0,1,1,0,1,0,0,5,0,0,1,99,99,2,14,1,1,3,1,0,0,0.0,999999.0,999999.0,999999,99999.0,99999.0,99999.0,238.0,0,0,True,False,False,False,True,False,False,True,True,False,False,False,False,False,False,False,False,False,False,False,False,False,False,False,False,False,False,True,False,False,False,True,False,False,1
99,1,225000.0,0.0,136000.0,1,1,0,0,0,0,0,0,0,0,1,2,2,0,0,1,99,99,0,42,1,0,8,0,79,92,73000.0,73000.0,0.0,0,0.0,0.0,0.0,501.0,1,0,True,False,False,False,True,False,False,True,False,False,False,False,False,False,False,False,False,False,False,False,True,False,False,False,False,False,False,True,False,False,True,False,False,False,1
99,1,350000.0,0.0,36700.0,2,0,0,0,0,0,0,0,0,0,0,0,1,0,0,1,99,99,0,26,1,1,8,2,37,78,36700.0,36500.0,0.0,0,0.0,0.0,0.0,501.0,1,1,True,False,False,False,True,False,False,True,False,False,False,True,False,False,False,False,False,False,False,False,False,False,False,False,False,False,False,True,False,False,False,True,False,False,1
99,0,999999.0,537.0,40000.0,1,1,1,1,2,0,1,1,0,1,0,0,4,0,0,1,99,99,1,4,1,0,0,0,0,0,0.0,999999.0,999999.0,999999,99999.0,99999.0,99999.0,318.0,1,0,True,False,False,False,True,False,False,True,True,False,False,False,False,False,False,False,False,False,False,False,False,False,False,False,False,False,False,True,False,False,False,True,False,False,1
99,0,999999.0,537.0,37880.0,1,0,2,0,1,0,1,0,0,0,0,0,5,0,0,1,99,99,2,30,1,0,6,0,30,24,25000.0,25000.0,0.0,0,0.0,0.0,0.0,242.0,1,0,True,False,False,False,True,False,False,True,True,False,False,False,False,False,False,False,False,False,False,False,False,False,False,False,False,False,False,True,False,True,False,False,False,False,1
99,1,225000.0,0.0,0.0,1,1,1,1,0,0,0,0,0,0,2,1,3,1,1,1,2,2,0,31,1,0,7,0,25,18,0.0,0.0,0.0,0,0.0,0.0,0.0,1.0,1,2,True,False,False,False,True,False,False,True,False,False,False,True,False,False,False,False,False,False,False,False,False,False,False,False,False,False,False,True,False,False,True,False,False,False,1
99,1,400000.0,0.0,103265.0,1,0,1,0,2,0,1,0,0,0,0,0,2,0,0,1,99,99,0,62,0,0,7,0,41,72,94288.0,70250.0,0.0,0,0.0,0.0,0.0,501.0,0,7,True,False,False,False,True,False,False,True,False,False,False,True,False,False,False,False,False,False,False,False,False,False,False,False,False,False,False,True,False,False,False,False,False,True,1
99,0,999999.0,875.0,0.0,1,0,0,1,0,0,0,1,0,1,0,0,4,0,0,1,99,99,1,6,0,1,0,1,0,0,0.0,999999.0,999999.0,999999,99999.0,99999.0,99999.0,1.0,1,0,True,False,False,False,True,False,False,True,True,False,False,False,False,False,False,False,False,False,False,False,False,False,False,False,False,False,False,True,False,False,False,True,False,False,1
99,1,137500.0,0.0,40000.0,1,1,1,1,2,0,1,1,0,1,0,0,5,0,0,1,99,99,2,10,0,1,2,1,0,0,0.0,999999.0,999999.0,999999,99999.0,99999.0,99999.0,270.0,0,0,True,False,False,False,True,False,False,True,True,False,False,False,False,False,False,False,False,False,False,False,False,False,False,False,False,False,False,True,False,False,False,True,False,False,1
99,1,275000.0,0.0,88397.0,1,1,1,1,0,0,0,0,0,0,1,1,5,3,0,1,28,10,0,58,0,0,1,0,0,0,0.0,0.0,0.0,0,0.0,0.0,0.0,501.0,0,0,True,False,False,False,True,False,False,True,False,False,False,False,False,False,False,False,False,False,False,False,True,False,False,False,False,False,False,True,False,False,True,False,False,False,1
99,1,275000.0,0.0,49560.0,2,1,2,1,3,0,2,0,0,0,0,0,6,0,0,1,99,99,1,19,1,0,6,0,20,8,3200.0,3200.0,0.0,0,0.0,0.0,0.0,278.0,0,0,True,False,False,False,True,False,False,True,False,False,True,False,False,False,False,False,False,False,False,False,False,False,False,False,False,False,False,True,False,False,False,True,False,False,1
99,1,400000.0,0.0,82800.0,1,1,0,0,0,0,0,0,0,0,2,1,2,0,0,1,99,99,0,57,1,0,8,0,41,68,77000.0,67000.0,5000.0,0,0.0,0.0,0.0,501.0,0,6,True,False,False,False,True,False,False,True,False,False,False,True,False,False,False,False,False,False,False,False,False,False,False,False,False,False,False,True,False,False,True,False,False,False,1
99,0,999999.0,725.0,38000.0,1,1,1,1,0,0,0,0,0,0,2,1,4,2,1,1,15,2,0,36,1,0,6,0,25,18,20000.0,20000.0,0.0,0,0.0,0.0,0.0,302.0,1,1,True,False,False,False,True,False,False,True,False,False,False,True,False,False,False,False,False,False,False,False,False,False,True,False,False,False,False,False,False,False,True,False,False,False,1
99,0,999999.0,462.0,24400.0,1,1,1,1,2,0,1,1,0,1,0,0,4,0,0,1,99,99,1,3,0,1,0,2,0,0,0.0,999999.0,999999.0,999999,99999.0,99999.0,99999.0,194.0,1,0,True,False,False,False,True,False,False,True,True,False,False,False,False,False,False,False,False,False,False,False,False,False,False,False,False,True,False,False,False,False,False,True,False,False,1
99,0,999999.0,412.0,12000.0,1,1,1,1,0,0,0,0,0,0,2,1,5,3,1,1,9,1,0,37,1,0,0,0,20,9,12000.0,12000.0,0.0,0,0.0,0.0,0.0,81.0,1,2,True,False,False,False,True,False,False,True,False,False,False,True,False,False,False,False,False,False,False,False,False,False,False,False,False,False,False,True,False,False,True,False,False,False,1
99,1,350000.0,0.0,100000.0,1,1,1,1,0,0,0,0,0,0,1,1,6,4,0,1,19,11,0,40,0,0,6,0,37,49,50000.0,50000.0,0.0,0,0.0,0.0,0.0,501.0,0,0,True,False,False,False,True,False,False,True,False,False,False,False,False,False,False,False,False,False,False,False,True,False,False,True,False,False,False,False,False,False,True,False,False,False,1
99,1,275000.0,0.0,45072.0,1,1,1,1,0,0,0,0,0,0,2,1,3,1,0,1,25,25,0,69,1,0,7,0,34,49,12580.0,7140.0,400.0,0,5040.0,0.0,0.0,465.0,0,6,True,False,False,False,True,False,False,True,False,False,False,True,False,False,False,False,False,False,False,False,False,False,False,False,False,False,False,True,False,False,True,False,False,False,1
99,1,350000.0,0.0,10000.0,1,0,0,1,0,0,0,0,0,0,0,0,2,1,0,1,52,52,0,76,1,0,8,0,33,76,0.0,0.0,0.0,0,0.0,0.0,0.0,133.0,0,2,True,False,False,False,True,False,False,True,False,False,False,True,False,False,False,False,False,False,False,False,False,False,False,False,False,False,False,True,False,False,False,False,False,True,1
99,0,999999.0,282.0,62070.0,1,1,1,1,0,0,0,0,0,0,0,0,8,0,0,1,99,99,3,7,0,1,1,1,0,0,0.0,999999.0,999999.0,999999,99999.0,99999.0,99999.0,279.0,1,0,True,False,False,False,True,False,False,True,False,False,False,False,False,False,False,False,False,False,True,False,False,False,False,False,False,False,False,True,False,False,False,True,False,False,1
99,1,137500.0,0.0,32000.0,1,0,0,0,0,0,0,0,0,0,0,0,1,0,0,1,99,99,0,27,1,0,8,0,41,68,32000.0,32000.0,0.0,0,0.0,0.0,0.0,496.0,0,2,True,False,False,False,True,False,False,True,False,False,False,True,False,False,False,False,False,False,False,False,False,False,False,False,False,False,False,True,False,False,False,True,False,False,1
99,0,999999.0,725.0,70000.0,1,1,1,1,2,0,1,1,0,1,0,0,7,0,0,1,99,99,3,19,0,0,6,0,22,61,2000.0,2000.0,0.0,0,0.0,0.0,0.0,348.0,1,0,True,False,False,False,True,False,False,True,True,False,False,False,False,False,False,False,False,False,False,False,False,False,False,False,False,False,False,True,False,False,False,True,False,False,1
99,0,999999.0,0.0,999999.0,1,0,0,0,0,0,0,0,0,0,0,0,1,0,0,1,99,99,0,16,0,1,4,1,0,0,0.0,0.0,0.0,0,0.0,0.0,0.0,0.0,0,0,False,True,False,True,False,False,False,True,False,False,False,False,True,False,False,False,False,False,False,False,False,False,False,False,False,True,False,False,False,False,False,True,False,False,1
99,0,999999.0,1000.0,195516.0,1,1,1,1,2,0,1,1,0,1,0,0,4,0,0,1,99,99,1,12,0,1,2,1,0,0,0.0,999999.0,999999.0,999999,99999.0,99999.0,99999.0,501.0,1,0,True,False,False,False,True,False,False,True,True,False,False,False,False,False,False,False,False,False,False,False,False,False,False,False,True,False,False,False,False,False,False,True,False,False,1
99,0,999999.0,575.0,47000.0,1,2,2,2,0,0,0,0,0,0,6,1,9,1,0,1,5,5,1,29,1,0,4,0,28,22,24000.0,24000.0,0.0,0,0.0,0.0,0.0,183.0,1,0,True,False,False,False,True,False,False,True,False,False,False,False,False,False,False,False,False,False,True,False,False,False,False,False,False,False,False,True,False,False,True,False,False,False,1
99,0,999999.0,1000.0,215516.0,1,1,1,1,2,0,1,1,0,1,0,0,5,0,0,1,99,99,2,5,0,1,0,2,0,0,0.0,999999.0,999999.0,999999,99999.0,99999.0,99999.0,501.0,1,0,True,False,False,False,True,False,False,True,True,False,False,False,False,False,False,False,False,False,False,False,False,False,False,False,False,False,False,True,False,False,False,True,False,False,1
99,0,999999.0,625.0,11950.0,2,0,0,0,0,0,0,0,0,0,0,0,1,0,0,2,99,99,0,61,1,0,6,0,0,0,7560.0,0.0,0.0,0,0.0,7560.0,0.0,117.0,0,0,True,False,False,False,True,False,False,True,False,False,False,False,False,False,False,False,False,True,False,False,False,False,True,False,False,False,False,False,True,False,False,False,False,False,1
99,1,350000.0,0.0,7500.0,1,0,0,0,0,0,0,0,0,0,0,0,1,0,0,1,99,99,0,76,1,0,6,0,0,0,7500.0,0.0,0.0,0,7500.0,0.0,0.0,126.0,0,8,True,False,False,False,True,False,False,True,False,False,False,True,False,False,False,False,False,False,False,False,False,False,True,False,False,False,False,False,False,False,False,False,False,True,1
99,1,225000.0,0.0,112617.0,1,1,3,1,0,0,0,0,0,0,2,2,11,5,0,1,34,23,0,60,0,0,1,0,23,18,17420.0,17420.0,0.0,0,0.0,0.0,0.0,426.0,0,6,True,False,False,False,True,False,False,True,False,False,False,True,False,False,False,False,False,False,False,False,False,False,False,False,False,False,False,True,False,False,True,False,False,False,1
99,1,225000.0,0.0,77402.0,1,1,1,1,0,0,0,0,0,0,2,1,4,2,0,1,24,15,0,45,1,0,7,0,41,68,44500.0,44500.0,0.0,0,0.0,0.0,0.0,501.0,0,6,True,False,False,False,True,False,False,True,False,False,False,True,False,False,False,False,False,False,False,False,False,False,False,False,False,False,False,True,False,False,True,False,False,False,1
99,0,999999.0,0.0,999999.0,1,0,0,0,0,0,0,0,0,0,0,0,1,0,0,1,99,99,0,41,1,0,6,0,20,8,23900.0,600.0,1300.0,7000,0.0,0.0,0.0,0.0,1,0,False,True,False,True,False,False,False,True,False,False,False,False,True,False,False,False,False,False,False,False,False,False,True,False,False,False,False,False,False,False,False,True,False,False,1
99,0,999999.0,0.0,999999.0,1,0,0,0,0,0,0,0,0,0,0,0,1,0,0,1,99,99,0,31,0,0,6,0,11,18,14000.0,14000.0,0.0,0,0.0,0.0,0.0,0.0,1,0,False,False,True,False,False,True,False,True,False,False,False,False,False,True,False,False,False,False,False,False,False,False,False,False,False,False,False,True,False,False,False,True,False,False,0
99,1,400000.0,0.0,84544.0,1,2,2,2,2,0,1,1,0,1,0,0,6,0,0,1,99,99,1,15,1,1,4,2,0,0,0.0,999999.0,999999.0,999999,0.0,0.0,0.0,475.0,0,0,True,False,False,False,True,False,False,True,True,False,False,False,False,False,False,False,False,False,False,False,False,False,False,False,False,False,False,True,False,False,False,True,False,False,1
99,1,225000.0,0.0,143840.0,1,1,1,1,0,0,0,0,0,0,1,1,4,2,0,1,34,32,0,41,0,0,6,0,38,68,25100.0,25000.0,0.0,0,0.0,0.0,0.0,501.0,0,0,True,False,False,False,True,False,False,True,False,False,False,False,False,False,False,False,False,False,False,False,True,False,False,False,False,False,False,True,False,False,True,False,False,False,1
99,0,999999.0,875.0,68385.0,1,0,1,0,4,0,1,0,0,0,0,0,4,0,0,1,99,99,2,22,0,0,8,0,30,44,18130.0,18000.0,0.0,0,0.0,0.0,0.0,501.0,1,0,True,False,False,False,True,False,False,True,False,False,False,False,False,False,False,False,False,False,True,False,False,False,False,False,False,True,False,False,False,False,False,True,False,False,0
99,1,85000.0,0.0,47200.0,1,1,1,1,2,0,1,1,0,1,0,0,6,0,0,1,99,99,1,26,1,1,2,1,0,0,0.0,0.0,0.0,0,0.0,0.0,0.0,271.0,0,0,True,False,False,False,True,False,False,True,True,False,False,False,False,False,False,False,False,False,False,False,False,False,False,False,False,False,False,True,False,False,False,True,False,False,1
99,0,999999.0,625.0,62800.0,1,1,2,1,0,0,0,0,0,0,0,0,9,0,0,1,99,99,3,24,1,1,2,1,23,18,8800.0,8800.0,0.0,0,0.0,0.0,0.0,233.0,1,0,True,False,False,False,True,False,False,True,False,False,False,False,False,False,False,False,False,False,False,True,False,False,False,False,False,False,False,True,False,False,False,True,False,False,1
99,0,999999.0,875.0,92664.0,1,1,0,0,0,0,0,0,0,0,1,1,2,0,0,1,99,99,0,43,0,0,8,0,27,64,50164.0,49164.0,0.0,0,0.0,0.0,0.0,501.0,1,0,True,False,False,False,True,False,False,True,False,False,False,False,False,False,False,False,False,False,False,False,True,False,False,False,False,False,False,True,False,False,True,False,False,False,1
99,1,275000.0,0.0,43676.0,1,1,1,2,0,0,0,0,0,0,2,1,4,1,0,1,5,5,0,23,0,0,6,0,17,13,9732.0,9732.0,0.0,0,0.0,0.0,0.0,336.0,1,0,True,False,False,False,True,False,False,True,False,True,False,False,False,False,False,False,False,False,False,False,False,False,False,False,False,False,False,True,False,False,True,False,False,False,1
99,0,999999.0,1000.0,35500.0,2,0,0,0,0,0,0,0,0,0,0,0,1,0,0,1,99,99,0,24,0,0,7,0,19,46,35500.0,35000.0,0.0,0,0.0,0.0,0.0,501.0,1,1,True,False,False,False,True,False,False,True,False,False,False,True,False,False,False,False,False,False,False,False,False,False,False,False,False,False,False,True,False,False,False,True,False,False,0
99,0,999999.0,625.0,29115.0,3,1,1,1,0,0,0,0,0,0,2,1,3,1,1,1,3,3,0,24,1,0,7,0,41,68,18000.0,18000.0,0.0,0,0.0,0.0,0.0,292.0,0,2,True,False,False,False,True,False,False,True,False,False,False,True,False,False,False,False,False,False,False,False,False,False,False,False,False,False,False,True,False,False,True,False,False,False,1
99,0,999999.0,875.0,1.0,1,0,0,0,0,0,0,0,0,0,0,0,1,0,0,1,99,99,0,43,0,0,8,0,26,52,1.0,10000.0,-9999.0,0,0.0,0.0,0.0,1.0,1,1,True,False,False,False,True,False,False,True,False,False,False,True,False,False,False,False,False,False,False,False,False,False,False,False,False,False,False,True,True,False,False,False,False,False,1
99,0,999999.0,187.0,7800.0,1,0,0,0,0,0,0,0,0,0,0,0,1,0,0,1,99,99,0,36,0,0,7,0,0,0,7800.0,0.0,0.0,0,4368.0,3432.0,0.0,121.0,0,5,True,False,False,False,True,False,False,True,False,False,False,True,False,False,False,False,False,False,False,False,False,False,False,False,False,False,False,True,False,False,False,True,False,False,1
99,1,350000.0,0.0,48400.0,1,1,0,0,0,0,0,0,0,0,1,1,2,0,0,1,99,99,0,57,0,0,6,0,25,44,400.0,400.0,0.0,0,0.0,0.0,0.0,501.0,1,0,True,False,False,False,True,False,False,True,False,False,False,False,False,False,False,False,False,False,False,False,True,False,False,False,False,False,False,True,False,False,True,False,False,False,1
99,0,999999.0,575.0,16500.0,2,0,1,0,0,0,0,0,0,0,0,0,2,1,1,1,2,2,0,26,0,1,7,1,22,61,16500.0,14000.0,0.0,0,0.0,0.0,2500.0,193.0,1,2,True,False,False,False,True,False,False,True,False,False,False,True,False,False,False,False,False,False,False,False,False,False,True,False,False,False,False,False,False,False,False,True,False,False,1
99,1,162500.0,0.0,70000.0,1,1,1,1,2,0,1,1,0,1,0,0,5,0,0,1,99,99,2,1,0,0,7,0,0,0,0.0,999999.0,999999.0,999999,99999.0,99999.0,99999.0,473.0,1,0,True,False,False,False,True,False,False,True,True,False,False,False,False,False,False,False,False,False,False,False,False,False,False,False,False,False,False,True,False,False,False,True,False,False,1
99,0,999999.0,675.0,3000.0,1,1,1,1,2,0,1,1,0,1,0,0,4,0,0,1,99,99,1,8,1,1,1,1,0,0,0.0,999999.0,999999.0,999999,99999.0,99999.0,99999.0,24.0,1,0,True,False,False,False,True,False,False,True,True,False,False,False,False,False,False,False,False,False,False,False,False,False,False,False,False,False,False,True,False,False,False,True,False,False,1
99,0,999999.0,1000.0,99700.0,1,2,1,1,0,0,0,0,0,0,4,4,6,0,0,1,99,99,0,27,0,0,7,0,22,61,10000.0,10000.0,0.0,0,0.0,0.0,0.0,501.0,1,0,True,False,False,False,True,False,False,True,False,False,False,False,False,False,True,False,False,False,False,False,False,False,False,False,False,True,False,False,False,False,True,False,False,False,1
99,1,400000.0,0.0,130000.0,1,1,1,1,2,0,1,1,0,1,0,0,4,0,0,1,99,99,1,13,0,1,2,1,0,0,0.0,999999.0,999999.0,999999,99999.0,99999.0,99999.0,501.0,0,0,True,False,False,False,True,False,False,True,True,False,False,False,False,False,False,False,False,False,False,False,False,False,False,False,False,False,False,True,False,False,False,True,False,False,1
99,0,999999.0,675.0,1700.0,1,0,1,0,1,0,1,0,0,0,0,0,3,0,0,1,99,99,1,4,0,0,0,0,0,0,0.0,999999.0,999999.0,999999,99999.0,99999.0,99999.0,17.0,1,0,True,False,False,False,True,False,False,True,True,False,False,False,False,False,False,False,False,False,False,False,False,True,False,False,False,False,False,False,False,False,False,True,False,False,1
99,0,999999.0,875.0,45122.0,1,0,0,0,0,0,0,0,0,0,0,0,1,0,0,1,99,99,0,43,1,0,8,0,25,48,45122.0,45000.0,0.0,0,0.0,0.0,0.0,501.0,1,6,True,False,False,False,True,False,False,True,False,False,False,True,False,False,False,False,False,False,False,False,False,False,False,False,False,False,False,True,True,False,False,False,False,False,1
99,0,999999.0,1000.0,45431.0,1,1,0,0,0,0,0,0,0,0,2,1,2,0,0,1,99,99,0,41,1,0,7,0,29,39,9031.0,0.0,0.0,0,0.0,0.0,0.0,501.0,1,1,True,False,False,False,True,False,False,True,False,False,False,True,False,False,False,False,False,False,False,False,False,False,False,False,False,False,False,True,False,False,True,False,False,False,1
99,0,999999.0,537.0,80000.0,1,1,1,1,0,0,0,0,0,0,2,1,3,1,0,1,10,10,0,52,1,0,8,0,36,66,56000.0,56000.0,0.0,0,0.0,0.0,0.0,501.0,1,6,True,False,False,False,True,False,False,True,False,False,False,True,False,False,False,False,False,False,False,False,False,False,False,False,False,True,False,False,False,False,True,False,False,False,1
99,0,999999.0,412.0,13822.0,1,1,0,0,0,0,0,0,0,0,2,1,2,0,0,1,99,99,0,67,1,0,2,0,0,0,9186.0,0.0,0.0,0,7322.0,1864.0,0.0,184.0,1,1,True,False,False,False,True,False,False,True,False,False,False,True,False,False,False,False,False,False,False,False,False,False,False,False,False,False,False,True,False,False,True,False,False,False,1
99,1,225000.0,0.0,9520.0,1,0,0,0,0,0,0,0,0,0,0,0,1,0,0,1,99,99,0,76,0,0,6,0,0,0,9520.0,0.0,0.0,0,8520.0,0.0,0.0,160.0,0,1,True,False,False,False,True,False,False,True,False,False,False,True,False,False,False,False,False,False,False,False,False,False,False,False,False,False,False,True,False,False,False,False,False,True,1
99,0,999999.0,537.0,18000.0,1,1,0,0,0,0,0,0,0,0,1,1,2,0,0,1,99,99,0,24,0,0,8,0,23,18,5000.0,5000.0,0.0,0,0.0,0.0,0.0,217.0,1,0,True,False,False,False,True,False,False,True,False,False,False,False,False,False,False,False,False,False,False,False,True,False,False,False,False,False,False,True,False,False,True,False,False,False,1
99,0,999999.0,625.0,15309.0,2,0,1,0,1,0,1,0,0,0,0,0,9,0,0,1,99,99,7,14,0,1,3,1,0,0,0.0,999999.0,999999.0,999999,99999.0,99999.0,99999.0,61.0,0,0,True,False,False,False,True,False,False,True,True,False,False,False,False,False,False,False,False,False,False,False,False,False,False,False,False,False,False,True,False,False,False,True,False,False,1
99,0,999999.0,412.0,5600.0,1,1,0,0,0,0,0,0,0,0,1,1,2,0,0,1,99,99,0,35,0,0,0,0,11,22,0.0,0.0,0.0,0,0.0,0.0,0.0,67.0,0,0,True,False,False,False,True,False,False,True,False,False,False,False,False,False,False,False,False,False,False,False,True,False,False,False,False,False,False,True,False,False,True,False,False,False,0
99,1,162500.0,0.0,60200.0,1,1,1,1,0,0,0,0,0,0,2,1,3,1,0,1,11,11,0,39,1,0,6,0,31,40,45200.0,45000.0,0.0,0,0.0,0.0,0.0,501.0,1,2,True,False,False,False,True,False,False,True,False,False,False,True,False,False,False,False,False,False,False,False,False,False,False,False,False,False,False,True,False,False,True,False,False,False,1
99,0,999999.0,875.0,18000.0,2,0,0,0,0,0,0,0,0,0,0,0,1,0,0,1,99,99,0,24,0,1,7,1,42,84,18000.0,18000.0,0.0,0,0.0,0.0,0.0,279.0,1,2,True,False,False,False,True,False,False,True,False,False,False,True,False,False,False,False,False,False,False,False,False,False,False,False,False,False,False,True,False,False,False,True,False,False,1
99,1,112500.0,0.0,34000.0,2,1,1,1,2,0,1,1,0,1,0,0,8,0,0,1,99,99,5,1,0,0,7,0,0,0,0.0,999999.0,999999.0,999999,99999.0,99999.0,99999.0,167.0,1,0,True,False,False,False,True,False,False,True,True,False,False,False,False,False,False,False,False,False,False,False,False,False,False,False,False,False,False,True,False,False,False,True,False,False,1
99,1,350000.0,0.0,36202.0,2,0,0,0,0,0,0,0,0,0,0,0,1,0,0,2,99,99,0,70,0,0,7,0,26,18,18474.0,0.0,0.0,0,10344.0,0.0,0.0,311.0,0,0,True,False,False,False,True,False,False,True,False,False,False,False,False,False,False,False,False,True,False,False,False,False,False,False,False,False,False,True,False,False,False,False,False,True,1
99,1,62500.0,0.0,56000.0,1,1,1,0,0,0,0,0,0,0,0,0,6,0,0,1,99,99,0,18,0,0,2,0,22,18,0.0,0.0,0.0,0,0.0,0.0,0.0,314.0,1,0,True,False,False,False,True,False,False,True,False,False,False,False,False,False,True,False,False,False,False,False,False,False,False,False,False,False,False,True,False,False,False,True,False,False,1
99,1,95000.0,0.0,54648.0,1,0,1,0,0,0,0,0,0,0,0,0,3,0,0,1,99,99,0,90,0,0,6,0,0,0,32400.0,0.0,0.0,0,2400.0,0.0,0.0,501.0,1,0,True,False,False,False,True,False,False,True,False,False,False,False,False,False,True,False,False,False,False,False,False,False,False,False,False,False,False,True,False,False,False,False,False,True,1
99,0,999999.0,675.0,34300.0,1,1,0,0,0,0,0,0,0,0,1,1,3,0,0,1,99,99,0,35,0,0,6,0,27,39,22300.0,22000.0,0.0,0,0.0,0.0,0.0,354.0,1,0,True,False,False,False,True,False,False,True,False,False,False,False,False,False,False,False,False,False,False,False,True,False,False,False,False,False,False,True,False,False,True,False,False,False,0
99,1,400000.0,0.0,40000.0,1,1,0,0,0,0,0,0,0,0,2,1,2,0,0,1,99,99,0,64,1,0,8,0,24,47,28000.0,28000.0,0.0,0,0.0,0.0,0.0,482.0,0,7,True,False,False,False,True,False,False,True,False,False,False,True,False,False,False,False,False,False,False,False,False,False,False,False,False,False,False,True,False,False,True,False,False,False,1
99,0,999999.0,625.0,31560.0,1,2,1,1,2,0,1,1,0,1,0,0,9,0,0,1,99,99,2,2,0,0,7,0,0,0,0.0,999999.0,999999.0,999999,99999.0,99999.0,99999.0,117.0,1,0,True,False,False,False,True,False,False,True,True,False,False,False,False,False,False,False,False,False,False,False,False,False,False,False,False,False,False,True,False,False,False,True,False,False,1
99,1,400000.0,0.0,109000.0,1,1,1,1,2,0,1,1,0,1,0,0,4,0,0,1,99,99,1,1,1,0,7,0,0,0,0.0,999999.0,999999.0,999999,99999.0,99999.0,99999.0,501.0,1,0,True,False,False,False,True,False,False,True,True,False,False,False,False,False,False,False,False,False,False,False,False,False,True,False,False,False,False,False,False,False,False,True,False,False,1
99,0,999999.0,387.0,9600.0,2,1,1,1,0,0,0,0,0,0,2,4,8,6,2,2,17,1,0,37,0,0,2,0,0,0,0.0,0.0,0.0,0,0.0,0.0,0.0,4.0,1,0,True,False,False,False,True,False,False,True,False,False,False,False,False,True,False,False,False,False,False,False,False,False,False,False,False,False,False,True,False,False,True,False,False,False,1
99,0,999999.0,1.0,7700.0,1,1,1,1,2,0,1,1,0,1,0,0,3,0,0,1,99,99,0,16,1,1,4,1,0,0,0.0,0.0,0.0,0,0.0,0.0,0.0,77.0,0,0,True,False,False,False,True,False,False,True,True,False,False,False,False,False,False,False,False,False,False,False,False,False,False,False,False,False,False,True,False,False,False,True,False,False,1
99,1,225000.0,0.0,32513.0,1,0,0,0,0,0,0,0,0,0,0,0,1,0,0,1,99,99,0,74,0,0,8,0,79,92,32513.0,0.0,20000.0,0,12063.0,0.0,0.0,501.0,0,6,True,False,False,False,True,False,False,True,False,False,False,True,False,False,False,False,False,False,False,False,False,False,False,False,False,False,False,True,True,False,False,False,False,False,1
99,0,999999.0,575.0,3744.0,1,0,0,0,0,0,0,0,0,0,0,0,1,0,0,1,99,99,0,31,0,0,6,0,17,13,3744.0,0.0,0.0,0,0.0,3744.0,0.0,58.0,1,2,True,False,False,False,True,False,False,True,False,False,False,True,False,False,False,False,False,False,False,False,False,False,True,False,False,False,False,False,False,False,False,True,False,False,1
99,0,999999.0,625.0,45567.0,1,1,1,1,2,0,1,1,0,1,0,0,7,0,0,1,99,99,4,3,0,0,0,0,0,0,0.0,999999.0,999999.0,999999,99999.0,99999.0,99999.0,246.0,1,0,True,False,False,False,True,False,False,True,True,False,False,False,False,False,False,False,False,False,False,False,False,False,False,True,False,False,False,False,False,False,False,True,False,False,1
99,0,999999.0,487.0,23090.0,1,1,0,0,0,0,0,0,0,0,1,1,2,0,0,1,99,99,0,30,0,0,3,0,26,47,8000.0,8000.0,0.0,0,0.0,0.0,0.0,278.0,0,0,True,False,False,False,True,False,False,True,False,False,False,False,False,False,False,False,False,False,False,False,True,False,False,False,False,False,False,True,False,False,True,False,False,False,1
99,0,999999.0,487.0,8040.0,1,0,1,0,0,0,0,0,0,0,0,0,2,1,0,1,14,14,0,39,0,1,6,1,0,0,8040.0,0.0,0.0,0,0.0,8040.0,0.0,94.0,0,2,True,False,False,False,True,False,False,True,False,False,False,True,False,False,False,False,False,False,False,False,False,False,False,False,False,False,False,True,True,False,False,False,False,False,1
99,1,162500.0,0.0,34720.0,1,1,0,0,0,0,0,0,0,0,2,1,2,0,0,1,99,99,0,80,1,0,5,0,0,0,27483.0,0.0,0.0,0,8158.0,0.0,0.0,463.0,0,8,True,False,False,False,True,False,False,True,False,False,False,True,False,False,False,False,False,False,False,False,False,False,False,False,False,False,False,True,False,False,True,False,False,False,1
99,0,999999.0,362.0,18000.0,1,1,1,1,0,0,0,0,0,0,2,1,4,2,0,1,8,5,0,35,1,0,6,0,25,15,18000.0,18000.0,0.0,0,0.0,0.0,0.0,143.0,0,2,True,False,False,False,True,False,False,True,False,False,False,True,False,False,False,False,False,False,False,False,False,False,False,False,False,False,False,True,False,False,True,False,False,False,1
99,0,999999.0,625.0,0.0,1,1,1,1,0,0,0,0,0,0,1,1,5,2,1,1,5,2,0,24,0,0,5,0,0,0,0.0,0.0,0.0,0,0.0,0.0,0.0,1.0,1,0,True,False,False,False,True,False,False,True,False,False,False,False,False,False,False,False,False,False,False,False,True,False,False,False,False,False,False,True,False,False,True,False,False,False,1
99,1,112500.0,0.0,40000.0,2,0,0,0,0,0,0,0,0,0,0,0,1,0,0,2,99,99,0,38,1,0,6,0,26,22,26000.0,26000.0,0.0,0,0.0,0.0,0.0,403.0,0,0,True,False,False,False,True,False,False,True,False,False,False,False,False,True,False,False,False,False,False,False,False,False,False,False,False,False,False,True,True,False,False,False,False,False,1
99,1,350000.0,0.0,47901.0,2,0,0,0,0,0,0,0,0,0,0,0,1,0,0,1,99,99,0,45,1,0,8,0,31,73,47901.0,47901.0,0.0,0,0.0,0.0,0.0,501.0,0,5,True,False,False,False,True,False,False,True,False,False,False,True,False,False,False,False,False,False,False,False,False,False,False,False,False,False,False,True,True,False,False,False,False,False,1
99,0,999999.0,875.0,49000.0,1,1,0,0,0,0,0,0,0,0,2,1,2,0,0,1,99,99,0,63,1,0,8,0,41,68,44000.0,44000.0,0.0,0,0.0,0.0,0.0,501.0,0,5,True,False,False,False,True,False,False,True,False,False,False,True,False,False,False,False,False,False,False,False,False,False,False,False,False,False,False,True,False,False,True,False,False,False,1
99,0,999999.0,725.0,23623.0,1,1,1,1,0,0,0,0,0,0,2,1,7,5,0,1,22,11,0,48,1,0,3,0,27,50,12986.0,0.0,12986.0,0,0.0,0.0,0.0,119.0,1,2,True,False,False,False,True,False,False,True,False,False,False,True,False,False,False,False,False,False,False,False,False,False,False,False,False,False,False,True,False,False,True,False,False,False,1
99,0,999999.0,575.0,22580.0,2,0,0,0,0,0,0,0,0,0,0,0,1,0,0,2,99,99,0,31,1,0,7,0,16,15,10007.0,10000.0,0.0,0,0.0,0.0,0.0,155.0,1,0,True,False,False,False,True,False,False,True,False,False,False,False,False,False,False,False,False,True,False,False,False,False,False,False,False,True,False,False,False,False,False,True,False,False,1
99,0,999999.0,0.0,999999.0,1,0,0,0,0,0,0,0,0,0,0,0,1,0,0,1,99,99,0,20,1,0,7,0,32,37,2000.0,2000.0,0.0,0,0.0,0.0,0.0,0.0,1,0,False,True,False,True,False,False,False,True,False,False,False,False,True,False,False,False,False,False,False,False,False,False,False,False,False,False,False,True,False,False,False,True,False,False,1
99,0,999999.0,575.0,54929.0,1,1,0,0,0,0,0,0,0,0,1,1,2,0,0,1,99,99,0,59,0,0,6,0,22,61,10215.0,10215.0,0.0,0,0.0,0.0,0.0,501.0,1,0,True,False,False,False,True,False,False,True,False,False,False,False,False,False,False,False,False,False,False,False,True,False,False,False,False,False,False,True,False,False,True,False,False,False,0
99,1,162500.0,0.0,30000.0,1,0,1,0,1,0,1,0,0,0,0,0,2,0,0,1,99,99,0,0,0,0,7,0,0,0,0.0,999999.0,999999.0,999999,99999.0,99999.0,99999.0,351.0,1,0,True,False,False,False,True,False,False,True,True,False,False,False,False,False,False,False,False,False,False,False,False,False,True,False,False,False,False,False,False,False,False,True,False,False,1
99,0,999999.0,625.0,28941.0,1,0,1,0,1,0,1,0,0,0,0,0,2,0,0,1,99,99,0,15,0,1,3,1,0,0,0.0,999999.0,999999.0,999999,0.0,0.0,0.0,339.0,1,0,True,False,False,False,True,False,False,True,True,False,False,False,False,False,False,False,False,False,False,False,False,False,False,False,False,False,False,True,False,False,False,True,False,False,1
99,1,187500.0,0.0,55145.0,1,1,1,1,0,0,0,0,0,0,1,1,4,2,0,1,16,13,0,38,0,0,7,0,25,18,21515.0,21498.0,0.0,0,0.0,0.0,0.0,439.0,0,0,True,False,False,False,True,False,False,True,False,False,False,False,False,False,False,False,False,False,False,False,True,False,False,False,False,False,False,True,False,False,True,False,False,False,1
99,0,999999.0,487.0,17700.0,1,0,1,0,0,0,0,0,0,0,0,0,3,2,0,1,18,15,0,40,0,0,6,0,41,68,17700.0,17200.0,500.0,0,0.0,0.0,0.0,177.0,0,5,True,False,False,False,True,False,False,True,False,False,False,True,False,False,False,False,False,False,False,False,False,False,False,False,False,False,False,True,True,False,False,False,False,False,1
99,0,999999.0,1000.0,47993.0,1,1,1,1,0,0,0,0,0,0,2,1,4,2,1,1,18,4,0,36,1,0,7,0,20,8,17851.0,17846.0,0.0,0,0.0,0.0,0.0,369.0,1,2,True,False,False,False,True,False,False,True,False,False,False,True,False,False,False,False,False,False,False,False,False,False,False,False,False,False,False,True,False,False,True,False,False,False,1
99,1,225000.0,0.0,26600.0,1,0,0,0,0,0,0,0,0,0,0,0,1,0,0,1,99,99,0,62,0,0,7,0,21,45,26600.0,26600.0,0.0,0,0.0,0.0,0.0,412.0,0,8,True,False,False,False,True,False,False,True,False,False,False,True,False,False,False,False,False,False,False,False,False,False,True,False,False,False,False,False,False,False,False,False,False,True,1
99,0,999999.0,437.0,22700.0,1,1,1,1,0,0,0,0,0,0,1,2,5,2,1,1,9,3,0,26,1,0,2,0,26,19,15500.0,0.0,0.0,0,0.0,0.0,0.0,150.0,1,0,True,False,False,False,True,False,False,True,False,False,False,False,False,False,False,False,False,False,False,False,True,False,False,False,False,False,False,True,False,False,True,False,False,False,1
99,0,999999.0,1.0,0.0,1,0,0,0,0,0,0,0,0,0,0,0,1,0,0,1,99,99,0,77,0,0,5,0,0,0,0.0,0.0,0.0,0,0.0,0.0,0.0,1.0,0,6,True,False,False,False,True,False,False,True,False,False,False,True,False,False,False,False,False,False,False,False,False,False,False,False,False,False,False,True,False,False,False,False,False,True,1
99,1,350000.0,0.0,661.0,1,0,1,0,0,0,0,0,0,0,0,0,3,2,0,1,35,16,0,61,0,0,6,0,24,52,661.0,0.0,0.0,0,661.0,0.0,0.0,7.0,0,6,True,False,False,False,True,False,False,True,False,False,False,True,False,False,False,False,False,False,False,False,False,False,True,False,False,False,False,False,False,False,False,False,False,True,1
99,1,137500.0,0.0,39105.0,1,1,1,1,2,0,1,1,0,1,0,0,5,0,0,1,99,99,2,4,1,1,0,1,0,0,0.0,999999.0,999999.0,999999,99999.0,99999.0,99999.0,264.0,1,0,True,False,False,False,True,False,False,True,True,False,False,False,False,False,False,False,False,False,False,False,False,False,False,False,False,True,False,False,False,False,False,True,False,False,1
99,0,999999.0,675.0,7000.0,1,0,0,0,0,0,0,0,0,0,0,0,2,0,0,1,99,99,0,20,0,1,7,1,26,52,5200.0,3200.0,0.0,0,0.0,0.0,0.0,84.0,1,1,True,False,False,False,True,False,False,True,False,False,False,True,False,False,False,False,False,False,False,False,False,False,True,False,False,False,False,False,False,False,False,True,False,False,1
99,0,999999.0,512.0,31100.0,1,0,0,0,0,0,0,0,0,0,0,0,2,0,0,1,99,99,1,56,1,0,6,0,25,19,12500.0,12000.0,0.0,0,0.0,0.0,0.0,375.0,0,2,True,False,False,False,True,False,False,True,False,False,False,True,False,False,False,False,False,False,False,False,False,False,False,False,False,False,False,True,True,False,False,False,False,False,1
99,0,999999.0,387.0,27987.0,1,1,1,1,2,0,1,1,0,1,0,0,3,0,0,1,99,99,0,5,0,1,0,1,0,0,0.0,999999.0,999999.0,999999,99999.0,99999.0,99999.0,280.0,0,0,True,False,False,False,True,False,False,True,True,False,False,False,False,False,False,False,False,False,False,False,False,False,False,False,False,False,False,True,False,False,False,True,False,False,1
99,0,999999.0,675.0,35000.0,3,1,0,1,0,0,0,0,0,0,0,0,4,0,0,1,99,99,0,27,1,0,3,0,26,19,18000.0,18000.0,0.0,0,0.0,0.0,0.0,274.0,1,0,True,False,False,False,True,False,False,True,False,False,False,False,False,False,True,False,False,False,False,False,False,False,False,False,False,False,False,True,False,False,False,True,False,False,1
99,0,999999.0,537.0,41000.0,1,1,1,1,2,0,1,1,0,1,0,0,7,0,0,1,99,99,4,7,1,1,1,1,0,0,0.0,999999.0,999999.0,999999,99999.0,99999.0,99999.0,221.0,0,0,True,False,False,False,True,False,False,True,True,False,False,False,False,False,False,False,False,False,False,False,False,False,False,False,False,False,False,True,False,False,False,True,False,False,1
99,0,999999.0,625.0,14500.0,2,1,1,1,0,0,0,0,0,0,2,1,5,3,3,1,2,0,0,29,1,0,1,0,24,39,14500.0,14500.0,0.0,0,0.0,0.0,0.0,98.0,1,1,True,False,False,False,True,False,False,True,False,False,False,True,False,False,False,False,False,False,False,False,False,False,False,False,False,False,False,True,False,False,True,False,False,False,1
99,0,999999.0,1000.0,30000.0,3,0,0,0,0,0,0,0,0,0,0,0,1,0,0,2,99,99,0,34,1,0,7,0,20,52,30000.0,0.0,30000.0,0,0.0,0.0,0.0,465.0,0,0,True,False,False,False,True,False,False,True,False,False,False,False,False,False,False,False,False,True,False,False,False,False,False,False,False,False,False,True,True,False,False,False,False,False,1
99,1,350000.0,0.0,123800.0,1,1,2,1,2,0,1,1,0,1,0,0,4,1,0,1,9,9,0,38,0,0,8,0,24,44,3300.0,1800.0,0.0,0,0.0,0.0,1500.0,501.0,1,0,True,False,False,False,True,False,False,True,True,False,False,False,False,False,False,False,False,False,False,False,False,False,False,False,False,False,False,True,False,False,False,False,True,False,1
99,0,999999.0,875.0,52000.0,1,1,1,1,0,0,0,0,0,0,2,1,6,4,2,1,6,2,0,32,1,0,8,0,11,22,27000.0,27000.0,0.0,0,0.0,0.0,0.0,314.0,1,1,True,False,False,False,True,False,False,True,False,False,False,True,False,False,False,False,False,False,False,False,False,False,True,False,False,False,False,False,False,False,True,False,False,False,1
99,0,999999.0,675.0,0.0,2,1,1,1,2,0,1,1,0,1,0,0,10,0,0,1,99,99,6,5,1,0,0,0,0,0,0.0,999999.0,999999.0,999999,99999.0,99999.0,99999.0,1.0,1,0,True,False,False,False,True,False,False,True,True,False,False,False,False,False,False,False,False,False,False,False,False,False,False,False,False,False,False,True,False,False,False,True,False,False,1
99,0,999999.0,575.0,36000.0,1,0,0,1,0,0,0,0,0,0,0,0,4,1,0,1,11,11,1,28,1,1,8,1,37,78,30000.0,30000.0,0.0,0,0.0,0.0,0.0,277.0,1,2,True,False,False,False,True,False,False,True,False,False,False,True,False,False,False,False,False,False,False,False,False,False,False,False,False,False,False,True,False,False,False,True,False,False,1
99,1,137500.0,0.0,41500.0,1,1,1,1,2,0,1,1,0,1,0,0,7,0,0,1,99,99,3,25,0,1,7,1,22,51,2300.0,2300.0,0.0,0,0.0,0.0,0.0,206.0,0,0,True,False,False,False,True,False,False,True,True,False,False,False,False,False,False,False,False,False,False,False,False,False,False,False,False,False,False,True,False,False,False,True,False,False,1
99,0,999999.0,625.0,30000.0,2,1,1,1,0,0,0,0,0,0,2,2,5,3,1,1,12,2,0,29,0,0,6,0,36,66,10000.0,10000.0,0.0,0,0.0,0.0,0.0,203.0,1,1,True,False,False,False,True,False,False,True,False,False,False,True,False,False,False,False,False,False,False,False,False,False,False,False,False,False,False,True,False,False,True,False,False,False,1
99,0,999999.0,875.0,44400.0,1,1,1,1,0,0,0,0,0,0,1,1,6,4,2,1,16,1,0,26,0,0,6,0,18,44,10000.0,10000.0,0.0,0,0.0,0.0,0.0,268.0,1,0,True,False,False,False,True,False,False,True,False,False,False,False,False,False,False,False,False,False,False,False,True,False,False,False,False,False,False,True,False,False,True,False,False,False,1
99,1,275000.0,0.0,51600.0,1,2,2,2,0,0,0,0,0,0,6,1,10,2,0,1,46,41,0,67,1,1,7,2,0,0,0.0,0.0,0.0,0,0.0,0.0,0.0,190.0,1,0,True,False,False,False,True,False,False,True,False,False,False,False,False,False,False,True,False,False,False,False,False,False,False,False,False,True,False,False,False,False,True,False,False,False,1
99,0,999999.0,725.0,107000.0,1,2,2,2,0,0,0,0,0,0,6,1,6,1,0,1,33,33,0,54,1,0,8,0,34,67,35000.0,35000.0,0.0,0,0.0,0.0,0.0,501.0,1,0,True,False,False,False,True,False,False,True,False,False,False,False,False,False,False,False,True,False,False,False,False,False,True,False,False,False,False,False,False,False,True,False,False,False,1
99,1,275000.0,0.0,19000.0,1,1,1,1,2,0,1,1,0,1,0,0,7,0,0,1,99,99,3,13,0,1,2,1,0,0,0.0,999999.0,999999.0,999999,99999.0,99999.0,99999.0,99.0,1,0,True,False,False,False,True,False,False,True,True,False,False,False,False,False,False,False,False,False,False,False,False,False,False,False,False,False,False,True,False,False,False,True,False,False,1
99,1,67500.0,0.0,59800.0,1,1,1,1,0,0,0,0,0,0,2,1,3,1,0,1,19,19,0,38,1,0,7,0,24,47,42000.0,42000.0,0.0,0,0.0,0.0,0.0,501.0,1,2,True,False,False,False,True,False,False,True,False,False,False,True,False,False,False,False,False,False,False,False,False,False,False,False,False,False,False,True,False,False,True,False,False,False,1
99,0,999999.0,462.0,31544.0,1,1,1,1,2,0,1,1,0,1,0,0,5,0,0,1,99,99,2,1,0,0,7,0,0,0,0.0,999999.0,999999.0,999999,99999.0,99999.0,99999.0,213.0,1,0,True,False,False,False,True,False,False,True,True,False,False,False,False,False,False,False,False,False,False,False,False,False,False,False,False,False,False,True,False,False,False,True,False,False,1
99,1,225000.0,0.0,35662.0,1,1,1,1,0,0,0,0,0,0,2,1,3,1,1,1,1,1,0,27,1,0,7,0,46,84,35662.0,35662.0,0.0,0,0.0,0.0,0.0,357.0,1,2,True,False,False,False,True,False,False,True,False,False,False,True,False,False,False,False,False,False,False,False,False,False,False,False,False,False,False,True,False,False,True,False,False,False,1
99,1,225000.0,0.0,73000.0,1,1,0,0,0,0,0,0,0,0,2,1,2,0,0,1,99,99,0,59,1,0,6,0,29,22,33000.0,29000.0,0.0,0,0.0,0.0,0.0,501.0,0,6,True,False,False,False,True,False,False,True,False,False,False,True,False,False,False,False,False,False,False,False,False,False,False,False,False,False,False,True,False,False,True,False,False,False,1
99,0,999999.0,487.0,8400.0,1,0,1,0,1,0,1,0,0,0,0,0,4,0,0,1,99,99,2,9,1,1,1,1,0,0,0.0,999999.0,999999.0,999999,99999.0,99999.0,99999.0,67.0,1,0,True,False,False,False,True,False,False,True,True,False,False,False,False,False,False,False,False,False,False,False,False,False,False,False,False,False,False,True,False,False,False,True,False,False,1
99,1,350000.0,0.0,63515.0,1,1,0,0,0,0,0,0,0,0,1,1,2,0,0,1,99,99,0,59,0,0,6,0,0,0,0.0,0.0,0.0,0,0.0,0.0,0.0,501.0,0,0,True,False,False,False,True,False,False,True,False,False,False,False,False,False,False,False,False,False,False,False,True,False,False,False,False,False,False,True,False,False,True,False,False,False,1
99,0,999999.0,462.0,5880.0,1,1,0,0,0,0,0,0,0,0,1,1,2,0,0,1,99,99,0,27,0,0,6,0,18,44,0.0,0.0,0.0,0,0.0,0.0,0.0,71.0,1,0,True,False,False,False,True,False,False,True,False,False,False,False,False,False,False,False,False,False,False,False,True,False,False,False,False,False,False,True,False,False,True,False,False,False,1
99,0,999999.0,875.0,50100.0,1,2,1,1,2,0,1,1,0,1,0,0,13,0,0,1,99,99,3,18,0,0,2,0,22,18,8000.0,8000.0,0.0,0,0.0,0.0,0.0,184.0,1,0,True,False,False,False,True,False,False,True,True,False,False,False,False,False,False,False,False,False,False,False,False,False,False,False,False,False,False,True,False,False,False,True,False,False,0
99,1,400000.0,0.0,80400.0,1,0,0,0,0,0,0,0,0,0,0,0,1,0,0,1,99,99,0,47,0,0,7,0,24,52,80400.0,80400.0,0.0,0,0.0,0.0,0.0,501.0,0,6,True,False,False,False,True,False,False,True,False,False,False,True,False,False,False,False,False,False,False,False,False,False,False,False,False,False,False,True,False,False,False,False,False,True,1
99,1,350000.0,0.0,83600.0,1,1,1,1,0,0,0,0,0,0,2,1,3,1,1,1,1,1,0,32,1,0,8,0,41,77,70600.0,70000.0,0.0,0,0.0,0.0,0.0,501.0,1,1,True,False,False,False,True,False,False,True,False,False,False,True,False,False,False,False,False,False,False,False,False,False,False,False,False,False,False,True,False,False,True,False,False,False,1
99,1,112500.0,0.0,53000.0,1,1,1,1,0,0,0,0,0,0,2,1,3,1,0,1,25,25,0,51,1,0,7,0,41,68,48000.0,48000.0,0.0,0,0.0,0.0,0.0,501.0,0,7,True,False,False,False,True,False,False,True,False,False,False,True,False,False,False,False,False,False,False,False,False,False,False,False,False,False,False,True,False,False,True,False,False,False,1
99,1,137500.0,0.0,61961.0,1,1,2,1,0,0,0,0,0,0,2,1,12,6,0,1,20,7,0,51,1,0,1,0,37,49,17729.0,17729.0,0.0,0,0.0,0.0,0.0,249.0,1,2,True,False,False,False,True,False,False,True,False,False,False,True,False,False,False,False,False,False,False,False,False,False,False,False,False,True,False,False,False,False,True,False,False,False,1
99,0,999999.0,625.0,35119.0,1,0,1,0,0,0,0,0,0,0,0,0,2,1,0,1,18,18,0,45,0,0,8,0,22,60,34159.0,34076.0,0.0,0,0.0,0.0,0.0,423.0,1,1,True,False,False,False,True,False,False,True,False,False,False,True,False,False,False,False,False,False,False,False,False,False,False,False,False,False,False,True,True,False,False,False,False,False,0
99,1,225000.0,0.0,30000.0,2,1,1,1,0,0,0,0,0,0,0,0,1,0,0,2,99,99,0,36,1,0,7,0,24,44,0.0,0.0,0.0,0,0.0,0.0,0.0,1.0,1,0,True,False,False,False,True,False,False,True,False,False,False,False,False,True,False,False,False,False,False,False,False,False,False,False,False,False,False,True,False,False,False,True,False,False,1
99,1,275000.0,0.0,94892.0,1,1,0,0,0,0,0,0,0,0,2,2,2,0,0,1,99,99,0,46,0,0,7,0,36,66,39000.0,39000.0,0.0,0,0.0,0.0,0.0,501.0,0,6,True,False,False,False,True,False,False,True,False,False,False,True,False,False,False,False,False,False,False,False,False,False,False,False,False,False,False,True,False,False,True,False,False,False,1
99,1,52500.0,0.0,7761.0,1,1,1,1,2,0,1,1,1,1,0,0,7,0,0,1,99,99,4,31,0,0,7,0,21,45,0.0,0.0,0.0,0,0.0,0.0,0.0,39.0,0,0,True,False,False,False,True,False,False,True,True,False,False,False,False,False,False,False,False,False,False,False,False,False,True,False,False,False,False,False,False,False,False,True,False,False,1
99,1,225000.0,0.0,24100.0,1,1,1,1,0,0,0,0,0,0,2,1,5,3,0,1,18,11,0,46,1,0,3,0,0,0,0.0,0.0,0.0,0,0.0,0.0,0.0,159.0,0,2,True,False,False,False,True,False,False,True,False,False,False,True,False,False,False,False,False,False,False,False,False,False,False,False,False,False,False,True,False,False,True,False,False,False,1
99,0,999999.0,875.0,31000.0,1,1,1,1,2,0,1,1,0,1,0,0,4,0,0,1,99,99,1,2,1,0,7,0,0,0,0.0,999999.0,999999.0,999999,99999.0,99999.0,99999.0,247.0,1,0,True,False,False,False,True,False,False,True,True,False,False,False,False,False,False,False,False,False,False,False,False,False,False,False,False,False,False,True,False,False,False,True,False,False,1
99,0,999999.0,512.0,12508.0,3,0,1,0,0,0,0,0,0,0,0,0,1,0,0,3,99,99,0,22,1,0,4,0,22,18,0.0,0.0,0.0,0,0.0,0.0,0.0,1.0,0,0,True,False,False,False,True,False,False,True,False,False,False,False,False,True,False,False,False,False,False,False,False,False,False,False,False,False,False,True,False,False,False,True,False,False,1
99,1,225000.0,0.0,54635.0,1,1,0,0,0,0,0,0,0,0,1,1,2,0,0,1,99,99,0,59,0,0,6,0,22,51,4971.0,3215.0,0.0,0,0.0,0.0,0.0,501.0,0,0,True,False,False,False,True,False,False,True,False,False,False,False,False,False,False,False,False,False,False,False,True,False,False,False,False,False,False,True,False,False,True,False,False,False,1
99,0,999999.0,875.0,38900.0,1,1,1,1,2,0,1,1,0,1,0,0,5,0,0,1,99,99,2,3,0,0,0,0,0,0,0.0,999999.0,999999.0,999999,99999.0,99999.0,99999.0,263.0,1,0,True,False,False,False,True,False,False,True,True,False,False,False,False,False,False,False,False,False,False,False,False,False,True,False,False,False,False,False,False,False,False,True,False,False,1
99,0,999999.0,725.0,69228.0,1,2,1,1,0,0,0,0,0,0,2,1,11,3,1,1,11,4,1,38,1,0,0,0,0,0,15189.0,0.0,0.0,0,0.0,15189.0,0.0,269.0,1,1,True,False,False,False,True,False,False,True,False,False,False,True,False,False,False,False,False,False,False,False,False,False,False,True,False,False,False,False,False,False,True,False,False,False,1
99,0,999999.0,1000.0,12500.0,1,0,0,0,0,0,0,0,0,0,0,0,1,0,0,1,99,99,0,64,1,0,7,0,23,18,12500.0,12500.0,0.0,0,0.0,0.0,0.0,194.0,0,6,True,False,False,False,True,False,False,True,False,False,False,True,False,False,False,False,False,False,False,False,False,False,False,False,False,False,False,True,False,False,False,False,False,True,1
99,1,400000.0,0.0,33515.0,1,1,1,1,2,0,1,1,0,1,0,0,4,0,0,1,99,99,1,2,0,0,7,0,0,0,0.0,999999.0,999999.0,999999,99999.0,99999.0,99999.0,267.0,1,0,True,False,False,False,True,False,False,True,True,False,False,False,False,False,False,False,False,False,False,False,False,False,False,False,False,False,False,True,False,False,False,True,False,False,1
99,1,350000.0,0.0,106000.0,1,1,0,0,0,0,0,0,0,0,2,1,2,0,0,1,99,99,0,30,1,0,8,0,39,73,64000.0,60000.0,0.0,0,0.0,0.0,0.0,501.0,1,1,True,False,False,False,True,False,False,True,False,False,False,True,False,False,False,False,False,False,False,False,False,False,False,False,False,False,False,True,False,False,True,False,False,False,1
99,0,999999.0,487.0,27900.0,1,1,1,1,0,0,0,0,0,0,0,0,5,0,0,1,99,99,0,19,1,0,6,0,23,18,1100.0,1100.0,0.0,0,0.0,0.0,0.0,178.0,1,0,True,False,False,False,True,False,False,True,False,False,False,False,False,False,True,False,False,False,False,False,False,False,False,False,False,False,False,True,False,False,False,True,False,False,1
99,1,400000.0,0.0,24837.0,1,0,0,0,0,0,0,0,0,0,0,0,1,0,0,1,99,99,0,80,0,0,7,0,0,0,24837.0,0.0,0.0,0,6780.0,0.0,0.0,418.0,0,8,True,False,False,False,True,False,False,True,False,False,False,True,False,False,False,False,False,False,False,False,False,False,False,False,False,False,False,True,False,False,False,False,False,True,1
99,0,999999.0,575.0,41077.0,1,0,3,0,2,7,5,0,0,0,0,0,10,0,0,1,99,99,3,7,1,1,1,1,0,0,0.0,999999.0,999999.0,999999,99999.0,99999.0,99999.0,164.0,1,0,True,False,False,False,True,False,False,True,False,False,True,False,False,False,False,False,False,False,False,False,False,False,False,False,False,False,False,True,False,False,False,True,False,False,1
99,0,999999.0,675.0,22047.0,5,1,0,0,0,0,0,0,0,0,0,0,1,0,0,3,99,99,0,22,0,0,1,0,0,0,0.0,0.0,0.0,0,0.0,0.0,0.0,1.0,1,0,True,False,False,False,True,False,False,True,False,False,False,False,False,False,False,False,False,True,False,False,False,False,False,False,False,False,False,True,False,False,False,True,False,False,1
99,0,999999.0,362.0,9228.0,1,0,3,0,0,0,0,0,0,0,0,0,5,2,0,1,20,18,0,44,0,0,6,0,0,0,7728.0,0.0,0.0,0,4104.0,3624.0,0.0,61.0,0,5,True,False,False,False,True,False,False,True,False,False,False,True,False,False,False,False,False,False,False,False,False,False,True,False,False,False,False,False,True,False,False,False,False,False,1
99,1,225000.0,0.0,31800.0,2,1,1,1,2,0,1,1,0,1,0,0,7,0,0,1,99,99,3,15,1,1,4,1,0,0,1500.0,999999.0,999999.0,999999,0.0,1500.0,0.0,165.0,0,0,True,False,False,False,True,False,False,True,True,False,False,False,False,False,False,False,False,False,False,False,False,False,False,False,False,False,False,True,False,False,False,True,False,False,1
99,1,162500.0,0.0,68000.0,1,1,1,1,0,0,0,0,0,0,2,1,3,1,0,1,19,19,0,59,1,0,8,0,31,73,53000.0,53000.0,0.0,0,0.0,0.0,0.0,501.0,0,7,True,False,False,False,True,False,False,True,False,False,False,True,False,False,False,False,False,False,False,False,False,False,False,False,False,False,False,True,False,False,True,False,False,False,1
99,1,400000.0,0.0,50261.0,1,1,1,1,0,0,0,0,0,0,2,1,4,2,0,1,18,15,0,50,1,0,8,0,48,87,48511.0,40029.0,463.0,0,0.0,0.0,0.0,387.0,0,5,True,False,False,False,True,False,False,True,False,False,False,True,False,False,False,False,False,False,False,False,False,False,False,False,False,True,False,False,False,False,True,False,False,False,1
99,0,999999.0,1000.0,10800.0,7,0,0,0,0,0,0,0,0,0,0,0,1,0,0,3,99,99,0,20,1,0,2,0,18,8,5200.0,5200.0,0.0,0,0.0,0.0,0.0,81.0,0,0,True,False,False,False,True,False,False,True,False,False,False,False,False,False,False,False,False,True,False,False,False,False,False,False,False,False,False,True,False,True,False,False,False,False,0
99,0,999999.0,575.0,29000.0,1,1,1,1,2,0,1,1,0,1,0,0,6,0,0,1,99,99,2,5,1,1,0,1,0,0,0.0,999999.0,999999.0,999999,99999.0,99999.0,99999.0,170.0,0,0,True,False,False,False,True,False,False,True,True,False,False,False,False,False,False,False,False,False,False,False,False,False,False,False,False,False,False,True,False,False,False,True,False,False,1
99,1,62500.0,0.0,0.0,2,0,0,1,0,0,0,0,0,0,0,0,1,0,0,1,99,99,0,81,0,0,6,0,0,0,0.0,0.0,0.0,0,0.0,0.0,0.0,1.0,1,2,True,False,False,False,True,False,False,True,False,False,False,True,False,False,False,False,False,False,False,False,False,False,False,False,False,False,False,True,False,False,False,False,False,True,1
99,0,999999.0,437.0,22040.0,1,1,1,1,0,0,0,0,0,0,2,1,7,5,0,1,17,9,0,40,1,0,2,0,22,15,20000.0,20000.0,0.0,0,0.0,0.0,0.0,119.0,0,5,True,False,False,False,True,False,False,True,False,False,False,True,False,False,False,False,False,False,False,False,False,False,False,False,False,False,False,True,False,False,True,False,False,False,1
99,0,999999.0,1.0,12000.0,3,0,1,0,0,0,0,0,0,0,0,0,2,1,1,3,2,2,0,40,0,0,6,0,0,0,0.0,0.0,0.0,0,0.0,0.0,0.0,1.0,1,0,True,False,False,False,True,False,False,True,False,False,False,False,False,False,False,False,False,True,False,False,False,False,False,False,False,False,False,True,True,False,False,False,False,False,1
99,0,999999.0,575.0,13325.0,1,1,0,0,0,0,0,0,0,0,2,1,2,0,0,1,99,99,0,41,1,0,6,0,24,19,13325.0,13325.0,0.0,0,0.0,0.0,0.0,160.0,1,1,True,False,False,False,True,False,False,True,False,False,False,True,False,False,False,False,False,False,False,False,False,False,False,False,False,False,False,True,False,False,True,False,False,False,1
99,1,162500.0,0.0,22096.0,1,1,1,2,0,0,0,0,0,0,0,0,9,1,0,1,48,48,0,78,1,0,3,0,0,0,6696.0,0.0,0.0,0,0.0,6696.0,0.0,86.0,0,0,True,False,False,False,True,False,False,True,False,False,False,False,False,False,False,True,False,False,False,False,False,False,False,False,False,False,False,True,False,False,False,False,False,True,1
99,0,999999.0,575.0,34797.0,1,2,2,2,0,0,0,0,0,0,4,1,8,1,0,1,7,7,0,32,0,0,1,0,0,0,0.0,0.0,0.0,0,0.0,0.0,0.0,160.0,0,0,True,False,False,False,True,False,False,True,False,False,False,False,False,False,False,False,False,False,False,True,False,False,False,False,False,False,False,True,False,False,True,False,False,False,1
99,1,225000.0,0.0,440.0,1,1,1,1,2,0,1,1,3,1,0,0,5,0,0,1,99,99,2,15,0,1,3,1,0,0,0.0,999999.0,999999.0,999999,0.0,0.0,0.0,3.0,1,0,True,False,False,False,True,False,False,True,True,False,False,False,False,False,False,False,False,False,False,False,False,False,False,False,False,False,False,True,False,False,False,True,False,False,1
99,1,187500.0,0.0,24761.0,1,1,0,0,0,0,0,0,0,0,2,1,2,0,0,1,99,99,0,68,1,0,6,0,0,0,20479.0,0.0,0.0,0,8362.0,0.0,0.0,330.0,0,7,True,False,False,False,True,False,False,True,False,False,False,True,False,False,False,False,False,False,False,False,False,False,False,False,False,False,False,True,False,False,True,False,False,False,1
99,1,57500.0,0.0,66603.0,1,0,0,0,0,0,0,0,0,0,0,0,1,0,0,1,99,99,0,77,0,0,8,0,0,0,66603.0,0.0,0.0,0,8000.0,0.0,0.0,501.0,0,8,True,False,False,False,True,False,False,True,False,False,False,True,False,False,False,False,False,False,False,False,False,False,False,False,False,False,False,True,False,False,False,False,False,True,1
99,0,999999.0,1000.0,44400.0,1,0,1,0,0,0,0,0,0,0,0,0,3,2,0,1,20,16,0,50,0,0,5,0,42,86,39400.0,0.0,35800.0,0,0.0,0.0,3600.0,445.0,1,1,True,False,False,False,True,False,False,True,False,False,False,True,False,False,False,False,False,False,False,False,False,False,False,False,False,False,False,True,False,False,False,False,True,False,1
99,0,999999.0,537.0,25000.0,1,0,0,0,0,0,0,0,0,0,0,0,1,0,0,1,99,99,0,50,0,0,6,0,26,44,25000.0,25000.0,0.0,0,0.0,0.0,0.0,388.0,1,1,True,False,False,False,True,False,False,True,False,False,False,True,False,False,False,False,False,False,False,False,False,False,False,False,False,False,False,True,True,False,False,False,False,False,1
99,1,137500.0,0.0,28000.0,1,1,1,1,2,0,1,1,0,1,0,0,5,0,0,1,99,99,2,4,0,1,0,1,0,0,0.0,999999.0,999999.0,999999,99999.0,99999.0,99999.0,189.0,1,0,True,False,False,False,True,False,False,True,True,False,False,False,False,False,False,False,False,False,False,False,False,False,False,False,False,False,False,True,False,False,False,True,False,False,1
99,0,999999.0,0.0,999999.0,1,0,0,0,0,0,0,0,0,0,0,0,1,0,0,1,99,99,0,19,1,1,7,1,14,26,300.0,300.0,0.0,0,0.0,0.0,0.0,0.0,1,0,False,False,True,False,False,True,False,True,False,False,False,False,False,True,False,False,False,False,False,False,False,False,False,False,False,False,False,True,False,False,False,True,False,False,0
99,0,999999.0,725.0,0.0,1,0,0,0,0,0,0,0,0,0,0,0,1,0,0,1,99,99,0,22,0,0,6,0,11,16,0.0,0.0,0.0,0,0.0,0.0,0.0,1.0,1,1,True,False,False,False,True,False,False,True,False,False,False,True,False,False,False,False,False,False,False,False,False,False,False,False,False,False,False,True,False,False,False,True,False,False,1
99,0,999999.0,412.0,1487.0,1,0,0,0,0,0,0,0,0,0,0,0,1,0,0,1,99,99,0,48,1,0,8,0,27,50,1487.0,1280.0,0.0,0,0.0,0.0,0.0,23.0,0,5,True,False,False,False,True,False,False,True,False,False,False,True,False,False,False,False,False,False,False,False,False,False,False,False,False,False,False,True,False,False,False,True,False,False,0
99,1,162500.0,0.0,36650.0,1,1,1,1,0,0,0,0,0,0,1,1,4,2,0,1,8,8,0,34,0,1,7,1,20,9,650.0,0.0,650.0,0,0.0,0.0,0.0,291.0,0,0,True,False,False,False,True,False,False,True,False,False,False,False,False,False,False,False,False,False,False,False,True,False,False,False,False,False,False,True,False,False,True,False,False,False,1
99,1,72500.0,0.0,12600.0,1,0,0,0,0,0,0,0,0,0,0,0,2,0,0,1,99,99,1,64,1,0,6,0,23,16,9300.0,0.0,0.0,0,7800.0,0.0,0.0,152.0,0,6,True,False,False,False,True,False,False,True,False,False,False,True,False,False,False,False,False,False,False,False,False,False,False,False,False,False,False,True,True,False,False,False,False,False,1
99,0,999999.0,437.0,21000.0,4,1,1,1,0,0,0,0,0,0,0,0,1,0,0,4,99,99,0,36,1,0,2,0,20,8,0.0,0.0,0.0,0,0.0,0.0,0.0,1.0,0,0,True,False,False,False,True,False,False,True,False,False,False,False,False,True,False,False,False,False,False,False,False,False,False,False,False,False,False,True,False,True,False,False,False,False,1
99,1,400000.0,0.0,67955.0,1,1,1,1,2,0,1,1,0,1,0,0,4,0,0,1,99,99,1,19,1,1,7,1,20,8,8025.0,8000.0,0.0,0,0.0,0.0,0.0,501.0,0,0,True,False,False,False,True,False,False,True,True,False,False,False,False,False,False,False,False,False,False,False,False,False,False,False,False,False,False,True,False,False,False,True,False,False,1
99,0,999999.0,625.0,56940.0,7,4,3,4,0,0,0,18,0,3,0,0,2,0,0,2,99,99,0,19,1,0,2,0,23,18,10500.0,10500.0,0.0,0,0.0,0.0,0.0,331.0,1,0,True,False,False,False,True,False,False,True,False,False,False,False,False,True,False,False,False,False,False,False,False,False,False,False,False,False,False,True,False,False,False,True,False,False,1
99,1,187500.0,0.0,29761.0,1,0,0,1,0,0,0,0,0,0,0,0,2,1,0,1,30,30,0,59,1,0,7,0,41,68,761.0,711.0,50.0,0,0.0,0.0,0.0,358.0,0,7,True,False,False,False,True,False,False,True,False,False,False,True,False,False,False,False,False,False,False,False,False,False,False,False,False,False,False,True,False,False,False,False,True,False,1
99,1,85000.0,0.0,118000.0,1,1,1,1,0,0,0,0,0,0,1,2,3,1,0,1,19,19,0,44,1,1,7,1,32,39,52000.0,52000.0,0.0,0,0.0,0.0,0.0,501.0,1,0,True,False,False,False,True,False,False,True,False,False,False,False,False,False,False,False,False,False,False,False,True,False,True,False,False,False,False,False,False,False,True,False,False,False,1
99,1,187500.0,0.0,104470.0,1,1,2,1,2,0,1,1,0,1,0,0,5,0,0,1,99,99,1,18,0,1,6,2,18,44,10243.0,10243.0,0.0,0,0.0,0.0,0.0,501.0,0,0,True,False,False,False,True,False,False,True,True,False,False,False,False,False,False,False,False,False,False,False,False,False,False,False,False,True,False,False,False,False,False,True,False,False,1
99,1,187500.0,0.0,64900.0,1,0,0,0,0,0,0,0,0,0,0,0,1,0,0,1,99,99,0,60,1,0,6,0,23,18,64900.0,49000.0,0.0,0,0.0,0.0,0.0,501.0,0,8,True,False,False,False,True,False,False,True,False,False,False,True,False,False,False,False,False,False,False,False,False,False,False,False,False,False,False,True,False,False,False,False,False,True,0
99,0,999999.0,575.0,74193.0,1,1,1,1,2,1,1,1,0,1,0,0,9,0,0,1,99,99,5,5,1,1,0,1,0,0,0.0,999999.0,999999.0,999999,99999.0,99999.0,99999.0,269.0,1,0,True,False,False,False,True,False,False,True,True,False,False,False,False,False,False,False,False,False,False,False,False,False,False,False,False,False,False,True,False,False,False,True,False,False,1
99,1,350000.0,0.0,33648.0,1,1,0,0,0,0,0,0,0,0,2,2,2,0,0,1,99,99,0,68,0,0,8,0,20,52,18884.0,117.0,0.0,0,4019.0,0.0,0.0,449.0,1,1,True,False,False,False,True,False,False,True,False,False,False,True,False,False,False,False,False,False,False,False,False,False,False,False,False,False,False,True,False,False,True,False,False,False,1
99,0,999999.0,362.0,13000.0,1,0,0,0,0,0,0,0,0,0,0,0,1,0,0,1,99,99,0,40,1,0,5,0,17,13,13000.0,13000.0,0.0,0,0.0,0.0,0.0,202.0,1,1,True,False,False,False,True,False,False,True,False,False,False,True,False,False,False,False,False,False,False,False,False,False,True,False,False,False,False,False,False,True,False,False,False,False,1
99,1,162500.0,0.0,50768.0,1,1,1,1,2,0,1,1,0,1,0,0,3,0,0,1,99,99,0,16,0,1,4,1,24,47,300.0,300.0,0.0,0,0.0,0.0,0.0,501.0,0,0,True,False,False,False,True,False,False,True,True,False,False,False,False,False,False,False,False,False,False,False,False,False,False,False,False,False,False,True,False,False,False,True,False,False,0
99,0,999999.0,875.0,50720.0,1,0,0,0,0,0,0,0,0,0,0,0,1,0,0,1,99,99,0,69,0,0,8,0,22,61,50720.0,35000.0,0.0,0,0.0,0.0,720.0,501.0,0,6,True,False,False,False,True,False,False,True,False,False,False,True,False,False,False,False,False,False,False,False,False,False,False,False,False,False,False,True,True,False,False,False,False,False,1
99,1,350000.0,0.0,123000.0,1,1,0,0,0,0,0,0,0,0,1,1,2,0,0,1,99,99,0,32,0,0,7,0,41,68,63000.0,60000.0,0.0,0,0.0,0.0,0.0,501.0,1,0,True,False,False,False,True,False,False,True,False,False,False,False,False,False,False,False,False,False,False,False,True,False,False,False,False,False,False,True,False,False,True,False,False,False,1
99,0,999999.0,512.0,12000.0,2,1,1,1,2,0,1,1,0,1,0,0,7,0,0,1,99,99,4,10,1,1,2,1,0,0,0.0,999999.0,999999.0,999999,99999.0,99999.0,99999.0,65.0,1,0,True,False,False,False,True,False,False,True,True,False,False,False,False,False,False,False,False,False,False,False,False,False,False,False,False,False,False,True,False,False,False,True,False,False,1
99,0,999999.0,625.0,23000.0,2,0,0,0,0,0,0,0,0,0,0,0,1,0,0,2,99,99,0,27,1,0,6,0,38,68,35000.0,35000.0,0.0,0,0.0,0.0,0.0,501.0,1,0,True,False,False,False,True,False,False,True,False,False,False,False,False,False,False,False,False,True,False,False,False,False,False,False,False,False,False,True,False,False,False,True,False,False,0
99,0,999999.0,875.0,115000.0,1,0,0,0,0,0,0,0,0,0,0,0,1,0,0,1,99,99,0,50,1,1,8,1,79,92,115000.0,115000.0,0.0,0,0.0,0.0,0.0,501.0,1,1,True,False,False,False,True,False,False,True,False,False,False,True,False,False,False,False,False,False,False,False,False,False,False,True,False,False,False,False,False,True,False,False,False,False,1
99,1,137500.0,0.0,14600.0,1,1,1,1,0,0,0,0,0,0,2,1,4,2,0,1,9,8,0,33,1,0,7,0,24,19,14000.0,14000.0,0.0,0,0.0,0.0,0.0,116.0,1,1,True,False,False,False,True,False,False,True,False,False,False,True,False,False,False,False,False,False,False,False,False,False,False,False,False,False,False,True,False,False,True,False,False,False,1
99,0,999999.0,625.0,0.0,1,0,1,0,1,0,1,0,0,0,0,0,4,0,0,1,99,99,2,0,0,0,7,0,0,0,0.0,999999.0,999999.0,999999,99999.0,99999.0,99999.0,1.0,1,0,True,False,False,False,True,False,False,True,True,False,False,False,False,False,False,False,False,False,False,False,False,False,False,False,False,False,False,True,False,False,False,True,False,False,1
99,0,999999.0,1000.0,70000.0,1,1,1,1,2,0,1,1,0,1,0,0,5,0,0,1,99,99,2,3,0,0,0,0,0,0,0.0,999999.0,999999.0,999999,99999.0,99999.0,99999.0,473.0,1,0,True,False,False,False,True,False,False,True,True,False,False,False,False,False,False,False,False,False,False,False,False,False,False,False,False,False,False,True,False,False,False,True,False,False,1
99,0,999999.0,1000.0,95800.0,1,0,1,0,1,0,1,0,0,0,0,0,4,0,0,1,99,99,2,31,0,0,8,0,35,62,800.0,800.0,0.0,0,0.0,0.0,0.0,501.0,0,0,True,False,False,False,True,False,False,True,True,False,False,False,False,False,False,False,False,False,False,False,False,False,True,False,False,False,False,False,False,False,False,True,False,False,1
99,0,999999.0,312.0,13000.0,2,0,0,1,0,0,0,0,0,0,0,0,2,1,0,1,12,12,0,31,1,0,1,0,20,9,13000.0,13000.0,0.0,0,0.0,0.0,0.0,152.0,1,2,True,False,False,False,True,False,False,True,False,False,False,True,False,False,False,False,False,False,False,False,False,False,False,False,False,False,False,True,False,False,False,True,False,False,0
99,0,999999.0,362.0,21000.0,1,0,1,0,1,0,1,0,0,0,0,0,2,0,0,1,99,99,0,12,0,1,2,1,0,0,0.0,999999.0,999999.0,999999,99999.0,99999.0,99999.0,246.0,0,0,True,False,False,False,True,False,False,True,True,False,False,False,False,False,False,False,False,False,False,False,False,False,True,False,False,False,False,False,False,False,False,True,False,False,1
99,0,999999.0,575.0,9874.0,3,0,0,0,0,0,0,0,0,0,0,0,1,0,0,3,99,99,0,32,0,1,5,1,17,5,8000.0,8000.0,0.0,0,0.0,0.0,0.0,124.0,1,0,True,False,False,False,True,False,False,True,False,False,False,False,False,True,False,False,False,False,False,False,False,False,False,False,False,False,False,True,False,False,False,True,False,False,0
99,0,999999.0,337.0,50500.0,1,1,1,1,2,0,1,1,0,1,0,0,5,0,0,1,99,99,2,4,0,0,0,0,0,0,0.0,999999.0,999999.0,999999,99999.0,99999.0,99999.0,333.0,1,0,True,False,False,False,True,False,False,True,True,False,False,False,False,False,False,False,False,False,False,False,False,False,False,False,False,False,False,True,False,False,False,True,False,False,1
99,0,999999.0,512.0,20000.0,1,0,0,0,0,0,0,0,0,0,0,0,1,0,0,1,99,99,0,25,1,0,8,0,23,16,20000.0,0.0,20000.0,0,0.0,0.0,0.0,310.0,1,1,True,False,False,False,True,False,False,True,False,False,False,True,False,False,False,False,False,False,False,False,False,False,False,False,False,False,False,True,False,False,False,True,False,False,0
99,1,225000.0,0.0,229250.0,1,1,1,1,0,0,0,0,0,0,2,1,4,2,0,1,20,16,0,40,1,0,7,0,32,34,218415.0,94846.0,123515.0,0,0.0,0.0,0.0,501.0,0,6,True,False,False,False,True,False,False,True,False,False,False,True,False,False,False,False,False,False,False,False,False,False,False,False,False,False,False,True,False,False,True,False,False,False,1
99,0,999999.0,875.0,78659.0,1,1,1,1,0,0,0,0,0,0,2,1,3,1,1,1,4,4,0,31,1,0,7,0,41,68,78659.0,78659.0,0.0,0,0.0,0.0,0.0,501.0,1,1,True,False,False,False,True,False,False,True,False,False,False,True,False,False,False,False,False,False,False,False,False,False,False,False,False,False,False,True,False,False,True,False,False,False,1
99,1,400000.0,0.0,74300.0,1,1,2,1,1,0,1,2,0,1,0,0,5,1,1,1,1,1,1,23,0,0,6,0,30,44,6000.0,6000.0,0.0,0,0.0,0.0,0.0,475.0,0,0,True,False,False,False,True,False,False,True,True,False,False,False,False,False,False,False,False,False,False,False,False,False,False,False,False,False,False,True,False,False,False,True,False,False,1
99,1,400000.0,0.0,86377.0,1,1,2,1,0,0,0,0,0,0,0,0,6,1,0,1,67,67,0,90,0,0,5,0,0,0,6634.0,0.0,0.0,0,6540.0,0.0,60.0,487.0,0,0,True,False,False,False,True,False,False,True,False,False,False,False,False,False,False,False,True,False,False,False,False,False,False,False,False,False,False,True,False,False,False,False,False,True,1
99,0,999999.0,1000.0,25740.0,1,1,1,1,0,0,0,0,0,0,2,1,3,1,0,1,18,18,0,55,1,0,7,0,31,40,25000.0,0.0,25000.0,0,0.0,0.0,0.0,265.0,1,1,True,False,False,False,True,False,False,True,False,False,False,True,False,False,False,False,False,False,False,False,False,False,False,False,False,False,False,True,False,False,True,False,False,False,0
99,0,999999.0,575.0,5717.0,1,0,1,0,0,0,0,0,0,0,0,0,2,1,0,1,40,40,0,69,0,0,3,0,0,0,977.0,0.0,0.0,0,977.0,0.0,0.0,76.0,1,0,True,False,False,False,True,False,False,True,False,False,False,False,False,False,False,True,False,False,False,False,False,False,False,False,False,False,False,True,False,False,False,False,False,True,1
99,1,275000.0,0.0,60300.0,1,1,0,0,0,0,0,0,0,0,1,1,2,0,0,1,99,99,0,33,0,1,8,1,41,68,35300.0,35000.0,0.0,0,0.0,0.0,0.0,501.0,0,0,True,False,False,False,True,False,False,True,False,False,False,False,False,False,False,False,False,False,False,False,True,False,True,False,False,False,False,False,False,False,True,False,False,False,1
99,0,999999.0,487.0,17500.0,1,0,0,0,0,0,0,0,0,0,0,0,1,0,0,1,99,99,0,35,0,0,6,0,20,9,17500.0,17500.0,0.0,0,0.0,0.0,0.0,271.0,0,5,True,False,False,False,True,False,False,True,False,False,False,True,False,False,False,False,False,False,False,False,False,False,False,False,False,False,False,True,True,False,False,False,False,False,1
99,0,999999.0,462.0,19000.0,1,1,1,1,2,0,1,1,0,1,0,0,4,0,0,1,99,99,1,1,0,0,7,0,0,0,0.0,999999.0,999999.0,999999,99999.0,99999.0,99999.0,151.0,1,0,True,False,False,False,True,False,False,True,True,False,False,False,False,False,False,False,False,False,False,False,False,False,False,False,False,False,False,True,False,False,False,True,False,False,1
99,0,999999.0,1000.0,80000.0,1,1,1,1,2,0,1,1,0,1,0,0,6,0,0,1,99,99,3,0,0,0,7,0,0,0,0.0,999999.0,999999.0,999999,99999.0,99999.0,99999.0,483.0,1,0,True,False,False,False,True,False,False,True,True,False,False,False,False,False,False,False,False,False,False,False,False,False,True,False,False,False,False,False,False,False,False,True,False,False,1
99,0,999999.0,875.0,37509.0,1,0,3,0,1,0,1,0,0,0,0,0,10,0,0,1,99,99,3,17,1,1,4,1,0,0,0.0,0.0,0.0,0,0.0,0.0,0.0,150.0,1,0,True,False,False,False,True,False,False,True,True,False,False,False,False,False,False,False,False,False,False,False,False,False,False,False,False,False,False,True,False,False,False,True,False,False,1
99,0,999999.0,625.0,47189.0,1,1,1,1,0,0,0,0,0,0,1,2,8,6,0,1,20,6,0,36,1,0,1,0,20,8,15000.0,15000.0,0.0,0,0.0,0.0,0.0,217.0,0,0,True,False,False,False,True,False,False,True,False,False,False,False,False,False,False,False,False,False,False,False,True,False,False,False,False,False,False,True,False,False,True,False,False,False,1
99,0,999999.0,875.0,50000.0,1,0,2,0,4,0,5,0,0,0,0,0,5,0,0,1,99,99,0,2,0,0,7,0,0,0,0.0,999999.0,999999.0,999999,99999.0,99999.0,99999.0,338.0,1,0,True,False,False,False,True,False,False,True,False,False,True,False,False,False,False,False,False,False,False,False,False,False,False,False,False,False,False,True,False,False,False,True,False,False,1
99,1,162500.0,0.0,26000.0,1,0,2,0,3,0,2,0,0,0,0,0,5,0,0,1,99,99,1,5,0,1,0,1,0,0,0.0,999999.0,999999.0,999999,99999.0,99999.0,99999.0,171.0,0,0,True,False,False,False,True,False,False,True,False,False,True,False,False,False,False,False,False,False,False,False,False,False,False,False,False,False,False,True,False,False,False,True,False,False,1
99,1,400000.0,0.0,63014.0,1,1,1,1,0,0,0,0,0,0,2,1,4,2,0,1,8,7,0,34,1,0,8,0,24,52,60114.0,49114.0,0.0,0,0.0,0.0,0.0,501.0,1,1,True,False,False,False,True,False,False,True,False,False,False,True,False,False,False,False,False,False,False,False,False,False,False,False,False,False,False,True,False,False,True,False,False,False,1
99,0,999999.0,1000.0,1200.0,1,1,1,1,2,0,1,1,0,1,0,0,6,0,0,1,99,99,3,15,1,1,3,1,0,0,0.0,999999.0,999999.0,999999,0.0,0.0,0.0,7.0,1,0,True,False,False,False,True,False,False,True,True,False,False,False,False,False,False,False,False,False,False,False,False,False,False,False,False,False,False,True,False,True,False,False,False,False,1
99,0,999999.0,1000.0,6000.0,1,0,0,0,0,0,0,0,0,0,0,0,1,0,0,1,99,99,0,21,0,0,5,0,39,82,6000.0,7000.0,-1000.0,0,0.0,0.0,0.0,93.0,1,1,True,False,False,False,True,False,False,True,False,False,False,True,False,False,False,False,False,False,False,False,False,False,False,False,False,False,False,True,False,False,False,True,False,False,0
99,0,999999.0,0.0,999999.0,1,0,0,0,0,0,0,0,0,0,0,0,1,0,0,1,99,99,0,86,1,0,6,0,0,0,6228.0,0.0,0.0,0,6228.0,0.0,0.0,0.0,1,0,False,True,False,True,False,False,False,True,False,False,False,False,True,False,False,False,False,False,False,False,False,False,False,False,False,False,False,True,False,False,False,False,False,True,1
99,0,999999.0,675.0,65400.0,1,0,1,1,0,0,0,0,0,0,0,0,4,2,0,1,24,18,0,53,1,0,0,0,37,49,60000.0,60000.0,0.0,0,0.0,0.0,0.0,501.0,1,2,True,False,False,False,True,False,False,True,False,False,False,True,False,False,False,False,False,False,False,False,False,False,False,False,False,True,False,False,True,False,False,False,False,False,1
99,0,999999.0,875.0,40000.0,1,0,0,0,0,0,0,0,0,0,0,0,1,0,0,1,99,99,0,37,0,0,8,0,24,47,40000.0,40000.0,0.0,0,0.0,0.0,0.0,501.0,1,2,True,False,False,False,True,False,False,True,False,False,False,True,False,False,False,False,False,False,False,False,False,False,False,False,False,False,False,True,True,False,False,False,False,False,1
99,0,999999.0,625.0,2500.0,1,0,1,0,0,0,0,0,0,0,0,0,2,1,0,1,10,10,0,31,0,0,4,0,13,44,2500.0,2500.0,0.0,0,0.0,0.0,0.0,29.0,1,2,True,False,False,False,True,False,False,True,False,False,False,True,False,False,False,False,False,False,False,False,False,False,False,False,False,False,False,True,True,False,False,False,False,False,1
99,0,999999.0,312.0,45150.0,1,0,0,0,0,0,0,0,0,0,0,0,1,0,0,1,99,99,0,38,0,0,8,0,31,73,45150.0,39000.0,6000.0,0,0.0,0.0,0.0,501.0,0,5,True,False,False,False,True,False,False,True,False,False,False,True,False,False,False,False,False,False,False,False,False,False,False,False,True,False,False,False,False,False,False,True,False,False,1
99,1,225000.0,0.0,62500.0,1,0,0,0,0,0,0,0,0,0,0,0,1,0,0,1,99,99,0,26,1,0,8,0,38,68,62500.0,61000.0,0.0,0,0.0,0.0,0.0,501.0,1,1,True,False,False,False,True,False,False,True,False,False,False,True,False,False,False,False,False,False,False,False,False,False,False,False,False,False,False,True,False,False,False,True,False,False,1
99,0,999999.0,625.0,22900.0,1,1,0,0,0,0,0,0,0,0,1,1,2,0,0,1,99,99,0,68,0,0,7,0,0,0,0.0,0.0,0.0,0,0.0,0.0,0.0,306.0,0,0,True,False,False,False,True,False,False,True,False,False,False,False,False,False,False,False,False,False,False,False,True,False,False,False,False,False,False,True,False,False,True,False,False,False,1
99,0,999999.0,537.0,9584.0,2,1,0,0,0,0,0,0,0,0,2,1,2,0,0,1,99,99,0,59,1,0,2,0,0,0,7224.0,0.0,0.0,0,7224.0,0.0,0.0,115.0,1,2,True,False,False,False,True,False,False,True,False,False,False,True,False,False,False,False,False,False,False,False,False,False,False,False,False,False,False,True,False,False,True,False,False,False,1
99,1,350000.0,0.0,46100.0,1,1,1,1,0,0,0,0,0,0,1,1,5,2,2,1,4,0,0,35,0,0,8,0,25,48,0.0,0.0,0.0,0,0.0,0.0,0.0,312.0,1,0,True,False,False,False,True,False,False,True,False,False,False,False,False,False,False,False,False,False,False,False,True,False,False,False,False,True,False,False,False,False,True,False,False,False,1
99,0,999999.0,512.0,16392.0,1,1,1,1,2,0,1,1,0,1,0,0,7,0,0,1,99,99,4,20,0,1,7,1,0,0,0.0,0.0,0.0,0,0.0,0.0,0.0,80.0,0,0,True,False,False,False,True,False,False,True,True,False,False,False,False,False,False,False,False,False,False,False,False,False,False,False,False,True,False,False,False,False,False,True,False,False,1
99,1,275000.0,0.0,78000.0,1,1,1,1,0,0,0,0,0,0,2,1,4,2,0,1,8,6,0,38,1,0,7,0,23,18,78000.0,78000.0,0.0,0,0.0,0.0,0.0,501.0,0,6,True,False,False,False,True,False,False,True,False,False,False,True,False,False,False,False,False,False,False,False,False,False,False,False,False,False,False,True,False,False,True,False,False,False,1
99,0,999999.0,575.0,31070.0,1,1,0,0,0,0,0,0,0,0,1,2,2,0,0,1,99,99,0,82,1,0,2,0,0,0,5398.0,0.0,0.0,0,5398.0,0.0,0.0,415.0,1,0,True,False,False,False,True,False,False,True,False,False,False,False,False,False,False,False,False,False,False,False,True,False,False,False,False,False,False,True,False,False,True,False,False,False,1
99,1,400000.0,0.0,294119.0,2,1,1,1,0,0,0,0,0,0,2,1,4,2,1,1,5,1,0,42,1,0,8,0,33,76,254119.0,195516.0,0.0,0,0.0,0.0,0.0,501.0,1,2,True,False,False,False,True,False,False,True,False,False,False,True,False,False,False,False,False,False,False,False,False,False,False,False,False,False,False,True,False,False,True,False,False,False,1
99,1,400000.0,0.0,82603.0,1,1,0,0,0,0,0,0,0,0,2,1,2,0,0,1,99,99,0,74,1,0,7,0,0,0,73603.0,0.0,0.0,0,15000.0,0.0,0.0,501.0,0,6,True,False,False,False,True,False,False,True,False,False,False,True,False,False,False,False,False,False,False,False,False,False,False,False,False,False,False,True,False,False,True,False,False,False,1
99,0,999999.0,625.0,14650.0,1,1,1,1,0,0,0,0,0,0,1,1,6,4,0,1,17,6,0,35,0,0,2,0,0,0,0.0,0.0,0.0,0,0.0,0.0,0.0,88.0,1,0,True,False,False,False,True,False,False,True,False,False,False,False,False,False,False,False,False,False,False,False,True,False,False,False,False,False,False,True,False,False,True,False,False,False,1
99,1,225000.0,0.0,37236.0,1,1,0,0,0,0,0,0,0,0,1,1,2,0,0,1,99,99,0,64,0,0,2,0,0,0,3336.0,0.0,0.0,0,3336.0,0.0,0.0,448.0,0,0,True,False,False,False,True,False,False,True,False,False,False,False,False,False,False,False,False,False,False,False,True,False,False,False,False,False,False,True,False,False,True,False,False,False,1
99,1,137500.0,0.0,105563.0,1,1,2,1,3,0,2,2,0,2,0,0,5,0,0,1,99,99,1,24,1,1,8,1,41,68,22000.0,22000.0,0.0,0,0.0,0.0,0.0,501.0,0,0,True,False,False,False,True,False,False,True,False,False,True,False,False,False,False,False,False,False,False,False,False,False,False,False,True,False,False,False,False,False,False,True,False,False,1
99,0,999999.0,1000.0,50000.0,1,1,1,1,2,0,1,1,0,1,0,0,4,0,0,1,99,99,1,11,0,1,2,1,0,0,0.0,999999.0,999999.0,999999,99999.0,99999.0,99999.0,398.0,1,0,True,False,False,False,True,False,False,True,True,False,False,False,False,False,False,False,False,False,False,False,False,False,False,False,False,False,False,True,False,False,False,True,False,False,1
99,1,225000.0,0.0,43709.0,1,0,0,0,0,0,0,0,0,0,0,0,1,0,0,1,99,99,0,48,0,0,8,0,38,68,43709.0,43253.0,0.0,0,0.0,0.0,0.0,501.0,1,2,True,False,False,False,True,False,False,True,False,False,False,True,False,False,False,False,False,False,False,False,False,False,False,False,False,False,False,True,True,False,False,False,False,False,1
99,1,400000.0,0.0,92000.0,1,1,1,1,0,0,0,0,0,0,2,1,4,2,0,1,10,7,0,37,1,0,8,0,38,68,42500.0,41000.0,0.0,0,0.0,0.0,0.0,501.0,1,6,True,False,False,False,True,False,False,True,False,False,False,True,False,False,False,False,False,False,False,False,False,False,False,True,False,False,False,False,False,False,True,False,False,False,1
99,1,400000.0,0.0,220516.0,1,1,0,0,0,0,0,0,0,0,1,1,2,0,0,1,99,99,0,50,0,0,8,0,15,26,10000.0,8000.0,0.0,0,0.0,0.0,0.0,501.0,0,0,True,False,False,False,True,False,False,True,False,False,False,False,False,False,False,False,False,False,False,False,True,False,False,False,False,False,False,True,False,False,True,False,False,False,1
99,0,999999.0,875.0,37000.0,1,1,1,1,0,0,0,0,0,0,1,1,4,2,1,1,5,3,0,33,0,0,6,0,30,65,5000.0,5000.0,0.0,0,0.0,0.0,0.0,294.0,0,0,True,False,False,False,True,False,False,True,False,False,False,False,False,False,False,False,False,False,False,False,True,False,False,False,False,False,False,True,False,False,True,False,False,False,1
99,0,999999.0,875.0,9888.0,2,0,1,0,0,0,0,0,0,0,0,0,4,0,0,1,99,99,1,14,1,1,2,1,0,0,0.0,999999.0,999999.0,999999,99999.0,99999.0,99999.0,78.0,1,0,True,False,False,False,True,False,False,True,False,False,False,False,False,False,False,False,False,False,True,False,False,False,True,False,False,False,False,False,False,False,False,True,False,False,1
99,0,999999.0,875.0,52700.0,1,0,2,0,0,0,0,0,0,0,0,0,6,4,0,1,23,5,0,42,0,0,7,0,24,44,33000.0,33000.0,0.0,0,0.0,0.0,0.0,302.0,1,1,True,False,False,False,True,False,False,True,False,False,False,True,False,False,False,False,False,False,False,False,False,False,True,False,False,False,False,False,True,False,False,False,False,False,1
99,1,225000.0,0.0,25508.0,1,1,1,1,0,0,0,0,0,0,1,1,5,3,0,1,37,30,0,72,0,0,8,0,0,0,5767.0,0.0,0.0,0,5767.0,0.0,0.0,165.0,0,0,True,False,False,False,True,False,False,True,False,False,False,False,False,False,False,False,False,False,False,False,True,False,False,False,False,False,False,True,False,False,True,False,False,False,1
99,0,999999.0,0.0,999999.0,1,0,0,0,0,0,0,0,0,0,0,0,1,0,0,1,99,99,0,86,0,0,7,0,0,0,5771.0,0.0,0.0,0,0.0,0.0,0.0,0.0,1,0,False,True,False,True,False,False,False,True,False,False,False,False,True,False,False,False,False,False,False,False,False,False,False,False,False,False,False,True,True,False,False,False,False,False,1
99,0,999999.0,487.0,20700.0,1,0,1,0,1,0,1,0,0,0,0,0,5,0,0,1,99,99,3,14,0,1,3,1,0,0,0.0,999999.0,999999.0,999999,99999.0,99999.0,99999.0,142.0,1,0,True,False,False,False,True,False,False,True,True,False,False,False,False,False,False,False,False,False,False,False,False,False,False,False,False,False,False,True,False,False,False,True,False,False,1
99,1,350000.0,0.0,14367.0,1,1,0,0,0,0,0,0,0,0,1,1,2,0,0,1,99,99,0,61,0,0,6,0,0,0,0.0,0.0,0.0,0,0.0,0.0,0.0,173.0,0,0,True,False,False,False,True,False,False,True,False,False,False,False,False,False,False,False,False,False,False,False,True,False,False,False,False,False,False,True,False,False,True,False,False,False,1
99,0,999999.0,875.0,31910.0,1,0,2,0,2,0,5,0,0,0,0,0,4,0,0,1,99,99,1,3,1,0,0,0,0,0,0.0,999999.0,999999.0,999999,99999.0,99999.0,99999.0,254.0,1,0,True,False,False,False,True,False,False,True,False,False,True,False,False,False,False,False,False,False,False,False,False,False,True,False,False,False,False,False,False,False,False,True,False,False,1
99,1,112500.0,0.0,60711.0,1,1,1,1,0,0,0,0,0,0,2,1,3,1,0,1,51,51,0,80,1,0,8,0,0,0,36739.0,0.0,0.0,0,6036.0,0.0,0.0,501.0,0,6,True,False,False,False,True,False,False,True,False,False,False,True,False,False,False,False,False,False,False,False,False,False,False,False,False,False,False,True,False,False,True,False,False,False,1
99,1,225000.0,0.0,45014.0,1,0,2,0,3,0,2,0,0,0,0,0,5,0,0,1,99,99,1,0,1,0,7,0,0,0,0.0,999999.0,999999.0,999999,99999.0,99999.0,99999.0,297.0,1,0,True,False,False,False,True,False,False,True,False,False,True,False,False,False,False,False,False,False,False,False,False,False,False,False,False,False,False,True,False,False,False,True,False,False,1
99,1,350000.0,0.0,56700.0,1,1,0,0,0,0,0,0,0,0,1,1,2,0,0,1,99,99,0,30,0,0,7,0,41,68,19200.0,19000.0,0.0,0,0.0,0.0,0.0,501.0,1,0,True,False,False,False,True,False,False,True,False,False,False,False,False,False,False,False,False,False,False,False,True,False,False,False,False,False,False,True,False,False,True,False,False,False,1
99,0,999999.0,537.0,23509.0,3,0,0,0,0,0,0,0,0,0,0,0,1,0,0,2,99,99,0,41,0,1,2,1,6,7,12000.0,12000.0,0.0,0,0.0,0.0,0.0,186.0,1,0,True,False,False,False,True,False,False,True,False,False,False,False,False,False,False,False,False,True,False,False,False,False,False,False,False,False,False,True,True,False,False,False,False,False,0
99,0,999999.0,875.0,45760.0,5,1,1,1,0,0,0,0,0,0,0,0,1,0,0,3,99,99,0,18,1,0,6,0,20,8,0.0,0.0,0.0,0,0.0,0.0,0.0,1.0,1,0,True,False,False,False,True,False,False,True,False,False,False,False,False,True,False,False,False,False,False,False,False,False,False,False,False,False,False,True,False,False,False,True,False,False,0
99,0,999999.0,1000.0,5000.0,4,0,0,0,0,0,0,0,0,0,0,0,1,0,0,4,99,99,0,21,1,1,7,1,41,68,5508.0,2500.0,0.0,0,0.0,0.0,0.0,85.0,1,0,True,False,False,False,True,False,False,True,False,False,False,False,False,False,False,False,False,True,False,False,False,False,False,False,False,False,False,True,False,False,False,True,False,False,1
99,1,112500.0,0.0,16638.0,1,0,0,0,0,0,0,0,0,0,0,0,1,0,0,1,99,99,0,70,0,0,7,0,22,51,16638.0,0.0,0.0,0,5878.0,0.0,0.0,280.0,0,7,True,False,False,False,True,False,False,True,False,False,False,True,False,False,False,False,False,False,False,False,False,False,True,False,False,False,False,False,False,False,False,False,False,True,1
99,0,999999.0,362.0,19000.0,3,0,0,0,0,0,0,0,0,0,0,0,1,0,0,3,99,99,0,23,1,1,8,1,14,26,15000.0,15000.0,0.0,0,0.0,0.0,0.0,233.0,0,0,True,False,False,False,True,False,False,True,False,False,False,False,False,False,False,False,False,True,False,False,False,False,False,False,False,False,False,True,False,False,False,True,False,False,1
99,0,999999.0,575.0,940.0,1,0,1,0,1,0,1,0,0,0,0,0,5,0,0,1,99,99,3,9,1,1,2,1,0,0,0.0,999999.0,999999.0,999999,99999.0,99999.0,99999.0,6.0,1,0,True,False,False,False,True,False,False,True,True,False,False,False,False,False,False,False,False,False,False,False,False,False,False,False,False,True,False,False,False,False,False,True,False,False,1
99,0,999999.0,575.0,8040.0,1,1,1,1,0,0,0,0,0,0,2,1,5,2,2,1,2,1,1,25,1,0,2,0,0,0,0.0,0.0,0.0,0,0.0,0.0,0.0,53.0,1,1,True,False,False,False,True,False,False,True,False,False,False,True,False,False,False,False,False,False,False,False,False,False,False,False,False,False,False,True,False,False,True,False,False,False,1
99,1,162500.0,0.0,97000.0,1,1,1,1,2,0,1,1,0,1,0,0,4,0,0,1,99,99,1,12,0,1,2,1,0,0,0.0,999999.0,999999.0,999999,99999.0,99999.0,99999.0,501.0,0,0,True,False,False,False,True,False,False,True,True,False,False,False,False,False,False,False,False,False,False,False,False,False,True,False,False,False,False,False,False,False,False,True,False,False,1
99,1,350000.0,0.0,58586.0,1,0,1,0,1,0,1,0,0,0,0,0,3,0,0,1,99,99,1,28,0,0,5,0,19,17,0.0,0.0,0.0,0,0.0,0.0,0.0,501.0,1,0,True,False,False,False,True,False,False,True,True,False,False,False,False,False,False,False,False,False,False,False,False,False,False,False,False,False,False,True,False,True,False,False,False,False,1
99,0,999999.0,675.0,28200.0,1,1,1,1,2,0,1,1,0,1,0,0,5,0,0,1,99,99,2,8,1,1,1,1,0,0,0.0,999999.0,999999.0,999999,99999.0,99999.0,99999.0,191.0,1,0,True,False,False,False,True,False,False,True,True,False,False,False,False,False,False,False,False,False,False,False,False,False,False,False,False,False,False,True,False,False,False,True,False,False,1
99,1,112500.0,0.0,9075.0,1,0,0,0,0,0,0,0,0,0,0,0,1,0,0,1,99,99,0,73,0,0,2,0,0,0,9075.0,0.0,0.0,0,9000.0,75.0,0.0,153.0,0,7,True,False,False,False,True,False,False,True,False,False,False,True,False,False,False,False,False,False,False,False,False,False,False,False,False,False,False,True,False,False,False,False,False,True,1
99,0,999999.0,625.0,6414.0,2,0,0,0,0,0,0,0,0,0,0,0,2,0,0,1,99,99,0,26,1,0,7,0,23,18,6414.0,6400.0,0.0,0,0.0,0.0,0.0,75.0,1,2,True,False,False,False,True,False,False,True,False,False,False,True,False,False,False,False,False,False,False,False,False,False,False,False,False,False,False,True,False,False,False,True,False,False,1
99,1,112500.0,0.0,50908.0,1,1,1,2,2,0,1,1,0,1,0,0,8,0,0,1,99,99,3,19,1,0,4,0,22,18,1000.0,1000.0,0.0,0,0.0,0.0,0.0,229.0,1,0,True,False,False,False,True,False,False,True,True,False,False,False,False,False,False,False,False,False,False,False,False,False,False,False,False,False,False,True,False,False,False,True,False,False,1
99,1,225000.0,0.0,44822.0,1,1,1,1,2,0,1,1,0,1,0,0,4,0,0,1,99,99,1,10,1,1,1,1,0,0,0.0,999999.0,999999.0,999999,99999.0,99999.0,99999.0,356.0,0,0,True,False,False,False,True,False,False,True,True,False,False,False,False,False,False,False,False,False,False,False,False,False,False,False,False,False,False,True,False,False,False,True,False,False,1
99,0,999999.0,875.0,18335.0,1,0,0,0,0,0,0,0,0,0,0,0,1,0,0,1,99,99,0,31,0,1,7,1,41,68,18335.0,18270.0,0.0,0,0.0,0.0,0.0,284.0,1,2,True,False,False,False,True,False,False,True,False,False,False,True,False,False,False,False,False,False,False,False,False,False,False,False,False,False,False,True,True,False,False,False,False,False,1
99,0,999999.0,462.0,24174.0,2,0,0,1,0,0,0,1,0,1,0,0,3,0,0,1,99,99,1,12,0,1,2,1,0,0,0.0,999999.0,999999.0,999999,99999.0,99999.0,99999.0,242.0,1,0,True,False,False,False,True,False,False,True,True,False,False,False,False,False,False,False,False,False,False,False,False,False,False,False,False,False,False,True,False,False,False,True,False,False,1
99,1,400000.0,0.0,114248.0,1,1,1,1,0,0,0,0,0,0,1,1,4,2,1,1,7,4,0,30,0,0,8,0,41,68,33700.0,33700.0,0.0,0,0.0,0.0,0.0,501.0,1,0,True,False,False,False,True,False,False,True,False,False,False,False,False,False,False,False,False,False,False,False,True,False,False,False,False,False,False,True,False,False,True,False,False,False,1
99,1,187500.0,0.0,32000.0,1,0,0,0,0,0,0,0,0,0,0,0,1,0,0,1,99,99,0,36,1,0,7,0,32,33,32000.0,32000.0,0.0,0,0.0,0.0,0.0,496.0,1,1,True,False,False,False,True,False,False,True,False,False,False,True,False,False,False,False,False,False,False,False,False,False,False,False,False,False,False,True,True,False,False,False,False,False,1
99,0,999999.0,625.0,9890.0,1,0,1,0,1,0,1,0,0,0,0,0,4,0,0,1,99,99,2,9,0,1,1,1,0,0,0.0,999999.0,999999.0,999999,99999.0,99999.0,99999.0,78.0,1,0,True,False,False,False,True,False,False,True,True,False,False,False,False,False,False,False,False,False,False,False,False,False,True,False,False,False,False,False,False,False,False,True,False,False,1
99,0,999999.0,412.0,15400.0,1,2,2,2,2,0,1,1,0,1,0,0,7,0,0,1,99,99,1,19,0,1,4,1,24,44,400.0,400.0,0.0,0,0.0,0.0,0.0,77.0,0,0,True,False,False,False,True,False,False,True,True,False,False,False,False,False,False,False,False,False,False,False,False,False,False,False,False,False,False,True,False,False,False,True,False,False,1
99,1,95000.0,0.0,4200.0,1,0,2,0,0,0,0,0,0,0,0,0,4,1,0,1,70,70,0,84,0,0,1,0,0,0,0.0,0.0,0.0,0,0.0,0.0,0.0,32.0,0,8,True,False,False,False,True,False,False,True,False,False,False,True,False,False,False,False,False,False,False,False,False,False,False,False,False,False,False,True,False,False,False,False,False,True,1
99,0,999999.0,575.0,75400.0,1,1,2,1,2,0,1,1,0,1,0,0,5,0,0,1,99,99,1,27,1,0,8,0,41,68,28200.0,28200.0,0.0,0,0.0,0.0,0.0,489.0,0,0,True,False,False,False,True,False,False,True,True,False,False,False,False,False,False,False,False,False,False,False,False,False,False,False,False,True,False,False,False,False,False,True,False,False,1
99,0,999999.0,625.0,14000.0,2,0,0,0,0,0,0,0,0,0,0,0,1,0,0,2,99,99,0,30,1,0,6,0,23,16,9000.0,9000.0,0.0,0,0.0,0.0,0.0,140.0,1,0,True,False,False,False,True,False,False,True,False,False,False,False,False,False,False,False,False,True,False,False,False,False,False,False,False,False,False,True,False,False,False,True,False,False,1
99,0,999999.0,412.0,8900.0,1,1,1,1,0,0,0,0,0,0,1,1,6,4,0,1,15,10,0,36,0,0,5,0,20,9,2400.0,0.0,2400.0,0,0.0,0.0,0.0,54.0,0,0,True,False,False,False,True,False,False,True,False,False,False,False,False,False,False,False,False,False,False,False,True,False,False,False,False,False,False,True,False,False,True,False,False,False,1
99,1,225000.0,0.0,54950.0,1,1,1,2,2,0,1,1,0,1,0,0,5,0,0,1,99,99,1,9,0,1,1,1,0,0,0.0,999999.0,999999.0,999999,99999.0,99999.0,99999.0,362.0,1,0,True,False,False,False,True,False,False,True,True,False,False,False,False,False,False,False,False,False,False,False,False,False,False,False,False,False,False,True,False,False,False,True,False,False,1
99,1,400000.0,0.0,29787.0,1,1,0,0,0,0,0,0,0,0,1,1,2,0,0,1,99,99,0,70,0,0,2,0,0,0,13922.0,0.0,0.0,0,1667.0,0.0,0.0,397.0,0,0,True,False,False,False,True,False,False,True,False,False,False,False,False,False,False,False,False,False,False,False,True,False,False,False,False,False,False,True,False,False,True,False,False,False,1
99,1,162500.0,0.0,47695.0,1,1,0,0,0,0,0,0,0,0,2,1,2,0,0,1,99,99,0,72,1,0,7,0,0,0,36282.0,0.0,0.0,0,10703.0,0.0,0.0,501.0,0,7,True,False,False,False,True,False,False,True,False,False,False,True,False,False,False,False,False,False,False,False,False,False,False,False,False,False,False,True,False,False,True,False,False,False,1
99,0,999999.0,725.0,30000.0,2,0,0,0,0,0,0,0,0,0,0,0,1,0,0,2,99,99,0,28,1,0,7,0,32,34,23000.0,23000.0,0.0,0,0.0,0.0,0.0,357.0,1,0,True,False,False,False,True,False,False,True,False,False,False,False,False,False,False,False,False,True,False,False,False,False,False,False,False,False,False,True,True,False,False,False,False,False,1
99,0,999999.0,412.0,7680.0,1,0,1,0,1,0,1,0,0,0,0,0,3,0,0,1,99,99,1,18,0,1,6,1,0,0,0.0,0.0,0.0,0,0.0,0.0,0.0,77.0,1,0,True,False,False,False,True,False,False,True,True,False,False,False,False,False,False,False,False,False,False,False,False,False,False,False,False,False,False,True,False,False,False,True,False,False,1
99,0,999999.0,387.0,17000.0,1,0,1,0,1,0,1,0,0,0,0,0,4,0,0,1,99,99,1,6,0,1,1,1,0,0,0.0,999999.0,999999.0,999999,99999.0,99999.0,99999.0,135.0,0,0,True,False,False,False,True,False,False,True,True,False,False,False,False,False,False,False,False,False,False,False,False,False,False,False,False,False,False,True,False,False,False,True,False,False,1
99,0,999999.0,875.0,16000.0,1,1,1,1,2,0,1,1,0,1,0,0,12,0,0,1,99,99,6,12,1,1,2,1,0,0,0.0,999999.0,999999.0,999999,99999.0,99999.0,99999.0,67.0,1,0,True,False,False,False,True,False,False,True,True,False,False,False,False,False,False,False,False,False,False,False,False,False,False,False,False,False,False,True,False,False,False,True,False,False,1
99,0,999999.0,875.0,20001.0,1,0,0,0,0,0,0,0,0,0,0,0,1,0,0,1,99,99,0,27,0,0,8,0,35,62,20001.0,6000.0,1.0,0,0.0,0.0,0.0,310.0,1,1,True,False,False,False,True,False,False,True,False,False,False,True,False,False,False,False,False,False,False,False,False,False,False,False,False,False,False,True,False,False,False,True,False,False,1
99,0,999999.0,875.0,61300.0,1,0,2,0,0,0,0,0,0,0,0,0,8,1,0,1,27,27,1,48,0,0,3,0,25,44,17000.0,17000.0,0.0,0,0.0,0.0,0.0,291.0,1,2,True,False,False,False,True,False,False,True,False,False,False,True,False,False,False,False,False,False,False,False,False,False,False,False,False,False,False,True,False,False,False,True,False,False,1
99,0,999999.0,675.0,38000.0,1,1,0,0,0,0,0,0,0,0,2,1,2,0,0,1,99,99,0,28,1,0,6,0,25,18,12000.0,12000.0,0.0,0,0.0,0.0,0.0,458.0,1,1,True,False,False,False,True,False,False,True,False,False,False,True,False,False,False,False,False,False,False,False,False,False,False,False,False,True,False,False,False,False,True,False,False,False,1
99,0,999999.0,1000.0,13000.0,3,0,0,0,0,0,0,0,0,0,0,0,1,0,0,1,99,99,0,35,0,1,6,2,11,16,13000.0,13000.0,0.0,0,0.0,0.0,0.0,202.0,1,1,True,False,False,False,True,False,False,True,False,False,False,True,False,False,False,False,False,False,False,False,False,False,False,False,False,False,False,True,False,False,False,True,False,False,1
99,0,999999.0,875.0,24000.0,4,0,0,0,0,0,0,0,0,0,0,0,1,0,0,1,99,99,0,47,0,1,2,1,24,47,24000.0,0.0,24000.0,0,0.0,0.0,0.0,372.0,1,2,True,False,False,False,True,False,False,True,False,False,False,True,False,False,False,False,False,False,False,False,False,False,False,False,False,True,False,False,False,False,False,False,True,False,0
99,0,999999.0,1000.0,98000.0,2,1,1,1,0,0,0,0,0,0,1,1,4,2,0,1,21,17,0,44,0,0,7,0,22,52,5000.0,5000.0,0.0,0,0.0,0.0,0.0,501.0,0,0,True,False,False,False,True,False,False,True,False,False,False,False,False,False,False,False,False,False,False,False,True,False,False,False,False,False,False,True,False,False,True,False,False,False,1
99,1,275000.0,0.0,82000.0,1,1,1,1,2,0,1,1,0,1,0,0,5,0,0,1,99,99,2,9,0,1,1,1,0,0,0.0,999999.0,999999.0,999999,99999.0,99999.0,99999.0,501.0,0,0,True,False,False,False,True,False,False,True,True,False,False,False,False,False,False,False,False,False,False,False,False,False,False,False,False,False,False,True,False,False,False,True,False,False,1
99,0,999999.0,212.0,3744.0,2,0,1,0,0,0,0,0,0,0,0,0,1,0,0,2,99,99,0,28,1,0,5,0,25,44,0.0,0.0,0.0,0,0.0,0.0,0.0,1.0,1,0,True,False,False,False,True,False,False,True,False,False,False,False,False,False,False,False,False,True,False,False,False,False,True,False,False,False,False,False,False,False,False,True,False,False,1
99,1,187500.0,0.0,65500.0,2,1,1,1,2,0,1,1,0,1,0,0,8,0,0,1,99,99,2,1,0,0,7,0,0,0,0.0,999999.0,999999.0,999999,99999.0,99999.0,99999.0,301.0,1,0,True,False,False,False,True,False,False,True,True,False,False,False,False,False,False,False,False,False,False,False,False,False,False,False,False,False,False,True,False,False,False,True,False,False,1
99,0,999999.0,487.0,8134.0,1,1,1,1,0,0,0,0,0,0,1,1,3,1,1,1,2,2,0,37,0,0,0,0,0,0,3642.0,0.0,0.0,0,0.0,3642.0,0.0,81.0,1,0,True,False,False,False,True,False,False,True,False,False,False,False,False,False,False,False,False,False,False,False,True,False,False,True,False,False,False,False,False,False,True,False,False,False,1
99,0,999999.0,575.0,40181.0,1,0,1,0,1,0,1,0,0,0,0,0,2,0,0,1,99,99,0,24,1,0,7,0,25,44,15621.0,15552.0,0.0,0,0.0,0.0,0.0,484.0,1,0,True,False,False,False,True,False,False,True,True,False,False,False,False,False,False,False,False,False,False,False,False,False,False,False,False,True,False,False,False,False,False,True,False,False,1
99,1,162500.0,0.0,57510.0,1,1,1,2,0,0,0,4,0,2,0,0,5,0,0,1,99,99,0,18,1,1,5,1,25,15,3880.0,3880.0,0.0,0,0.0,0.0,0.0,373.0,1,0,True,False,False,False,True,False,False,True,False,False,True,False,False,False,False,False,False,False,False,False,False,False,False,False,False,False,False,True,False,False,False,True,False,False,1
99,1,95000.0,0.0,21492.0,1,1,0,0,0,0,0,0,0,0,2,1,2,0,0,1,99,99,0,86,1,0,2,0,0,0,17820.0,0.0,0.0,0,5820.0,0.0,0.0,287.0,0,8,True,False,False,False,True,False,False,True,False,False,False,True,False,False,False,False,False,False,False,False,False,False,True,False,False,False,False,False,False,False,True,False,False,False,1
99,0,999999.0,0.0,999999.0,1,0,0,0,0,0,0,0,0,0,0,0,1,0,0,1,99,99,0,75,0,0,6,0,0,0,640.0,0.0,0.0,0,0.0,640.0,0.0,0.0,0,0,False,True,False,True,False,False,False,True,False,False,False,False,True,False,False,False,False,False,False,False,False,False,False,False,False,True,False,False,False,False,False,False,False,True,1
99,1,112500.0,0.0,25024.0,1,1,1,1,0,0,0,0,0,0,2,1,4,2,0,1,14,11,0,35,1,0,8,0,31,65,8000.0,0.0,8000.0,0,0.0,0.0,0.0,199.0,0,5,True,False,False,False,True,False,False,True,False,False,False,True,False,False,False,False,False,False,False,False,False,False,False,False,False,False,False,True,False,False,True,False,False,False,0
99,0,999999.0,1000.0,65679.0,1,1,1,1,2,0,1,1,3,1,0,0,4,0,0,1,99,99,1,7,0,0,1,0,0,0,0.0,999999.0,999999.0,999999,99999.0,99999.0,99999.0,501.0,1,0,True,False,False,False,True,False,False,True,True,False,False,False,False,False,False,False,False,False,False,False,False,False,False,False,False,True,False,False,False,False,False,True,False,False,1
99,0,999999.0,412.0,28890.0,1,1,1,1,1,0,1,2,0,1,0,0,4,0,0,1,99,99,1,0,1,0,7,0,0,0,0.0,999999.0,999999.0,999999,99999.0,99999.0,99999.0,230.0,1,0,True,False,False,False,True,False,False,True,True,False,False,False,False,False,False,False,False,False,False,False,False,False,False,False,False,False,False,True,False,False,False,True,False,False,1
99,1,400000.0,0.0,197116.0,1,1,1,1,0,0,0,0,0,0,1,1,4,2,0,1,20,16,0,45,0,0,6,0,0,0,0.0,0.0,0.0,0,0.0,0.0,0.0,501.0,0,0,True,False,False,False,True,False,False,True,False,False,False,False,False,False,False,False,False,False,False,False,True,False,False,False,False,False,False,True,False,False,True,False,False,False,1
99,1,225000.0,0.0,55570.0,1,1,1,1,2,7,1,1,0,1,0,0,5,0,0,1,99,99,2,16,1,1,4,1,20,8,2000.0,2000.0,0.0,0,0.0,0.0,0.0,376.0,1,0,True,False,False,False,True,False,False,True,True,False,False,False,False,False,False,False,False,False,False,False,False,False,False,False,False,False,False,True,False,False,False,True,False,False,1
99,0,999999.0,437.0,60000.0,1,1,1,1,1,0,1,2,0,1,0,0,4,0,0,1,99,99,1,14,1,1,2,1,0,0,0.0,999999.0,999999.0,999999,99999.0,99999.0,99999.0,477.0,1,0,True,False,False,False,True,False,False,True,True,False,False,False,False,False,False,False,False,False,False,False,False,False,False,False,False,False,False,True,False,False,False,True,False,False,1
99,0,999999.0,1000.0,27000.0,1,0,0,0,0,0,0,0,0,0,0,0,1,0,0,1,99,99,0,55,1,0,7,0,41,68,27000.0,27000.0,0.0,0,0.0,0.0,0.0,419.0,1,1,True,False,False,False,True,False,False,True,False,False,False,True,False,False,False,False,False,False,False,False,False,False,False,False,False,False,False,True,False,False,False,False,True,False,1
99,0,999999.0,575.0,66858.0,1,2,2,2,2,0,1,1,0,1,0,0,7,0,0,1,99,99,1,8,0,1,1,2,0,0,0.0,999999.0,999999.0,999999,99999.0,99999.0,99999.0,333.0,0,0,True,False,False,False,True,False,False,True,True,False,False,False,False,False,False,False,False,False,False,False,False,False,False,False,False,False,False,True,False,False,False,True,False,False,1
99,1,187500.0,0.0,45655.0,1,1,1,1,0,0,0,0,0,0,2,1,3,1,0,1,32,32,0,71,1,0,6,0,0,0,10185.0,0.0,0.0,0,8016.0,0.0,0.0,471.0,0,8,True,False,False,False,True,False,False,True,False,False,False,True,False,False,False,False,False,False,False,False,False,False,False,False,False,False,False,True,False,False,True,False,False,False,1
99,0,999999.0,462.0,12000.0,1,1,1,1,2,0,1,1,0,1,0,0,4,0,0,1,99,99,1,3,0,0,0,0,0,0,0.0,999999.0,999999.0,999999,99999.0,99999.0,99999.0,95.0,1,0,True,False,False,False,True,False,False,True,True,False,False,False,False,False,False,False,False,False,False,False,False,False,False,False,False,False,False,True,False,False,False,True,False,False,1
99,0,999999.0,625.0,48000.0,1,0,0,0,0,0,0,0,0,0,0,0,1,0,0,1,99,99,0,41,1,0,8,0,31,65,48000.0,48000.0,0.0,0,0.0,0.0,0.0,501.0,0,5,True,False,False,False,True,False,False,True,False,False,False,True,False,False,False,False,False,False,False,False,False,False,False,False,False,False,False,True,False,False,False,True,False,False,1
99,1,162500.0,0.0,52684.0,1,1,0,0,0,0,0,0,0,0,1,1,2,0,0,1,99,99,0,69,0,0,7,0,0,0,4294.0,0.0,0.0,0,4294.0,0.0,0.0,501.0,0,0,True,False,False,False,True,False,False,True,False,False,False,False,False,False,False,False,False,False,False,False,True,False,False,False,False,False,False,True,False,False,True,False,False,False,1
99,0,999999.0,512.0,16400.0,2,1,1,1,2,0,1,1,0,1,0,0,9,0,0,1,99,99,5,19,0,1,7,1,22,61,0.0,0.0,0.0,0,0.0,0.0,0.0,62.0,0,0,True,False,False,False,True,False,False,True,True,False,False,False,False,False,False,False,False,False,False,False,False,False,False,False,False,False,False,True,False,False,False,True,False,False,1
99,1,275000.0,0.0,31000.0,1,0,0,0,0,0,0,0,0,0,0,0,1,0,0,1,99,99,0,42,0,1,7,1,22,61,31000.0,31000.0,0.0,0,0.0,0.0,0.0,481.0,0,6,True,False,False,False,True,False,False,True,False,False,False,True,False,False,False,False,False,False,False,False,False,False,False,False,False,False,False,True,False,False,False,False,True,False,1
99,0,999999.0,362.0,18000.0,1,0,0,0,0,0,0,0,0,0,0,0,1,0,0,1,99,99,0,34,1,0,6,0,25,15,18000.0,18000.0,0.0,0,0.0,0.0,0.0,279.0,1,1,True,False,False,False,True,False,False,True,False,False,False,True,False,False,False,False,False,False,False,False,False,False,False,False,False,False,False,True,True,False,False,False,False,False,0
99,0,999999.0,875.0,42000.0,2,0,1,1,0,0,0,0,0,0,0,0,3,1,0,1,22,22,0,48,0,0,6,0,19,17,16000.0,16000.0,0.0,0,0.0,0.0,0.0,421.0,1,0,True,False,False,False,True,False,False,True,False,False,False,False,False,False,False,True,False,False,False,False,False,False,False,False,False,False,False,True,False,False,False,False,False,True,1
99,0,999999.0,575.0,40000.0,1,0,0,0,0,0,0,0,0,0,0,0,1,0,0,1,99,99,0,44,1,0,8,0,25,44,40000.0,35000.0,0.0,0,0.0,0.0,0.0,501.0,0,5,True,False,False,False,True,False,False,True,False,False,False,True,False,False,False,False,False,False,False,False,False,False,False,False,False,False,False,True,False,False,False,True,False,False,0
99,1,225000.0,0.0,57000.0,1,1,1,1,0,0,0,0,0,0,1,1,6,4,1,1,14,4,0,37,0,0,6,0,22,45,12000.0,12000.0,0.0,0,0.0,0.0,0.0,344.0,0,0,True,False,False,False,True,False,False,True,False,False,False,False,False,False,False,False,False,False,False,False,True,False,False,False,False,False,False,True,False,False,True,False,False,False,1
99,0,999999.0,487.0,15000.0,2,0,0,1,0,0,0,1,0,1,0,0,4,0,0,1,99,99,2,3,0,0,0,0,0,0,0.0,999999.0,999999.0,999999,99999.0,99999.0,99999.0,119.0,1,0,True,False,False,False,True,False,False,True,True,False,False,False,False,False,False,False,False,False,False,False,False,False,False,False,False,False,False,True,False,False,False,True,False,False,1
99,1,275000.0,0.0,43533.0,1,1,1,1,0,0,0,0,0,0,1,1,4,2,0,1,23,20,0,62,0,0,2,0,20,9,12000.0,12000.0,0.0,0,0.0,0.0,0.0,340.0,0,0,True,False,False,False,True,False,False,True,False,False,False,False,False,False,False,False,False,False,False,False,True,False,False,False,False,True,False,False,False,False,True,False,False,False,1
99,1,275000.0,0.0,35705.0,1,1,0,0,0,0,0,0,0,0,1,1,2,0,0,1,99,99,0,77,0,0,8,0,0,0,19671.0,0.0,0.0,0,3192.0,0.0,0.0,476.0,0,0,True,False,False,False,True,False,False,True,False,False,False,False,False,False,False,False,False,False,False,False,True,False,False,False,False,False,False,True,False,False,True,False,False,False,1
99,0,999999.0,537.0,33600.0,1,1,1,1,0,0,0,0,0,0,0,0,8,0,0,1,99,99,0,35,0,0,3,0,11,22,8000.0,8000.0,0.0,0,0.0,0.0,0.0,155.0,1,0,True,False,False,False,True,False,False,True,False,False,False,False,False,False,True,False,False,False,False,False,False,False,False,False,False,False,False,True,False,False,False,True,False,False,0
99,1,162500.0,0.0,10542.0,1,0,1,0,1,0,1,0,0,0,0,0,3,0,0,1,99,99,1,45,1,0,6,0,30,64,3618.0,3618.0,0.0,0,0.0,0.0,0.0,109.0,0,0,True,False,False,False,True,False,False,True,True,False,False,False,False,False,False,False,False,False,False,False,False,False,False,False,False,False,False,True,True,False,False,False,False,False,1
99,1,275000.0,0.0,64724.0,1,1,1,1,2,0,1,1,0,1,0,0,4,0,0,1,99,99,1,10,1,1,1,2,0,0,0.0,999999.0,999999.0,999999,99999.0,99999.0,99999.0,501.0,1,0,True,False,False,False,True,False,False,True,True,False,False,False,False,False,False,False,False,False,False,False,False,False,False,False,False,False,False,True,False,False,False,True,False,False,1
99,0,999999.0,675.0,26000.0,1,0,1,1,0,0,0,1,3,1,0,0,5,0,0,1,99,99,1,13,0,1,2,1,0,0,0.0,999999.0,999999.0,999999,99999.0,99999.0,99999.0,171.0,0,0,True,False,False,False,True,False,False,True,True,False,False,False,False,False,False,False,False,False,False,False,False,False,False,False,False,False,False,True,False,False,False,True,False,False,1
99,1,225000.0,0.0,71700.0,1,1,1,1,2,0,1,1,0,1,0,0,7,0,0,1,99,99,3,14,0,1,2,1,0,0,0.0,999999.0,999999.0,999999,99999.0,99999.0,99999.0,362.0,0,0,True,False,False,False,True,False,False,True,True,False,False,False,False,False,False,False,False,False,False,False,False,False,False,False,False,False,False,True,False,False,False,True,False,False,1
99,1,400000.0,0.0,32240.0,1,1,1,1,0,0,0,0,0,0,2,1,4,2,0,1,22,9,0,47,1,0,7,0,29,27,26240.0,25000.0,0.0,0,0.0,1200.0,0.0,248.0,0,6,True,False,False,False,True,False,False,True,False,False,False,True,False,False,False,False,False,False,False,False,False,False,False,False,False,False,False,True,False,False,True,False,False,False,1
99,1,137500.0,0.0,20000.0,1,1,0,0,0,0,0,0,0,0,2,1,2,0,0,1,99,99,0,61,1,0,6,0,24,47,20000.0,20000.0,0.0,0,0.0,0.0,0.0,241.0,0,7,True,False,False,False,True,False,False,True,False,False,False,True,False,False,False,False,False,False,False,False,False,False,False,False,False,False,False,True,False,False,True,False,False,False,0
99,0,999999.0,312.0,7500.0,1,1,1,1,2,0,1,1,0,1,0,0,8,0,0,1,99,99,5,4,0,0,0,0,0,0,0.0,999999.0,999999.0,999999,99999.0,99999.0,99999.0,37.0,1,0,True,False,False,False,True,False,False,True,True,False,False,False,False,False,False,False,False,False,False,False,False,False,False,False,False,False,False,True,False,False,False,True,False,False,1
99,0,999999.0,362.0,23300.0,1,1,1,1,0,0,0,0,0,0,0,0,4,0,0,1,99,99,1,32,1,1,7,1,23,18,5300.0,5000.0,0.0,0,0.0,0.0,0.0,179.0,1,0,True,False,False,False,True,False,False,True,False,False,False,False,False,False,False,False,False,False,False,True,False,False,False,False,False,False,False,True,False,True,False,False,False,False,1
99,0,999999.0,1000.0,33900.0,1,1,1,1,2,0,1,1,0,1,0,0,5,0,0,1,99,99,2,17,0,1,4,1,41,68,2500.0,2500.0,0.0,0,0.0,0.0,0.0,223.0,1,0,True,False,False,False,True,False,False,True,True,False,False,False,False,False,False,False,False,False,False,False,False,False,False,False,False,False,False,True,False,False,False,True,False,False,0
99,1,225000.0,0.0,72932.0,1,1,1,1,2,0,1,1,0,1,0,0,10,0,0,1,99,99,7,8,0,1,1,2,0,0,0.0,999999.0,999999.0,999999,99999.0,99999.0,99999.0,304.0,0,0,True,False,False,False,True,False,False,True,True,False,False,False,False,False,False,False,False,False,False,False,False,False,False,False,False,False,False,True,False,False,False,True,False,False,1
99,1,95000.0,0.0,41000.0,1,1,2,1,2,0,1,1,3,1,0,0,6,1,1,1,0,0,1,19,0,0,6,0,24,47,1000.0,1000.0,0.0,0,0.0,0.0,0.0,235.0,1,0,True,False,False,False,True,False,False,True,True,False,False,False,False,False,False,False,False,False,False,False,False,False,True,False,False,False,False,False,False,False,False,True,False,False,1
99,0,999999.0,675.0,38700.0,1,1,0,0,0,0,0,0,0,0,1,2,2,0,0,1,99,99,0,28,1,1,7,1,29,48,18700.0,15000.0,0.0,0,0.0,0.0,3700.0,466.0,1,0,True,False,False,False,True,False,False,True,False,False,False,False,False,False,False,False,False,False,False,False,True,False,False,False,False,False,False,True,False,False,True,False,False,False,1
99,0,999999.0,512.0,8400.0,1,1,1,1,2,0,1,1,0,1,0,0,5,0,0,1,99,99,2,6,1,1,1,1,0,0,0.0,999999.0,999999.0,999999,99999.0,99999.0,99999.0,57.0,0,0,True,False,False,False,True,False,False,True,True,False,False,False,False,False,False,False,False,False,False,False,False,False,False,False,False,False,False,True,False,False,False,True,False,False,1
99,1,187500.0,0.0,54468.0,1,1,0,0,0,0,0,0,0,0,1,1,2,0,0,1,99,99,0,64,0,0,8,0,0,0,30380.0,0.0,0.0,0,0.0,0.0,0.0,501.0,0,0,True,False,False,False,True,False,False,True,False,False,False,False,False,False,False,False,False,False,False,False,True,False,False,False,False,False,False,True,False,False,True,False,False,False,1
99,0,999999.0,1000.0,18000.0,2,1,1,1,0,0,0,0,0,0,2,1,5,1,1,1,1,1,1,32,1,1,7,1,20,8,18000.0,18000.0,0.0,0,0.0,0.0,0.0,119.0,1,1,True,False,False,False,True,False,False,True,False,False,False,True,False,False,False,False,False,False,False,False,False,False,False,False,False,False,False,True,False,False,True,False,False,False,1
99,1,400000.0,0.0,124115.0,1,1,1,1,0,0,0,0,0,0,2,1,4,2,2,1,2,1,0,41,1,0,8,0,61,93,123815.0,0.0,123515.0,0,0.0,0.0,0.0,501.0,1,2,True,False,False,False,True,False,False,True,False,False,False,True,False,False,False,False,False,False,False,False,False,False,False,False,False,False,False,True,False,False,True,False,False,False,1
99,0,999999.0,675.0,7320.0,1,0,1,0,1,0,1,0,0,0,0,0,3,0,0,1,99,99,1,14,0,1,2,1,0,0,0.0,999999.0,999999.0,999999,99999.0,99999.0,99999.0,73.0,1,0,True,False,False,False,True,False,False,True,True,False,False,False,False,False,False,False,False,False,False,False,False,False,False,False,False,False,False,True,False,False,False,True,False,False,1
99,1,400000.0,0.0,39000.0,2,0,0,0,0,0,0,0,0,0,0,0,1,0,0,1,99,99,0,74,1,0,8,0,35,62,39000.0,17000.0,7000.0,0,10000.0,0.0,0.0,501.0,0,8,True,False,False,False,True,False,False,True,False,False,False,True,False,False,False,False,False,False,False,False,False,False,False,False,False,False,False,True,False,False,False,True,False,False,1
99,0,999999.0,162.0,0.0,1,1,1,1,2,7,1,1,0,1,0,0,6,0,0,1,99,99,3,12,1,1,2,1,0,0,0.0,999999.0,999999.0,999999,99999.0,99999.0,99999.0,1.0,1,0,True,False,False,False,True,False,False,True,True,False,False,False,False,False,False,False,False,False,False,False,False,False,False,False,False,True,False,False,False,False,False,True,False,False,1
99,1,350000.0,0.0,53500.0,1,1,0,0,0,0,0,0,0,0,1,1,2,0,0,1,99,99,0,59,0,0,8,0,25,52,27500.0,0.0,7500.0,0,0.0,0.0,0.0,501.0,0,0,True,False,False,False,True,False,False,True,False,False,False,False,False,False,False,False,False,False,False,False,True,False,False,False,False,False,False,True,False,False,True,False,False,False,1
99,0,999999.0,1000.0,9600.0,2,2,1,1,2,0,1,1,0,1,0,0,8,0,0,1,99,99,5,9,1,1,1,1,0,0,0.0,999999.0,999999.0,999999,99999.0,99999.0,99999.0,47.0,1,0,True,False,False,False,True,False,False,True,True,False,False,False,False,False,False,False,False,False,False,False,False,False,False,False,False,False,False,True,False,False,False,True,False,False,1
99,1,350000.0,0.0,32900.0,1,1,1,1,2,0,1,1,0,1,0,0,4,0,0,1,99,99,1,11,1,1,2,1,0,0,0.0,999999.0,999999.0,999999,99999.0,99999.0,99999.0,262.0,0,0,True,False,False,False,True,False,False,True,True,False,False,False,False,False,False,False,False,False,False,False,False,False,False,True,False,False,False,False,False,False,False,True,False,False,1
99,0,999999.0,1000.0,81520.0,1,1,0,0,0,0,0,0,0,0,1,1,2,0,0,1,99,99,0,28,0,0,8,0,41,68,0.0,0.0,0.0,0,0.0,0.0,0.0,501.0,1,0,True,False,False,False,True,False,False,True,False,False,False,False,False,False,False,False,False,False,False,False,True,False,False,False,False,False,False,True,False,False,True,False,False,False,1
99,0,999999.0,675.0,29000.0,1,0,0,0,0,0,0,0,0,0,0,0,1,0,0,1,99,99,0,33,0,0,7,0,31,65,29000.0,29000.0,0.0,0,0.0,0.0,0.0,450.0,1,1,True,False,False,False,True,False,False,True,False,False,False,True,False,False,False,False,False,False,False,False,False,False,True,False,False,False,False,False,False,False,False,True,False,False,1
99,0,999999.0,537.0,28732.0,2,0,0,0,0,0,0,0,0,0,0,0,1,0,0,1,99,99,0,29,1,1,7,1,33,60,28732.0,28700.0,0.0,0,0.0,0.0,0.0,445.0,1,2,True,False,False,False,True,False,False,True,False,False,False,True,False,False,False,False,False,False,False,False,False,False,True,False,False,False,False,False,False,False,False,True,False,False,1
99,1,400000.0,0.0,53000.0,1,1,1,1,2,0,1,1,0,1,0,0,5,0,0,1,99,99,2,21,1,1,7,1,0,0,0.0,0.0,0.0,0,0.0,0.0,0.0,339.0,0,0,True,False,False,False,True,False,False,True,True,False,False,False,False,False,False,False,False,False,False,False,False,False,False,False,False,False,False,True,False,False,False,True,False,False,1
99,1,400000.0,0.0,97080.0,1,1,0,0,0,0,0,0,0,0,2,1,2,0,0,1,99,99,0,77,1,0,7,0,41,68,62000.0,25000.0,0.0,0,13000.0,0.0,0.0,501.0,0,7,True,False,False,False,True,False,False,True,False,False,False,True,False,False,False,False,False,False,False,False,False,False,False,False,False,False,False,True,False,False,True,False,False,False,1
99,1,275000.0,0.0,71395.0,1,1,1,1,2,0,1,1,0,1,0,0,3,0,0,1,99,99,0,2,0,0,7,0,0,0,0.0,999999.0,999999.0,999999,99999.0,99999.0,99999.0,501.0,1,0,True,False,False,False,True,False,False,True,True,False,False,False,False,False,False,False,False,False,False,False,False,False,True,False,False,False,False,False,False,False,False,True,False,False,1
99,1,400000.0,0.0,40000.0,1,1,1,1,2,0,1,1,0,1,0,0,4,0,0,1,99,99,1,14,0,1,2,1,0,0,0.0,999999.0,999999.0,999999,99999.0,99999.0,99999.0,318.0,1,0,True,False,False,False,True,False,False,True,True,False,False,False,False,False,False,False,False,False,False,False,False,False,False,False,False,False,False,True,False,False,False,True,False,False,1
99,1,275000.0,0.0,76428.0,1,2,2,2,0,0,0,0,0,0,1,1,6,1,0,1,24,24,0,46,0,0,6,0,23,18,20000.0,20000.0,0.0,0,0.0,0.0,0.0,431.0,0,0,True,False,False,False,True,False,False,True,False,False,False,False,False,False,False,False,False,False,False,False,True,False,False,False,False,True,False,False,False,False,True,False,False,False,1
99,1,112500.0,0.0,57800.0,1,1,2,1,0,0,0,0,0,0,1,2,7,1,0,1,6,6,0,29,1,0,2,0,28,22,10000.0,10000.0,0.0,0,0.0,0.0,0.0,288.0,1,0,True,False,False,False,True,False,False,True,False,False,False,False,False,False,False,False,False,False,False,False,True,False,False,False,False,False,False,True,False,False,True,False,False,False,1
99,1,42499.0,0.0,64000.0,1,1,2,1,5,7,2,0,0,0,0,0,5,0,0,1,99,99,1,8,0,1,0,1,0,0,0.0,999999.0,999999.0,999999,99999.0,99999.0,99999.0,422.0,0,0,True,False,False,False,True,False,False,True,False,False,True,False,False,False,False,False,False,False,False,False,False,False,True,False,False,False,False,False,False,False,False,True,False,False,1
99,1,162500.0,0.0,12000.0,1,0,1,0,0,0,0,0,0,0,0,0,4,3,0,1,15,9,0,36,0,0,4,0,0,0,12000.0,0.0,0.0,0,12000.0,0.0,0.0,95.0,0,6,True,False,False,False,True,False,False,True,False,False,False,True,False,False,False,False,False,False,False,False,False,False,False,False,False,False,False,True,False,False,False,False,False,True,1
99,0,999999.0,675.0,60000.0,1,0,1,0,2,0,1,0,0,0,0,0,4,0,0,1,99,99,2,11,1,1,2,1,0,0,0.0,999999.0,999999.0,999999,99999.0,99999.0,99999.0,477.0,1,0,True,False,False,False,True,False,False,True,False,False,False,False,False,False,False,False,False,False,True,False,False,False,False,False,False,False,False,True,False,False,False,True,False,False,1
99,1,225000.0,0.0,70500.0,1,1,2,1,5,0,1,0,0,0,1,1,5,2,0,1,19,15,0,40,0,1,7,1,26,72,10000.0,10000.0,0.0,0,0.0,0.0,0.0,451.0,0,0,True,False,False,False,True,False,False,True,False,False,False,False,False,False,False,False,False,False,False,False,True,False,False,False,False,False,False,True,False,False,True,False,False,False,0
99,0,999999.0,282.0,7200.0,1,0,0,0,0,0,0,0,0,0,0,0,1,0,0,1,99,99,0,37,1,0,7,0,0,0,7200.0,0.0,0.0,0,0.0,7200.0,0.0,112.0,0,5,True,False,False,False,True,False,False,True,False,False,False,True,False,False,False,False,False,False,False,False,False,False,False,False,False,False,False,True,False,False,False,True,False,False,1
99,1,225000.0,0.0,30000.0,1,1,1,1,0,0,0,0,0,0,2,1,4,2,0,1,37,33,0,72,1,0,1,0,0,0,0.0,0.0,0.0,0,0.0,0.0,0.0,235.0,1,2,True,False,False,False,True,False,False,True,False,False,False,True,False,False,False,False,False,False,False,False,False,False,False,False,False,False,False,True,False,False,True,False,False,False,1
99,0,999999.0,437.0,29000.0,1,0,1,0,0,0,0,0,0,0,0,0,2,1,0,1,20,20,0,44,0,0,6,0,22,61,21000.0,21000.0,0.0,0,0.0,0.0,0.0,349.0,0,5,True,False,False,False,True,False,False,True,False,False,False,True,False,False,False,False,False,False,False,False,False,False,True,False,False,False,False,False,False,False,False,True,False,False,0
99,0,999999.0,212.0,25000.0,2,0,0,0,0,0,0,0,0,0,0,0,1,0,0,1,99,99,0,22,0,0,8,0,37,78,25000.0,25000.0,0.0,0,0.0,0.0,0.0,388.0,1,2,True,False,False,False,True,False,False,True,False,False,False,True,False,False,False,False,False,False,False,False,False,False,False,False,False,False,False,True,False,False,False,True,False,False,1
99,1,137500.0,0.0,24000.0,1,1,1,1,0,0,0,0,0,0,2,1,4,2,0,1,11,7,0,39,1,0,8,0,30,24,24000.0,24000.0,0.0,0,0.0,0.0,0.0,191.0,1,2,True,False,False,False,True,False,False,True,False,False,False,True,False,False,False,False,False,False,False,False,False,False,False,False,False,True,False,False,False,False,True,False,False,False,1
99,1,95000.0,0.0,21000.0,1,0,2,0,1,0,1,0,0,0,0,0,7,0,0,1,99,99,4,19,0,1,7,1,24,44,5000.0,5000.0,0.0,0,0.0,0.0,0.0,109.0,1,0,True,False,False,False,True,False,False,True,True,False,False,False,False,False,False,False,False,False,False,False,False,False,False,False,False,False,False,True,False,False,False,True,False,False,1
99,0,999999.0,462.0,39449.0,1,0,0,0,0,0,0,0,0,0,0,0,1,0,0,1,99,99,0,29,0,1,7,1,23,18,39449.0,27449.0,0.0,0,0.0,0.0,12000.0,501.0,1,1,True,False,False,False,True,False,False,True,False,False,False,True,False,False,False,False,False,False,False,False,False,False,False,False,False,False,False,True,False,False,False,True,False,False,1
99,1,187500.0,0.0,69320.0,1,0,1,0,0,0,0,0,0,0,0,0,2,1,0,1,55,55,0,83,0,0,2,0,0,0,7320.0,0.0,0.0,0,0.0,7320.0,0.0,501.0,0,0,True,False,False,False,True,False,False,True,False,False,False,False,False,False,False,True,False,False,False,False,False,False,False,False,False,False,False,True,False,False,False,False,False,True,1
99,1,400000.0,0.0,105000.0,1,1,1,1,0,0,0,0,0,0,2,1,3,1,0,1,26,26,0,45,1,0,7,0,31,53,35000.0,35000.0,0.0,0,0.0,0.0,0.0,501.0,0,6,True,False,False,False,True,False,False,True,False,False,False,True,False,False,False,False,False,False,False,False,False,False,True,False,False,False,False,False,False,False,True,False,False,False,1
99,0,999999.0,725.0,25461.0,1,1,1,2,0,0,0,0,0,0,0,0,7,1,0,1,42,42,0,85,1,0,0,0,0,0,0.0,0.0,0.0,0,0.0,0.0,0.0,124.0,0,0,True,False,False,False,True,False,False,True,False,False,False,False,False,False,False,False,True,False,False,False,False,False,False,False,False,False,False,True,False,False,False,False,False,True,1
99,0,999999.0,675.0,53340.0,1,0,1,0,2,0,1,0,0,0,0,0,5,0,0,1,99,99,3,23,1,1,8,1,0,0,0.0,0.0,0.0,0,0.0,0.0,0.0,346.0,0,0,True,False,False,False,True,False,False,True,False,False,False,False,False,False,False,False,False,False,True,False,False,False,False,True,False,False,False,False,False,False,False,True,False,False,1
99,0,999999.0,675.0,28000.0,2,0,0,0,0,0,0,0,0,0,0,0,1,0,0,1,99,99,0,31,0,0,7,0,26,47,28000.0,28000.0,0.0,0,0.0,0.0,0.0,434.0,1,2,True,False,False,False,True,False,False,True,False,False,False,True,False,False,False,False,False,False,False,False,False,False,False,False,False,False,False,True,False,False,False,True,False,False,1
99,0,999999.0,875.0,34000.0,1,0,1,0,0,0,0,0,0,0,0,0,3,2,0,1,22,19,0,51,0,0,6,0,30,44,12000.0,12000.0,0.0,0,0.0,0.0,0.0,351.0,1,1,True,False,False,False,True,False,False,True,False,False,False,True,False,False,False,False,False,False,False,False,False,False,False,False,False,False,False,True,False,False,False,False,False,True,1
99,0,999999.0,487.0,30028.0,1,1,1,1,2,0,1,1,0,1,0,0,5,0,0,1,99,99,2,9,1,1,1,1,0,0,0.0,999999.0,999999.0,999999,99999.0,99999.0,99999.0,203.0,1,0,True,False,False,False,True,False,False,True,True,False,False,False,False,False,False,False,False,False,False,False,False,False,False,False,False,False,False,True,False,False,False,True,False,False,1
99,1,187500.0,0.0,48100.0,1,1,1,1,0,0,0,0,0,0,1,1,4,2,1,1,7,2,0,30,0,0,7,0,0,0,0.0,0.0,0.0,0,0.0,0.0,0.0,383.0,1,0,True,False,False,False,True,False,False,True,False,False,False,False,False,False,False,False,False,False,False,False,True,False,False,False,False,False,False,True,False,False,True,False,False,False,1
99,0,999999.0,875.0,30500.0,1,1,1,1,0,0,0,0,0,0,1,1,6,4,0,1,20,9,0,39,0,1,8,1,23,23,8200.0,8200.0,0.0,0,0.0,0.0,0.0,178.0,1,0,True,False,False,False,True,False,False,True,False,False,False,False,False,False,False,False,False,False,False,False,True,False,False,False,False,False,False,True,False,False,True,False,False,False,0
99,1,162500.0,0.0,15000.0,1,1,0,0,0,0,0,0,0,0,1,1,2,0,0,1,99,99,0,59,0,0,6,0,0,0,0.0,0.0,0.0,0,0.0,0.0,0.0,181.0,0,0,True,False,False,False,True,False,False,True,False,False,False,False,False,False,False,False,False,False,False,False,True,False,True,False,False,False,False,False,False,False,True,False,False,False,1
99,0,999999.0,575.0,18000.0,3,0,1,1,0,0,0,0,0,0,0,0,1,0,0,2,99,99,0,44,0,0,5,0,22,18,1440.0,0.0,0.0,0,0.0,0.0,0.0,22.0,0,0,True,False,False,False,True,False,False,True,False,False,False,False,False,False,False,False,False,True,False,False,False,False,False,False,False,False,False,True,False,True,False,False,False,False,1
99,1,275000.0,0.0,17962.0,1,1,0,0,0,0,0,0,0,0,1,1,2,0,0,1,99,99,0,75,0,0,7,0,0,0,1825.0,0.0,0.0,0,1825.0,0.0,0.0,240.0,0,0,True,False,False,False,True,False,False,True,False,False,False,False,False,False,False,False,False,False,False,False,True,False,False,False,False,False,False,True,False,False,True,False,False,False,1
99,1,162500.0,0.0,60000.0,1,1,1,1,2,0,1,1,0,1,0,0,6,0,0,1,99,99,3,11,0,1,2,1,0,0,0.0,999999.0,999999.0,999999,99999.0,99999.0,99999.0,362.0,1,0,True,False,False,False,True,False,False,True,True,False,False,False,False,False,False,False,False,False,False,False,False,False,False,False,False,False,False,True,False,False,False,True,False,False,1
99,0,999999.0,537.0,32630.0,1,0,2,0,2,0,2,0,0,0,0,0,4,0,0,1,99,99,1,5,1,1,0,2,0,0,0.0,999999.0,999999.0,999999,99999.0,99999.0,99999.0,259.0,0,0,True,False,False,False,True,False,False,True,False,False,True,False,False,False,False,False,False,False,False,False,False,False,True,False,False,False,False,False,False,False,False,True,False,False,1
99,1,162500.0,0.0,15399.0,1,1,0,0,0,0,0,0,0,0,1,1,2,0,0,1,99,99,0,59,0,0,6,0,0,0,0.0,0.0,0.0,0,0.0,0.0,0.0,185.0,0,0,True,False,False,False,True,False,False,True,False,False,False,False,False,False,False,False,False,False,False,False,True,False,False,False,False,False,False,True,False,False,True,False,False,False,1
99,0,999999.0,337.0,38298.0,1,1,1,1,0,0,0,0,0,0,2,1,5,3,0,1,20,12,0,44,1,0,2,0,30,24,12000.0,12000.0,0.0,0,0.0,0.0,0.0,245.0,0,6,True,False,False,False,True,False,False,True,False,False,False,True,False,False,False,False,False,False,False,False,False,False,False,False,False,False,False,True,False,False,True,False,False,False,1
99,0,999999.0,462.0,29000.0,1,1,1,2,0,0,0,0,0,0,0,0,6,2,0,1,29,21,0,63,1,0,2,0,9,6,800.0,800.0,0.0,0,0.0,0.0,0.0,166.0,0,0,True,False,False,False,True,False,False,True,False,False,False,False,False,False,False,True,False,False,False,False,False,False,False,False,False,False,False,True,False,False,False,False,False,True,1
99,1,225000.0,0.0,12000.0,3,0,0,0,0,0,0,0,0,0,0,0,1,0,0,2,99,99,0,2,1,0,7,0,0,0,0.0,999999.0,999999.0,999999,99999.0,99999.0,99999.0,1.0,1,0,True,False,False,False,True,False,False,True,False,False,False,False,False,True,False,False,False,False,False,False,False,False,True,False,False,False,False,False,False,False,False,True,False,False,1
99,1,22500.0,0.0,17256.0,1,0,0,0,0,0,0,0,0,0,0,0,1,0,0,1,99,99,0,85,1,0,2,0,0,0,17256.0,0.0,0.0,0,5256.0,0.0,0.0,290.0,0,7,True,False,False,False,True,False,False,True,False,False,False,True,False,False,False,False,False,False,False,False,False,False,False,False,False,False,False,True,True,False,False,False,False,False,1
99,1,112500.0,0.0,88800.0,1,1,1,1,0,0,0,0,0,0,2,1,3,1,0,1,26,26,0,43,1,0,6,0,31,33,60000.0,60000.0,0.0,0,0.0,0.0,0.0,501.0,1,2,True,False,False,False,True,False,False,True,False,False,False,True,False,False,False,False,False,False,False,False,False,False,False,False,False,False,False,True,False,False,True,False,False,False,1
99,0,999999.0,537.0,15000.0,1,1,1,1,0,0,0,0,0,0,1,1,3,1,1,1,0,0,0,30,0,0,7,0,14,26,2000.0,2000.0,0.0,0,0.0,0.0,0.0,150.0,1,0,True,False,False,False,True,False,False,True,False,False,False,False,False,False,False,False,False,False,False,False,True,False,False,False,False,False,False,True,False,False,True,False,False,False,1
99,0,999999.0,725.0,19989.0,1,1,0,0,0,0,0,0,0,0,2,1,3,0,0,1,99,99,0,69,1,0,0,0,17,11,18189.0,0.0,3000.0,0,0.0,15189.0,0.0,206.0,0,8,True,False,False,False,True,False,False,True,False,False,False,True,False,False,False,False,False,False,False,False,False,False,False,False,False,False,False,True,False,False,True,False,False,False,1
99,1,275000.0,0.0,15953.0,1,1,4,1,4,0,2,0,0,0,0,0,9,0,0,1,99,99,0,2,0,0,7,0,0,0,0.0,999999.0,999999.0,999999,99999.0,99999.0,99999.0,59.0,1,0,True,False,False,False,True,False,False,True,False,False,True,False,False,False,False,False,False,False,False,False,False,False,False,False,False,False,False,True,False,False,False,True,False,False,1
99,0,999999.0,1000.0,94000.0,1,1,1,1,0,0,0,0,0,0,2,1,4,1,0,1,11,11,0,41,1,0,8,0,41,68,70000.0,70000.0,0.0,0,0.0,0.0,0.0,501.0,1,2,True,False,False,False,True,False,False,True,False,False,False,True,False,False,False,False,False,False,False,False,False,False,False,False,False,False,False,True,False,False,True,False,False,False,1
99,0,999999.0,875.0,38000.0,1,1,1,1,0,0,0,0,0,0,2,1,5,3,0,1,17,9,0,47,1,0,6,0,22,10,36000.0,11000.0,7000.0,0,0.0,0.0,0.0,257.0,1,1,True,False,False,False,True,False,False,True,False,False,False,True,False,False,False,False,False,False,False,False,False,False,False,False,False,False,False,True,False,False,True,False,False,False,0
99,0,999999.0,337.0,29100.0,1,1,1,1,0,0,0,0,0,0,1,1,5,1,0,1,15,15,0,51,0,0,6,0,17,13,16800.0,16800.0,0.0,0,0.0,0.0,0.0,192.0,0,0,True,False,False,False,True,False,False,True,False,False,False,False,False,False,False,False,False,False,False,False,True,False,True,False,False,False,False,False,False,False,True,False,False,False,1
99,1,225000.0,0.0,40300.0,1,1,0,0,0,0,0,0,0,0,2,1,2,0,0,1,99,99,0,32,1,0,8,0,37,78,40300.0,40300.0,0.0,0,0.0,0.0,0.0,485.0,0,2,True,False,False,False,True,False,False,True,False,False,False,True,False,False,False,False,False,False,False,False,False,False,False,False,False,False,False,True,False,False,True,False,False,False,1
99,1,400000.0,0.0,242603.0,2,2,2,2,2,0,1,1,0,1,0,0,4,0,0,1,99,99,1,18,1,1,5,1,24,47,12000.0,10000.0,0.0,0,0.0,0.0,0.0,501.0,1,0,True,False,False,False,True,False,True,False,True,False,False,False,False,False,False,False,False,False,False,False,False,False,False,False,False,False,False,True,False,False,False,True,False,False,1
99,1,137500.0,0.0,80652.0,1,1,1,1,2,0,1,1,0,1,0,0,4,0,0,1,99,99,1,18,1,1,5,2,20,8,652.0,652.0,0.0,0,0.0,0.0,0.0,501.0,0,0,True,False,False,False,True,False,False,True,True,False,False,False,False,False,False,False,False,False,False,False,False,False,False,False,False,False,False,True,False,False,False,True,False,False,1
99,0,999999.0,337.0,15966.0,1,0,2,0,1,0,1,0,0,0,0,0,4,2,2,1,4,1,0,24,0,0,6,0,22,45,8838.0,500.0,0.0,0,0.0,8338.0,0.0,127.0,1,0,True,False,False,False,True,False,False,True,True,False,False,False,False,False,False,False,False,False,False,False,False,False,True,False,False,False,False,False,False,False,False,True,False,False,1
99,1,275000.0,0.0,60328.0,1,1,1,1,0,0,0,0,0,0,1,1,3,1,0,1,24,24,0,48,0,0,4,0,26,47,14600.0,14600.0,0.0,0,0.0,0.0,0.0,501.0,0,0,True,False,False,False,True,False,False,True,False,False,False,False,False,False,False,False,False,False,False,False,True,False,False,False,False,False,False,True,False,False,True,False,False,False,1
99,0,999999.0,537.0,15600.0,1,1,1,1,1,0,1,2,0,1,0,0,6,0,0,1,99,99,3,9,0,1,1,1,0,0,0.0,999999.0,999999.0,999999,99999.0,99999.0,99999.0,94.0,1,0,True,False,False,False,True,False,False,True,True,False,False,False,False,False,False,False,False,False,False,False,False,False,False,False,False,False,False,True,False,False,False,True,False,False,1
99,1,225000.0,0.0,30200.0,1,0,1,0,0,0,0,0,0,0,0,0,3,0,0,1,99,99,0,70,0,0,6,0,0,0,7200.0,0.0,0.0,0,7200.0,0.0,0.0,311.0,1,0,True,False,False,False,True,False,False,True,False,False,False,False,False,False,True,False,False,False,False,False,False,False,False,False,False,True,False,False,False,False,False,True,False,False,1
99,1,225000.0,0.0,54334.0,1,1,1,1,0,0,0,0,0,0,2,1,3,1,1,1,1,1,0,33,1,0,8,0,46,84,52035.0,51900.0,0.0,0,0.0,0.0,0.0,501.0,1,2,True,False,False,False,True,False,False,True,False,False,False,True,False,False,False,False,False,False,False,False,False,False,False,False,False,True,False,False,False,False,True,False,False,False,1
99,1,350000.0,0.0,55868.0,1,1,0,0,0,0,0,0,0,0,1,1,2,0,0,1,99,99,0,65,0,0,7,0,0,0,0.0,0.0,0.0,0,0.0,0.0,0.0,501.0,1,0,True,False,False,False,True,False,False,True,False,False,False,False,False,False,False,False,False,False,False,False,True,False,False,False,False,False,False,True,False,False,True,False,False,False,1
99,1,137500.0,0.0,83607.0,1,0,2,0,1,0,1,0,0,0,0,0,7,0,0,1,99,99,1,14,1,1,3,1,0,0,0.0,999999.0,999999.0,999999,99999.0,99999.0,99999.0,416.0,0,0,True,False,False,False,True,False,False,True,True,False,False,False,False,False,False,False,False,False,False,False,False,False,True,False,False,False,False,False,False,False,False,True,False,False,1
99,0,999999.0,675.0,42200.0,1,1,1,1,2,0,1,1,0,1,0,0,7,0,0,1,99,99,4,25,0,0,2,0,22,18,6000.0,6000.0,0.0,0,0.0,0.0,0.0,205.0,1,0,True,False,False,False,True,False,False,True,True,False,False,False,False,False,False,False,False,False,False,False,False,False,False,False,False,False,False,True,False,False,False,True,False,False,0
99,1,350000.0,0.0,38160.0,1,1,2,1,0,0,0,0,0,0,1,1,6,3,0,1,24,21,0,42,0,0,6,0,18,44,6720.0,6720.0,0.0,0,0.0,0.0,0.0,215.0,0,0,True,False,False,False,True,False,False,True,False,False,False,False,False,False,False,False,False,False,False,False,True,False,False,True,False,False,False,False,False,False,True,False,False,False,0
99,0,999999.0,675.0,5000.0,1,1,0,0,0,0,0,0,0,0,1,1,2,0,0,1,99,99,0,66,0,0,2,0,0,0,0.0,0.0,0.0,0,0.0,0.0,0.0,67.0,0,0,True,False,False,False,True,False,False,True,False,False,False,False,False,False,False,False,False,False,False,False,True,False,False,False,False,False,False,True,False,False,True,False,False,False,1
99,1,275000.0,0.0,0.0,1,1,0,0,0,0,0,0,0,0,2,1,2,0,0,1,99,99,0,74,1,0,3,0,0,0,0.0,0.0,0.0,0,0.0,0.0,0.0,1.0,0,8,True,False,False,False,True,False,False,True,False,False,False,True,False,False,False,False,False,False,False,False,False,False,False,False,False,False,False,True,False,False,True,False,False,False,1
99,1,27500.0,0.0,28641.0,1,1,1,1,2,0,1,1,0,1,0,0,5,0,0,1,99,99,2,19,0,1,6,1,14,17,0.0,0.0,0.0,0,0.0,0.0,0.0,189.0,0,0,True,False,False,False,True,False,False,True,True,False,False,False,False,False,False,False,False,False,False,False,False,False,False,False,False,True,False,False,False,False,False,True,False,False,1
99,0,999999.0,512.0,100000.0,1,1,1,1,2,0,1,1,0,1,0,0,4,0,0,1,99,99,1,0,0,0,7,0,0,0,0.0,999999.0,999999.0,999999,99999.0,99999.0,99999.0,501.0,1,0,True,False,False,False,True,False,False,True,True,False,False,False,False,False,False,False,False,False,False,False,False,False,True,False,False,False,False,False,False,False,False,True,False,False,1
99,0,999999.0,575.0,27978.0,1,0,0,0,0,0,0,0,0,0,0,0,1,0,0,1,99,99,0,31,1,0,8,0,40,80,27978.0,27978.0,0.0,0,0.0,0.0,0.0,434.0,1,2,True,False,False,False,True,False,False,True,False,False,False,True,False,False,False,False,False,False,False,False,False,False,True,False,False,False,False,False,False,False,False,True,False,False,1
99,0,999999.0,537.0,82000.0,1,2,2,2,0,0,0,0,0,0,2,1,5,1,0,1,22,22,0,51,1,0,6,0,22,18,41000.0,39000.0,0.0,0,0.0,0.0,2000.0,501.0,0,5,True,False,False,False,True,False,False,True,False,False,False,True,False,False,False,False,False,False,False,False,False,False,False,False,False,False,False,True,False,False,True,False,False,False,1
99,1,187500.0,0.0,61030.0,1,1,1,1,0,0,0,0,0,0,2,2,3,1,0,1,5,5,0,39,0,0,7,0,37,81,27030.0,27000.0,0.0,0,0.0,0.0,0.0,501.0,1,2,True,False,False,False,True,False,False,True,False,False,False,True,False,False,False,False,False,False,False,False,False,False,False,False,False,True,False,False,False,False,True,False,False,False,1
99,1,162500.0,0.0,98674.0,1,1,1,1,2,0,1,1,0,1,0,0,7,0,0,1,99,99,3,27,0,0,7,0,25,44,19600.0,19600.0,0.0,0,0.0,0.0,0.0,480.0,0,0,True,False,False,False,True,False,False,True,True,False,False,False,False,False,False,False,False,False,False,False,False,False,False,False,False,False,False,True,False,False,False,True,False,False,1
99,0,999999.0,537.0,4800.0,1,1,1,1,0,0,0,0,0,0,2,1,4,2,0,1,10,8,0,37,1,0,6,0,25,44,2400.0,2400.0,0.0,0,0.0,0.0,0.0,38.0,1,1,True,False,False,False,True,False,False,True,False,False,False,True,False,False,False,False,False,False,False,False,False,False,False,False,False,True,False,False,False,False,True,False,False,False,1
99,1,225000.0,0.0,27800.0,1,0,0,1,0,0,0,1,0,1,0,0,2,0,0,1,99,99,0,5,0,1,0,1,0,0,0.0,999999.0,999999.0,999999,99999.0,99999.0,99999.0,325.0,0,0,True,False,False,False,True,False,False,True,True,False,False,False,False,False,False,False,False,False,False,False,False,False,False,False,False,False,False,True,False,False,False,True,False,False,1
99,0,999999.0,575.0,58300.0,1,1,0,0,0,0,0,0,0,0,1,1,2,0,0,1,99,99,0,27,0,0,8,0,26,72,18100.0,18000.0,0.0,0,0.0,0.0,0.0,501.0,1,0,True,False,False,False,True,False,False,True,False,False,False,False,False,False,False,False,False,False,False,False,True,False,False,False,False,False,False,True,False,False,True,False,False,False,1
99,0,999999.0,725.0,45000.0,1,2,2,2,2,0,1,1,0,1,0,0,8,0,0,1,99,99,2,2,1,0,7,0,0,0,0.0,999999.0,999999.0,999999,99999.0,99999.0,99999.0,207.0,1,0,True,False,False,False,True,False,False,True,True,False,False,False,False,False,False,False,False,False,False,False,False,False,False,False,False,False,False,True,False,False,False,True,False,False,1
99,1,400000.0,0.0,64200.0,1,1,1,1,0,0,0,0,0,0,1,2,4,2,0,1,27,25,0,52,1,0,6,0,20,8,48000.0,48000.0,0.0,0,0.0,0.0,0.0,501.0,1,0,True,False,False,False,True,False,False,True,False,False,False,False,False,False,False,False,False,False,False,False,True,False,False,False,False,False,False,True,False,False,True,False,False,False,1
99,1,225000.0,0.0,32800.0,1,1,1,2,0,0,0,0,0,0,0,0,5,1,0,1,55,55,0,81,1,0,6,0,0,0,1800.0,0.0,0.0,0,1800.0,0.0,0.0,210.0,0,0,True,False,False,False,True,False,False,True,False,False,False,False,False,False,False,False,True,False,False,False,False,False,False,False,False,False,False,True,False,False,False,False,False,True,1
99,1,162500.0,0.0,38990.0,1,1,1,1,0,0,0,0,0,0,1,1,3,1,1,1,2,2,0,30,0,0,7,0,41,68,16464.0,16464.0,0.0,0,0.0,0.0,0.0,391.0,1,0,True,False,False,False,True,False,False,True,False,False,False,False,False,False,False,False,False,False,False,False,True,False,False,False,False,False,False,True,False,False,True,False,False,False,1
99,1,225000.0,0.0,62000.0,1,1,1,1,2,0,1,1,0,1,0,0,3,0,0,1,99,99,0,7,1,1,0,1,0,0,0.0,999999.0,999999.0,999999,99999.0,99999.0,99999.0,501.0,1,0,True,False,False,False,True,False,False,True,True,False,False,False,False,False,False,False,False,False,False,False,False,False,False,False,False,False,False,True,False,False,False,True,False,False,1
99,1,22500.0,0.0,3511.0,1,1,1,1,0,0,0,0,0,0,2,1,3,1,0,1,22,22,0,52,1,0,0,0,23,18,3511.0,900.0,0.0,0,1600.0,1011.0,0.0,36.0,0,7,True,False,False,False,True,False,False,True,False,False,False,True,False,False,False,False,False,False,False,False,False,False,False,False,False,False,False,True,False,False,True,False,False,False,1
99,0,999999.0,1000.0,74000.0,1,1,1,1,2,0,1,1,0,1,0,0,5,0,0,1,99,99,2,4,0,0,0,0,0,0,0.0,999999.0,999999.0,999999,99999.0,99999.0,99999.0,500.0,1,0,True,False,False,False,True,False,False,True,True,False,False,False,False,False,False,False,False,False,False,False,False,False,False,False,False,False,False,True,False,False,False,True,False,False,1
99,0,999999.0,412.0,8120.0,2,0,0,0,0,0,0,0,0,0,0,0,1,0,0,1,99,99,0,33,1,0,2,0,25,15,8120.0,8120.0,0.0,0,0.0,0.0,0.0,126.0,1,1,True,False,False,False,True,False,False,True,False,False,False,True,False,False,False,False,False,False,False,False,False,False,False,False,False,False,False,True,False,False,False,True,False,False,0
99,0,999999.0,412.0,19100.0,1,1,1,1,2,0,1,1,0,1,0,0,5,0,0,1,99,99,1,6,1,1,0,1,0,0,0.0,999999.0,999999.0,999999,99999.0,99999.0,99999.0,126.0,1,0,True,False,False,False,True,False,False,True,True,False,False,False,False,False,False,False,False,False,False,False,False,False,False,False,False,False,False,True,False,False,False,True,False,False,1
99,0,999999.0,262.0,5432.0,1,0,1,0,1,0,1,0,0,0,0,0,4,0,0,1,99,99,2,4,0,0,0,0,0,0,0.0,999999.0,999999.0,999999,99999.0,99999.0,99999.0,43.0,1,0,True,False,False,False,True,False,False,True,True,False,False,False,False,False,False,False,False,False,False,False,False,False,True,False,False,False,False,False,False,False,False,True,False,False,1
99,0,999999.0,537.0,28700.0,1,0,0,0,0,0,0,0,0,0,0,0,1,0,0,1,99,99,0,51,1,0,7,0,24,44,28700.0,28700.0,0.0,0,0.0,0.0,0.0,445.0,1,2,True,False,False,False,True,False,False,True,False,False,False,True,False,False,False,False,False,False,False,False,False,False,False,False,False,False,False,True,False,False,False,True,False,False,0
99,0,999999.0,675.0,38000.0,2,0,0,0,0,0,0,0,0,0,0,0,1,0,0,2,99,99,0,30,0,0,7,0,26,36,16400.0,16400.0,0.0,0,0.0,0.0,0.0,254.0,1,0,True,False,False,False,True,False,False,True,False,False,False,False,False,False,False,False,False,True,False,False,False,False,False,False,False,False,False,True,False,False,False,True,False,False,1
99,1,162500.0,0.0,13000.0,1,0,0,0,0,0,0,0,0,0,0,0,1,0,0,1,99,99,0,44,1,0,3,0,11,11,13000.0,13000.0,0.0,0,0.0,0.0,0.0,202.0,0,7,True,False,False,False,True,False,False,True,False,False,False,True,False,False,False,False,False,False,False,False,False,False,False,False,False,False,False,True,False,False,False,False,True,False,1
99,1,162500.0,0.0,50768.0,1,1,1,1,0,0,0,0,0,0,2,1,3,1,0,1,16,16,0,46,1,0,6,0,20,9,26248.0,22648.0,0.0,0,0.0,0.0,0.0,501.0,0,6,True,False,False,False,True,False,False,True,False,False,False,True,False,False,False,False,False,False,False,False,False,False,False,False,False,False,False,True,False,False,True,False,False,False,1
99,0,999999.0,1.0,68160.0,1,0,0,0,0,0,0,0,0,0,0,0,3,0,0,1,99,99,2,20,0,0,7,0,13,44,160.0,160.0,0.0,0,0.0,0.0,0.0,501.0,1,0,True,False,False,False,True,False,False,True,False,False,False,False,False,False,False,False,False,False,True,False,False,False,False,True,False,False,False,False,False,False,False,True,False,False,1
99,0,999999.0,625.0,11213.0,3,0,0,0,0,0,0,0,0,0,0,0,1,0,0,2,99,99,0,28,1,0,6,0,24,44,11000.0,11000.0,0.0,0,0.0,0.0,0.0,171.0,1,0,True,False,False,False,True,False,False,True,False,False,False,False,False,False,False,False,False,True,False,False,False,False,False,False,False,True,False,False,False,False,False,True,False,False,0
99,0,999999.0,487.0,30000.0,1,1,1,1,1,3,1,2,0,1,0,0,4,0,0,1,99,99,1,14,1,1,2,1,0,0,0.0,999999.0,999999.0,999999,99999.0,99999.0,99999.0,239.0,1,0,True,False,False,False,True,False,False,True,True,False,False,False,False,False,False,False,False,False,False,False,False,False,False,False,False,False,False,True,False,False,False,True,False,False,1
99,1,17500.0,0.0,31398.0,1,1,0,0,0,0,0,0,0,0,1,1,2,0,0,1,99,99,0,68,0,0,7,0,0,0,6082.0,0.0,0.0,0,5206.0,0.0,0.0,419.0,0,0,True,False,False,False,True,False,False,True,False,False,False,False,False,False,False,False,False,False,False,False,True,False,False,False,False,False,False,True,False,False,True,False,False,False,1
99,1,225000.0,0.0,52000.0,1,0,0,0,0,0,0,0,0,0,0,0,1,0,0,1,99,99,0,47,1,0,8,0,39,81,52000.0,40000.0,9000.0,0,0.0,0.0,0.0,501.0,0,5,True,False,False,False,True,False,False,True,False,False,False,True,False,False,False,False,False,False,False,False,False,False,False,False,False,False,False,True,True,False,False,False,False,False,1
99,1,350000.0,0.0,48000.0,1,0,1,0,0,0,0,0,0,0,0,0,2,1,0,1,17,17,0,49,0,0,8,0,31,73,46000.0,46000.0,0.0,0,0.0,0.0,0.0,501.0,0,6,True,False,False,False,True,False,False,True,False,False,False,True,False,False,False,False,False,False,False,False,False,False,False,False,False,False,False,True,True,False,False,False,False,False,1
99,0,999999.0,875.0,26000.0,2,0,0,0,0,0,0,0,0,0,0,0,1,0,0,1,99,99,0,25,0,0,7,0,30,44,26000.0,26000.0,0.0,0,0.0,0.0,0.0,403.0,1,2,True,False,False,False,True,False,False,True,False,False,False,True,False,False,False,False,False,False,False,False,False,False,False,False,False,False,False,True,False,False,False,True,False,False,1
99,0,999999.0,212.0,29759.0,1,0,0,0,0,0,0,0,0,0,0,0,1,0,0,1,99,99,0,33,1,0,6,0,30,24,29759.0,29499.0,0.0,0,0.0,0.0,0.0,461.0,0,2,True,False,False,False,True,False,False,True,False,False,False,True,False,False,False,False,False,False,False,False,False,False,False,False,False,True,False,False,False,False,False,True,False,False,1
99,1,400000.0,0.0,82800.0,1,1,1,1,2,0,1,1,0,1,0,0,4,0,0,1,99,99,1,20,0,1,7,1,36,66,6300.0,6300.0,0.0,0,0.0,0.0,0.0,501.0,0,0,True,False,False,False,True,False,False,True,True,False,False,False,False,False,False,False,False,False,False,False,False,False,False,False,False,False,False,True,False,False,False,True,False,False,1
99,1,400000.0,0.0,86730.0,1,1,1,1,2,0,1,1,0,1,0,0,4,0,0,1,99,99,1,2,0,0,7,0,0,0,0.0,999999.0,999999.0,999999,99999.0,99999.0,99999.0,501.0,1,0,True,False,False,False,True,False,False,True,True,False,False,False,False,False,False,False,False,False,False,False,False,False,False,True,False,False,False,False,False,False,False,True,False,False,1
99,1,400000.0,0.0,198516.0,1,1,1,1,2,0,1,1,3,1,0,0,7,0,0,1,99,99,4,18,1,1,5,1,24,44,3000.0,3000.0,0.0,0,0.0,0.0,0.0,501.0,0,0,True,False,False,False,True,False,False,True,True,False,False,False,False,False,False,False,False,False,False,False,False,False,False,False,False,False,False,True,False,False,False,True,False,False,1
99,1,350000.0,0.0,59000.0,2,0,0,0,0,0,0,0,0,0,0,0,1,0,0,1,99,99,0,66,0,0,7,0,48,87,59000.0,56000.0,0.0,0,0.0,0.0,0.0,501.0,0,7,True,False,False,False,True,False,False,True,False,False,False,True,False,False,False,False,False,False,False,False,False,False,False,False,False,False,False,True,True,False,False,False,False,False,1
99,0,999999.0,0.0,999999.0,1,0,0,0,0,0,0,0,0,0,0,0,1,0,0,1,99,99,0,20,1,0,6,0,22,18,0.0,0.0,0.0,0,0.0,0.0,0.0,0.0,1,0,False,True,False,True,False,False,False,True,False,False,False,False,True,False,False,False,False,False,False,False,False,False,True,False,False,False,False,False,False,False,False,True,False,False,1
99,1,400000.0,0.0,103000.0,1,0,0,0,0,0,0,0,0,0,0,0,1,0,0,1,99,99,0,61,1,0,6,0,25,11,103000.0,95000.0,0.0,0,0.0,0.0,0.0,501.0,0,6,True,False,False,False,True,False,False,True,False,False,False,True,False,False,False,False,False,False,False,False,False,False,False,False,False,False,False,True,False,True,False,False,False,False,1
99,1,162500.0,0.0,23733.0,1,0,1,1,4,0,1,0,0,0,0,0,4,1,0,1,22,22,0,55,1,0,2,0,25,15,11901.0,11901.0,0.0,0,0.0,0.0,0.0,186.0,0,7,True,False,False,False,True,False,False,True,False,False,False,True,False,False,False,False,False,False,False,False,False,False,False,False,False,False,False,True,False,False,False,False,False,True,1
99,1,162500.0,0.0,30000.0,1,1,1,1,0,0,0,0,0,0,2,1,6,4,2,1,17,1,0,36,1,0,0,0,25,15,30000.0,25000.0,5000.0,0,0.0,0.0,0.0,181.0,0,5,True,False,False,False,True,False,False,True,False,False,False,True,False,False,False,False,False,False,False,False,False,False,False,False,False,False,False,True,False,False,True,False,False,False,1
99,1,400000.0,0.0,51631.0,1,1,0,0,0,0,0,0,0,0,1,1,2,0,0,1,99,99,0,68,0,0,7,0,0,0,6300.0,0.0,0.0,0,2800.0,0.0,0.0,501.0,0,0,True,False,False,False,True,False,False,True,False,False,False,False,False,False,False,False,False,False,False,False,True,False,False,False,False,False,False,True,False,False,True,False,False,False,1
99,0,999999.0,875.0,9150.0,1,0,1,0,0,0,0,0,0,0,0,0,4,3,0,1,22,15,0,47,0,0,7,0,31,73,150.0,100.0,0.0,0,0.0,0.0,0.0,70.0,1,1,True,False,False,False,True,False,False,True,False,False,False,True,False,False,False,False,False,False,False,False,False,False,False,True,False,False,False,False,True,False,False,False,False,False,1
99,1,162500.0,0.0,70284.0,1,1,2,1,4,0,2,0,0,0,0,0,5,0,0,1,99,99,0,14,1,1,2,2,0,0,0.0,999999.0,999999.0,999999,99999.0,99999.0,99999.0,449.0,0,0,True,False,False,False,True,False,False,True,False,False,True,False,False,False,False,False,False,False,False,False,False,False,False,False,False,False,False,True,False,False,False,True,False,False,1
99,1,350000.0,0.0,95603.0,1,1,1,1,0,0,0,0,0,0,1,1,4,2,0,1,11,7,0,40,0,0,8,0,26,72,70603.0,12000.0,0.0,0,0.0,0.0,0.0,501.0,0,0,True,False,False,False,True,False,False,True,False,False,False,False,False,False,False,False,False,False,False,False,True,False,False,False,False,False,False,True,False,False,True,False,False,False,1
99,0,999999.0,1000.0,47624.0,1,1,1,1,0,0,0,0,0,0,0,0,5,0,0,1,99,99,1,22,1,0,7,0,17,11,10000.0,10000.0,0.0,0,0.0,0.0,0.0,314.0,1,0,True,False,False,False,True,False,False,True,False,False,False,False,False,False,False,False,False,False,True,False,False,False,False,False,False,False,False,True,False,False,False,True,False,False,1
99,0,999999.0,875.0,72000.0,1,1,0,0,0,0,0,0,0,0,2,2,2,0,0,1,99,99,0,32,0,0,7,0,19,46,62000.0,0.0,62000.0,0,0.0,0.0,0.0,501.0,1,1,True,False,False,False,True,False,False,True,False,False,False,True,False,False,False,False,False,False,False,False,False,False,False,False,False,False,False,True,False,False,True,False,False,False,1
99,1,400000.0,0.0,82300.0,1,1,1,1,0,0,0,0,0,0,2,1,4,2,2,1,3,1,0,31,1,1,8,1,31,65,35300.0,35000.0,0.0,0,0.0,0.0,0.0,501.0,0,2,True,False,False,False,True,False,False,True,False,False,False,True,False,False,False,False,False,False,False,False,False,False,False,False,True,False,False,False,False,False,True,False,False,False,1
99,0,999999.0,875.0,0.0,4,0,0,0,0,0,0,0,0,0,0,0,1,0,0,1,99,99,0,20,0,1,7,2,0,0,0.0,0.0,0.0,0,0.0,0.0,0.0,1.0,0,1,True,False,False,False,True,False,False,True,False,False,False,True,False,False,False,False,False,False,False,False,False,False,False,False,True,False,False,False,False,False,False,True,False,False,1
99,1,400000.0,0.0,216716.0,1,1,1,1,2,0,1,1,0,1,0,0,6,0,0,1,99,99,3,12,0,1,2,2,0,0,0.0,999999.0,999999.0,999999,99999.0,99999.0,99999.0,501.0,0,0,True,False,False,False,True,False,False,True,True,False,False,False,False,False,False,False,False,False,False,False,False,False,False,False,False,False,False,True,False,False,False,True,False,False,1
99,0,999999.0,875.0,22400.0,1,1,1,1,2,0,1,1,0,1,0,0,7,0,0,1,99,99,4,16,0,0,4,0,0,0,0.0,0.0,0.0,0,0.0,0.0,0.0,117.0,1,0,True,False,False,False,True,False,False,True,True,False,False,False,False,False,False,False,False,False,False,False,False,False,False,False,False,False,False,True,False,False,False,True,False,False,1
99,1,400000.0,0.0,70000.0,1,0,1,0,1,0,1,0,0,0,0,0,10,0,0,1,99,99,8,12,1,1,2,2,0,0,0.0,999999.0,999999.0,999999,99999.0,99999.0,99999.0,281.0,1,0,True,False,False,False,True,False,False,True,True,False,False,False,False,False,False,False,False,False,False,False,False,False,False,False,False,False,False,True,False,False,False,True,False,False,1
99,1,37500.0,0.0,51500.0,1,1,1,1,0,0,0,0,0,0,2,1,3,1,0,1,19,19,0,36,1,0,7,0,20,9,35000.0,35000.0,0.0,0,0.0,0.0,0.0,501.0,1,1,True,False,False,False,True,False,False,True,False,False,False,True,False,False,False,False,False,False,False,False,False,False,False,False,False,False,False,True,False,False,True,False,False,False,1
99,0,999999.0,487.0,7000.0,1,1,1,1,0,0,0,0,0,0,1,1,7,5,3,1,11,0,0,30,0,0,1,0,0,0,0.0,0.0,0.0,0,0.0,0.0,0.0,38.0,1,0,True,False,False,False,True,False,False,True,False,False,False,False,False,False,False,False,False,False,False,False,True,False,False,False,False,False,False,True,False,False,True,False,False,False,1
99,1,275000.0,0.0,85000.0,1,0,0,0,0,0,0,0,0,0,0,0,1,0,0,1,99,99,0,52,1,0,8,0,41,84,85000.0,65000.0,20000.0,0,0.0,0.0,0.0,501.0,0,7,True,False,False,False,True,False,False,True,False,False,False,True,False,False,False,False,False,False,False,False,False,False,False,False,False,False,False,True,False,False,False,False,True,False,1
99,1,95000.0,0.0,37500.0,1,1,1,1,0,0,0,0,0,0,2,1,5,3,2,1,7,1,0,30,1,0,6,0,34,53,35000.0,35000.0,0.0,0,0.0,0.0,0.0,253.0,0,6,True,False,False,False,True,False,False,True,False,False,False,True,False,False,False,False,False,False,False,False,False,False,True,False,False,False,False,False,False,False,True,False,False,False,1
99,1,187500.0,0.0,28720.0,2,1,1,1,0,0,0,0,0,0,2,1,5,2,2,1,4,0,1,29,1,0,6,0,11,16,28720.0,28720.0,0.0,0,0.0,0.0,0.0,194.0,1,1,True,False,False,False,True,False,False,True,False,False,False,True,False,False,False,False,False,False,False,False,False,False,False,False,False,False,False,True,False,False,True,False,False,False,1
99,1,350000.0,0.0,56300.0,2,1,1,1,2,0,1,1,0,1,0,0,4,0,0,1,99,99,1,6,1,1,0,1,0,0,0.0,999999.0,999999.0,999999,99999.0,99999.0,99999.0,448.0,1,0,True,False,False,False,True,False,False,True,True,False,False,False,False,False,False,False,False,False,False,False,False,False,False,False,False,False,False,True,False,False,False,True,False,False,1
99,0,999999.0,875.0,36000.0,1,1,1,1,0,0,0,0,0,0,1,1,4,2,0,1,12,10,0,36,0,0,7,0,22,61,6000.0,6000.0,0.0,0,0.0,0.0,0.0,286.0,1,0,True,False,False,False,True,False,False,True,False,False,False,False,False,False,False,False,False,False,False,False,True,False,False,False,False,False,False,True,False,False,True,False,False,False,1
99,1,275000.0,0.0,97316.0,1,1,1,1,0,0,0,0,0,0,2,1,5,2,0,1,33,28,0,70,1,0,6,0,0,0,9576.0,0.0,0.0,0,9576.0,0.0,0.0,501.0,0,7,True,False,False,False,True,False,False,True,False,False,False,True,False,False,False,False,False,False,False,False,False,False,False,False,False,False,False,True,False,False,True,False,False,False,1
99,0,999999.0,675.0,18300.0,3,1,1,2,0,0,0,8,0,3,0,0,3,0,0,2,99,99,1,10,1,1,2,1,0,0,0.0,999999.0,999999.0,999999,99999.0,99999.0,99999.0,5.0,1,0,True,False,False,False,True,False,False,True,False,False,False,False,False,False,False,False,False,True,False,False,False,False,False,False,False,False,False,True,False,False,False,True,False,False,1
99,1,225000.0,0.0,6440.0,2,0,0,0,0,0,0,0,0,0,0,0,1,0,0,1,99,99,0,80,0,0,6,0,0,0,6440.0,0.0,0.0,0,6440.0,0.0,0.0,108.0,0,8,True,False,False,False,True,False,False,True,False,False,False,True,False,False,False,False,False,False,False,False,False,False,False,False,False,False,False,True,True,False,False,False,False,False,1
99,0,999999.0,1.0,15200.0,1,1,1,1,2,0,1,1,0,1,0,0,3,0,0,1,99,99,0,5,0,0,0,0,0,0,0.0,999999.0,999999.0,999999,99999.0,99999.0,99999.0,152.0,1,0,True,False,False,False,True,False,False,True,True,False,False,False,False,False,False,False,False,False,False,False,False,False,False,False,False,False,False,True,False,False,False,True,False,False,1
99,1,275000.0,0.0,23800.0,1,1,0,0,0,0,0,0,0,0,0,0,3,0,0,1,99,99,0,19,1,0,6,0,24,47,12000.0,12000.0,0.0,0,0.0,0.0,0.0,245.0,1,0,True,False,False,False,True,False,False,True,False,False,True,False,False,False,False,False,False,False,False,False,False,False,False,False,False,False,False,True,False,False,False,True,False,False,1
99,1,275000.0,0.0,51030.0,1,1,1,1,2,0,1,1,0,1,0,0,3,0,0,1,99,99,0,32,1,0,8,0,36,66,20000.0,20000.0,0.0,0,0.0,0.0,0.0,501.0,0,0,True,False,False,False,True,False,False,True,True,False,False,False,False,False,False,False,False,False,False,False,False,False,False,False,False,False,False,True,False,False,False,True,False,False,1
99,0,999999.0,725.0,30300.0,2,0,0,0,0,0,0,0,0,0,0,0,1,0,0,2,99,99,0,33,0,0,0,0,11,16,45600.0,33000.0,12000.0,0,0.0,0.0,0.0,501.0,0,0,True,False,False,False,True,False,False,True,False,False,False,False,False,True,False,False,False,False,False,False,False,False,True,False,False,False,False,False,False,False,False,True,False,False,1
99,0,999999.0,875.0,29000.0,1,1,1,1,0,0,0,0,0,0,2,1,7,5,2,1,16,3,0,36,1,0,5,0,23,18,23000.0,23000.0,0.0,0,0.0,0.0,0.0,156.0,1,5,True,False,False,False,True,False,False,True,False,False,False,True,False,False,False,False,False,False,False,False,False,False,False,False,False,False,False,True,False,False,True,False,False,False,1
99,1,72500.0,0.0,24604.0,1,1,1,1,0,0,0,0,0,0,0,0,7,0,0,1,99,99,0,21,1,1,6,1,22,15,0.0,0.0,0.0,0,0.0,0.0,0.0,124.0,1,0,True,False,False,False,True,False,False,True,False,False,False,False,False,False,True,False,False,False,False,False,False,False,False,False,False,False,False,True,False,False,False,True,False,False,1
99,0,999999.0,725.0,60000.0,1,1,1,1,0,0,0,0,0,0,2,1,3,1,1,1,2,2,0,25,1,0,8,0,24,47,50000.0,50000.0,0.0,0,0.0,0.0,0.0,501.0,1,1,True,False,False,False,True,False,False,True,False,False,False,True,False,False,False,False,False,False,False,False,False,False,False,False,False,False,False,True,False,False,True,False,False,False,1
99,0,999999.0,875.0,23403.0,2,0,0,0,0,0,0,0,0,0,0,0,1,0,0,1,99,99,0,39,1,0,7,0,34,49,23403.0,22824.0,0.0,0,0.0,0.0,0.0,363.0,1,2,True,False,False,False,True,False,False,True,False,False,False,True,False,False,False,False,False,False,False,False,False,False,False,False,False,False,False,True,True,False,False,False,False,False,1
99,0,999999.0,875.0,75189.0,1,1,1,2,2,0,1,1,0,1,0,0,5,0,0,1,99,99,1,11,1,1,2,1,0,0,0.0,999999.0,999999.0,999999,99999.0,99999.0,99999.0,496.0,1,0,True,False,False,False,True,False,False,True,True,False,False,False,False,False,False,False,False,False,False,False,False,False,False,False,False,False,False,True,False,False,False,True,False,False,1
99,1,162500.0,0.0,40000.0,1,1,1,1,0,0,0,0,0,0,2,1,4,2,1,1,10,0,0,30,1,0,6,0,23,18,28000.0,28000.0,0.0,0,0.0,0.0,0.0,318.0,1,1,True,False,False,False,True,False,False,True,False,False,False,True,False,False,False,False,False,False,False,False,False,False,False,False,False,False,False,True,False,False,True,False,False,False,1
99,0,999999.0,282.0,14067.0,1,1,0,0,0,0,0,0,0,0,1,1,2,0,0,1,99,99,0,75,0,0,6,0,0,0,7000.0,0.0,0.0,0,0.0,7000.0,0.0,188.0,0,0,True,False,False,False,True,False,False,True,False,False,False,False,False,False,False,False,False,False,False,False,True,False,False,False,False,False,False,True,False,False,True,False,False,False,1
99,0,999999.0,362.0,66796.0,1,1,0,0,0,0,0,0,0,0,1,1,2,0,0,1,99,99,0,75,0,0,8,0,0,0,6696.0,0.0,0.0,0,0.0,6696.0,0.0,501.0,1,0,True,False,False,False,True,False,False,True,False,False,False,False,False,False,False,False,False,False,False,False,True,False,False,False,False,False,False,True,False,False,True,False,False,False,1
99,0,999999.0,437.0,32000.0,1,1,0,0,0,0,0,0,0,0,0,0,5,0,0,1,99,99,3,17,1,0,6,0,0,0,0.0,0.0,0.0,0,0.0,0.0,0.0,204.0,1,0,True,False,False,False,True,False,False,True,False,False,False,False,False,False,False,False,False,False,True,False,False,False,False,False,False,False,False,True,False,False,False,True,False,False,1
99,0,999999.0,575.0,47329.0,1,1,0,0,0,0,0,0,0,0,2,1,2,0,0,1,99,99,0,64,1,0,7,0,23,18,36735.0,36735.0,0.0,0,0.0,0.0,0.0,501.0,0,6,True,False,False,False,True,False,False,True,False,False,False,True,False,False,False,False,False,False,False,False,False,False,False,False,False,False,False,True,False,False,True,False,False,False,1
99,0,999999.0,262.0,5134.0,1,0,0,0,0,0,0,0,0,0,0,0,1,0,0,1,99,99,0,45,0,0,8,0,25,44,5134.0,4606.0,0.0,0,0.0,0.0,0.0,80.0,0,6,True,False,False,False,True,False,False,True,False,False,False,True,False,False,False,False,False,False,False,False,False,False,False,False,False,False,False,True,True,False,False,False,False,False,1
99,1,187500.0,0.0,44600.0,1,1,1,1,0,0,0,0,0,0,0,0,6,0,0,1,99,99,0,6,1,1,0,1,0,0,0.0,999999.0,999999.0,999999,99999.0,99999.0,99999.0,269.0,1,0,True,False,False,False,True,False,False,True,False,False,False,False,False,False,True,False,False,False,False,False,False,False,False,False,False,False,False,True,False,False,False,True,False,False,1
99,1,400000.0,0.0,79900.0,1,1,0,0,0,0,0,0,0,0,2,1,2,0,0,1,99,99,0,49,1,0,6,0,32,62,66700.0,66000.0,0.0,0,0.0,0.0,0.0,501.0,1,2,True,False,False,False,True,False,False,True,False,False,False,True,False,False,False,False,False,False,False,False,False,False,False,False,False,False,False,True,False,False,True,False,False,False,1
99,1,187500.0,0.0,53571.0,2,1,1,1,0,0,0,0,0,0,0,0,1,0,0,2,99,99,0,62,1,0,8,0,24,47,10000.0,0.0,10000.0,0,0.0,0.0,0.0,155.0,0,0,True,False,False,False,True,False,False,True,False,False,False,False,False,True,False,False,False,False,False,False,False,False,False,False,False,False,False,True,True,False,False,False,False,False,1
99,0,999999.0,0.0,999999.0,1,0,0,0,0,0,0,0,0,0,0,0,1,0,0,1,99,99,0,17,1,0,5,0,0,0,0.0,0.0,0.0,0,0.0,0.0,0.0,0.0,1,0,False,True,False,True,False,False,False,True,False,False,False,False,True,False,False,False,False,False,False,False,False,False,False,False,False,False,False,True,False,False,False,True,False,False,1
99,0,999999.0,1.0,16000.0,1,0,1,0,0,0,0,0,0,0,0,0,2,1,0,1,39,39,0,70,0,0,8,0,19,46,0.0,0.0,0.0,0,0.0,0.0,0.0,213.0,0,7,True,False,False,False,True,False,False,True,False,False,False,True,False,False,False,False,False,False,False,False,False,False,False,False,False,False,False,True,True,False,False,False,False,False,0
99,1,187500.0,0.0,45000.0,1,1,1,1,2,7,1,1,0,1,0,0,6,0,0,1,99,99,3,12,0,1,2,1,0,0,0.0,999999.0,999999.0,999999,99999.0,99999.0,99999.0,272.0,0,0,True,False,False,False,True,False,False,True,True,False,False,False,False,False,False,False,False,False,False,False,False,False,False,False,False,False,False,True,False,False,False,True,False,False,1
99,0,999999.0,575.0,19000.0,1,1,1,1,0,0,0,0,0,0,1,1,3,1,1,1,2,2,0,29,0,0,2,0,29,22,0.0,0.0,0.0,0,0.0,0.0,0.0,190.0,1,0,True,False,False,False,True,False,False,True,False,False,False,False,False,False,False,False,False,False,False,False,True,False,False,False,False,False,False,True,False,False,True,False,False,False,1
99,0,999999.0,675.0,1500.0,1,0,2,0,1,0,1,0,0,0,0,0,5,0,0,1,99,99,2,10,0,1,2,1,0,0,0.0,999999.0,999999.0,999999,99999.0,99999.0,99999.0,10.0,1,0,True,False,False,False,True,False,False,True,True,False,False,False,False,False,False,False,False,False,False,False,False,False,True,False,False,False,False,False,False,False,False,True,False,False,1
99,0,999999.0,487.0,25962.0,1,0,2,0,2,0,2,0,0,0,0,0,3,0,0,1,99,99,0,8,0,1,1,1,0,0,0.0,999999.0,999999.0,999999,99999.0,99999.0,99999.0,260.0,0,0,True,False,False,False,True,False,False,True,False,False,True,False,False,False,False,False,False,False,False,False,False,False,True,False,False,False,False,False,False,False,False,True,False,False,1
99,1,187500.0,0.0,52000.0,1,2,2,2,0,0,0,0,0,0,2,1,7,3,0,1,16,13,0,41,1,0,6,0,24,44,26000.0,26000.0,0.0,0,0.0,0.0,0.0,263.0,0,1,True,False,False,False,True,False,False,True,False,False,False,True,False,False,False,False,False,False,False,False,False,False,False,False,False,True,False,False,False,False,True,False,False,False,1
99,1,162500.0,0.0,14900.0,2,0,0,1,0,0,0,0,0,0,0,0,1,0,0,2,99,99,0,18,0,1,5,1,31,73,400.0,400.0,0.0,0,0.0,0.0,0.0,6.0,1,0,True,False,False,False,True,False,False,True,False,False,False,False,False,True,False,False,False,False,False,False,False,False,False,False,False,False,False,True,False,False,False,True,False,False,1
99,0,999999.0,625.0,29000.0,1,0,1,0,1,0,1,0,0,0,0,0,3,0,0,1,99,99,1,6,1,1,0,1,0,0,0.0,999999.0,999999.0,999999,99999.0,99999.0,99999.0,290.0,1,0,True,False,False,False,True,False,False,True,True,False,False,False,False,False,False,False,False,False,False,False,False,False,True,False,False,False,False,False,False,False,False,True,False,False,1
99,1,275000.0,0.0,50000.0,1,0,0,0,0,0,0,0,0,0,0,0,1,0,0,1,99,99,0,51,0,0,8,0,19,46,50000.0,50000.0,0.0,0,0.0,0.0,0.0,501.0,1,2,True,False,False,False,True,False,False,True,False,False,False,True,False,False,False,False,False,False,False,False,False,False,False,False,False,False,False,True,True,False,False,False,False,False,1
99,0,999999.0,362.0,21514.0,1,1,1,1,0,0,0,0,0,0,1,1,4,2,0,1,11,7,0,40,0,0,2,0,22,18,750.0,750.0,0.0,0,0.0,0.0,0.0,171.0,0,0,True,False,False,False,True,False,False,True,False,False,False,False,False,False,False,False,False,False,False,False,True,False,False,False,False,False,False,True,False,False,True,False,False,False,1
99,1,225000.0,0.0,47030.0,1,1,1,1,2,0,1,1,0,1,0,0,5,0,0,1,99,99,2,9,0,1,1,1,0,0,0.0,999999.0,999999.0,999999,99999.0,99999.0,99999.0,318.0,0,0,True,False,False,False,True,False,False,True,True,False,False,False,False,False,False,False,False,False,False,False,False,False,False,False,False,False,False,True,False,False,False,True,False,False,1
99,0,999999.0,337.0,28015.0,2,0,1,0,0,0,0,0,0,0,0,0,2,1,0,2,7,7,0,28,0,0,6,0,11,16,10000.0,10000.0,0.0,0,0.0,0.0,0.0,117.0,1,0,True,False,False,False,True,False,False,True,False,False,False,False,False,False,False,False,False,True,False,False,False,False,False,False,False,False,False,True,False,False,False,False,True,False,1
99,1,225000.0,0.0,44800.0,2,0,0,0,0,0,0,0,0,0,0,0,1,0,0,1,99,99,0,36,1,1,8,2,26,72,44800.0,44000.0,0.0,0,0.0,0.0,0.0,501.0,0,2,True,False,False,False,True,False,False,True,False,False,False,True,False,False,False,False,False,False,False,False,False,False,False,False,False,False,False,True,False,False,False,True,False,False,1
99,0,999999.0,362.0,50500.0,1,2,2,2,0,0,0,0,0,0,2,1,11,2,0,1,8,6,0,26,1,0,2,0,27,17,7000.0,7000.0,0.0,0,0.0,0.0,0.0,191.0,0,2,True,False,False,False,True,False,False,True,False,False,False,True,False,False,False,False,False,False,False,False,False,False,False,False,False,False,False,True,False,False,True,False,False,False,1
99,0,999999.0,625.0,29000.0,2,0,0,0,0,0,0,0,0,0,0,0,1,0,0,2,99,99,0,29,1,0,6,0,19,17,1100.0,600.0,500.0,0,0.0,0.0,0.0,17.0,1,0,True,False,False,False,True,False,False,True,False,False,False,False,False,False,False,False,False,True,False,False,False,False,False,False,False,False,False,True,False,False,False,True,False,False,1
99,0,999999.0,875.0,89096.0,1,1,2,1,5,0,1,0,0,0,1,1,6,2,0,1,11,9,1,34,0,0,6,0,42,84,43358.0,0.0,43358.0,0,0.0,0.0,0.0,501.0,1,0,True,False,False,False,True,False,False,True,False,False,False,False,False,False,False,False,False,False,False,False,True,False,False,False,False,False,False,True,False,False,True,False,False,False,1
99,0,999999.0,675.0,15000.0,2,0,2,0,0,0,0,0,0,0,0,0,5,1,0,1,6,6,1,33,0,0,2,0,23,18,2000.0,2000.0,0.0,0,0.0,0.0,0.0,101.0,1,0,True,False,False,False,True,False,False,True,False,False,False,False,False,False,False,False,False,False,True,False,False,False,False,False,False,False,False,True,False,False,False,False,True,False,1
99,1,400000.0,0.0,157206.0,1,1,0,0,0,0,0,0,0,0,2,1,2,0,0,1,99,99,0,49,1,0,7,0,22,32,78603.0,20000.0,0.0,0,0.0,0.0,0.0,501.0,1,1,True,False,False,False,True,False,False,True,False,False,False,True,False,False,False,False,False,False,False,False,False,False,False,False,False,False,False,True,False,False,True,False,False,False,0
99,0,999999.0,675.0,2229.0,2,0,1,0,1,0,1,0,0,0,0,0,3,0,0,1,99,99,1,2,1,0,7,0,0,0,0.0,999999.0,999999.0,999999,99999.0,99999.0,99999.0,22.0,1,0,True,False,False,False,True,False,False,True,True,False,False,False,False,False,False,False,False,False,False,False,False,False,False,False,False,False,False,True,False,False,False,True,False,False,1
99,1,350000.0,0.0,38000.0,2,0,0,0,0,0,0,0,0,0,0,0,1,0,0,1,99,99,0,28,1,0,8,0,41,68,38000.0,30000.0,8000.0,0,0.0,0.0,0.0,501.0,1,2,True,False,False,False,True,False,False,True,False,False,False,True,False,False,False,False,False,False,False,False,False,False,False,False,False,False,False,True,False,False,False,True,False,False,1
99,1,400000.0,0.0,254119.0,2,1,1,1,0,0,0,0,0,0,1,1,4,2,0,1,8,6,0,37,0,1,7,2,33,60,58603.0,0.0,0.0,0,0.0,0.0,0.0,501.0,0,0,True,False,False,False,True,False,False,True,False,False,False,False,False,False,False,False,False,False,False,False,True,False,False,False,False,False,False,True,False,False,True,False,False,False,1
99,1,225000.0,0.0,74496.0,1,1,1,1,0,0,0,0,0,0,2,1,3,1,0,1,17,17,0,62,1,0,4,0,31,33,32336.0,32336.0,0.0,0,0.0,0.0,0.0,501.0,0,8,True,False,False,False,True,False,False,True,False,False,False,True,False,False,False,False,False,False,False,False,False,False,False,False,False,False,False,True,False,False,True,False,False,False,1
99,0,999999.0,575.0,6750.0,1,0,1,0,0,0,0,0,0,0,0,0,2,1,1,1,4,4,0,27,0,0,7,0,20,9,6750.0,6750.0,0.0,0,0.0,0.0,0.0,79.0,1,1,True,False,False,False,True,False,False,True,False,False,False,True,False,False,False,False,False,False,False,False,False,False,False,False,False,False,False,True,True,False,False,False,False,False,1
99,1,225000.0,0.0,66112.0,1,1,0,0,0,0,0,0,0,0,2,1,2,0,0,1,99,99,0,55,1,0,8,0,0,0,28477.0,0.0,0.0,0,0.0,0.0,3132.0,501.0,0,6,True,False,False,False,True,False,False,True,False,False,False,True,False,False,False,False,False,False,False,False,False,False,True,False,False,False,False,False,False,False,True,False,False,False,1
99,1,187500.0,0.0,40000.0,1,1,1,1,2,0,1,1,0,1,0,0,4,0,0,1,99,99,1,14,1,1,2,1,0,0,0.0,999999.0,999999.0,999999,99999.0,99999.0,99999.0,318.0,0,0,True,False,False,False,True,False,False,True,True,False,False,False,False,False,False,False,False,False,False,False,False,True,False,False,False,False,False,False,False,False,False,True,False,False,1
99,0,999999.0,875.0,28340.0,2,2,2,2,8,2,7,5,0,3,0,0,8,0,0,1,99,99,1,10,1,1,1,1,0,0,0.0,999999.0,999999.0,999999,99999.0,99999.0,99999.0,130.0,1,0,True,False,False,False,True,False,False,True,False,False,False,False,False,False,True,False,False,False,False,False,False,False,False,False,False,False,False,True,False,False,False,True,False,False,1
99,1,162500.0,0.0,32830.0,1,1,1,1,2,0,1,1,0,1,0,0,5,0,0,1,99,99,2,12,0,1,2,1,0,0,0.0,999999.0,999999.0,999999,99999.0,99999.0,99999.0,216.0,0,0,True,False,False,False,True,False,False,True,True,False,False,False,False,False,False,False,False,False,False,False,False,False,False,False,False,False,False,True,False,False,False,True,False,False,1
99,0,999999.0,675.0,10940.0,1,1,1,1,0,0,0,0,0,0,1,1,6,4,1,1,16,0,0,44,0,0,3,0,0,0,0.0,0.0,0.0,0,0.0,0.0,0.0,66.0,1,0,True,False,False,False,True,False,False,True,False,False,False,False,False,False,False,False,False,False,False,False,True,False,False,False,False,False,False,True,False,False,True,False,False,False,1
99,0,999999.0,675.0,30100.0,1,1,0,1,0,0,0,0,0,0,1,1,3,0,0,1,99,99,0,61,0,0,6,0,24,47,9000.0,0.0,9000.0,0,0.0,0.0,0.0,310.0,1,0,True,False,False,False,True,False,False,True,False,False,False,False,False,False,False,False,False,False,False,False,True,False,False,False,False,False,False,True,False,False,True,False,False,False,0
99,0,999999.0,675.0,15000.0,1,1,1,1,2,0,1,1,0,1,0,0,6,0,0,1,99,99,2,12,1,1,2,1,0,0,0.0,999999.0,999999.0,999999,99999.0,99999.0,99999.0,88.0,1,0,True,False,False,False,True,False,False,True,True,False,False,False,False,False,False,False,False,False,False,False,False,False,False,False,False,False,False,True,False,False,False,True,False,False,1
99,1,225000.0,0.0,123706.0,1,1,1,1,0,0,0,0,0,0,0,0,5,0,0,1,99,99,0,4,0,0,0,0,0,0,0.0,999999.0,999999.0,999999,99999.0,99999.0,99999.0,501.0,1,0,True,False,False,False,True,False,False,True,False,False,False,False,False,False,True,False,False,False,False,False,False,False,False,False,False,False,False,True,False,False,False,True,False,False,1
99,1,400000.0,0.0,211686.0,1,1,1,1,0,0,0,0,0,0,1,1,3,1,0,1,17,17,0,50,0,0,7,0,0,0,700.0,0.0,0.0,0,0.0,0.0,0.0,501.0,0,0,True,False,False,False,True,False,False,True,False,False,False,False,False,False,False,False,False,False,False,False,True,False,False,False,False,False,False,True,False,False,True,False,False,False,1
99,1,350000.0,0.0,93347.0,1,1,1,1,2,0,1,1,0,1,0,0,3,0,0,1,99,99,0,26,0,1,8,1,26,72,1709.0,1709.0,0.0,0,0.0,0.0,0.0,501.0,0,0,True,False,False,False,True,False,False,True,True,False,False,False,False,False,False,False,False,False,False,False,False,False,False,False,False,False,False,True,False,False,False,True,False,False,1
99,0,999999.0,512.0,42400.0,1,0,1,1,0,0,0,1,0,1,0,0,3,1,1,1,1,1,0,41,0,1,7,1,23,18,11000.0,11000.0,0.0,0,0.0,0.0,0.0,425.0,1,0,True,False,False,False,True,False,False,True,True,False,False,False,False,False,False,False,False,False,False,False,False,False,False,False,False,True,False,False,False,True,False,False,False,False,1
99,1,162500.0,0.0,48800.0,1,1,2,1,0,0,0,0,0,0,0,0,11,0,0,1,99,99,0,32,1,0,6,0,34,53,29000.0,29000.0,0.0,0,0.0,0.0,0.0,195.0,0,0,True,False,False,False,True,False,False,True,False,False,False,False,False,False,True,False,False,False,False,False,False,False,False,False,False,False,False,True,False,False,False,True,False,False,1
99,0,999999.0,362.0,37000.0,1,1,1,1,0,0,0,0,0,0,1,1,7,5,1,1,13,4,0,31,0,0,2,0,16,15,8500.0,8500.0,0.0,0,0.0,0.0,0.0,199.0,0,0,True,False,False,False,True,False,False,True,False,False,False,False,False,False,False,False,False,False,False,False,True,False,False,False,False,False,False,True,False,False,True,False,False,False,1
99,0,999999.0,187.0,3084.0,1,0,0,0,0,0,0,0,0,0,0,0,1,0,0,1,99,99,0,66,0,0,4,0,0,0,3084.0,0.0,0.0,0,0.0,3084.0,0.0,52.0,1,6,True,False,False,False,True,False,False,True,False,False,False,True,False,False,False,False,False,False,False,False,False,False,True,False,False,False,False,False,False,False,False,False,False,True,1
99,1,225000.0,0.0,56508.0,1,1,1,1,0,0,0,0,0,0,1,1,4,2,0,1,22,21,0,54,0,0,7,0,41,68,21600.0,21600.0,0.0,0,0.0,0.0,0.0,442.0,1,0,True,False,False,False,True,False,False,True,False,False,False,False,False,False,False,False,False,False,False,False,True,False,False,False,False,False,False,True,False,False,True,False,False,False,1
99,1,350000.0,0.0,46341.0,1,1,1,1,2,0,1,1,0,1,0,0,4,0,0,1,99,99,1,17,1,0,5,0,11,11,441.0,441.0,0.0,0,0.0,0.0,0.0,369.0,1,0,True,False,False,False,True,False,False,True,True,False,False,False,False,False,False,False,False,False,False,False,False,False,False,False,False,True,False,False,False,False,False,True,False,False,1
99,1,112500.0,0.0,51358.0,1,1,1,1,0,0,0,0,0,0,1,1,3,1,0,1,23,23,0,63,0,0,6,0,22,61,9368.0,8980.0,0.0,0,0.0,0.0,0.0,501.0,0,0,True,False,False,False,True,False,False,True,False,False,False,False,False,False,False,False,False,False,False,False,True,False,False,False,True,False,False,False,False,False,True,False,False,False,0
99,1,112500.0,0.0,26600.0,3,2,1,1,2,0,1,1,0,1,0,0,5,0,0,1,99,99,2,5,0,1,0,1,0,0,0.0,999999.0,999999.0,999999,99999.0,99999.0,99999.0,180.0,1,0,True,False,False,False,True,False,False,True,True,False,False,False,False,False,False,False,False,False,False,False,False,False,False,False,False,False,False,True,False,False,False,True,False,False,1
99,1,162500.0,0.0,18000.0,1,0,1,0,1,0,1,0,0,0,0,0,4,0,0,1,99,99,2,11,1,1,2,1,0,0,0.0,999999.0,999999.0,999999,99999.0,99999.0,99999.0,143.0,0,0,True,False,False,False,True,False,False,True,True,False,False,False,False,False,False,False,False,False,False,False,False,False,False,False,False,False,False,True,False,False,False,True,False,False,1
99,1,275000.0,0.0,150440.0,1,1,1,1,0,0,0,0,0,0,2,1,6,4,0,1,33,29,0,59,1,0,8,0,35,41,62000.0,62000.0,0.0,0,0.0,0.0,0.0,501.0,0,6,True,False,False,False,True,False,False,True,False,False,False,True,False,False,False,False,False,False,False,False,False,False,True,False,False,False,False,False,False,False,True,False,False,False,1
99,0,999999.0,625.0,39500.0,4,0,0,0,0,0,0,0,0,0,0,0,1,0,0,3,99,99,0,27,0,0,1,0,13,23,0.0,0.0,0.0,0,0.0,0.0,0.0,1.0,1,0,True,False,False,False,True,False,False,True,False,False,False,False,False,False,False,False,False,True,False,False,False,False,False,False,False,False,False,True,False,False,False,True,False,False,0
99,0,999999.0,575.0,22000.0,1,1,1,1,2,0,1,1,0,1,0,0,4,0,0,1,99,99,1,4,0,1,0,2,0,0,0.0,999999.0,999999.0,999999,99999.0,99999.0,99999.0,175.0,1,0,True,False,False,False,True,False,False,True,True,False,False,False,False,False,False,False,False,False,False,False,False,False,False,False,False,False,False,True,False,False,False,True,False,False,1
99,1,95000.0,0.0,43300.0,1,0,2,0,0,0,0,0,0,0,0,0,6,2,0,1,10,8,0,26,0,0,4,0,25,44,8300.0,0.0,0.0,0,0.0,8300.0,0.0,248.0,1,0,True,False,False,False,True,False,False,True,False,False,False,False,False,False,True,False,False,False,False,False,False,False,True,False,False,False,False,False,False,False,False,True,False,False,1
99,1,275000.0,0.0,31067.0,1,1,0,0,0,0,0,0,0,0,2,1,2,0,0,1,99,99,0,72,1,0,6,0,0,0,23430.0,0.0,0.0,0,10870.0,0.0,0.0,415.0,1,1,True,False,False,False,True,False,False,True,False,False,False,True,False,False,False,False,False,False,False,False,False,False,False,False,False,False,False,True,False,False,True,False,False,False,1
99,0,999999.0,1000.0,22500.0,2,0,0,0,0,0,0,0,0,0,0,0,1,0,0,2,99,99,0,32,1,0,6,0,23,18,8000.0,8000.0,0.0,0,0.0,0.0,0.0,124.0,1,0,True,False,False,False,True,False,False,True,False,False,False,False,False,False,False,False,False,True,False,False,False,False,False,False,False,False,False,True,True,False,False,False,False,False,1
99,0,999999.0,537.0,8000.0,2,0,0,0,0,0,0,0,0,0,0,0,1,0,0,1,99,99,0,22,0,1,7,1,17,13,8000.0,8000.0,0.0,0,0.0,0.0,0.0,124.0,1,1,True,False,False,False,True,False,False,True,False,False,False,True,False,False,False,False,False,False,False,False,False,False,False,False,False,False,False,True,False,False,False,True,False,False,1
99,1,275000.0,0.0,60000.0,1,1,1,1,0,0,0,0,0,0,2,1,4,2,2,1,4,2,0,30,1,0,7,0,38,68,35000.0,0.0,35000.0,0,0.0,0.0,0.0,477.0,1,1,True,False,False,False,True,False,False,True,False,False,False,True,False,False,False,False,False,False,False,False,False,False,False,False,False,False,False,True,False,False,True,False,False,False,1
99,0,999999.0,462.0,5000.0,1,0,1,0,1,0,1,0,0,0,0,0,3,0,0,1,99,99,0,29,1,0,7,0,0,0,0.0,0.0,0.0,0,0.0,0.0,0.0,52.0,1,0,True,False,False,False,True,False,False,True,True,False,False,False,False,False,False,False,False,False,False,False,False,False,False,False,False,False,False,True,False,True,False,False,False,False,1
99,0,999999.0,212.0,7340.0,1,0,0,0,0,0,0,0,0,0,0,0,1,0,0,1,99,99,0,77,0,0,6,0,0,0,7340.0,0.0,0.0,0,7340.0,0.0,0.0,123.0,1,1,True,False,False,False,True,False,False,True,False,False,False,True,False,False,False,False,False,False,False,False,False,False,False,False,False,False,False,True,False,False,False,False,False,True,1
99,1,225000.0,0.0,25126.0,1,1,0,0,0,0,0,0,0,0,2,1,2,0,0,1,99,99,0,74,1,0,7,0,23,18,13499.0,0.0,0.0,0,7704.0,0.0,0.0,335.0,0,8,True,False,False,False,True,False,False,True,False,False,False,True,False,False,False,False,False,False,False,False,False,False,False,False,False,False,False,True,False,False,True,False,False,False,1
99,1,275000.0,0.0,36200.0,1,1,1,1,0,0,0,0,0,0,2,1,4,2,1,1,6,4,0,30,1,0,0,0,17,11,20800.0,0.0,16000.0,0,0.0,0.0,0.0,288.0,0,5,True,False,False,False,True,False,False,True,False,False,False,True,False,False,False,False,False,False,False,False,False,False,False,False,False,False,False,True,False,False,True,False,False,False,1
99,1,52500.0,0.0,85021.0,1,1,1,1,0,0,0,0,0,0,1,1,3,1,1,1,0,0,0,31,0,0,2,0,19,17,6021.0,0.0,5900.0,0,0.0,0.0,0.0,501.0,1,0,True,False,False,False,True,False,False,True,False,False,False,False,False,False,False,False,False,False,False,False,True,False,False,False,False,False,False,True,False,False,True,False,False,False,1
99,0,999999.0,462.0,17280.0,1,1,1,1,0,0,0,0,0,0,1,1,5,3,0,1,13,6,0,33,0,0,1,0,0,0,0.0,0.0,0.0,0,0.0,0.0,0.0,117.0,1,0,True,False,False,False,True,False,False,True,False,False,False,False,False,False,False,False,False,False,False,False,True,False,False,False,False,False,False,True,False,False,True,False,False,False,1
99,0,999999.0,537.0,7596.0,1,0,1,0,0,0,0,0,0,0,0,0,3,2,0,1,11,9,0,45,0,0,6,0,0,0,7596.0,0.0,0.0,0,0.0,7596.0,0.0,76.0,0,2,True,False,False,False,True,False,False,True,False,False,False,True,False,False,False,False,False,False,False,False,False,False,False,False,False,False,False,True,False,False,False,False,True,False,1
99,0,999999.0,387.0,49000.0,1,1,1,1,2,0,1,1,0,1,0,0,3,0,0,1,99,99,0,10,1,1,1,2,0,0,0.0,999999.0,999999.0,999999,99999.0,99999.0,99999.0,491.0,1,0,True,False,False,False,True,False,False,True,True,False,False,False,False,False,False,False,False,False,False,False,False,False,False,False,False,False,False,True,False,False,False,True,False,False,1
99,1,187500.0,0.0,40088.0,1,0,0,0,0,0,0,0,0,0,0,0,1,0,0,1,99,99,0,32,1,0,6,0,24,19,40088.0,40000.0,0.0,0,0.0,0.0,0.0,501.0,0,2,True,False,False,False,True,False,False,True,False,False,False,True,False,False,False,False,False,False,False,False,False,False,False,False,False,False,False,True,False,False,False,True,False,False,1
99,0,999999.0,412.0,15328.0,1,0,1,1,1,0,1,0,0,0,0,0,7,0,0,1,99,99,4,12,1,1,2,1,0,0,0.0,999999.0,999999.0,999999,99999.0,99999.0,99999.0,80.0,1,0,True,False,False,False,True,False,False,True,True,False,False,False,False,False,False,False,False,False,False,False,False,False,False,False,False,False,False,True,False,False,False,True,False,False,1
99,0,999999.0,512.0,15509.0,1,0,1,1,0,0,0,0,0,0,0,0,6,1,0,1,29,29,0,70,0,0,6,0,0,0,0.0,0.0,0.0,0,0.0,0.0,0.0,91.0,0,0,True,False,False,False,True,False,False,True,False,False,False,False,False,False,False,True,False,False,False,False,False,False,False,False,False,False,False,True,False,False,False,False,True,False,1
99,0,999999.0,487.0,25107.0,1,1,1,1,0,0,0,0,0,0,0,0,6,0,0,1,99,99,0,32,1,0,6,0,23,18,4800.0,4800.0,0.0,0,0.0,0.0,0.0,144.0,1,0,True,False,False,False,True,False,False,True,False,False,False,False,False,False,True,False,False,False,False,False,False,False,False,False,False,False,False,True,False,True,False,False,False,False,1
99,1,77500.0,0.0,95760.0,1,1,0,0,0,0,0,0,0,0,1,1,2,0,0,1,99,99,0,70,0,0,7,0,22,51,48840.0,36920.0,0.0,0,6120.0,0.0,0.0,501.0,0,0,True,False,False,False,True,False,False,True,False,False,False,False,False,False,False,False,False,False,False,False,True,False,False,False,False,False,False,True,False,False,True,False,False,False,1
99,0,999999.0,875.0,48000.0,2,0,0,0,0,0,0,0,0,0,0,0,1,0,0,2,99,99,0,48,1,0,7,0,27,72,20000.0,20000.0,0.0,0,0.0,0.0,0.0,310.0,1,0,True,False,False,False,True,False,False,True,False,False,False,False,False,False,False,False,False,True,False,False,False,False,False,False,False,False,False,True,True,False,False,False,False,False,1
99,0,999999.0,675.0,15693.0,1,1,1,1,0,0,0,0,0,0,1,1,4,2,1,1,7,4,0,24,0,0,6,0,22,45,3693.0,3000.0,0.0,0,0.0,693.0,0.0,125.0,1,0,True,False,False,False,True,False,False,True,False,False,False,False,False,False,False,False,False,False,False,False,True,False,True,False,False,False,False,False,False,False,True,False,False,False,0
99,0,999999.0,725.0,31011.0,1,0,0,0,0,0,0,0,0,0,0,0,2,0,0,1,99,99,1,22,0,0,7,0,24,44,15000.0,15000.0,0.0,0,0.0,0.0,0.0,373.0,1,0,True,False,False,False,True,False,False,True,False,False,False,False,False,False,False,False,False,False,True,False,False,False,False,False,False,False,False,True,False,False,False,True,False,False,1
99,1,95000.0,0.0,18000.0,1,1,1,1,2,0,1,1,0,1,0,0,6,0,0,1,99,99,3,13,1,1,2,1,0,0,0.0,999999.0,999999.0,999999,99999.0,99999.0,99999.0,109.0,0,0,True,False,False,False,True,False,False,True,True,False,False,False,False,False,False,False,False,False,False,False,False,False,False,False,False,False,False,True,False,False,False,True,False,False,1
99,1,225000.0,0.0,118032.0,1,1,1,1,2,0,1,1,0,1,0,0,5,0,0,1,99,99,2,15,1,1,3,1,0,0,0.0,999999.0,999999.0,999999,0.0,0.0,0.0,501.0,0,0,True,False,False,False,True,False,False,True,True,False,False,False,False,False,False,False,False,False,False,False,False,False,False,False,False,False,False,True,False,False,False,True,False,False,1
99,0,999999.0,437.0,44920.0,1,0,2,0,0,0,0,0,0,0,0,0,4,2,0,1,44,38,0,73,0,0,2,0,0,0,8620.0,0.0,0.0,0,4804.0,2544.0,1272.0,351.0,0,6,True,False,False,False,True,False,False,True,False,False,False,True,False,False,False,False,False,False,False,False,False,False,False,False,False,False,False,True,False,False,False,False,False,True,1
99,1,112500.0,0.0,36365.0,1,1,1,1,2,0,1,1,0,1,0,0,5,0,0,1,99,99,2,27,1,0,7,0,26,19,0.0,0.0,0.0,0,0.0,0.0,0.0,236.0,0,0,True,False,False,False,True,False,False,True,True,False,False,False,False,False,False,False,False,False,False,False,False,False,False,False,False,False,False,True,False,False,False,True,False,False,1
99,0,999999.0,437.0,29976.0,1,0,1,0,1,0,1,0,0,0,0,0,2,0,0,1,99,99,0,28,0,0,7,0,31,75,15900.0,15900.0,0.0,0,0.0,0.0,0.0,361.0,0,0,True,False,False,False,True,False,False,True,True,False,False,False,False,False,False,False,False,False,False,False,False,False,True,False,False,False,False,False,False,False,False,True,False,False,1
99,0,999999.0,625.0,41500.0,1,1,1,0,0,0,0,0,0,0,1,1,4,0,0,1,99,99,0,27,0,0,2,0,21,18,16000.0,16000.0,0.0,0,0.0,0.0,0.0,324.0,0,0,True,False,False,False,True,False,False,True,False,False,False,False,False,False,False,False,False,False,False,False,True,False,False,False,False,False,False,True,False,False,True,False,False,False,1
99,0,999999.0,362.0,74000.0,1,1,1,1,2,0,1,1,0,1,0,0,7,0,0,1,99,99,2,3,1,0,0,0,0,0,0.0,999999.0,999999.0,999999,99999.0,99999.0,99999.0,385.0,1,0,True,False,False,False,True,False,False,True,True,False,False,False,False,False,False,False,False,False,False,False,False,False,False,False,False,False,False,True,False,False,False,True,False,False,1
99,0,999999.0,575.0,40000.0,1,1,0,0,0,0,0,0,0,0,2,1,2,0,0,1,99,99,0,26,1,0,7,0,39,73,20000.0,20000.0,0.0,0,0.0,0.0,0.0,482.0,1,1,True,False,False,False,True,False,False,True,False,False,False,True,False,False,False,False,False,False,False,False,False,False,False,False,False,True,False,False,False,False,True,False,False,False,1
99,0,999999.0,1000.0,115823.0,1,1,2,1,1,0,1,2,0,1,0,0,7,0,0,1,99,99,2,11,0,1,2,1,0,0,0.0,999999.0,999999.0,999999,99999.0,99999.0,99999.0,501.0,1,0,True,False,False,False,True,False,False,True,True,False,False,False,False,False,False,False,False,False,False,False,False,False,False,False,False,False,False,True,False,False,False,True,False,False,1
99,1,275000.0,0.0,89000.0,1,1,1,1,2,0,1,1,0,1,0,0,4,0,0,1,99,99,1,4,1,1,0,2,0,0,0.0,999999.0,999999.0,999999,99999.0,99999.0,99999.0,501.0,1,0,True,False,False,False,True,False,False,True,True,False,False,False,False,False,False,False,False,False,False,False,False,False,False,False,False,False,False,True,False,False,False,True,False,False,1
99,0,999999.0,725.0,24000.0,3,1,2,1,0,0,0,0,0,0,0,0,5,0,0,1,99,99,1,25,0,0,7,0,0,0,0.0,0.0,0.0,0,0.0,0.0,0.0,153.0,1,0,True,False,False,False,True,False,False,True,False,False,False,False,False,False,False,False,False,False,False,True,False,False,False,False,False,False,False,True,False,True,False,False,False,False,1
99,0,999999.0,675.0,30781.0,1,1,1,1,2,0,1,1,0,1,0,0,4,0,0,1,99,99,1,4,0,1,0,1,0,0,0.0,999999.0,999999.0,999999,99999.0,99999.0,99999.0,245.0,1,0,True,False,False,False,True,False,False,True,True,False,False,False,False,False,False,False,False,False,False,False,False,False,False,False,False,False,False,True,False,False,False,True,False,False,1
99,0,999999.0,1000.0,75000.0,1,1,1,1,0,0,0,0,0,0,2,1,4,2,0,1,17,15,0,56,1,0,8,0,41,68,30000.0,30000.0,0.0,0,0.0,0.0,0.0,501.0,1,2,True,False,False,False,True,False,False,True,False,False,False,True,False,False,False,False,False,False,False,False,False,False,False,False,False,True,False,False,False,False,True,False,False,False,1
99,1,275000.0,0.0,47000.0,1,1,1,1,0,0,0,0,0,0,1,1,4,2,0,1,15,6,0,46,0,0,6,0,17,13,9000.0,9000.0,0.0,0,0.0,0.0,0.0,374.0,1,0,True,False,False,False,True,False,False,True,False,False,False,False,False,False,False,False,False,False,False,False,True,False,False,False,False,False,False,True,False,False,True,False,False,False,1
99,0,999999.0,625.0,35000.0,2,0,0,0,0,0,0,0,0,0,0,0,1,0,0,2,99,99,0,40,1,0,7,0,24,47,32000.0,32000.0,0.0,0,0.0,0.0,0.0,496.0,1,0,True,False,False,False,True,False,False,True,False,False,False,False,False,False,False,False,False,True,False,False,False,False,False,False,False,False,False,True,True,False,False,False,False,False,1
99,1,350000.0,0.0,123515.0,1,1,1,1,2,0,1,1,0,1,0,0,5,0,0,1,99,99,2,14,0,1,2,2,0,0,0.0,999999.0,999999.0,999999,99999.0,99999.0,99999.0,501.0,0,0,True,False,False,False,True,False,False,True,True,False,False,False,False,False,False,False,False,False,False,False,False,False,False,False,False,False,False,True,False,False,False,True,False,False,1
99,0,999999.0,1000.0,108776.0,1,1,1,1,0,0,0,0,0,0,0,0,6,0,0,1,99,99,0,26,0,0,7,0,25,48,43000.0,43000.0,0.0,0,0.0,0.0,0.0,501.0,1,0,True,False,False,False,True,False,False,True,False,False,False,False,False,False,True,False,False,False,False,False,False,False,False,False,False,False,False,True,False,False,False,True,False,False,1
99,1,112500.0,0.0,44000.0,1,1,1,1,0,0,0,0,0,0,2,1,5,3,2,1,8,2,0,32,1,0,3,0,41,68,38000.0,0.0,38000.0,0,0.0,0.0,0.0,297.0,1,2,True,False,False,False,True,False,False,True,False,False,False,True,False,False,False,False,False,False,False,False,False,False,False,False,False,False,False,True,False,False,True,False,False,False,1
99,0,999999.0,625.0,30617.0,1,1,1,1,2,0,1,1,0,1,0,0,5,0,0,1,99,99,2,34,1,0,5,0,30,27,14000.0,14000.0,0.0,0,0.0,0.0,0.0,199.0,0,0,True,False,False,False,True,False,False,True,True,False,False,False,False,False,False,False,False,False,False,False,False,False,False,False,False,False,False,True,True,False,False,False,False,False,1
99,1,112500.0,0.0,47550.0,1,1,1,1,2,7,1,1,0,1,0,0,3,0,0,1,99,99,0,28,1,1,7,1,29,48,24000.0,24000.0,0.0,0,0.0,0.0,0.0,490.0,0,0,True,False,False,False,True,False,False,True,True,False,False,False,False,False,False,False,False,False,False,False,False,False,False,False,False,False,False,True,False,False,False,True,False,False,1
99,1,112500.0,0.0,41781.0,1,1,2,1,3,0,2,0,0,0,0,0,4,0,0,1,99,99,0,3,0,0,0,0,0,0,0.0,999999.0,999999.0,999999,99999.0,99999.0,99999.0,321.0,1,0,True,False,False,False,True,False,False,True,False,False,True,False,False,False,False,False,False,False,False,False,False,False,True,False,False,False,False,False,False,False,False,True,False,False,1
99,1,187500.0,0.0,162283.0,1,1,1,1,2,0,1,1,3,1,0,0,5,0,0,1,99,99,2,14,0,1,3,1,0,0,0.0,999999.0,999999.0,999999,99999.0,99999.0,99999.0,501.0,1,0,True,False,False,False,True,False,False,True,True,False,False,False,False,False,False,False,False,False,False,False,False,True,False,False,False,False,False,False,False,False,False,True,False,False,1
99,0,999999.0,362.0,20000.0,1,1,1,1,2,0,1,1,0,1,0,0,9,0,0,1,99,99,6,12,1,1,2,1,0,0,0.0,999999.0,999999.0,999999,99999.0,99999.0,99999.0,80.0,1,0,True,False,False,False,True,False,False,True,True,False,False,False,False,False,False,False,False,False,False,False,False,False,False,False,False,False,False,True,False,False,False,True,False,False,1
99,0,999999.0,462.0,6000.0,1,0,0,0,0,0,0,0,0,0,0,0,2,0,0,1,99,99,0,61,0,0,2,0,0,0,6000.0,0.0,0.0,0,0.0,0.0,0.0,70.0,0,6,True,False,False,False,True,False,False,True,False,False,False,True,False,False,False,False,False,False,False,False,False,False,True,False,False,False,False,False,False,False,False,False,False,True,1
99,0,999999.0,512.0,18000.0,1,1,1,1,0,0,0,0,0,0,2,1,5,3,1,1,12,3,0,33,1,1,7,2,23,18,13000.0,13000.0,0.0,0,0.0,0.0,0.0,122.0,0,6,True,False,False,False,True,False,False,True,False,False,False,True,False,False,False,False,False,False,False,False,False,False,False,False,False,False,False,True,False,False,True,False,False,False,1
99,0,999999.0,875.0,44960.0,1,1,1,1,0,0,0,0,0,0,0,0,11,0,0,1,99,99,0,21,1,0,7,0,41,68,15000.0,15000.0,0.0,0,0.0,0.0,0.0,180.0,1,0,True,False,False,False,True,False,False,True,False,False,False,False,False,False,True,False,False,False,False,False,False,False,False,False,False,False,False,True,False,False,False,True,False,False,1
99,1,400000.0,0.0,124102.0,1,1,1,1,0,0,0,0,0,0,2,1,4,2,0,1,26,23,0,58,1,0,8,0,79,92,89000.0,84000.0,0.0,0,0.0,0.0,0.0,501.0,0,6,True,False,False,False,True,False,False,True,False,False,False,True,False,False,False,False,False,False,False,False,False,False,False,False,False,True,False,False,False,False,True,False,False,False,1
99,1,350000.0,0.0,26461.0,1,0,0,0,0,0,0,0,0,0,0,0,1,0,0,1,99,99,0,75,0,0,6,0,0,0,26461.0,0.0,0.0,0,9706.0,0.0,1675.0,445.0,0,7,True,False,False,False,True,False,False,True,False,False,False,True,False,False,False,False,False,False,False,False,False,False,False,False,False,False,False,True,False,False,False,False,False,True,1
99,0,999999.0,625.0,10000.0,2,0,0,1,0,0,0,1,0,1,0,0,4,0,0,1,99,99,2,0,0,0,7,0,0,0,0.0,999999.0,999999.0,999999,99999.0,99999.0,99999.0,79.0,1,0,True,False,False,False,True,False,False,True,True,False,False,False,False,False,False,False,False,False,False,False,False,False,False,False,False,False,False,True,False,False,False,True,False,False,1
99,1,400000.0,0.0,73687.0,1,0,0,0,0,0,0,0,0,0,0,0,1,0,0,1,99,99,0,64,1,0,7,0,31,73,73687.0,15084.0,0.0,0,0.0,0.0,0.0,501.0,0,6,True,False,False,False,True,False,False,True,False,False,False,True,False,False,False,False,False,False,False,False,False,False,False,False,False,False,False,True,False,False,False,True,False,False,1
99,0,999999.0,0.0,999999.0,1,0,0,0,0,0,0,0,0,0,0,0,1,0,0,1,99,99,0,20,0,1,7,2,19,46,3404.0,3400.0,0.0,0,0.0,0.0,0.0,0.0,1,0,False,False,True,False,False,True,False,True,False,False,False,False,False,True,False,False,False,False,False,False,False,False,False,False,False,False,False,True,False,False,False,True,False,False,1
99,1,187500.0,0.0,45020.0,1,1,1,1,2,0,1,1,0,1,0,0,5,0,0,1,99,99,2,9,1,1,1,1,0,0,0.0,999999.0,999999.0,999999,99999.0,99999.0,99999.0,304.0,0,0,True,False,False,False,True,False,False,True,True,False,False,False,False,False,False,False,False,False,False,False,False,False,False,False,False,False,False,True,False,False,False,True,False,False,1
99,1,187500.0,0.0,97720.0,1,1,1,1,0,0,0,0,0,0,2,1,3,1,0,1,24,24,0,60,1,0,6,0,41,77,58700.0,54000.0,0.0,0,0.0,0.0,0.0,501.0,0,6,True,False,False,False,True,False,False,True,False,False,False,True,False,False,False,False,False,False,False,False,False,False,False,False,False,False,False,True,False,False,True,False,False,False,1
99,1,162500.0,0.0,62320.0,1,2,1,1,2,0,1,1,0,1,0,0,7,0,0,1,99,99,2,1,0,0,7,0,0,0,0.0,999999.0,999999.0,999999,99999.0,99999.0,99999.0,315.0,1,0,True,False,False,False,True,False,False,True,True,False,False,False,False,False,False,False,False,False,False,False,False,False,False,False,False,False,False,True,False,False,False,True,False,False,1
99,0,999999.0,512.0,28500.0,1,1,1,1,0,0,0,0,0,0,2,1,5,1,1,1,1,1,0,26,1,0,0,0,22,18,12000.0,12000.0,0.0,0,0.0,0.0,0.0,182.0,1,1,True,False,False,False,True,False,False,True,False,False,False,True,False,False,False,False,False,False,False,False,False,False,False,False,False,False,False,True,False,False,True,False,False,False,1
99,0,999999.0,875.0,45000.0,1,1,1,1,2,0,1,1,0,1,0,0,5,0,0,1,99,99,2,4,1,0,0,0,0,0,0.0,999999.0,999999.0,999999,99999.0,99999.0,99999.0,304.0,1,0,True,False,False,False,True,False,False,True,True,False,False,False,False,False,False,False,False,False,False,False,False,False,False,False,False,False,False,True,False,False,False,True,False,False,1
99,0,999999.0,875.0,8100.0,1,0,0,0,0,0,0,0,0,0,0,0,4,0,0,1,99,99,0,76,0,0,6,0,0,0,8100.0,0.0,0.0,0,0.0,8100.0,0.0,62.0,0,6,True,False,False,False,True,False,False,True,False,False,False,True,False,False,False,False,False,False,False,False,False,False,False,False,False,False,False,True,False,False,False,True,False,False,1
99,1,350000.0,0.0,59912.0,1,1,1,1,2,7,1,1,0,1,0,0,4,0,0,1,99,99,1,4,0,1,0,2,0,0,0.0,999999.0,999999.0,999999,99999.0,99999.0,99999.0,476.0,1,0,True,False,False,False,True,False,False,True,True,False,False,False,False,False,False,False,False,False,False,False,False,False,False,False,False,False,False,True,False,False,False,True,False,False,1
99,1,112500.0,0.0,96667.0,1,1,1,1,0,0,0,0,0,0,1,1,5,3,0,1,17,10,0,39,0,0,6,0,24,47,4435.0,0.0,4435.0,0,0.0,0.0,0.0,501.0,0,0,True,False,False,False,True,False,False,True,False,False,False,False,False,False,False,False,False,False,False,False,True,False,False,False,False,False,False,True,False,False,True,False,False,False,1
99,1,162500.0,0.0,31850.0,1,1,1,1,2,0,1,1,0,1,0,0,4,0,0,1,99,99,1,9,1,1,1,1,0,0,0.0,999999.0,999999.0,999999,99999.0,99999.0,99999.0,253.0,0,0,True,False,False,False,True,False,False,True,True,False,False,False,False,False,False,False,False,False,False,False,False,False,False,False,False,False,False,True,False,False,False,True,False,False,1
99,0,999999.0,875.0,20000.0,2,0,0,0,0,0,0,0,0,0,0,0,1,0,0,2,99,99,0,26,1,0,6,0,31,65,20000.0,20000.0,0.0,0,0.0,0.0,0.0,310.0,1,0,True,False,False,False,True,False,False,True,False,False,False,False,False,False,False,False,False,True,False,False,False,False,False,False,False,False,False,True,False,False,False,True,False,False,1
99,1,225000.0,0.0,28000.0,1,1,1,1,2,0,1,1,0,1,0,0,7,0,0,1,99,99,2,14,1,1,3,1,0,0,0.0,999999.0,999999.0,999999,99999.0,99999.0,99999.0,141.0,1,0,True,False,False,False,True,False,False,True,True,False,False,False,False,False,False,False,False,False,False,False,False,False,False,False,False,True,False,False,False,False,False,True,False,False,1
99,1,137500.0,0.0,56600.0,1,2,2,2,2,0,1,1,0,1,0,0,13,0,0,1,99,99,8,14,0,1,2,1,0,0,0.0,999999.0,999999.0,999999,99999.0,99999.0,99999.0,226.0,0,0,True,False,False,False,True,False,False,True,True,False,False,False,False,False,False,False,False,False,False,False,False,False,False,False,False,False,False,True,False,False,False,True,False,False,1
99,1,400000.0,0.0,50000.0,1,1,1,1,0,0,0,0,0,0,2,1,4,2,0,1,15,13,0,52,1,0,7,0,26,19,38000.0,38000.0,0.0,0,0.0,0.0,0.0,398.0,0,6,True,False,False,False,True,False,False,True,False,False,False,True,False,False,False,False,False,False,False,False,False,False,False,False,False,False,False,True,False,False,True,False,False,False,1
99,0,999999.0,875.0,0.0,1,0,0,0,0,0,0,0,0,0,0,0,1,0,0,1,99,99,0,48,1,1,8,1,41,68,0.0,0.0,0.0,0,0.0,0.0,0.0,1.0,1,1,True,False,False,False,True,False,False,True,False,False,False,True,False,False,False,False,False,False,False,False,False,False,False,False,False,False,False,True,True,False,False,False,False,False,1
99,0,999999.0,312.0,6200.0,1,0,1,0,2,0,1,0,0,0,0,0,2,0,0,1,99,99,0,38,1,1,7,1,25,19,6200.0,6200.0,0.0,0,0.0,0.0,0.0,75.0,0,5,True,False,False,False,True,False,False,True,False,False,False,True,False,False,False,False,False,False,False,False,False,False,False,False,False,False,False,True,False,True,False,False,False,False,0
99,0,999999.0,725.0,46000.0,1,1,1,1,2,7,1,1,0,1,0,0,4,0,0,1,99,99,1,7,1,1,1,2,0,0,0.0,999999.0,999999.0,999999,99999.0,99999.0,99999.0,366.0,1,0,True,False,False,False,True,False,False,True,True,False,False,False,False,False,False,False,False,False,False,False,False,False,False,False,False,True,False,False,False,False,False,True,False,False,1
99,0,999999.0,575.0,23000.0,2,0,0,0,0,0,0,0,0,0,0,0,1,0,0,1,99,99,0,25,1,0,7,0,35,44,23000.0,23000.0,0.0,0,0.0,0.0,0.0,357.0,1,1,True,False,False,False,True,False,False,True,False,False,False,True,False,False,False,False,False,False,False,False,False,False,False,False,False,False,False,True,False,False,False,True,False,False,0
99,0,999999.0,412.0,44805.0,1,1,0,0,0,0,0,0,0,0,1,1,2,0,0,1,99,99,0,73,0,0,5,0,21,8,14976.0,14976.0,0.0,0,0.0,0.0,0.0,501.0,1,0,True,False,False,False,True,False,False,True,False,False,False,False,False,False,False,False,False,False,False,False,True,False,False,False,False,False,False,True,False,False,True,False,False,False,1
99,0,999999.0,875.0,40275.0,1,1,1,1,0,0,0,0,0,0,1,1,4,2,0,1,19,16,0,49,0,0,7,0,38,68,20375.0,20375.0,0.0,0,0.0,0.0,0.0,310.0,1,0,True,False,False,False,True,False,False,True,False,False,False,False,False,False,False,False,False,False,False,False,True,False,False,False,False,False,False,True,False,False,True,False,False,False,1
99,1,225000.0,0.0,29560.0,1,1,0,0,0,0,0,0,0,0,1,1,2,0,0,1,99,99,0,57,0,0,7,0,26,72,16360.0,16160.0,0.0,0,0.0,0.0,0.0,356.0,0,0,True,False,False,False,True,False,False,True,False,False,False,False,False,False,False,False,False,False,False,False,True,False,False,False,True,False,False,False,False,False,True,False,False,False,1
99,1,95000.0,0.0,8808.0,1,0,0,0,0,0,0,0,0,0,0,0,1,0,0,1,99,99,0,67,0,0,6,0,0,0,8808.0,0.0,0.0,0,7164.0,0.0,0.0,148.0,0,7,True,False,False,False,True,False,False,True,False,False,False,True,False,False,False,False,False,False,False,False,False,False,True,False,False,False,False,False,False,False,False,False,False,True,1
99,0,999999.0,875.0,279516.0,1,0,0,0,0,0,0,0,0,0,0,0,1,0,0,1,99,99,0,36,1,0,8,0,41,68,279516.0,195516.0,80000.0,0,0.0,0.0,0.0,501.0,0,2,True,False,False,False,True,False,False,True,False,False,False,True,False,False,False,False,False,False,False,False,False,False,False,False,False,False,False,True,False,False,False,True,False,False,1
99,1,162500.0,0.0,32000.0,1,1,1,1,2,0,1,1,0,1,0,0,7,0,0,1,99,99,4,12,0,1,2,1,0,0,0.0,999999.0,999999.0,999999,99999.0,99999.0,99999.0,172.0,1,0,True,False,False,False,True,False,False,True,True,False,False,False,False,False,False,False,False,False,False,False,False,False,False,False,False,False,False,True,False,False,False,True,False,False,1
99,1,137500.0,0.0,68500.0,1,1,1,1,2,0,1,1,0,1,0,0,4,0,0,1,99,99,1,13,0,1,2,2,0,0,0.0,999999.0,999999.0,999999,99999.0,99999.0,99999.0,501.0,0,0,True,False,False,False,True,False,False,True,True,False,False,False,False,False,False,False,False,False,False,False,False,False,False,False,False,False,False,True,False,False,False,True,False,False,1
99,1,400000.0,0.0,45823.0,1,0,0,0,0,0,0,0,0,0,0,0,1,0,0,1,99,99,0,65,1,0,8,0,38,68,45823.0,0.0,38872.0,0,0.0,0.0,0.0,501.0,0,7,True,False,False,False,True,False,False,True,False,False,False,True,False,False,False,False,False,False,False,False,False,False,False,False,False,False,False,True,False,False,False,True,False,False,0
99,1,187500.0,0.0,68665.0,2,1,1,1,2,0,1,1,0,1,0,0,5,0,0,1,99,99,2,4,0,1,0,2,0,0,0.0,999999.0,999999.0,999999,99999.0,99999.0,99999.0,464.0,1,0,True,False,False,False,True,False,False,True,True,False,False,False,False,False,False,False,False,False,False,False,False,False,False,False,False,False,False,True,False,False,False,True,False,False,1
99,0,999999.0,875.0,29984.0,1,1,0,0,0,0,0,0,0,0,1,1,2,0,0,1,99,99,0,47,0,0,6,0,24,44,6000.0,6000.0,0.0,0,0.0,0.0,0.0,361.0,1,0,True,False,False,False,True,False,False,True,False,False,False,False,False,False,False,False,False,False,False,False,True,False,False,False,False,False,False,True,False,False,True,False,False,False,1
99,0,999999.0,212.0,150.0,2,0,0,0,0,0,0,0,0,0,0,0,2,0,0,1,99,99,0,20,0,1,7,1,25,44,150.0,0.0,0.0,0,0.0,0.0,0.0,2.0,1,2,True,False,False,False,True,False,False,True,False,False,False,True,False,False,False,False,False,False,False,False,False,False,False,True,False,False,False,False,False,False,False,True,False,False,0
99,1,350000.0,0.0,34670.0,2,0,0,0,0,0,0,0,0,0,0,0,2,0,0,1,99,99,0,18,1,1,6,1,24,47,5670.0,5670.0,0.0,0,0.0,0.0,0.0,418.0,1,0,True,False,False,False,True,False,False,True,False,False,True,False,False,False,False,False,False,False,False,False,False,False,False,False,False,False,False,True,False,False,False,True,False,False,1
99,1,85000.0,0.0,45000.0,2,1,1,1,0,0,0,0,0,0,1,1,4,2,0,1,35,30,0,65,0,0,2,0,0,0,0.0,0.0,0.0,0,0.0,0.0,0.0,352.0,1,0,True,False,False,False,True,False,False,True,False,False,False,False,False,False,False,False,False,False,False,False,True,False,False,False,False,False,False,True,False,False,True,False,False,False,1
99,1,137500.0,0.0,45800.0,1,2,1,1,0,0,0,0,0,0,1,1,6,3,1,1,24,2,0,55,0,0,3,0,0,0,0.0,0.0,0.0,0,0.0,0.0,0.0,263.0,0,0,True,False,False,False,True,False,False,True,False,False,False,False,False,False,False,False,False,False,False,False,True,False,False,False,False,False,False,True,False,False,True,False,False,False,1
99,1,350000.0,0.0,27000.0,1,1,0,0,0,0,0,0,0,0,2,1,2,0,0,1,99,99,0,73,1,0,6,0,0,0,13500.0,0.0,0.0,0,8000.0,0.0,0.0,360.0,0,8,True,False,False,False,True,False,False,True,False,False,False,True,False,False,False,False,False,False,False,False,False,False,False,False,False,False,False,True,False,False,True,False,False,False,1
99,0,999999.0,675.0,75000.0,1,1,0,0,0,0,0,0,0,0,2,1,2,0,0,1,99,99,0,28,1,1,8,2,31,65,30000.0,30000.0,0.0,0,0.0,0.0,0.0,501.0,1,2,True,False,False,False,True,False,False,True,False,False,False,True,False,False,False,False,False,False,False,False,False,False,False,False,False,False,False,True,False,False,True,False,False,False,1
99,1,400000.0,0.0,23090.0,1,0,0,0,0,0,0,0,0,0,0,0,1,0,0,1,99,99,0,74,1,0,6,0,0,0,23090.0,0.0,0.0,0,23090.0,0.0,0.0,388.0,0,8,True,False,False,False,True,False,False,True,False,False,False,True,False,False,False,False,False,False,False,False,False,False,True,False,False,False,False,False,False,False,False,False,False,True,1
99,1,275000.0,0.0,37500.0,1,1,1,1,1,0,1,2,0,1,0,0,3,0,0,1,99,99,0,6,0,0,0,0,0,0,0.0,999999.0,999999.0,999999,99999.0,99999.0,99999.0,376.0,1,0,True,False,False,False,True,False,False,True,True,False,False,False,False,False,False,False,False,False,False,False,False,False,False,False,False,False,False,True,False,False,False,True,False,False,1
99,0,999999.0,725.0,67000.0,1,1,0,0,0,0,0,0,0,0,2,2,2,0,0,1,99,99,0,27,0,0,7,0,22,61,55000.0,55000.0,0.0,0,0.0,0.0,0.0,501.0,1,1,True,False,False,False,True,False,False,True,False,False,False,True,False,False,False,False,False,False,False,False,False,False,False,False,False,False,False,True,False,False,True,False,False,False,1
99,0,999999.0,725.0,26484.0,1,1,1,1,0,0,0,0,0,0,0,0,4,0,0,1,99,99,0,50,0,0,5,0,25,44,6484.0,0.0,0.0,0,0.0,0.0,0.0,204.0,1,0,True,False,False,False,True,False,False,True,False,False,False,False,False,False,True,False,False,False,False,False,False,False,False,False,False,False,False,True,False,False,False,True,False,False,1
99,1,162500.0,0.0,45380.0,1,1,1,1,2,0,1,1,0,1,0,0,5,0,0,1,99,99,2,8,1,1,1,1,0,0,0.0,999999.0,999999.0,999999,99999.0,99999.0,99999.0,307.0,1,0,True,False,False,False,True,False,False,True,True,False,False,False,False,False,False,False,False,False,False,False,False,False,False,False,False,False,False,True,False,False,False,True,False,False,1
99,1,400000.0,0.0,67173.0,1,2,2,2,4,0,2,3,0,2,0,0,6,0,0,1,99,99,1,16,0,1,4,2,11,11,1656.0,1656.0,0.0,0,0.0,0.0,0.0,385.0,1,0,True,False,False,False,True,False,False,True,False,False,True,False,False,False,False,False,False,False,False,False,False,False,False,False,False,False,False,True,False,False,False,True,False,False,1
99,0,999999.0,487.0,8832.0,1,0,0,1,0,0,0,0,0,0,0,0,2,1,0,1,16,16,0,40,1,0,7,0,0,0,4416.0,0.0,0.0,0,0.0,4416.0,0.0,103.0,1,1,True,False,False,False,True,False,False,True,False,False,False,True,False,False,False,False,False,False,False,False,False,False,True,False,False,False,False,False,False,False,False,False,True,False,1
99,0,999999.0,462.0,48720.0,1,2,1,1,0,0,0,0,0,0,1,1,4,1,0,1,27,27,0,69,0,0,4,0,0,0,1920.0,0.0,0.0,0,1920.0,0.0,0.0,381.0,0,0,True,False,False,False,True,False,False,True,False,False,False,False,False,False,False,False,False,False,False,False,True,False,False,False,False,False,False,True,False,False,True,False,False,False,1
99,0,999999.0,112.0,23250.0,2,2,1,1,0,0,0,0,0,0,2,1,6,0,0,1,99,99,1,40,1,0,7,0,23,18,11000.0,11000.0,0.0,0,0.0,0.0,0.0,133.0,0,2,True,False,False,False,True,False,False,True,False,False,False,True,False,False,False,False,False,False,False,False,False,False,False,False,False,False,False,True,False,False,True,False,False,False,0
99,1,275000.0,0.0,57188.0,1,1,1,1,2,0,1,1,0,1,0,0,6,0,0,1,99,99,3,27,1,0,8,0,31,65,19537.0,18700.0,0.0,0,0.0,0.0,0.0,321.0,0,0,True,False,False,False,True,False,False,True,True,False,False,False,False,False,False,False,False,False,False,False,False,False,False,False,False,False,False,True,False,False,False,True,False,False,1
99,0,999999.0,437.0,20800.0,1,1,1,1,2,0,1,1,0,1,0,0,5,0,0,1,99,99,2,1,0,0,7,0,0,0,0.0,999999.0,999999.0,999999,99999.0,99999.0,99999.0,141.0,1,0,True,False,False,False,True,False,False,True,True,False,False,False,False,False,False,False,False,False,False,False,False,False,False,False,False,False,False,True,False,False,False,True,False,False,1
99,0,999999.0,512.0,12264.0,3,0,0,0,0,0,0,0,0,0,0,0,1,0,0,3,99,99,0,22,1,0,6,0,26,19,7200.0,7200.0,0.0,0,0.0,0.0,0.0,112.0,1,0,True,False,False,False,True,False,False,True,False,False,False,False,False,False,False,False,False,True,False,False,False,False,True,False,False,False,False,False,False,False,False,True,False,False,1
99,1,162500.0,0.0,84000.0,1,1,0,0,0,0,0,0,0,0,1,1,2,0,0,1,99,99,0,56,0,0,8,0,26,72,48500.0,42000.0,0.0,0,0.0,0.0,0.0,501.0,0,0,True,False,False,False,True,False,False,True,False,False,False,False,False,False,False,False,False,False,False,False,True,False,False,False,False,False,False,True,False,False,True,False,False,False,1
99,1,162500.0,0.0,68000.0,1,1,0,0,0,0,0,0,0,0,1,1,2,0,0,1,99,99,0,70,0,0,7,0,22,61,49000.0,19000.0,0.0,0,0.0,0.0,0.0,501.0,0,0,True,False,False,False,True,False,False,True,False,False,False,False,False,False,False,False,False,False,False,False,True,False,False,False,False,False,False,True,False,False,True,False,False,False,1
99,1,162500.0,0.0,26152.0,1,2,1,1,2,7,1,1,0,1,0,0,12,0,0,1,99,99,7,13,1,1,2,1,0,0,0.0,999999.0,999999.0,999999,99999.0,99999.0,99999.0,104.0,1,0,True,False,False,False,True,False,False,True,True,False,False,False,False,False,False,False,False,False,False,False,False,False,False,False,False,False,False,True,False,False,False,True,False,False,1
99,1,187500.0,0.0,38800.0,1,1,0,0,0,0,0,0,0,0,2,1,2,0,0,1,99,99,0,55,1,0,6,0,25,18,30000.0,30000.0,0.0,0,0.0,0.0,0.0,467.0,1,2,True,False,False,False,True,False,False,True,False,False,False,True,False,False,False,False,False,False,False,False,False,False,False,False,False,False,False,True,False,False,True,False,False,False,1
99,0,999999.0,412.0,41000.0,1,0,1,0,0,0,0,0,0,0,0,0,2,1,0,1,11,11,0,27,0,0,6,0,38,68,41000.0,25000.0,16000.0,0,0.0,0.0,0.0,480.0,1,1,True,False,False,False,True,False,False,True,False,False,False,True,False,False,False,False,False,False,False,False,False,False,False,False,False,False,False,True,False,False,False,True,False,False,1
99,1,137500.0,0.0,61636.0,2,1,1,1,2,0,1,1,0,1,0,0,4,0,0,1,99,99,1,29,0,0,6,0,25,44,22000.0,22000.0,0.0,0,0.0,0.0,0.0,482.0,0,0,True,False,False,False,True,False,False,True,True,False,False,False,False,False,False,False,False,False,False,False,False,False,False,False,True,False,False,False,False,False,False,True,False,False,1
99,1,95000.0,0.0,60000.0,1,1,2,1,0,0,0,0,0,0,2,1,8,5,0,1,27,13,0,56,1,0,6,0,23,16,32000.0,32000.0,0.0,0,0.0,0.0,0.0,276.0,0,8,True,False,False,False,True,False,False,True,False,False,False,True,False,False,False,False,False,False,False,False,False,False,False,False,False,False,False,True,False,False,True,False,False,False,1
99,1,275000.0,0.0,54000.0,1,1,1,1,0,0,0,0,0,0,2,1,5,3,2,1,5,0,0,31,1,0,8,0,41,68,48000.0,48000.0,0.0,0,0.0,0.0,0.0,365.0,1,2,True,False,False,False,True,False,False,True,False,False,False,True,False,False,False,False,False,False,False,False,False,False,False,False,False,False,False,True,False,False,True,False,False,False,1
99,0,999999.0,1000.0,60000.0,2,0,0,0,0,0,0,0,0,0,0,0,1,0,0,1,99,99,0,46,1,0,8,0,24,47,60000.0,60000.0,0.0,0,0.0,0.0,0.0,501.0,0,5,True,False,False,False,True,False,False,True,False,False,False,True,False,False,False,False,False,False,False,False,False,False,False,False,False,False,False,True,False,False,False,True,False,False,0
99,0,999999.0,725.0,0.0,1,1,0,0,0,0,0,0,0,0,1,1,2,0,0,1,99,99,0,54,0,0,8,0,0,0,0.0,0.0,0.0,0,0.0,0.0,0.0,1.0,1,0,True,False,False,False,True,False,False,True,False,False,False,False,False,False,False,False,False,False,False,False,True,False,False,False,False,False,False,True,False,False,True,False,False,False,1
99,0,999999.0,725.0,76500.0,1,1,0,0,0,0,0,0,0,0,1,1,2,0,0,1,99,99,0,25,0,0,6,0,22,61,26500.0,26500.0,0.0,0,0.0,0.0,0.0,501.0,1,0,True,False,False,False,True,False,False,True,False,False,False,False,False,False,False,False,False,False,False,False,True,False,False,False,False,False,False,True,False,False,True,False,False,False,1
99,0,999999.0,625.0,8000.0,3,1,0,0,0,0,0,0,0,0,3,5,2,0,0,3,99,99,0,24,1,0,2,0,23,18,10000.0,10000.0,0.0,0,0.0,0.0,0.0,120.0,1,0,True,False,False,False,True,False,False,True,False,False,False,False,False,True,False,False,False,False,False,False,False,False,False,False,False,False,False,True,False,False,True,False,False,False,1
99,0,999999.0,1000.0,32130.0,1,1,1,1,0,0,0,0,0,0,1,1,7,4,1,1,10,4,1,34,0,0,7,0,14,26,130.0,0.0,130.0,0,0.0,0.0,0.0,167.0,1,0,True,False,False,False,True,False,False,True,False,False,False,False,False,False,False,False,False,False,False,False,True,False,False,False,False,False,False,True,False,False,True,False,False,False,1
99,0,999999.0,0.0,999999.0,1,0,0,0,0,0,0,0,0,0,0,0,1,0,0,1,99,99,0,70,1,0,7,0,0,0,6710.0,0.0,0.0,0,2160.0,0.0,4500.0,0.0,0,0,False,False,True,False,False,True,False,True,False,False,False,False,False,True,False,False,False,False,False,False,False,False,False,False,False,False,False,True,True,False,False,False,False,False,1
99,0,999999.0,387.0,25000.0,6,0,0,0,0,0,0,0,0,0,0,0,1,0,0,6,99,99,0,26,0,0,7,0,16,15,7800.0,7800.0,0.0,0,0.0,0.0,0.0,121.0,1,0,True,False,False,False,True,False,False,True,False,False,False,False,False,False,False,False,False,True,False,False,False,False,False,False,False,False,False,True,False,False,False,True,False,False,0
99,1,187500.0,0.0,52150.0,1,1,2,1,0,0,0,0,0,0,0,0,4,1,0,1,46,46,0,63,0,0,3,0,0,0,0.0,0.0,0.0,0,0.0,0.0,0.0,401.0,1,0,True,False,False,False,True,False,False,True,False,False,False,False,False,False,False,True,False,False,False,False,False,False,False,False,False,True,False,False,False,False,False,False,False,True,1
99,0,999999.0,462.0,11000.0,2,0,0,0,0,0,0,0,0,0,0,0,1,0,0,2,99,99,0,20,1,1,6,1,24,44,14536.0,0.0,14536.0,0,0.0,0.0,0.0,225.0,1,0,True,False,False,False,True,False,False,True,False,False,False,False,False,False,False,False,False,True,False,False,False,False,False,False,False,False,False,True,False,False,False,True,False,False,0
99,0,999999.0,0.0,999999.0,1,0,0,0,0,0,0,0,0,0,0,0,1,0,0,1,99,99,0,63,0,0,0,0,0,0,0.0,0.0,0.0,0,0.0,0.0,0.0,0.0,0,0,False,True,False,True,False,False,False,True,False,False,False,False,True,False,False,False,False,False,False,False,False,False,False,False,False,False,False,True,False,False,False,True,False,False,1
99,0,999999.0,875.0,40000.0,2,0,0,0,0,0,0,0,0,0,0,0,1,0,0,1,99,99,0,62,1,0,8,0,38,69,40000.0,40000.0,0.0,0,0.0,0.0,0.0,501.0,1,2,True,False,False,False,True,False,False,True,False,False,False,True,False,False,False,False,False,False,False,False,False,False,False,False,False,False,False,True,True,False,False,False,False,False,1
99,0,999999.0,875.0,12000.0,1,1,1,1,0,0,0,0,0,0,2,1,6,4,4,1,2,2,0,31,1,0,2,0,20,8,12000.0,12000.0,0.0,0,0.0,0.0,0.0,72.0,0,5,True,False,False,False,True,False,False,True,False,False,False,True,False,False,False,False,False,False,False,False,False,False,False,False,False,False,False,True,False,False,True,False,False,False,1
99,1,225000.0,0.0,56380.0,1,1,0,0,0,0,0,0,0,0,2,1,2,0,0,1,99,99,0,49,1,0,7,0,31,65,55700.0,55000.0,0.0,0,0.0,0.0,0.0,501.0,0,5,True,False,False,False,True,False,False,True,False,False,False,True,False,False,False,False,False,False,False,False,False,False,False,False,False,False,False,True,False,False,True,False,False,False,1
99,0,999999.0,1000.0,100000.0,1,1,1,1,0,0,0,0,0,0,2,1,4,2,0,1,15,11,0,46,1,0,8,0,41,68,100000.0,100000.0,0.0,0,0.0,0.0,0.0,501.0,1,2,True,False,False,False,True,False,False,True,False,False,False,True,False,False,False,False,False,False,False,False,False,False,False,False,True,False,False,False,False,False,True,False,False,False,1
99,0,999999.0,625.0,6000.0,2,0,0,0,0,0,0,0,0,0,0,0,1,0,0,1,99,99,0,33,1,0,8,0,20,8,6000.0,6000.0,0.0,0,0.0,0.0,0.0,93.0,1,1,True,False,False,False,True,False,False,True,False,False,False,True,False,False,False,False,False,False,False,False,False,False,False,False,False,False,False,True,False,False,False,True,False,False,1
99,0,999999.0,675.0,20400.0,1,1,1,1,0,0,0,0,0,0,2,1,5,3,0,1,15,9,0,45,1,0,3,0,18,19,20400.0,400.0,20000.0,0,0.0,0.0,0.0,138.0,0,5,True,False,False,False,True,False,False,True,False,False,False,True,False,False,False,False,False,False,False,False,False,False,False,False,False,False,False,True,False,False,True,False,False,False,1
99,1,225000.0,0.0,58753.0,2,0,2,0,0,0,0,0,0,0,0,0,1,0,0,2,99,99,0,22,0,0,6,0,6,7,4500.0,4500.0,0.0,0,0.0,0.0,0.0,70.0,1,0,True,False,False,False,True,False,False,True,False,False,False,False,False,False,False,False,False,True,False,False,False,False,False,False,False,False,False,True,False,False,False,True,False,False,1
99,0,999999.0,575.0,20337.0,1,1,1,1,2,0,1,1,0,1,0,0,8,0,0,1,99,99,5,16,1,1,4,1,0,0,0.0,0.0,0.0,0,0.0,0.0,0.0,100.0,1,0,True,False,False,False,True,False,False,True,True,False,False,False,False,False,False,False,False,False,False,False,False,False,False,True,False,False,False,False,False,False,False,True,False,False,1
99,1,225000.0,0.0,6120.0,2,0,0,0,0,0,0,0,0,0,0,0,1,0,0,2,99,99,0,82,1,1,2,1,0,0,7360.0,0.0,0.0,0,6360.0,0.0,1000.0,124.0,0,0,True,False,False,False,True,False,False,True,False,False,False,False,False,False,False,False,False,True,False,False,False,False,False,False,False,False,False,True,False,False,False,False,False,True,1
99,1,350000.0,0.0,77076.0,1,2,2,2,0,0,0,0,0,0,1,1,6,1,0,1,29,29,0,53,0,0,6,0,0,0,0.0,0.0,0.0,0,0.0,0.0,0.0,442.0,1,0,True,False,False,False,True,False,False,True,False,False,False,False,False,False,False,False,False,False,False,False,True,False,False,False,False,False,False,True,False,False,True,False,False,False,1
99,0,999999.0,625.0,16000.0,3,1,1,1,2,0,1,1,0,1,0,0,4,0,0,1,99,99,1,7,0,1,1,1,0,0,0.0,999999.0,999999.0,999999,99999.0,99999.0,99999.0,127.0,0,0,True,False,False,False,True,False,False,True,True,False,False,False,False,False,False,False,False,False,False,False,False,False,False,False,False,False,False,True,False,False,False,True,False,False,1
99,0,999999.0,412.0,8228.0,1,0,1,0,1,1,1,0,0,0,0,0,3,0,0,1,99,99,1,3,1,0,0,0,0,0,0.0,999999.0,999999.0,999999,99999.0,99999.0,99999.0,82.0,1,0,True,False,False,False,True,False,False,True,True,False,False,False,False,False,False,False,False,False,False,False,False,False,False,False,False,False,False,True,False,False,False,True,False,False,1
99,1,275000.0,0.0,0.0,3,0,1,0,1,0,1,0,0,0,0,0,3,0,0,1,99,99,1,6,0,1,0,2,0,0,0.0,999999.0,999999.0,999999,99999.0,99999.0,99999.0,1.0,1,0,True,False,False,False,True,False,False,True,True,False,False,False,False,False,False,False,False,False,False,False,False,False,False,False,False,False,False,True,False,False,False,True,False,False,1
99,0,999999.0,412.0,23400.0,1,0,1,0,1,0,1,0,0,0,0,0,7,0,0,1,99,99,3,8,0,1,1,1,0,0,0.0,999999.0,999999.0,999999,99999.0,99999.0,99999.0,122.0,0,0,True,False,False,False,True,False,False,True,True,False,False,False,False,False,False,False,False,False,False,False,False,False,False,False,False,False,False,True,False,False,False,True,False,False,1
99,1,95000.0,0.0,18000.0,3,0,0,2,0,0,0,0,0,0,0,0,3,0,0,1,99,99,0,47,0,0,2,0,23,18,6000.0,6000.0,0.0,0,0.0,0.0,0.0,180.0,1,0,True,False,False,False,True,False,False,True,False,False,False,False,False,False,True,False,False,False,False,False,False,False,False,False,False,False,False,True,False,True,False,False,False,False,1
99,0,999999.0,875.0,60000.0,1,1,1,1,2,0,1,1,0,1,0,0,4,0,0,1,99,99,1,10,0,0,1,0,0,0,0.0,999999.0,999999.0,999999,99999.0,99999.0,99999.0,477.0,1,0,True,False,False,False,True,False,False,True,True,False,False,False,False,False,False,False,False,False,False,False,False,False,False,False,False,True,False,False,False,False,False,True,False,False,1
99,0,999999.0,675.0,13684.0,1,1,1,1,0,0,0,0,0,0,2,1,3,1,1,1,1,1,0,28,1,0,6,0,35,62,7684.0,5000.0,0.0,0,0.0,584.0,2100.0,137.0,1,1,True,False,False,False,True,False,False,True,False,False,False,True,False,False,False,False,False,False,False,False,False,False,True,False,False,False,False,False,False,False,True,False,False,False,1
99,1,225000.0,0.0,68584.0,1,1,1,2,0,0,0,0,0,0,1,1,6,1,0,1,45,45,0,73,0,0,2,0,0,0,2772.0,0.0,0.0,0,2772.0,0.0,0.0,385.0,1,0,True,False,False,False,True,False,False,True,False,False,False,False,False,False,False,False,False,False,False,False,True,False,False,False,False,True,False,False,False,False,True,False,False,False,1
99,1,225000.0,0.0,36000.0,1,1,1,1,2,0,1,1,0,1,0,0,4,0,0,1,99,99,1,13,0,0,2,0,0,0,0.0,999999.0,999999.0,999999,99999.0,99999.0,99999.0,286.0,0,0,True,False,False,False,True,False,False,True,True,False,False,False,False,False,False,False,False,False,False,False,False,False,False,False,False,False,False,True,False,False,False,True,False,False,1
99,0,999999.0,162.0,23000.0,1,1,1,1,2,0,1,1,0,1,0,0,4,0,0,1,99,99,1,23,0,1,7,1,23,18,6000.0,6000.0,0.0,0,0.0,0.0,0.0,177.0,0,0,True,False,False,False,True,False,False,True,True,False,False,False,False,False,False,False,False,False,False,False,False,False,False,False,False,False,False,True,False,False,False,True,False,False,1
99,0,999999.0,512.0,0.0,2,0,1,0,0,0,0,0,0,0,0,0,1,0,0,2,99,99,0,24,1,0,0,0,20,8,0.0,0.0,0.0,0,0.0,0.0,0.0,1.0,1,0,True,False,False,False,True,False,False,True,False,False,False,False,False,False,False,False,False,True,False,False,False,False,False,False,False,False,False,True,False,False,False,True,False,False,1
99,0,999999.0,725.0,32440.0,1,1,1,1,2,0,1,1,0,1,0,0,6,0,0,1,99,99,1,0,1,0,7,0,0,0,0.0,999999.0,999999.0,999999,99999.0,99999.0,99999.0,186.0,1,0,True,False,False,False,True,False,False,True,True,False,False,False,False,False,False,False,False,False,False,False,False,False,False,False,False,False,False,True,False,False,False,True,False,False,1
99,1,95000.0,0.0,44000.0,1,0,0,0,0,0,0,0,0,0,0,0,1,0,0,1,99,99,0,43,1,0,6,0,23,18,44000.0,44000.0,0.0,0,0.0,0.0,0.0,501.0,0,6,True,False,False,False,True,False,False,True,False,False,False,True,False,False,False,False,False,False,False,False,False,False,True,False,False,False,False,False,False,False,False,False,True,False,1
99,1,350000.0,0.0,65000.0,2,0,0,1,0,0,0,0,0,0,0,0,1,0,0,2,99,99,0,43,0,0,8,0,22,60,9000.0,9000.0,0.0,0,0.0,0.0,0.0,140.0,0,0,True,False,False,False,True,False,False,True,False,False,False,False,False,False,False,False,False,True,False,False,False,False,False,False,False,False,False,True,False,False,False,False,True,False,1
99,1,112500.0,0.0,66500.0,4,1,1,1,0,0,0,0,0,0,0,0,1,0,0,2,99,99,0,6,1,1,0,1,0,0,0.0,999999.0,999999.0,999999,99999.0,99999.0,99999.0,1.0,0,0,True,False,False,False,True,False,False,True,False,False,False,False,False,True,False,False,False,False,False,False,False,False,True,False,False,False,False,False,False,False,False,True,False,False,1
99,0,999999.0,412.0,0.0,2,0,0,1,0,0,0,0,0,0,0,0,1,0,0,2,99,99,0,30,0,1,3,1,0,0,0.0,0.0,0.0,0,0.0,0.0,0.0,1.0,1,0,True,False,False,False,True,False,False,True,False,False,False,False,False,False,False,False,False,True,False,False,False,False,False,False,False,False,False,True,False,False,False,True,False,False,1
99,0,999999.0,512.0,24838.0,1,1,1,1,2,0,1,1,0,1,0,0,8,0,0,1,99,99,4,20,0,0,2,0,22,18,3718.0,3718.0,0.0,0,0.0,0.0,0.0,108.0,1,0,True,False,False,False,True,False,False,True,True,False,False,False,False,False,False,False,False,False,False,False,False,False,False,False,False,False,False,True,False,True,False,False,False,False,0
99,0,999999.0,875.0,44500.0,1,1,0,0,0,0,0,0,0,0,2,1,2,0,0,1,99,99,0,29,1,0,7,0,14,26,15500.0,15500.0,0.0,0,0.0,0.0,0.0,501.0,1,2,True,False,False,False,True,False,False,True,False,False,False,True,False,False,False,False,False,False,False,False,False,False,False,False,False,False,False,True,False,False,True,False,False,False,0
99,0,999999.0,625.0,22292.0,1,1,1,1,0,0,0,0,0,0,2,1,4,2,0,1,8,5,0,37,1,1,3,1,41,68,12422.0,12422.0,0.0,0,0.0,0.0,0.0,177.0,1,2,True,False,False,False,True,False,False,True,False,False,False,True,False,False,False,False,False,False,False,False,False,False,False,False,False,False,False,True,False,False,True,False,False,False,1
99,1,77500.0,0.0,16000.0,1,1,1,1,0,0,0,0,0,0,2,1,3,1,0,1,23,23,0,66,1,0,1,0,27,22,8000.0,0.0,0.0,0,8000.0,0.0,0.0,165.0,0,7,True,False,False,False,True,False,False,True,False,False,False,True,False,False,False,False,False,False,False,False,False,False,False,False,False,False,False,True,False,False,True,False,False,False,1
99,1,162500.0,0.0,66000.0,2,1,1,1,0,0,0,0,0,0,1,1,6,4,1,1,19,3,0,27,0,0,2,0,37,49,29000.0,29000.0,0.0,0,0.0,0.0,0.0,386.0,1,0,True,False,False,False,True,False,False,True,False,False,False,False,False,False,False,False,False,False,False,False,True,False,False,False,False,False,False,True,False,False,True,False,False,False,1
99,0,999999.0,462.0,21450.0,2,1,1,1,2,0,1,1,0,1,0,0,5,0,0,1,99,99,2,13,0,1,2,1,0,0,0.0,999999.0,999999.0,999999,99999.0,99999.0,99999.0,145.0,0,0,True,False,False,False,True,False,False,True,True,False,False,False,False,False,False,False,False,False,False,False,False,False,False,False,False,False,False,True,False,False,False,True,False,False,1
99,0,999999.0,575.0,27769.0,1,0,2,0,1,0,1,0,0,0,0,0,4,0,0,1,99,99,1,23,0,1,3,2,17,13,2769.0,2769.0,0.0,0,0.0,0.0,0.0,214.0,0,0,True,False,False,False,True,False,False,True,True,False,False,False,False,False,False,False,False,False,False,False,False,False,True,False,False,False,False,False,False,False,False,True,False,False,1
99,1,400000.0,0.0,131726.0,2,1,0,0,0,0,0,0,0,0,1,1,2,0,0,1,99,99,0,66,0,0,7,0,0,0,62903.0,0.0,0.0,0,4300.0,0.0,0.0,501.0,0,0,True,False,False,False,True,False,False,True,False,False,False,False,False,False,False,False,False,False,False,False,True,False,False,False,False,False,False,True,False,False,True,False,False,False,1
99,1,137500.0,0.0,46576.0,1,1,0,0,0,0,0,0,0,0,2,1,2,0,0,1,99,99,0,62,1,0,6,0,30,27,43504.0,35301.0,0.0,0,0.0,0.0,0.0,501.0,0,7,True,False,False,False,True,False,False,True,False,False,False,True,False,False,False,False,False,False,False,False,False,False,False,False,False,False,False,True,False,False,True,False,False,False,1
99,0,999999.0,1000.0,66600.0,1,1,1,1,0,0,0,0,0,0,2,1,5,3,0,1,22,11,0,57,1,0,8,0,30,44,24000.0,18000.0,6000.0,0,0.0,0.0,0.0,426.0,1,2,True,False,False,False,True,False,False,True,False,False,False,True,False,False,False,False,False,False,False,False,False,False,False,False,False,False,False,True,False,False,True,False,False,False,1
99,1,137500.0,0.0,58000.0,1,1,0,0,0,0,0,0,0,0,1,1,2,0,0,1,99,99,0,64,0,0,4,0,26,22,44000.0,14000.0,30000.0,0,0.0,0.0,0.0,501.0,1,0,True,False,False,False,True,False,False,True,False,False,False,False,False,False,False,False,False,False,False,False,True,False,False,False,False,False,False,True,False,False,True,False,False,False,1
99,0,999999.0,675.0,33978.0,1,1,1,1,2,0,1,1,0,1,0,0,7,0,0,1,99,99,4,18,0,1,6,1,0,0,0.0,0.0,0.0,0,0.0,0.0,0.0,169.0,0,0,True,False,False,False,True,False,False,True,True,False,False,False,False,False,False,False,False,False,False,False,False,False,False,True,False,False,False,False,False,False,False,True,False,False,1
99,1,112500.0,0.0,30000.0,4,1,1,1,0,0,0,0,0,0,2,1,3,1,1,1,2,2,0,26,1,0,2,0,26,19,20000.0,20000.0,0.0,0,0.0,0.0,0.0,301.0,1,1,True,False,False,False,True,False,False,True,False,False,False,True,False,False,False,False,False,False,False,False,False,False,False,False,False,False,False,True,False,False,True,False,False,False,1
99,0,999999.0,625.0,25000.0,1,1,1,1,2,0,1,1,0,1,0,0,5,0,0,1,99,99,2,2,0,0,7,0,0,0,0.0,999999.0,999999.0,999999,99999.0,99999.0,99999.0,169.0,1,0,True,False,False,False,True,False,False,True,True,False,False,False,False,False,False,False,False,False,False,False,False,False,False,False,False,False,False,True,False,False,False,True,False,False,1
99,0,999999.0,412.0,5600.0,1,1,0,0,0,0,0,0,0,0,2,1,2,0,0,1,99,99,0,44,1,1,0,1,18,19,5600.0,5600.0,0.0,0,0.0,0.0,0.0,67.0,0,5,True,False,False,False,True,False,False,True,False,False,False,True,False,False,False,False,False,False,False,False,False,False,False,False,False,False,False,True,False,False,True,False,False,False,1
99,1,275000.0,0.0,56680.0,2,0,0,0,0,0,0,0,0,0,0,0,1,0,0,2,99,99,0,35,1,0,8,0,31,65,43467.0,43406.0,0.0,0,0.0,0.0,0.0,501.0,1,0,True,False,False,False,True,False,False,True,False,False,False,False,False,False,False,False,False,True,False,False,False,False,False,False,False,False,False,True,False,False,False,True,False,False,1
99,1,162500.0,0.0,21010.0,1,1,0,0,0,0,0,0,0,0,2,1,2,0,0,1,99,99,0,52,1,0,6,0,30,24,10.0,0.0,0.0,0,0.0,0.0,0.0,253.0,0,7,True,False,False,False,True,False,False,True,False,False,False,True,False,False,False,False,False,False,False,False,False,False,True,False,False,False,False,False,False,False,True,False,False,False,1
99,0,999999.0,412.0,69000.0,1,1,0,0,0,0,0,0,0,0,1,1,3,0,0,1,99,99,0,30,0,0,7,0,37,49,12000.0,12000.0,0.0,0,0.0,0.0,0.0,501.0,0,0,True,False,False,False,True,False,False,True,False,False,False,False,False,False,False,False,False,False,False,False,True,False,False,False,False,False,False,True,False,False,True,False,False,False,1
99,1,350000.0,0.0,84198.0,1,1,1,1,2,0,1,1,0,1,0,0,3,0,0,1,99,99,0,12,1,1,2,1,0,0,0.0,999999.0,999999.0,999999,99999.0,99999.0,99999.0,501.0,1,0,True,False,False,False,True,False,False,True,True,False,False,False,False,False,False,False,False,False,False,False,False,False,False,False,False,False,False,True,False,False,False,True,False,False,1
99,1,400000.0,0.0,75000.0,1,1,0,0,0,0,0,0,0,0,2,1,2,0,0,1,99,99,0,39,1,0,7,0,26,47,50000.0,48000.0,0.0,0,0.0,0.0,0.0,501.0,1,2,True,False,False,False,True,False,False,True,False,False,False,True,False,False,False,False,False,False,False,False,False,False,False,False,False,False,False,True,False,False,True,False,False,False,1
99,1,275000.0,0.0,60000.0,1,1,1,1,0,0,0,0,0,0,1,1,4,2,2,1,4,2,0,29,0,0,8,0,30,44,0.0,0.0,0.0,0,0.0,0.0,0.0,477.0,1,0,True,False,False,False,True,False,False,True,False,False,False,False,False,False,False,False,False,False,False,False,True,False,False,False,False,False,False,True,False,False,True,False,False,False,1
99,1,112500.0,0.0,55200.0,1,0,0,0,0,0,0,0,0,0,0,0,1,0,0,1,99,99,0,80,1,0,6,0,0,0,55200.0,0.0,0.0,0,4800.0,0.0,0.0,501.0,0,8,True,False,False,False,True,False,False,True,False,False,False,True,False,False,False,False,False,False,False,False,False,False,False,False,False,False,False,True,False,False,False,False,False,True,1
99,1,225000.0,0.0,16095.0,1,0,1,0,1,7,1,0,0,0,0,0,3,0,0,1,99,99,1,22,1,0,6,0,20,8,6833.0,6833.0,0.0,0,0.0,0.0,0.0,166.0,1,0,True,False,False,False,True,False,False,True,True,False,False,False,False,False,False,False,False,False,False,False,False,False,False,False,False,False,False,True,False,False,False,True,False,False,1
99,0,999999.0,412.0,8000.0,1,0,1,0,5,7,2,0,0,0,0,0,7,0,0,1,99,99,4,16,0,1,6,1,18,44,600.0,600.0,0.0,0,0.0,0.0,0.0,40.0,0,0,True,False,False,False,True,False,False,True,False,False,True,False,False,False,False,False,False,False,False,False,False,False,True,False,False,False,False,False,False,False,False,True,False,False,1
99,1,187500.0,0.0,7100.0,1,1,1,1,2,0,1,1,0,1,0,0,6,0,0,1,99,99,3,19,0,1,7,1,0,0,0.0,0.0,0.0,0,0.0,0.0,0.0,41.0,1,0,True,False,False,False,True,False,False,True,True,False,False,False,False,False,False,False,False,False,False,False,False,False,False,False,False,True,False,False,False,False,False,True,False,False,1
99,1,400000.0,0.0,40000.0,1,0,0,0,0,0,0,0,0,0,0,0,1,0,0,1,99,99,0,87,1,1,6,1,0,0,40000.0,0.0,0.0,0,7500.0,0.0,0.0,501.0,0,8,True,False,False,False,True,False,False,True,False,False,False,True,False,False,False,False,False,False,False,False,False,False,False,False,False,False,False,True,False,False,False,False,False,True,1
99,0,999999.0,337.0,12000.0,1,1,1,1,2,0,1,1,0,1,0,0,5,0,0,1,99,99,2,2,0,0,7,0,0,0,0.0,999999.0,999999.0,999999,99999.0,99999.0,99999.0,81.0,1,0,True,False,False,False,True,False,False,True,True,False,False,False,False,False,False,False,False,False,False,False,False,False,False,False,False,False,False,True,False,False,False,True,False,False,1
99,0,999999.0,362.0,14000.0,2,0,0,1,0,0,0,0,0,0,0,0,6,4,2,1,13,0,0,36,1,0,2,0,23,18,6000.0,6000.0,0.0,0,0.0,0.0,0.0,84.0,0,6,True,False,False,False,True,False,False,True,False,False,False,True,False,False,False,False,False,False,False,False,False,False,False,False,False,False,False,True,False,False,False,True,False,False,1
99,0,999999.0,575.0,6500.0,1,1,1,1,0,0,0,0,0,0,1,1,4,2,0,1,7,5,0,42,0,0,8,0,23,23,500.0,200.0,0.0,0,0.0,0.0,0.0,52.0,1,0,True,False,False,False,True,False,False,True,False,False,False,False,False,False,False,False,False,False,False,False,True,False,False,False,False,False,False,True,False,False,True,False,False,False,1
99,1,85000.0,0.0,32250.0,2,0,0,0,0,0,0,0,0,0,0,0,1,0,0,1,99,99,0,25,1,0,7,0,26,47,32250.0,32000.0,0.0,0,0.0,0.0,0.0,500.0,1,2,True,False,False,False,True,False,False,True,False,False,False,True,False,False,False,False,False,False,False,False,False,False,False,False,False,False,False,True,False,False,False,True,False,False,1
99,0,999999.0,575.0,750.0,1,1,1,1,2,0,1,1,0,1,0,0,6,0,0,1,99,99,3,3,1,0,0,0,0,0,0.0,999999.0,999999.0,999999,99999.0,99999.0,99999.0,5.0,1,0,True,False,False,False,True,False,False,True,True,False,False,False,False,False,False,False,False,False,False,False,False,False,False,False,False,True,False,False,False,False,False,True,False,False,1
99,1,275000.0,0.0,73200.0,1,1,1,1,0,0,0,0,0,0,1,1,4,2,2,1,4,0,0,31,0,0,8,0,79,92,25000.0,25000.0,0.0,0,0.0,0.0,0.0,501.0,1,0,True,False,False,False,True,False,False,True,False,False,False,False,False,False,False,False,False,False,False,False,True,False,False,False,False,False,False,True,False,False,True,False,False,False,1
99,1,162500.0,0.0,75000.0,1,2,1,1,0,0,0,0,0,0,1,1,7,2,2,1,4,3,0,27,0,0,3,0,23,18,14000.0,14000.0,0.0,0,0.0,0.0,0.0,373.0,1,0,True,False,False,False,True,False,False,True,False,False,False,False,False,False,False,False,False,False,False,False,True,False,False,False,False,False,False,True,False,False,True,False,False,False,1
99,0,999999.0,875.0,16500.0,1,1,1,1,2,0,1,1,0,1,0,0,8,0,0,1,99,99,5,15,0,1,3,1,0,0,0.0,999999.0,999999.0,999999,0.0,0.0,0.0,73.0,0,0,True,False,False,False,True,False,False,True,True,False,False,False,False,False,False,False,False,False,False,False,False,False,False,False,False,False,False,True,False,False,False,True,False,False,1
99,0,999999.0,675.0,47500.0,1,0,0,0,0,0,0,0,0,0,0,0,1,0,0,1,99,99,0,26,1,0,8,0,31,73,47500.0,47000.0,0.0,0,0.0,0.0,0.0,501.0,1,1,True,False,False,False,True,False,False,True,False,False,False,True,False,False,False,False,False,False,False,False,False,False,True,False,False,False,False,False,False,False,False,True,False,False,1
99,0,999999.0,462.0,29000.0,1,1,1,1,2,0,1,1,0,1,0,0,5,0,0,1,99,99,2,6,1,1,0,1,0,0,0.0,999999.0,999999.0,999999,99999.0,99999.0,99999.0,196.0,1,0,True,False,False,False,True,False,False,True,True,False,False,False,False,False,False,False,False,False,False,False,False,True,False,False,False,False,False,False,False,False,False,True,False,False,1
99,0,999999.0,575.0,12000.0,1,1,1,1,0,0,0,0,0,0,2,1,5,3,1,1,22,2,0,38,1,0,3,0,20,9,12000.0,12000.0,0.0,0,0.0,0.0,0.0,79.0,1,2,True,False,False,False,True,False,False,True,False,False,False,True,False,False,False,False,False,False,False,False,False,False,False,False,False,False,False,True,False,False,True,False,False,False,1
99,1,400000.0,0.0,35000.0,1,1,1,1,0,0,0,0,0,0,2,1,5,3,1,1,14,1,0,40,1,0,7,0,29,36,35000.0,33000.0,0.0,0,0.0,0.0,0.0,237.0,0,5,True,False,False,False,True,False,False,True,False,False,False,True,False,False,False,False,False,False,False,False,False,False,False,False,False,False,False,True,False,False,True,False,False,False,1
99,1,400000.0,0.0,26000.0,1,1,1,1,0,0,0,0,0,0,2,1,3,1,0,1,21,21,0,55,1,0,7,0,25,15,21000.0,21000.0,0.0,0,0.0,0.0,0.0,268.0,0,1,True,False,False,False,True,False,False,True,False,False,False,True,False,False,False,False,False,False,False,False,False,False,False,False,False,False,False,True,False,False,True,False,False,False,1
99,0,999999.0,462.0,10000.0,2,1,1,2,0,0,0,0,0,0,1,2,6,2,0,1,30,25,0,60,1,0,6,0,23,18,0.0,0.0,0.0,0,0.0,0.0,0.0,57.0,1,0,True,False,False,False,True,False,False,True,False,False,False,False,False,False,False,False,False,False,False,False,True,False,False,False,False,False,False,True,False,False,True,False,False,False,1
99,0,999999.0,487.0,16000.0,1,0,0,0,0,0,0,0,0,0,0,0,1,0,0,1,99,99,0,31,1,1,7,1,24,47,16000.0,16000.0,0.0,0,0.0,0.0,0.0,248.0,1,2,True,False,False,False,True,False,False,True,False,False,False,True,False,False,False,False,False,False,False,False,False,False,False,False,False,False,False,True,False,False,False,True,False,False,0
99,0,999999.0,625.0,25000.0,5,0,0,0,0,0,0,0,0,0,0,0,1,0,0,5,99,99,0,34,1,0,6,0,25,19,7000.0,7000.0,0.0,0,0.0,0.0,0.0,109.0,0,0,True,False,False,False,True,False,False,True,False,False,False,False,False,False,False,False,False,True,False,False,False,False,False,False,False,False,True,False,False,False,False,True,False,False,0
99,0,999999.0,575.0,16000.0,1,2,2,2,0,0,0,0,0,0,4,1,7,2,2,1,2,0,0,22,0,0,2,0,0,0,0.0,0.0,0.0,0,0.0,0.0,0.0,81.0,1,0,True,False,False,False,True,False,False,True,False,False,False,False,False,False,False,False,False,False,False,True,False,False,False,False,False,False,False,True,False,False,True,False,False,False,1
99,1,112500.0,0.0,30229.0,1,0,1,0,1,0,1,0,0,0,0,0,4,0,0,1,99,99,2,16,0,1,5,1,11,11,4851.0,4851.0,0.0,0,0.0,0.0,0.0,240.0,0,0,True,False,False,False,True,False,False,True,True,False,False,False,False,False,False,False,False,False,False,False,False,False,False,False,False,False,False,True,False,False,False,True,False,False,0
99,1,275000.0,0.0,106000.0,1,1,0,0,0,0,0,0,0,0,2,1,2,0,0,1,99,99,0,50,1,0,7,0,41,68,90000.0,20000.0,70000.0,0,0.0,0.0,0.0,501.0,1,2,True,False,False,False,True,False,False,True,False,False,False,True,False,False,False,False,False,False,False,False,False,False,False,False,False,False,False,True,False,False,True,False,False,False,1
99,1,225000.0,0.0,50338.0,2,0,1,0,0,0,0,0,0,0,0,0,4,3,0,1,22,15,0,46,0,0,8,0,19,46,34022.0,33824.0,0.0,0,0.0,0.0,0.0,387.0,0,6,True,False,False,False,True,False,False,True,False,False,False,True,False,False,False,False,False,False,False,False,False,False,False,False,False,False,False,True,True,False,False,False,False,False,1
99,0,999999.0,412.0,10000.0,3,0,0,1,0,0,0,0,0,0,0,0,1,0,0,2,99,99,0,62,1,1,5,1,0,0,0.0,0.0,0.0,0,0.0,0.0,0.0,1.0,0,0,True,False,False,False,True,False,False,True,False,False,False,False,False,False,False,False,False,True,False,False,False,False,False,False,False,False,False,True,False,False,False,True,False,False,1
99,0,999999.0,537.0,8000.0,3,1,0,0,0,0,0,0,0,0,3,5,2,0,0,3,99,99,0,33,1,0,6,0,23,18,9000.0,9000.0,0.0,0,0.0,0.0,0.0,126.0,1,0,True,False,False,False,True,False,False,True,False,False,False,False,False,True,False,False,False,False,False,False,False,False,False,False,False,False,False,True,False,False,True,False,False,False,1
99,0,999999.0,575.0,43000.0,1,1,1,1,2,0,1,1,0,1,0,0,7,0,0,1,99,99,4,9,0,1,1,1,0,0,0.0,999999.0,999999.0,999999,99999.0,99999.0,99999.0,232.0,1,0,True,False,False,False,True,False,False,True,True,False,False,False,False,False,False,False,False,False,False,False,False,False,False,False,False,False,False,True,False,False,False,True,False,False,1
99,0,999999.0,625.0,11000.0,3,2,1,1,2,0,1,1,0,1,0,0,3,0,0,1,99,99,0,0,0,0,7,0,0,0,0.0,999999.0,999999.0,999999,99999.0,99999.0,99999.0,110.0,1,0,True,False,False,False,True,False,False,True,True,False,False,False,False,False,False,False,False,False,False,False,False,False,False,False,False,False,False,True,False,False,False,True,False,False,1
99,0,999999.0,1000.0,52000.0,1,0,0,1,0,0,0,1,0,1,0,0,3,0,0,1,99,99,1,11,1,1,2,1,0,0,0.0,999999.0,999999.0,999999,99999.0,99999.0,99999.0,501.0,1,0,True,False,False,False,True,False,False,True,True,False,False,False,False,False,False,False,False,False,False,False,False,False,False,False,False,False,False,True,False,False,False,True,False,False,1
99,0,999999.0,312.0,13000.0,2,0,0,0,0,0,0,0,0,0,0,0,1,0,0,1,99,99,0,28,1,1,8,1,35,62,13000.0,13000.0,0.0,0,0.0,0.0,0.0,202.0,0,5,True,False,False,False,True,False,False,True,False,False,False,True,False,False,False,False,False,False,False,False,False,False,False,False,False,False,False,True,False,True,False,False,False,False,0
99,0,999999.0,875.0,30000.0,3,0,1,0,0,0,0,0,0,0,0,0,1,0,0,2,99,99,0,22,0,0,6,0,24,44,20000.0,20000.0,0.0,0,0.0,0.0,0.0,310.0,1,0,True,False,False,False,True,False,False,True,False,False,False,False,False,False,False,False,False,True,False,False,False,False,False,False,False,False,False,True,False,False,False,True,False,False,1
99,0,999999.0,437.0,57181.0,2,0,1,1,0,0,0,0,0,0,0,0,3,0,0,1,99,99,0,30,1,0,1,0,23,8,28000.0,28000.0,0.0,0,0.0,0.0,0.0,501.0,1,0,True,False,False,False,True,False,False,True,False,False,False,False,False,False,True,False,False,False,False,False,False,False,False,False,False,False,False,True,False,False,False,True,False,False,1
99,1,350000.0,0.0,75000.0,1,1,1,1,0,0,0,0,0,0,2,1,3,1,0,1,15,15,0,49,1,0,7,0,41,68,75000.0,75000.0,0.0,0,0.0,0.0,0.0,501.0,0,6,True,False,False,False,True,False,False,True,False,False,False,True,False,False,False,False,False,False,False,False,False,False,False,False,False,False,False,True,False,False,True,False,False,False,1
99,0,999999.0,312.0,15400.0,1,1,1,1,2,0,1,1,0,1,0,0,4,0,0,1,99,99,1,6,0,1,1,1,0,0,0.0,999999.0,999999.0,999999,99999.0,99999.0,99999.0,122.0,0,0,True,False,False,False,True,False,False,True,True,False,False,False,False,False,False,False,False,False,False,False,False,False,False,False,False,False,False,True,False,False,False,True,False,False,1
99,0,999999.0,575.0,43408.0,1,1,1,2,2,0,1,1,0,1,0,0,5,0,0,1,99,99,1,33,1,0,8,0,27,64,18000.0,18000.0,0.0,0,0.0,0.0,0.0,277.0,0,0,True,False,False,False,True,False,False,True,True,False,False,False,False,False,False,False,False,False,False,False,False,False,False,False,False,False,False,True,False,False,False,True,False,False,0
99,1,162500.0,0.0,222000.0,2,2,2,2,0,0,0,0,0,0,1,1,6,2,0,1,24,13,0,43,0,0,4,0,22,61,69000.0,69000.0,0.0,0,0.0,0.0,0.0,501.0,0,0,True,False,False,False,True,False,False,True,False,False,False,False,False,False,False,False,False,False,False,False,True,False,False,False,False,False,False,True,False,False,True,False,False,False,1
99,0,999999.0,212.0,31000.0,2,1,1,1,0,0,0,0,0,0,0,0,1,0,0,2,99,99,0,29,1,0,0,0,23,18,10360.0,8860.0,0.0,0,0.0,0.0,1500.0,161.0,1,0,True,False,False,False,True,False,False,True,False,False,False,False,False,True,False,False,False,False,False,False,False,False,False,False,False,False,False,True,False,False,False,True,False,False,0
99,0,999999.0,875.0,28300.0,2,0,2,0,0,0,0,0,0,0,0,0,1,0,0,2,99,99,0,32,1,0,6,0,0,0,0.0,0.0,0.0,0,0.0,0.0,0.0,1.0,1,0,True,False,False,False,True,False,False,True,False,False,False,False,False,False,False,False,False,True,False,False,False,False,False,False,False,False,False,True,False,True,False,False,False,False,1
99,1,350000.0,0.0,60250.0,1,1,1,1,2,0,1,1,0,1,0,0,5,0,0,1,99,99,2,8,0,1,1,1,0,0,0.0,999999.0,999999.0,999999,99999.0,99999.0,99999.0,407.0,0,0,True,False,False,False,True,False,False,True,True,False,False,False,False,False,False,False,False,False,False,False,False,False,False,False,False,False,False,True,False,False,False,True,False,False,1
99,1,350000.0,0.0,57200.0,2,0,1,0,1,0,1,0,0,0,0,0,3,0,0,1,99,99,1,30,1,0,6,0,29,48,28000.0,28000.0,0.0,0,0.0,0.0,0.0,501.0,0,0,True,False,False,False,True,False,False,True,True,False,False,False,False,False,False,False,False,False,False,False,False,False,False,False,False,False,False,True,False,False,False,True,False,False,1
99,0,999999.0,875.0,25500.0,1,1,1,1,2,0,1,1,0,1,0,0,5,0,0,1,99,99,2,1,0,0,7,0,0,0,0.0,999999.0,999999.0,999999,99999.0,99999.0,99999.0,172.0,1,0,True,False,False,False,True,False,False,True,True,False,False,False,False,False,False,False,False,False,False,False,False,False,False,False,False,False,True,False,False,False,False,True,False,False,1
99,1,350000.0,0.0,59020.0,1,1,1,1,2,7,1,1,0,1,0,0,4,0,0,1,99,99,1,10,1,1,1,1,0,0,0.0,999999.0,999999.0,999999,99999.0,99999.0,99999.0,469.0,0,0,True,False,False,False,True,False,False,True,True,False,False,False,False,False,False,False,False,False,False,False,False,False,False,False,False,False,False,True,False,False,False,True,False,False,1
99,1,162500.0,0.0,40245.0,1,1,1,1,0,0,0,0,0,0,2,1,6,4,0,1,18,6,0,54,1,1,2,1,20,9,23664.0,23000.0,0.0,0,0.0,0.0,664.0,235.0,0,6,True,False,False,False,True,False,False,True,False,False,False,True,False,False,False,False,False,False,False,False,False,False,False,False,False,False,False,True,False,False,True,False,False,False,1
99,0,999999.0,1.0,7700.0,1,1,1,1,0,0,0,0,0,0,1,1,3,1,0,1,16,16,0,46,0,1,7,1,27,72,0.0,0.0,0.0,0,0.0,0.0,0.0,77.0,0,0,True,False,False,False,True,False,False,True,False,False,False,False,False,False,False,False,False,False,False,False,True,False,False,False,False,False,False,True,False,False,True,False,False,False,1
99,1,400000.0,0.0,24100.0,1,0,1,0,0,0,0,0,0,0,0,0,2,1,0,1,18,18,0,39,0,0,6,0,21,66,23100.0,23000.0,0.0,0,0.0,0.0,0.0,290.0,1,2,True,False,False,False,True,False,False,True,False,False,False,True,False,False,False,False,False,False,False,False,False,False,False,False,False,False,False,True,True,False,False,False,False,False,1
99,0,999999.0,875.0,0.0,2,0,0,0,0,0,0,0,0,0,0,0,1,0,0,1,99,99,0,67,1,0,6,0,0,0,0.0,0.0,0.0,0,0.0,0.0,0.0,1.0,1,2,True,False,False,False,True,False,False,True,False,False,False,True,False,False,False,False,False,False,False,False,False,False,False,False,False,False,False,True,False,False,False,False,False,True,1
99,0,999999.0,437.0,21000.0,4,1,1,1,0,0,0,0,0,0,2,1,3,1,0,1,12,12,0,36,1,0,2,0,24,19,21000.0,21000.0,0.0,0,0.0,0.0,0.0,210.0,0,5,True,False,False,False,True,False,False,True,False,False,False,True,False,False,False,False,False,False,False,False,False,False,False,False,False,False,False,True,False,False,True,False,False,False,1
99,1,225000.0,0.0,56000.0,1,1,1,1,0,0,0,0,0,0,1,1,4,2,0,1,13,9,0,34,0,0,8,0,24,44,16000.0,16000.0,0.0,0,0.0,0.0,0.0,445.0,1,0,True,False,False,False,True,False,False,True,False,False,False,False,False,False,False,False,False,False,False,False,True,False,True,False,False,False,False,False,False,False,True,False,False,False,1
99,1,225000.0,0.0,71260.0,1,1,1,1,2,0,1,1,0,1,0,0,4,0,0,1,99,99,1,4,0,1,0,2,0,0,0.0,999999.0,999999.0,999999,99999.0,99999.0,99999.0,501.0,1,0,True,False,False,False,True,False,False,True,True,False,False,False,False,False,False,False,False,False,False,False,False,False,False,False,False,False,False,True,False,False,False,True,False,False,1
99,1,400000.0,0.0,150000.0,2,1,1,1,2,0,1,1,0,1,0,0,5,0,0,1,99,99,2,9,0,1,1,2,0,0,0.0,999999.0,999999.0,999999,99999.0,99999.0,99999.0,501.0,1,0,True,False,False,False,True,False,False,True,True,False,False,False,False,False,False,False,False,False,False,False,False,False,False,False,False,False,False,True,False,False,False,True,False,False,1
99,0,999999.0,0.0,999999.0,1,0,0,0,0,0,0,0,0,0,0,0,1,0,0,1,99,99,0,37,1,0,6,0,24,10,3000.0,3000.0,0.0,0,0.0,0.0,0.0,0.0,0,0,False,True,False,True,False,False,False,True,False,False,False,False,True,False,False,False,False,False,False,False,False,False,False,False,False,False,False,True,False,False,False,False,False,True,1
99,0,999999.0,675.0,37500.0,2,0,0,1,0,0,0,1,3,1,0,0,4,0,0,1,99,99,1,9,1,1,1,1,0,0,0.0,999999.0,999999.0,999999,99999.0,99999.0,99999.0,298.0,1,0,True,False,False,False,True,False,False,True,True,False,False,False,False,False,False,False,False,False,False,False,False,False,True,False,False,False,False,False,False,False,False,True,False,False,1
99,0,999999.0,675.0,39052.0,1,1,1,1,0,0,0,0,0,0,2,2,4,2,1,1,15,2,0,39,0,0,8,0,30,67,8400.0,0.0,0.0,0,0.0,0.0,8400.0,311.0,0,6,True,False,False,False,True,False,False,True,False,False,False,True,False,False,False,False,False,False,False,False,False,False,False,False,False,False,False,True,False,False,True,False,False,False,1
99,1,400000.0,0.0,118086.0,1,1,1,1,0,0,0,0,0,0,1,1,3,1,0,1,16,16,0,45,0,0,8,0,37,78,47661.0,47661.0,0.0,0,0.0,0.0,0.0,501.0,1,0,True,False,False,False,True,False,False,True,False,False,False,False,False,False,False,False,False,False,False,False,True,False,False,False,False,True,False,False,False,False,True,False,False,False,1
99,0,999999.0,40.0,34220.0,1,0,2,0,0,0,0,0,0,0,0,0,8,4,0,1,35,21,0,50,0,0,5,0,41,68,23500.0,18500.0,0.0,0,0.0,0.0,0.0,154.0,1,2,True,False,False,False,True,False,False,True,False,False,False,True,False,False,False,False,False,False,False,False,False,False,True,False,False,False,False,False,True,False,False,False,False,False,1
99,0,999999.0,412.0,32831.0,1,1,1,1,2,0,1,1,0,1,0,0,6,0,0,1,99,99,3,17,1,1,6,1,29,27,1500.0,1500.0,0.0,0,0.0,0.0,0.0,192.0,0,0,True,False,False,False,True,False,False,True,True,False,False,False,False,False,False,False,False,False,False,False,False,False,False,False,False,False,False,True,False,False,False,True,False,False,1
99,0,999999.0,362.0,6840.0,1,0,0,0,0,0,0,0,0,0,0,0,1,0,0,1,99,99,0,74,0,0,0,0,0,0,6840.0,0.0,0.0,0,0.0,6840.0,0.0,115.0,1,2,True,False,False,False,True,False,False,True,False,False,False,True,False,False,False,False,False,False,False,False,False,False,False,True,False,False,False,False,False,False,False,False,False,True,1
99,1,225000.0,0.0,37656.0,1,1,0,0,0,0,0,0,0,0,2,1,3,0,0,1,99,99,0,70,1,0,7,0,0,0,13476.0,0.0,0.0,0,7320.0,0.0,0.0,388.0,0,8,True,False,False,False,True,False,False,True,False,False,False,True,False,False,False,False,False,False,False,False,False,False,False,False,False,False,False,True,False,False,True,False,False,False,1
99,0,999999.0,1.0,197516.0,1,1,0,0,0,0,0,0,0,0,1,1,2,0,0,1,99,99,0,47,0,0,8,0,0,0,0.0,0.0,0.0,0,0.0,0.0,0.0,501.0,1,0,True,False,False,False,True,False,False,True,False,False,False,False,False,False,False,False,False,False,False,False,True,False,False,False,True,False,False,False,False,False,True,False,False,False,1
99,0,999999.0,625.0,15000.0,1,0,0,0,0,0,0,0,0,0,0,0,1,0,0,1,99,99,0,36,0,1,8,1,31,65,15000.0,15000.0,0.0,0,0.0,0.0,0.0,233.0,1,2,True,False,False,False,True,False,False,True,False,False,False,True,False,False,False,False,False,False,False,False,False,False,False,False,False,False,False,True,False,False,False,True,False,False,1
99,0,999999.0,437.0,25000.0,2,0,1,0,0,0,0,0,0,0,0,0,1,0,0,2,99,99,0,37,1,0,6,0,25,15,16000.0,16000.0,0.0,0,0.0,0.0,0.0,248.0,1,0,True,False,False,False,True,False,False,True,False,False,False,False,False,False,False,False,False,True,False,False,False,False,True,False,False,False,False,False,False,False,False,False,True,False,1
99,1,275000.0,0.0,17000.0,1,0,1,0,1,0,1,0,0,0,0,0,5,0,0,1,99,99,2,15,1,1,3,1,0,0,0.0,999999.0,999999.0,999999,0.0,0.0,0.0,112.0,1,0,True,False,False,False,True,False,False,True,True,False,False,False,False,False,False,False,False,False,False,False,False,False,False,False,False,False,False,True,False,False,False,True,False,False,1
99,0,999999.0,537.0,12000.0,7,0,0,0,0,0,0,0,0,0,0,0,1,0,0,4,99,99,0,23,1,0,0,0,23,16,1500.0,1500.0,0.0,0,0.0,0.0,0.0,23.0,1,0,True,False,False,False,True,False,False,True,False,False,False,False,False,True,False,False,False,False,False,False,False,False,False,False,False,False,False,True,False,True,False,False,False,False,0
99,0,999999.0,575.0,3612.0,1,0,0,0,0,0,0,0,0,0,0,0,1,0,0,1,99,99,0,87,0,0,2,0,0,0,3612.0,0.0,0.0,0,0.0,3612.0,0.0,61.0,1,1,True,False,False,False,True,False,False,True,False,False,False,True,False,False,False,False,False,False,False,False,False,False,False,False,False,False,False,True,False,False,False,False,False,True,1
99,1,225000.0,0.0,42000.0,1,1,1,1,0,0,0,0,0,0,1,1,4,2,0,1,29,26,0,56,0,0,6,0,0,0,0.0,0.0,0.0,0,0.0,0.0,0.0,328.0,0,0,True,False,False,False,True,False,False,True,False,False,False,False,False,False,False,False,False,False,False,False,True,False,False,False,False,False,False,True,False,False,True,False,False,False,1
99,1,162500.0,0.0,77000.0,1,1,2,1,0,0,0,0,0,0,2,1,4,1,0,1,21,21,0,47,1,0,7,0,33,48,60000.0,60000.0,0.0,0,0.0,0.0,0.0,501.0,1,1,True,False,False,False,True,False,False,True,False,False,False,True,False,False,False,False,False,False,False,False,False,False,False,False,False,False,False,True,False,False,True,False,False,False,1
99,0,999999.0,412.0,23400.0,1,0,1,0,0,0,0,0,0,0,0,0,7,0,0,1,99,99,0,72,0,0,1,0,0,0,5400.0,0.0,0.0,0,2700.0,0.0,0.0,122.0,1,0,True,False,False,False,True,False,False,True,False,False,False,False,False,False,True,False,False,False,False,False,False,False,False,False,False,False,False,True,False,False,False,False,False,True,1
99,1,137500.0,0.0,75980.0,1,1,1,1,0,0,0,0,0,0,1,1,4,2,0,1,26,22,0,59,0,0,6,0,0,0,3480.0,0.0,0.0,0,3480.0,0.0,0.0,501.0,0,0,True,False,False,False,True,False,False,True,False,False,False,False,False,False,False,False,False,False,False,False,True,False,True,False,False,False,False,False,False,False,True,False,False,False,1
99,0,999999.0,675.0,45000.0,2,0,1,1,0,0,0,1,0,1,0,0,7,0,0,1,99,99,1,2,1,0,7,0,0,0,0.0,999999.0,999999.0,999999,99999.0,99999.0,99999.0,224.0,1,0,True,False,False,False,True,False,False,True,True,False,False,False,False,False,False,False,False,False,False,False,False,False,False,False,False,False,False,True,False,False,False,True,False,False,1
99,1,350000.0,0.0,29800.0,1,1,0,0,0,0,0,0,0,0,1,1,2,0,0,1,99,99,0,58,0,0,6,0,0,0,0.0,0.0,0.0,0,0.0,0.0,0.0,359.0,0,0,True,False,False,False,True,False,False,True,False,False,False,False,False,False,False,False,False,False,False,False,True,False,False,False,False,False,False,True,False,False,True,False,False,False,1
99,0,999999.0,1000.0,18200.0,3,0,0,0,0,0,0,0,0,0,0,0,1,0,0,2,99,99,0,28,1,0,8,0,26,72,18000.0,18000.0,0.0,0,0.0,0.0,0.0,279.0,1,0,True,False,False,False,True,False,False,True,False,False,False,False,False,False,False,False,False,True,False,False,False,False,False,False,False,False,False,True,False,False,False,True,False,False,1
99,1,112500.0,0.0,23910.0,1,1,1,1,0,0,0,0,0,0,1,1,3,1,0,1,18,18,0,58,0,0,8,0,0,0,0.0,0.0,0.0,0,0.0,0.0,0.0,247.0,0,0,True,False,False,False,True,False,False,True,False,False,False,False,False,False,False,False,False,False,False,False,True,False,False,False,False,False,False,True,False,False,True,False,False,False,1
99,1,225000.0,0.0,72932.0,1,1,1,1,2,0,1,1,0,1,0,0,10,0,0,1,99,99,7,2,1,0,7,0,0,0,0.0,999999.0,999999.0,999999,99999.0,99999.0,99999.0,304.0,1,0,True,False,False,False,True,False,False,True,True,False,False,False,False,False,False,False,False,False,False,False,False,False,False,False,False,False,False,True,False,False,False,True,False,False,1
99,1,137500.0,0.0,25000.0,2,0,0,0,0,0,0,0,0,0,0,0,1,0,0,2,99,99,0,45,1,0,8,0,24,47,15500.0,0.0,15000.0,0,0.0,0.0,0.0,240.0,1,0,True,False,False,False,True,False,False,True,False,False,False,False,False,False,False,False,False,True,False,False,False,False,False,False,False,False,False,True,False,False,False,True,False,False,1
99,0,999999.0,725.0,40000.0,1,2,1,1,3,2,7,4,0,1,1,1,5,0,0,1,99,99,1,21,0,0,6,0,22,45,15000.0,15000.0,0.0,0,0.0,0.0,0.0,256.0,1,0,True,False,False,False,True,False,False,True,False,False,False,False,False,False,False,False,False,False,False,False,True,False,True,False,False,False,False,False,False,False,True,False,False,False,1
99,1,225000.0,0.0,23000.0,1,1,1,1,2,0,1,1,0,1,0,0,4,0,0,1,99,99,1,7,1,1,1,1,0,0,0.0,999999.0,999999.0,999999,99999.0,99999.0,99999.0,183.0,1,0,True,False,False,False,True,False,False,True,True,False,False,False,False,False,False,False,False,False,False,False,False,False,False,False,False,False,False,True,False,False,False,True,False,False,1
99,1,187500.0,0.0,28684.0,1,0,0,0,0,0,0,0,0,0,0,0,3,0,0,1,99,99,0,10,0,1,2,1,0,0,0.0,999999.0,999999.0,999999,99999.0,99999.0,99999.0,287.0,0,0,True,False,False,False,True,False,False,True,False,False,True,False,False,False,False,False,False,False,False,False,False,False,False,False,False,False,False,True,False,False,False,True,False,False,1
99,1,275000.0,0.0,126351.0,1,1,1,1,2,0,1,1,0,1,0,0,3,0,0,1,99,99,0,31,1,0,7,0,27,39,21776.0,21776.0,0.0,0,0.0,0.0,0.0,501.0,0,0,True,False,False,False,True,False,False,True,True,False,False,False,False,False,False,False,False,False,False,False,False,False,True,False,False,False,False,False,False,False,False,True,False,False,1
99,1,27500.0,0.0,27300.0,1,1,1,1,0,0,0,0,0,0,1,1,4,2,1,1,5,2,0,31,0,0,8,0,14,26,2300.0,0.0,2300.0,0,0.0,0.0,0.0,217.0,0,0,True,False,False,False,True,False,False,True,False,False,False,False,False,False,False,False,False,False,False,False,True,False,False,False,False,False,False,True,False,False,True,False,False,False,0
99,1,137500.0,0.0,23756.0,1,1,0,0,0,0,0,0,0,0,2,1,2,0,0,1,99,99,0,61,1,0,7,0,20,9,11820.0,0.0,0.0,0,8400.0,0.0,0.0,286.0,0,5,True,False,False,False,True,False,False,True,False,False,False,True,False,False,False,False,False,False,False,False,False,False,False,False,False,False,False,True,False,False,True,False,False,False,1
99,0,999999.0,362.0,8016.0,1,0,1,0,1,0,1,0,0,0,0,0,4,0,0,1,99,99,2,4,0,0,0,0,0,0,0.0,999999.0,999999.0,999999,99999.0,99999.0,99999.0,64.0,1,0,True,False,False,False,True,False,False,True,True,False,False,False,False,False,False,False,False,False,False,False,False,False,False,False,False,False,False,True,False,False,False,True,False,False,1
99,1,275000.0,0.0,140769.0,1,1,1,1,0,0,0,0,0,0,0,0,6,0,0,1,99,99,0,14,1,1,3,1,0,0,0.0,999999.0,999999.0,999999,99999.0,99999.0,99999.0,501.0,1,0,True,False,False,False,True,False,False,True,False,False,False,False,False,False,True,False,False,False,False,False,False,False,False,False,False,False,False,True,False,False,False,True,False,False,1
99,1,400000.0,0.0,47000.0,1,1,0,0,0,0,0,0,0,0,2,1,2,0,0,1,99,99,0,58,1,0,7,0,24,52,42000.0,42000.0,0.0,0,0.0,0.0,0.0,501.0,1,2,True,False,False,False,True,False,False,True,False,False,False,True,False,False,False,False,False,False,False,False,False,False,False,False,False,False,False,True,False,False,True,False,False,False,1
99,0,999999.0,487.0,28000.0,1,1,1,1,2,0,1,1,0,1,0,0,7,0,0,1,99,99,2,13,1,1,2,2,0,0,0.0,999999.0,999999.0,999999,99999.0,99999.0,99999.0,141.0,1,0,True,False,False,False,True,False,False,True,True,False,False,False,False,False,False,False,False,False,False,False,False,False,False,False,False,False,False,True,False,False,False,True,False,False,1
99,1,112500.0,0.0,12000.0,4,0,0,1,0,0,0,1,0,1,0,0,4,0,0,1,99,99,2,7,0,0,1,0,0,0,0.0,999999.0,999999.0,999999,99999.0,99999.0,99999.0,95.0,0,0,True,False,False,False,True,False,False,True,True,False,False,False,False,False,False,False,False,False,False,False,False,False,False,False,False,False,False,True,False,False,False,True,False,False,1
99,1,187500.0,0.0,29817.0,1,0,0,0,0,0,0,0,0,0,0,0,1,0,0,1,99,99,0,49,0,0,7,0,41,68,29817.0,27953.0,0.0,0,0.0,0.0,1328.0,462.0,0,5,True,False,False,False,True,False,False,True,False,False,False,True,False,False,False,False,False,False,False,False,False,False,False,False,False,False,False,True,False,False,False,True,False,False,1
99,1,400000.0,0.0,66850.0,1,1,0,0,0,0,0,0,0,0,1,1,2,0,0,1,99,99,0,33,0,1,7,1,37,81,50.0,0.0,0.0,0,0.0,0.0,0.0,501.0,0,0,True,False,False,False,True,False,False,True,False,False,False,False,False,False,False,False,False,False,False,False,True,False,False,False,False,False,False,True,False,False,True,False,False,False,1
99,1,400000.0,0.0,38905.0,1,1,1,1,0,0,0,0,0,0,2,1,3,1,0,1,24,24,0,62,1,0,8,0,22,32,27001.0,0.0,0.0,0,0.0,0.0,0.0,401.0,0,6,True,False,False,False,True,False,False,True,False,False,False,True,False,False,False,False,False,False,False,False,False,False,False,False,False,False,False,True,False,False,True,False,False,False,1
99,1,187500.0,0.0,26400.0,1,0,0,0,0,0,0,0,0,0,0,0,1,0,0,1,99,99,0,65,0,1,6,1,35,62,26400.0,0.0,14000.0,0,5400.0,0.0,0.0,444.0,0,6,True,False,False,False,True,False,False,True,False,False,False,True,False,False,False,False,False,False,False,False,False,False,False,False,True,False,False,False,False,False,False,False,False,True,1
99,0,999999.0,1000.0,87100.0,1,1,1,1,0,0,0,0,0,0,2,1,3,1,0,1,6,6,0,39,1,0,6,0,41,68,50000.0,45000.0,0.0,0,0.0,0.0,0.0,501.0,1,1,True,False,False,False,True,False,False,True,False,False,False,True,False,False,False,False,False,False,False,False,False,False,False,False,False,False,False,True,False,False,True,False,False,False,1
99,0,999999.0,875.0,29304.0,1,0,0,0,0,0,0,0,0,0,0,0,1,0,0,1,99,99,0,42,0,0,7,0,42,84,29304.0,29304.0,0.0,0,0.0,0.0,0.0,454.0,1,1,True,False,False,False,True,False,False,True,False,False,False,True,False,False,False,False,False,False,False,False,False,False,True,False,False,False,False,False,False,False,False,False,True,False,1
99,1,400000.0,0.0,125520.0,1,1,1,1,2,0,1,1,3,1,0,0,4,0,0,1,99,99,1,15,1,1,3,1,0,0,320.0,999999.0,999999.0,999999,0.0,0.0,320.0,501.0,1,0,True,False,False,False,True,False,False,True,True,False,False,False,False,False,False,False,False,False,False,False,False,False,False,False,False,False,False,True,False,False,False,True,False,False,1
99,0,999999.0,725.0,23008.0,2,1,1,1,1,0,1,2,0,1,0,0,5,0,0,1,99,99,2,5,0,0,0,0,0,0,0.0,999999.0,999999.0,999999,99999.0,99999.0,99999.0,155.0,1,0,True,False,False,False,True,False,False,True,True,False,False,False,False,False,False,False,False,False,False,False,False,False,False,False,False,False,False,True,False,False,False,True,False,False,1
99,0,999999.0,625.0,8338.0,1,0,1,0,1,0,1,0,0,0,0,0,5,0,0,1,99,99,3,12,1,1,2,1,0,0,0.0,999999.0,999999.0,999999,99999.0,99999.0,99999.0,57.0,1,0,True,False,False,False,True,False,False,True,True,False,False,False,False,False,False,False,False,False,False,False,False,False,False,False,False,True,False,False,False,False,False,True,False,False,1
99,0,999999.0,875.0,56000.0,1,1,2,1,3,0,1,0,0,0,2,1,6,3,1,1,6,3,0,38,1,0,7,0,16,15,28000.0,28000.0,0.0,0,0.0,0.0,0.0,328.0,0,2,True,False,False,False,True,False,False,True,False,False,False,True,False,False,False,False,False,False,False,False,False,False,False,False,False,True,False,False,False,False,True,False,False,False,1
99,0,999999.0,212.0,9248.0,1,0,0,0,0,0,0,0,0,0,0,0,1,0,0,1,99,99,0,86,0,0,7,0,0,0,9248.0,0.0,0.0,0,6226.0,0.0,2550.0,156.0,0,6,True,False,False,False,True,False,False,True,False,False,False,True,False,False,False,False,False,False,False,False,False,False,False,False,False,False,False,True,False,False,False,False,False,True,1
99,1,187500.0,0.0,6009.0,1,0,0,0,0,0,0,0,0,0,0,0,1,0,0,1,99,99,0,69,0,0,4,0,23,18,6009.0,0.0,0.0,0,6000.0,9.0,0.0,101.0,0,8,True,False,False,False,True,False,False,True,False,False,False,True,False,False,False,False,False,False,False,False,False,False,False,False,False,False,False,True,True,False,False,False,False,False,1
99,1,275000.0,0.0,53158.0,1,1,0,0,0,0,0,0,0,0,2,1,2,0,0,1,99,99,0,29,1,0,8,0,48,87,41550.0,41325.0,0.0,0,0.0,0.0,0.0,501.0,1,2,True,False,False,False,True,False,False,True,False,False,False,True,False,False,False,False,False,False,False,False,False,False,False,False,False,False,False,True,False,False,True,False,False,False,1
99,0,999999.0,362.0,22892.0,1,1,1,1,1,0,1,2,0,1,0,0,7,0,0,1,99,99,4,16,1,1,5,1,0,0,0.0,0.0,0.0,0,0.0,0.0,0.0,123.0,0,0,True,False,False,False,True,False,False,True,True,False,False,False,False,False,False,False,False,False,False,False,False,False,False,False,False,False,False,True,False,False,False,True,False,False,1
99,1,400000.0,0.0,201016.0,1,1,1,1,0,0,0,0,0,0,1,1,5,3,0,1,19,8,0,40,0,0,7,0,0,0,0.0,0.0,0.0,0,0.0,0.0,0.0,501.0,1,0,True,False,False,False,True,False,False,True,False,False,False,False,False,False,False,False,False,False,False,False,True,False,False,False,False,False,False,True,False,False,True,False,False,False,1
99,0,999999.0,725.0,23193.0,1,1,1,0,0,0,0,0,0,0,0,0,4,1,0,1,5,5,1,27,0,1,7,1,0,0,6720.0,0.0,0.0,0,0.0,0.0,6720.0,178.0,1,0,True,False,False,False,True,False,False,True,False,False,False,False,False,False,False,False,False,False,True,False,False,False,False,False,False,False,False,True,False,False,False,True,False,False,1
99,0,999999.0,575.0,14400.0,2,0,0,1,0,0,0,1,0,1,0,0,2,0,0,1,99,99,0,1,1,0,7,0,0,0,0.0,999999.0,999999.0,999999,99999.0,99999.0,99999.0,168.0,1,0,True,False,False,False,True,False,False,True,True,False,False,False,False,False,False,False,False,False,False,False,False,False,False,False,False,False,False,True,False,False,False,True,False,False,1
99,0,999999.0,312.0,11400.0,1,1,1,1,2,0,1,1,0,1,0,0,5,0,0,1,99,99,2,10,0,1,2,1,0,0,0.0,999999.0,999999.0,999999,99999.0,99999.0,99999.0,77.0,0,0,True,False,False,False,True,False,False,True,True,False,False,False,False,False,False,False,False,False,False,False,False,False,False,False,False,False,False,True,False,False,False,True,False,False,1
99,0,999999.0,487.0,5338.0,2,0,0,0,0,0,0,0,0,0,0,0,1,0,0,2,99,99,0,1,0,0,7,0,0,0,0.0,999999.0,999999.0,999999,99999.0,99999.0,99999.0,1.0,1,0,True,False,False,False,True,False,False,True,False,False,False,False,False,True,False,False,False,False,False,False,False,False,False,False,False,False,False,True,False,False,False,True,False,False,1
99,1,112500.0,0.0,55000.0,1,1,2,1,2,0,1,1,0,1,0,0,5,2,0,1,7,5,0,30,0,0,6,0,34,53,28000.0,28000.0,0.0,0,0.0,0.0,0.0,363.0,1,0,True,False,False,False,True,False,False,True,True,False,False,False,False,False,False,False,False,False,False,False,False,False,False,False,False,False,False,True,True,False,False,False,False,False,1
99,0,999999.0,487.0,9000.0,1,1,0,0,0,0,0,0,0,0,1,1,2,0,0,1,99,99,0,24,0,0,2,0,17,15,4000.0,4000.0,0.0,0,0.0,0.0,0.0,108.0,1,0,True,False,False,False,True,False,False,True,False,False,False,False,False,False,False,False,False,False,False,False,True,False,False,False,False,False,False,True,False,False,True,False,False,False,0
99,1,187500.0,0.0,36500.0,1,1,1,1,0,0,0,0,0,0,2,1,5,3,1,1,9,3,0,35,1,0,6,0,29,22,18500.0,18500.0,0.0,0,0.0,0.0,0.0,247.0,0,5,True,False,False,False,True,False,False,True,False,False,False,True,False,False,False,False,False,False,False,False,False,False,False,False,False,False,False,True,False,False,True,False,False,False,1
99,0,999999.0,1000.0,25353.0,1,0,1,0,0,0,0,0,0,0,0,0,3,2,0,1,18,15,0,43,0,0,7,0,22,61,25000.0,25000.0,0.0,0,0.0,0.0,0.0,254.0,1,1,True,False,False,False,True,False,False,True,False,False,False,True,False,False,False,False,False,False,False,False,False,False,False,False,False,False,False,True,True,False,False,False,False,False,1
99,0,999999.0,512.0,12000.0,1,1,1,1,0,0,0,0,0,0,2,1,3,1,0,1,8,8,0,30,1,0,6,0,20,8,12000.0,12000.0,0.0,0,0.0,0.0,0.0,120.0,1,1,True,False,False,False,True,False,False,True,False,False,False,True,False,False,False,False,False,False,False,False,False,False,True,False,False,False,False,False,False,False,True,False,False,False,1
99,1,400000.0,0.0,96732.0,1,0,2,0,5,0,2,0,0,0,0,0,8,0,0,1,99,99,2,14,0,1,3,1,0,0,0.0,999999.0,999999.0,999999,99999.0,99999.0,99999.0,428.0,1,0,True,False,False,False,True,False,False,True,False,False,True,False,False,False,False,False,False,False,False,False,False,False,True,False,False,False,False,False,False,False,False,True,False,False,1
99,0,999999.0,412.0,47000.0,1,1,0,0,0,0,0,0,0,0,2,1,7,0,0,1,99,99,3,28,1,0,8,0,20,8,14000.0,14000.0,0.0,0,0.0,0.0,0.0,229.0,1,2,True,False,False,False,True,False,False,True,False,False,False,True,False,False,False,False,False,False,False,False,False,False,False,False,False,False,False,True,False,False,True,False,False,False,1
99,1,162500.0,0.0,45001.0,1,1,0,0,0,0,0,0,0,0,1,1,2,0,0,1,99,99,0,29,0,1,7,1,26,22,10000.0,12000.0,0.0,0,0.0,0.0,0.0,501.0,0,0,True,False,False,False,True,False,False,True,False,False,False,False,False,False,False,False,False,False,False,False,True,False,False,False,False,True,False,False,False,False,True,False,False,False,1
99,0,999999.0,875.0,22000.0,1,1,1,1,2,0,1,1,0,1,0,0,3,0,0,1,99,99,0,0,0,0,7,0,0,0,0.0,999999.0,999999.0,999999,99999.0,99999.0,99999.0,220.0,1,0,True,False,False,False,True,False,False,True,True,False,False,False,False,False,False,False,False,False,False,False,False,False,False,False,False,True,False,False,False,False,False,True,False,False,1
99,1,225000.0,0.0,42200.0,2,0,0,0,0,0,0,0,0,0,0,0,1,0,0,2,99,99,0,37,0,1,8,1,18,44,12000.0,12000.0,0.0,0,0.0,0.0,0.0,186.0,1,0,True,False,False,False,True,False,False,True,False,False,False,False,False,False,False,False,False,True,False,False,False,False,False,False,False,True,False,False,False,False,False,True,False,False,1
99,0,999999.0,0.0,999999.0,1,0,0,0,0,0,0,0,0,0,0,0,1,0,0,1,99,99,0,27,0,0,2,0,23,18,12000.0,12000.0,0.0,0,0.0,0.0,0.0,0.0,1,0,False,True,False,True,False,False,False,True,False,False,False,False,True,False,False,False,False,False,False,False,False,False,False,False,False,False,False,True,False,False,False,True,False,False,1
99,1,350000.0,0.0,43000.0,1,1,0,0,0,0,0,0,0,0,1,1,2,0,0,1,99,99,0,69,0,0,6,0,0,0,0.0,0.0,0.0,0,0.0,0.0,0.0,501.0,0,0,True,False,False,False,True,False,False,True,False,False,False,False,False,False,False,False,False,False,False,False,True,False,False,False,False,False,False,True,False,False,True,False,False,False,1
99,0,999999.0,387.0,28026.0,1,0,0,0,0,0,0,0,0,0,0,0,1,0,0,1,99,99,0,59,1,0,3,0,25,19,28026.0,17703.0,0.0,0,0.0,0.0,0.0,434.0,0,6,True,False,False,False,True,False,False,True,False,False,False,True,False,False,False,False,False,False,False,False,False,False,False,False,False,False,False,True,False,False,False,True,False,False,1
99,0,999999.0,575.0,41077.0,1,0,3,0,1,0,1,0,0,0,0,0,10,4,2,1,7,0,3,26,0,0,4,0,0,0,15189.0,0.0,0.0,0,0.0,15189.0,0.0,164.0,1,0,True,False,False,False,True,False,False,True,True,False,False,False,False,False,False,False,False,False,False,False,False,False,False,False,False,False,False,True,False,False,False,False,True,False,1
99,1,112500.0,0.0,57000.0,1,1,1,1,0,0,0,0,0,0,1,1,5,3,2,1,6,1,0,27,0,0,4,0,24,44,28000.0,28000.0,0.0,0,0.0,0.0,0.0,385.0,0,0,True,False,False,False,True,False,False,True,False,False,False,False,False,False,False,False,False,False,False,False,True,False,False,False,False,False,False,True,False,False,True,False,False,False,1
99,0,999999.0,412.0,15189.0,1,1,1,1,0,0,0,0,0,0,2,1,6,4,1,1,11,1,0,40,1,0,1,0,0,0,0.0,0.0,0.0,0,0.0,0.0,0.0,92.0,1,2,True,False,False,False,True,False,False,True,False,False,False,True,False,False,False,False,False,False,False,False,False,False,False,True,False,False,False,False,False,False,True,False,False,False,1
99,0,999999.0,575.0,35200.0,1,0,1,0,1,0,1,0,0,0,0,0,2,0,0,1,99,99,0,25,0,0,6,0,21,66,18700.0,18700.0,0.0,0,0.0,0.0,0.0,424.0,1,0,True,False,False,False,True,False,False,True,True,False,False,False,False,False,False,False,False,False,False,False,False,False,False,False,False,False,False,True,False,False,False,True,False,False,1
99,0,999999.0,462.0,38200.0,1,2,2,2,2,0,1,1,0,1,0,0,9,0,0,1,99,99,4,14,1,1,2,1,0,0,0.0,999999.0,999999.0,999999,99999.0,99999.0,99999.0,145.0,0,0,True,False,False,False,True,False,False,True,True,False,False,False,False,False,False,False,False,False,False,False,False,False,False,False,False,False,False,True,False,False,False,True,False,False,1
99,1,72500.0,0.0,50049.0,1,1,1,1,2,0,1,1,0,1,0,0,5,0,0,1,99,99,0,40,1,0,6,0,17,11,12000.0,12000.0,0.0,0,0.0,0.0,0.0,324.0,0,0,True,False,False,False,True,False,False,True,True,False,False,False,False,False,False,False,False,False,False,False,False,False,False,False,False,False,False,True,False,False,False,True,False,False,1
99,0,999999.0,575.0,41400.0,1,1,1,1,2,0,1,1,0,1,0,0,5,0,0,1,99,99,2,17,1,1,5,1,0,0,0.0,0.0,0.0,0,0.0,0.0,0.0,273.0,1,0,True,False,False,False,True,False,False,True,True,False,False,False,False,False,False,False,False,False,False,False,False,False,False,True,False,False,False,False,False,False,False,True,False,False,1
99,1,275000.0,0.0,71500.0,1,1,1,1,0,0,0,0,0,0,1,1,4,2,0,1,10,8,0,39,0,0,6,0,38,68,11500.0,11500.0,0.0,0,0.0,0.0,0.0,501.0,0,0,True,False,False,False,True,False,False,True,False,False,False,False,False,False,False,False,False,False,False,False,True,False,False,False,False,False,False,True,False,False,True,False,False,False,1
99,1,275000.0,0.0,91290.0,1,1,1,1,0,0,0,0,0,0,0,0,6,0,0,1,99,99,0,28,0,0,6,0,24,47,2340.0,2000.0,0.0,0,0.0,0.0,0.0,501.0,1,0,True,False,False,False,True,False,False,True,False,False,False,False,False,False,True,False,False,False,False,False,False,False,False,False,False,True,False,False,False,False,False,True,False,False,1
99,1,350000.0,0.0,60250.0,1,1,1,1,0,0,0,0,0,0,1,1,5,3,1,1,8,3,0,33,0,0,7,0,0,0,0.0,0.0,0.0,0,0.0,0.0,0.0,407.0,0,0,True,False,False,False,True,False,False,True,False,False,False,False,False,False,False,False,False,False,False,False,True,False,False,False,False,False,False,True,False,False,True,False,False,False,1
99,1,162500.0,0.0,35110.0,1,2,2,2,2,0,1,1,0,1,0,0,7,0,0,1,99,99,2,31,1,0,6,0,9,6,1000.0,0.0,0.0,0,0.0,0.0,1000.0,171.0,0,0,True,False,False,False,True,False,False,True,True,False,False,False,False,False,False,False,False,False,False,False,False,False,False,False,False,False,False,True,False,False,False,False,True,False,1
99,1,225000.0,0.0,66700.0,1,1,1,1,0,0,0,0,0,0,2,1,3,1,0,1,6,6,0,40,1,0,8,0,41,68,45700.0,45700.0,0.0,0,0.0,0.0,0.0,501.0,1,2,True,False,False,False,True,False,False,True,False,False,False,True,False,False,False,False,False,False,False,False,False,False,True,False,False,False,False,False,False,False,True,False,False,False,1
99,0,999999.0,487.0,28000.0,1,1,1,1,0,0,0,0,0,0,2,1,7,3,0,1,13,6,0,37,1,0,8,0,41,68,14000.0,0.0,14000.0,0,0.0,0.0,0.0,141.0,1,1,True,False,False,False,True,False,False,True,False,False,False,True,False,False,False,False,False,False,False,False,False,False,False,False,False,False,False,True,False,False,True,False,False,False,1
99,1,95000.0,0.0,33000.0,1,0,0,1,0,0,0,0,0,0,0,0,2,1,0,1,13,13,0,51,1,0,7,0,30,53,33000.0,33000.0,0.0,0,0.0,0.0,0.0,386.0,0,6,True,False,False,False,True,False,False,True,False,False,False,True,False,False,False,False,False,False,False,False,False,False,True,False,False,False,False,False,True,False,False,False,False,False,1
99,0,999999.0,725.0,28000.0,1,0,1,0,2,0,1,0,0,0,0,0,3,0,0,1,99,99,1,35,0,0,6,0,25,18,10000.0,10000.0,0.0,0,0.0,0.0,0.0,289.0,1,2,True,False,False,False,True,False,False,True,False,False,False,True,False,False,False,False,False,False,False,False,False,False,True,False,False,False,False,False,False,False,False,True,False,False,0
99,0,999999.0,875.0,19189.0,1,1,1,1,0,0,0,0,0,0,2,1,6,4,0,1,16,11,0,50,1,0,4,0,26,22,19189.0,4000.0,0.0,0,0.0,15189.0,0.0,116.0,1,2,True,False,False,False,True,False,False,True,False,False,False,True,False,False,False,False,False,False,False,False,False,False,False,True,False,False,False,False,False,False,True,False,False,False,1
99,0,999999.0,337.0,14012.0,1,1,1,1,2,0,1,1,0,1,0,0,4,0,0,1,99,99,1,5,0,1,0,1,0,0,0.0,999999.0,999999.0,999999,99999.0,99999.0,99999.0,111.0,0,0,True,False,False,False,True,False,False,True,True,False,False,False,False,False,False,False,False,False,False,False,False,False,False,False,False,False,False,True,False,False,False,True,False,False,1
99,0,999999.0,1000.0,98000.0,1,3,1,2,2,0,1,1,0,1,0,0,11,1,0,1,13,13,5,28,1,0,5,0,23,8,17000.0,17000.0,0.0,0,0.0,0.0,0.0,360.0,0,0,True,False,False,False,True,False,False,True,True,False,False,False,False,False,False,False,False,False,False,False,False,False,False,False,False,False,False,True,True,False,False,False,False,False,1
99,1,275000.0,0.0,127198.0,2,2,0,1,0,0,0,0,0,0,2,4,7,0,0,1,99,99,0,52,0,0,7,0,37,49,42000.0,42000.0,0.0,0,0.0,0.0,0.0,501.0,1,0,True,False,False,False,True,False,False,True,False,False,False,False,False,False,True,False,False,False,False,False,False,False,False,False,False,False,False,True,False,False,True,False,False,False,1
99,0,999999.0,312.0,61000.0,1,1,1,1,2,0,1,1,0,1,0,0,7,0,0,1,99,99,4,43,1,0,3,0,0,0,500.0,0.0,0.0,0,0.0,0.0,0.0,303.0,0,0,True,False,False,False,True,False,False,True,True,False,False,False,False,False,False,False,False,False,False,False,False,False,False,False,False,False,False,True,False,False,False,False,True,False,1
99,0,999999.0,282.0,14500.0,1,0,1,0,1,0,1,0,0,0,0,0,4,0,0,1,99,99,2,23,0,1,7,1,30,65,0.0,0.0,0.0,0,0.0,0.0,0.0,112.0,0,0,True,False,False,False,True,False,False,True,True,False,False,False,False,False,False,False,False,False,False,False,False,False,True,False,False,False,False,False,False,False,False,True,False,False,1
99,0,999999.0,625.0,31543.0,1,1,1,1,2,0,1,1,0,1,0,0,5,0,0,1,99,99,1,10,0,1,2,1,0,0,0.0,999999.0,999999.0,999999,99999.0,99999.0,99999.0,208.0,1,0,True,False,False,False,True,False,False,True,True,False,False,False,False,False,False,False,False,False,False,False,False,False,False,False,False,False,False,True,False,False,False,True,False,False,1
99,1,112500.0,0.0,69706.0,1,1,1,1,0,0,0,0,0,0,2,1,5,3,0,1,32,22,0,61,1,0,0,0,23,18,31430.0,30616.0,0.0,0,0.0,0.0,0.0,452.0,0,6,True,False,False,False,True,False,False,True,False,False,False,True,False,False,False,False,False,False,False,False,False,False,False,False,False,False,False,True,False,False,True,False,False,False,1
99,1,95000.0,0.0,8964.0,1,0,0,0,0,0,0,0,0,0,0,0,1,0,0,1,99,99,0,70,1,0,4,0,25,18,8964.0,0.0,0.0,0,8400.0,0.0,0.0,151.0,0,8,True,False,False,False,True,False,False,True,False,False,False,True,False,False,False,False,False,False,False,False,False,False,True,False,False,False,False,False,False,False,False,False,False,True,1
99,0,999999.0,437.0,44000.0,1,0,0,0,0,0,0,0,0,0,0,0,1,0,0,1,99,99,0,33,1,0,7,0,41,68,44000.0,44000.0,0.0,0,0.0,0.0,0.0,501.0,1,1,True,False,False,False,True,False,False,True,False,False,False,True,False,False,False,False,False,False,False,False,False,False,False,False,False,False,False,True,False,False,False,True,False,False,0
99,0,999999.0,437.0,11000.0,1,0,0,0,0,0,0,0,0,0,0,0,1,0,0,1,99,99,0,41,0,0,8,0,31,75,11000.0,0.0,11000.0,0,0.0,0.0,0.0,171.0,1,2,True,False,False,False,True,False,False,True,False,False,False,True,False,False,False,False,False,False,False,False,False,False,False,False,False,False,False,True,False,False,False,True,False,False,1
99,0,999999.0,625.0,5500.0,4,0,0,1,0,0,0,0,0,0,0,0,1,0,0,4,99,99,0,30,1,0,0,0,25,18,8000.0,8000.0,0.0,0,0.0,0.0,0.0,124.0,1,0,True,False,False,False,True,False,False,True,False,False,False,False,False,True,False,False,False,False,False,False,False,False,False,False,False,False,False,True,False,False,False,True,False,False,1
99,0,999999.0,875.0,67361.0,1,1,1,1,0,0,0,0,0,0,1,2,3,1,0,1,19,19,0,38,1,0,6,0,30,44,36436.0,36436.0,0.0,0,0.0,0.0,0.0,501.0,0,0,True,False,False,False,True,False,False,True,False,False,False,False,False,False,False,False,False,False,False,False,True,False,False,False,False,False,False,True,False,False,True,False,False,False,1
99,1,400000.0,0.0,184400.0,1,1,1,1,0,0,0,0,0,0,2,1,4,2,0,1,11,5,0,43,1,0,8,0,41,68,92000.0,83000.0,7000.0,0,0.0,0.0,0.0,501.0,0,5,True,False,False,False,True,False,False,True,False,False,False,True,False,False,False,False,False,False,False,False,False,False,False,False,False,False,False,True,False,False,True,False,False,False,1
99,0,999999.0,487.0,25000.0,1,1,1,1,2,0,1,1,0,1,0,0,4,0,0,1,99,99,1,1,1,0,7,0,0,0,0.0,999999.0,999999.0,999999,99999.0,99999.0,99999.0,199.0,1,0,True,False,False,False,True,False,False,True,True,False,False,False,False,False,False,False,False,False,False,False,False,False,False,False,False,False,False,True,False,False,False,True,False,False,1
99,1,275000.0,0.0,110040.0,1,0,0,1,0,0,0,1,0,1,0,0,8,0,0,1,99,99,5,20,0,1,7,1,22,45,16000.0,16000.0,0.0,0,0.0,0.0,0.0,487.0,1,0,True,False,False,False,True,False,False,True,True,False,False,False,False,False,False,False,False,False,False,False,False,False,False,False,False,True,False,False,False,False,False,True,False,False,1
99,1,350000.0,0.0,61000.0,2,0,1,0,0,0,0,0,0,0,0,0,2,1,1,1,1,1,0,37,0,0,8,0,35,68,61000.0,61000.0,0.0,0,0.0,0.0,0.0,501.0,1,2,True,False,False,False,True,False,False,True,False,False,False,True,False,False,False,False,False,False,False,False,False,False,False,False,False,False,False,True,False,True,False,False,False,False,1
99,1,187500.0,0.0,31000.0,1,0,1,0,0,0,0,0,0,0,0,0,3,1,0,1,13,13,1,32,0,1,6,1,17,8,15000.0,15000.0,0.0,0,0.0,0.0,0.0,311.0,1,1,True,False,False,False,True,False,False,True,False,False,False,True,False,False,False,False,False,False,False,False,False,False,False,False,False,False,False,True,True,False,False,False,False,False,1
99,1,137500.0,0.0,24000.0,1,1,1,1,0,0,0,0,0,0,2,2,4,2,1,1,7,3,0,40,0,0,2,0,26,22,0.0,0.0,0.0,0,0.0,0.0,0.0,191.0,1,2,True,False,False,False,True,False,False,True,False,False,False,True,False,False,False,False,False,False,False,False,False,False,False,False,False,False,False,True,False,False,True,False,False,False,1
99,0,999999.0,875.0,33500.0,1,0,1,0,1,0,1,0,0,0,0,0,7,0,0,1,99,99,5,19,0,0,6,0,18,44,0.0,0.0,0.0,0,0.0,0.0,0.0,174.0,1,0,True,False,False,False,True,False,False,True,True,False,False,False,False,False,False,False,False,False,False,False,False,False,False,False,False,False,False,True,False,False,False,True,False,False,1
99,1,137500.0,0.0,24000.0,1,1,1,1,2,0,1,1,0,1,0,0,4,0,0,1,99,99,1,11,0,1,2,1,0,0,0.0,999999.0,999999.0,999999,99999.0,99999.0,99999.0,191.0,1,0,True,False,False,False,True,False,False,True,True,False,False,False,False,False,False,False,False,False,False,False,False,False,False,True,False,False,False,False,False,False,False,True,False,False,1
99,0,999999.0,575.0,0.0,6,0,0,1,0,0,0,0,0,0,0,0,1,0,0,6,99,99,0,34,1,0,5,0,17,11,1200.0,0.0,1200.0,0,0.0,0.0,0.0,19.0,1,0,True,False,False,False,True,False,False,True,False,False,False,False,False,False,False,False,False,True,False,False,False,False,False,False,False,False,False,True,False,True,False,False,False,False,0
99,1,137500.0,0.0,0.0,1,2,2,2,2,0,1,1,0,1,0,0,9,0,0,1,99,99,3,16,1,0,5,0,0,0,0.0,0.0,0.0,0,0.0,0.0,0.0,1.0,0,0,True,False,False,False,True,False,False,True,True,False,False,False,False,False,False,False,False,False,False,False,False,False,False,False,False,False,False,True,False,False,False,True,False,False,1
99,0,999999.0,875.0,8600.0,1,1,2,1,2,0,1,1,0,1,0,0,7,0,0,1,99,99,3,10,0,1,2,1,0,0,0.0,999999.0,999999.0,999999,99999.0,99999.0,99999.0,45.0,1,0,True,False,False,False,True,False,False,True,True,False,False,False,False,False,False,False,False,False,False,False,False,False,False,False,False,False,False,True,False,False,False,True,False,False,1
99,0,999999.0,462.0,12200.0,1,1,1,1,0,0,0,0,0,0,2,1,6,4,1,1,12,0,0,40,1,1,7,2,31,33,12200.0,8200.0,0.0,0,0.0,0.0,4000.0,74.0,1,2,True,False,False,False,True,False,False,True,False,False,False,True,False,False,False,False,False,False,False,False,False,False,False,False,False,False,False,True,False,False,True,False,False,False,1
99,0,999999.0,462.0,28000.0,1,1,1,1,2,7,1,1,0,1,0,0,4,0,0,1,99,99,1,10,0,1,2,1,0,0,0.0,999999.0,999999.0,999999,99999.0,99999.0,99999.0,223.0,1,0,True,False,False,False,True,False,False,True,True,False,False,False,False,False,False,False,False,False,False,False,False,False,False,False,False,True,False,False,False,False,False,True,False,False,1
99,1,225000.0,0.0,53900.0,1,1,1,1,1,3,1,2,0,1,0,0,4,0,0,1,99,99,1,18,0,1,5,1,24,47,6000.0,6000.0,0.0,0,0.0,0.0,0.0,415.0,1,0,True,False,False,False,True,False,False,True,True,False,False,False,False,False,False,False,False,False,False,False,False,False,True,False,False,False,False,False,False,False,False,True,False,False,1
99,0,999999.0,875.0,23299.0,1,1,1,1,1,0,1,2,0,1,0,0,5,0,0,1,99,99,2,2,1,0,7,0,0,0,0.0,999999.0,999999.0,999999,99999.0,99999.0,99999.0,157.0,1,0,True,False,False,False,True,False,False,True,True,False,False,False,False,False,False,False,False,False,False,False,False,False,False,False,False,False,False,True,False,False,False,True,False,False,1
99,1,187500.0,0.0,76000.0,1,1,0,0,0,0,0,0,0,0,1,1,2,0,0,1,99,99,0,62,0,0,8,0,38,68,40000.0,40000.0,0.0,0,0.0,0.0,0.0,501.0,0,0,True,False,False,False,True,False,False,True,False,False,False,False,False,False,False,False,False,False,False,False,True,False,False,False,False,False,False,True,False,False,True,False,False,False,1
99,0,999999.0,875.0,8425.0,3,0,0,0,0,0,0,0,0,0,0,0,1,0,0,1,99,99,0,32,1,0,8,0,31,65,8425.0,8200.0,0.0,0,0.0,0.0,0.0,131.0,1,1,True,False,False,False,True,False,False,True,False,False,False,True,False,False,False,False,False,False,False,False,False,False,False,False,False,False,False,True,False,False,False,True,False,False,1
99,1,275000.0,0.0,55009.0,1,1,1,1,0,0,0,0,0,0,2,1,3,1,0,1,23,23,0,61,1,0,6,0,31,33,23509.0,15184.0,0.0,0,0.0,0.0,2253.0,501.0,1,1,True,False,False,False,True,False,False,True,False,False,False,True,False,False,False,False,False,False,False,False,False,False,False,False,False,False,False,True,False,False,True,False,False,False,1
99,1,225000.0,0.0,8640.0,2,0,0,0,0,0,0,0,0,0,0,0,1,0,0,2,99,99,0,72,0,0,6,0,0,0,6240.0,0.0,0.0,0,6240.0,0.0,0.0,105.0,0,0,True,False,False,False,True,False,False,True,False,False,False,False,False,False,False,False,False,True,False,False,False,False,False,False,False,False,False,True,True,False,False,False,False,False,1
99,1,27500.0,0.0,62412.0,1,1,1,1,2,0,1,1,0,1,0,0,5,0,0,1,99,99,2,10,0,1,1,1,0,0,0.0,999999.0,999999.0,999999,99999.0,99999.0,99999.0,422.0,1,0,True,False,False,False,True,False,False,True,True,False,False,False,False,False,False,False,False,False,False,False,False,False,False,True,False,False,False,False,False,False,False,True,False,False,1
99,1,225000.0,0.0,51000.0,1,0,1,0,0,0,0,0,0,0,0,0,3,2,0,1,19,16,0,42,0,1,7,1,17,8,44000.0,40000.0,0.0,0,0.0,0.0,4000.0,501.0,1,6,True,False,False,False,True,False,False,True,False,False,False,True,False,False,False,False,False,False,False,False,False,False,False,False,False,False,False,True,True,False,False,False,False,False,1
99,0,999999.0,625.0,3600.0,3,1,2,1,2,7,1,1,0,1,0,0,15,0,0,1,99,99,2,11,1,1,2,1,0,0,0.0,999999.0,999999.0,999999,99999.0,99999.0,99999.0,14.0,1,0,True,False,False,False,True,False,False,True,True,False,False,False,False,False,False,False,False,False,False,False,False,False,False,False,False,False,False,True,False,False,False,True,False,False,1
99,0,999999.0,437.0,16000.0,1,0,0,0,0,0,0,0,0,0,0,0,1,0,0,1,99,99,0,46,0,0,8,0,29,72,16000.0,16000.0,0.0,0,0.0,0.0,0.0,248.0,0,6,True,False,False,False,True,False,False,True,False,False,False,True,False,False,False,False,False,False,False,False,False,False,False,False,False,False,False,True,True,False,False,False,False,False,0
99,0,999999.0,625.0,31560.0,1,2,1,1,0,0,0,0,0,0,2,1,9,3,2,1,7,0,2,29,1,0,5,0,17,11,11000.0,11000.0,0.0,0,0.0,0.0,0.0,117.0,1,1,True,False,False,False,True,False,False,True,False,False,False,True,False,False,False,False,False,False,False,False,False,False,False,False,False,False,False,True,False,False,True,False,False,False,1
99,1,95000.0,0.0,8391.0,1,1,1,1,0,0,0,0,0,0,2,1,4,2,0,1,16,13,0,56,1,0,2,0,0,0,7000.0,0.0,0.0,0,0.0,7000.0,0.0,67.0,0,6,True,False,False,False,True,False,False,True,False,False,False,True,False,False,False,False,False,False,False,False,False,False,True,False,False,False,False,False,False,False,True,False,False,False,1
99,0,999999.0,625.0,20000.0,1,1,1,1,0,0,0,0,0,0,1,1,8,5,1,1,21,2,0,42,0,0,2,0,22,18,10000.0,10000.0,0.0,0,0.0,0.0,0.0,92.0,1,0,True,False,False,False,True,False,False,True,False,False,False,False,False,False,False,False,False,False,False,False,True,False,False,False,False,False,False,True,False,False,True,False,False,False,1
99,1,400000.0,0.0,99025.0,1,1,1,1,0,0,0,0,0,0,2,1,3,1,0,1,25,25,0,59,1,0,7,0,25,44,66985.0,39985.0,0.0,0,0.0,0.0,0.0,501.0,0,6,True,False,False,False,True,False,False,True,False,False,False,True,False,False,False,False,False,False,False,False,False,False,False,False,False,False,False,True,False,False,True,False,False,False,1
99,0,999999.0,212.0,21488.0,1,0,1,0,0,0,0,0,0,0,0,0,5,4,0,1,22,12,0,45,0,0,0,0,0,0,9888.0,0.0,0.0,0,0.0,9888.0,0.0,142.0,0,6,True,False,False,False,True,False,False,True,False,False,False,True,False,False,False,False,False,False,False,False,False,False,False,False,False,True,False,False,False,False,False,False,False,True,1
99,1,187500.0,0.0,32591.0,1,1,0,0,0,0,0,0,0,0,2,1,2,0,0,1,99,99,0,64,1,0,6,0,27,29,23006.0,10192.0,0.0,0,0.0,6224.0,0.0,393.0,0,7,True,False,False,False,True,False,False,True,False,False,False,True,False,False,False,False,False,False,False,False,False,False,False,False,False,False,False,True,False,False,True,False,False,False,1
99,0,999999.0,362.0,25000.0,1,1,0,0,0,0,0,0,0,0,1,1,2,0,0,1,99,99,0,60,0,0,4,0,0,0,0.0,0.0,0.0,0,0.0,0.0,0.0,301.0,0,0,True,False,False,False,True,False,False,True,False,False,False,False,False,False,False,False,False,False,False,False,True,False,False,False,False,False,False,True,False,False,True,False,False,False,1
99,0,999999.0,1000.0,1200.0,2,0,0,0,0,0,0,0,0,0,0,0,1,0,0,1,99,99,0,23,0,0,6,0,11,16,1200.0,1200.0,0.0,0,0.0,0.0,0.0,19.0,1,1,True,False,False,False,True,False,False,True,False,False,False,True,False,False,False,False,False,False,False,False,False,False,False,False,False,False,False,True,False,False,False,True,False,False,1
99,0,999999.0,387.0,7000.0,1,0,0,0,0,0,0,0,0,0,0,0,1,0,0,1,99,99,0,85,0,0,3,0,0,0,7000.0,0.0,0.0,0,7000.0,0.0,0.0,118.0,1,2,True,False,False,False,True,False,False,True,False,False,False,True,False,False,False,False,False,False,False,False,False,False,False,False,False,False,False,True,False,False,False,False,False,True,1
99,0,999999.0,625.0,15360.0,1,1,1,1,2,0,1,1,0,1,0,0,5,0,0,1,99,99,2,14,0,1,2,1,0,0,0.0,999999.0,999999.0,999999,99999.0,99999.0,99999.0,104.0,1,0,True,False,False,False,True,False,False,True,True,False,False,False,False,False,False,False,False,False,False,False,False,False,False,False,False,False,False,True,False,False,False,True,False,False,1
99,1,275000.0,0.0,50100.0,1,1,1,1,0,0,0,0,0,0,2,1,3,1,0,1,10,10,0,43,1,0,8,0,31,65,26050.0,26000.0,0.0,0,0.0,0.0,0.0,501.0,0,6,True,False,False,False,True,False,False,True,False,False,False,True,False,False,False,False,False,False,False,False,False,False,False,False,False,False,False,True,False,False,True,False,False,False,1
99,0,999999.0,625.0,52168.0,1,0,3,0,2,7,5,0,0,0,0,0,6,0,0,1,99,99,1,9,0,1,1,1,0,0,0.0,999999.0,999999.0,999999,99999.0,99999.0,99999.0,299.0,1,0,True,False,False,False,True,False,False,True,False,False,True,False,False,False,False,False,False,False,False,False,False,False,True,False,False,False,False,False,False,False,False,True,False,False,1
99,0,999999.0,1000.0,250.0,4,0,0,0,0,0,0,0,0,0,0,0,1,0,0,1,99,99,0,20,1,1,7,1,13,44,250.0,250.0,0.0,0,0.0,0.0,0.0,4.0,1,1,True,False,False,False,True,False,False,True,False,False,False,True,False,False,False,False,False,False,False,False,False,False,False,True,False,False,False,False,False,False,False,True,False,False,1
99,1,275000.0,0.0,128603.0,1,0,0,0,0,0,0,0,0,0,0,0,1,0,0,1,99,99,0,49,1,0,7,0,48,87,128603.0,70000.0,0.0,0,0.0,0.0,0.0,501.0,0,6,True,False,False,False,True,False,False,True,False,False,False,True,False,False,False,False,False,False,False,False,False,False,False,False,False,False,False,True,False,False,False,True,False,False,1
99,1,400000.0,0.0,40000.0,1,1,0,0,0,0,0,0,0,0,2,2,2,0,0,1,99,99,0,58,0,0,7,0,24,47,20000.0,0.0,20000.0,0,0.0,0.0,0.0,482.0,0,7,True,False,False,False,True,False,False,True,False,False,False,True,False,False,False,False,False,False,False,False,False,False,False,False,False,False,False,True,False,False,True,False,False,False,1
99,0,999999.0,575.0,89590.0,1,1,1,1,2,0,1,1,0,1,0,0,4,0,0,1,99,99,1,3,0,0,0,0,0,0,0.0,999999.0,999999.0,999999,99999.0,99999.0,99999.0,501.0,1,0,True,False,False,False,True,False,False,True,True,False,False,False,False,False,False,False,False,False,False,False,False,False,False,False,False,False,False,True,False,False,False,True,False,False,1
99,1,350000.0,0.0,10666.0,1,0,2,0,2,0,2,0,0,0,0,0,3,0,0,1,99,99,0,13,0,1,2,1,0,0,0.0,999999.0,999999.0,999999,99999.0,99999.0,99999.0,107.0,0,0,True,False,False,False,True,False,False,True,False,False,True,False,False,False,False,False,False,False,False,False,False,False,False,False,False,False,False,True,False,False,False,True,False,False,1
99,0,999999.0,362.0,24400.0,2,0,1,1,0,0,0,0,0,0,0,0,6,0,0,1,99,99,0,50,1,0,0,0,22,18,0.0,0.0,0.0,0,0.0,0.0,0.0,143.0,1,0,True,False,False,False,True,False,False,True,False,False,False,False,False,False,False,True,False,False,False,False,False,False,False,False,False,False,False,True,False,True,False,False,False,False,1
99,0,999999.0,387.0,19800.0,2,0,1,0,0,0,0,0,0,0,0,0,1,0,0,2,99,99,0,47,0,0,7,0,24,44,12000.0,9600.0,0.0,0,0.0,0.0,2400.0,186.0,1,0,True,False,False,False,True,False,False,True,False,False,False,False,False,False,False,False,False,True,False,False,False,False,False,False,False,False,False,True,False,False,False,False,True,False,1
99,0,999999.0,675.0,8000.0,3,0,2,0,2,0,1,0,0,0,0,0,5,3,1,1,12,1,0,33,0,0,6,0,25,15,8000.0,8000.0,0.0,0,0.0,0.0,0.0,54.0,1,2,True,False,False,False,True,False,False,True,False,False,False,True,False,False,False,False,False,False,False,False,False,False,False,False,False,False,False,True,False,False,False,False,True,False,1
99,1,350000.0,0.0,43105.0,1,1,1,1,2,0,1,1,0,1,0,0,11,0,0,1,99,99,8,16,1,1,5,1,0,0,0.0,0.0,0.0,0,0.0,0.0,0.0,180.0,0,0,True,False,False,False,True,False,False,True,True,False,False,False,False,False,False,False,False,False,False,False,False,False,False,False,False,False,False,True,False,False,False,True,False,False,1
99,1,225000.0,0.0,61035.0,1,1,1,1,2,0,1,1,0,1,0,0,4,0,0,1,99,99,1,22,0,0,7,0,37,78,15000.0,15000.0,0.0,0,0.0,0.0,0.0,470.0,0,0,True,False,False,False,True,False,False,True,True,False,False,False,False,False,False,False,False,False,False,False,False,False,False,False,False,False,False,True,False,False,False,True,False,False,1
99,1,137500.0,0.0,6000.0,1,0,0,0,0,0,0,0,0,0,0,0,2,0,0,1,99,99,0,84,0,0,6,0,0,0,6000.0,0.0,0.0,0,6000.0,0.0,0.0,80.0,0,8,True,False,False,False,True,False,False,True,False,False,False,True,False,False,False,False,False,False,False,False,False,False,True,False,False,False,False,False,False,False,False,False,False,True,1
99,1,225000.0,0.0,55000.0,1,1,2,1,0,0,0,0,0,0,0,0,5,1,0,1,61,61,0,71,0,0,6,0,0,0,5000.0,0.0,0.0,0,5000.0,0.0,0.0,363.0,0,0,True,False,False,False,True,False,False,True,False,False,False,False,False,False,False,True,False,False,False,False,False,False,False,False,False,False,False,True,False,False,False,False,False,True,1
99,0,999999.0,575.0,31057.0,1,1,2,1,2,0,1,1,0,1,0,0,6,0,0,1,99,99,1,8,1,1,1,1,0,0,0.0,999999.0,999999.0,999999,99999.0,99999.0,99999.0,178.0,0,0,True,False,False,False,True,False,False,True,True,False,False,False,False,False,False,False,False,False,False,False,False,False,False,False,False,False,False,True,False,False,False,True,False,False,1
99,0,999999.0,725.0,26800.0,1,1,1,1,0,0,0,0,0,0,2,1,5,3,2,1,8,0,0,30,1,0,7,0,38,68,10000.0,10000.0,0.0,0,0.0,0.0,0.0,181.0,1,2,True,False,False,False,True,False,False,True,False,False,False,True,False,False,False,False,False,False,False,False,False,False,False,False,False,False,False,True,False,False,True,False,False,False,1
99,0,999999.0,437.0,19800.0,2,2,1,1,0,0,0,0,0,0,6,5,2,0,0,2,99,99,0,33,0,1,2,1,17,13,6000.0,6000.0,0.0,0,0.0,0.0,0.0,157.0,1,0,True,False,False,False,True,False,False,True,False,False,False,False,False,False,False,False,False,True,False,False,False,False,False,False,False,False,False,True,False,False,True,False,False,False,1
99,0,999999.0,537.0,8291.0,2,0,1,0,1,0,1,0,0,0,0,0,4,0,0,1,99,99,2,9,0,1,1,1,0,0,0.0,999999.0,999999.0,999999,99999.0,99999.0,99999.0,66.0,1,0,True,False,False,False,True,False,False,True,True,False,False,False,False,False,False,False,False,False,False,False,False,False,False,False,False,False,False,True,False,False,False,True,False,False,1
99,1,275000.0,0.0,58000.0,1,1,0,0,0,0,0,0,0,0,2,1,2,0,0,1,99,99,0,41,1,0,7,0,25,44,34000.0,34000.0,0.0,0,0.0,0.0,0.0,501.0,0,6,True,False,False,False,True,False,False,True,False,False,False,True,False,False,False,False,False,False,False,False,False,False,False,True,False,False,False,False,False,False,True,False,False,False,1
99,0,999999.0,625.0,12000.0,1,1,1,1,2,0,1,1,0,1,0,0,3,0,0,1,99,99,0,2,0,0,7,0,0,0,0.0,999999.0,999999.0,999999,99999.0,99999.0,99999.0,120.0,1,0,True,False,False,False,True,False,False,True,True,False,False,False,False,False,False,False,False,False,False,False,False,False,False,False,False,True,False,False,False,False,False,True,False,False,1
99,0,999999.0,437.0,35000.0,1,0,1,0,2,0,1,0,0,0,0,0,3,0,0,1,99,99,0,28,0,1,8,1,22,61,23000.0,23000.0,0.0,0,0.0,0.0,0.0,361.0,0,6,True,False,False,False,True,False,False,True,False,False,False,True,False,False,False,False,False,False,False,False,False,False,False,False,False,False,False,True,False,True,False,False,False,False,1
99,0,999999.0,575.0,38900.0,1,1,1,1,2,0,1,1,0,1,0,0,3,0,0,1,99,99,0,2,0,0,7,0,0,0,0.0,999999.0,999999.0,999999,99999.0,99999.0,99999.0,390.0,1,0,True,False,False,False,True,False,False,True,True,False,False,False,False,False,False,False,False,False,False,False,False,False,False,False,False,False,False,True,False,False,False,True,False,False,1
99,1,162500.0,0.0,26914.0,1,1,0,0,0,0,0,0,0,0,2,1,2,0,0,1,99,99,0,69,1,0,7,0,24,47,17729.0,0.0,0.0,0,8015.0,0.0,4020.0,359.0,0,8,True,False,False,False,True,False,False,True,False,False,False,True,False,False,False,False,False,False,False,False,False,False,False,False,False,False,False,True,False,False,True,False,False,False,1
99,0,999999.0,1000.0,80000.0,1,1,0,0,0,0,0,0,0,0,1,1,2,0,0,1,99,99,0,24,0,0,7,0,26,72,20000.0,0.0,0.0,0,0.0,0.0,0.0,501.0,1,0,True,False,False,False,True,False,False,True,False,False,False,False,False,False,False,False,False,False,False,False,True,False,False,False,False,False,False,True,False,False,True,False,False,False,1
99,1,137500.0,0.0,0.0,2,0,0,0,0,0,0,0,0,0,0,0,1,0,0,1,99,99,0,58,0,0,4,0,25,44,0.0,0.0,0.0,0,0.0,0.0,0.0,1.0,0,5,True,False,False,False,True,False,False,True,False,False,False,True,False,False,False,False,False,False,False,False,False,False,False,False,False,False,False,True,False,False,False,False,False,True,1
99,1,137500.0,0.0,32600.0,1,1,1,1,2,0,1,1,0,1,0,0,8,0,0,1,99,99,5,10,1,0,1,0,0,0,0.0,999999.0,999999.0,999999,99999.0,99999.0,99999.0,160.0,0,0,True,False,False,False,True,False,False,True,True,False,False,False,False,False,False,False,False,False,False,False,False,False,False,False,False,False,False,True,False,False,False,True,False,False,1
99,1,225000.0,0.0,22819.0,1,0,0,0,0,0,0,0,0,0,0,0,1,0,0,1,99,99,0,66,0,0,6,0,0,0,22819.0,0.0,0.0,0,7259.0,0.0,0.0,384.0,1,2,True,False,False,False,True,False,False,True,False,False,False,True,False,False,False,False,False,False,False,False,False,False,False,False,False,False,False,True,True,False,False,False,False,False,1
99,1,275000.0,0.0,50000.0,1,1,0,0,0,0,0,0,0,0,1,1,2,0,0,1,99,99,0,58,0,0,2,0,0,0,0.0,0.0,0.0,0,0.0,0.0,0.0,501.0,0,0,True,False,False,False,True,False,False,True,False,False,False,False,False,False,False,False,False,False,False,False,True,False,False,False,False,False,False,True,False,False,True,False,False,False,1
99,1,225000.0,0.0,25484.0,1,1,0,0,0,0,0,0,0,0,2,1,2,0,0,1,99,99,0,79,1,0,2,0,0,0,14637.0,0.0,0.0,0,5796.0,0.0,0.0,340.0,0,6,True,False,False,False,True,False,False,True,False,False,False,True,False,False,False,False,False,False,False,False,False,False,True,False,False,False,False,False,False,False,True,False,False,False,1
99,1,187500.0,0.0,23000.0,2,0,0,0,0,0,0,0,0,0,0,0,1,0,0,1,99,99,0,24,0,1,7,1,23,45,23000.0,23000.0,0.0,0,0.0,0.0,0.0,357.0,1,2,True,False,False,False,True,False,False,True,False,False,False,True,False,False,False,False,False,False,False,False,False,False,False,False,False,True,False,False,False,False,False,True,False,False,1
99,1,137500.0,0.0,28900.0,2,1,1,1,2,0,1,1,0,1,0,0,4,0,0,1,99,99,1,0,1,0,7,0,0,0,0.0,999999.0,999999.0,999999,99999.0,99999.0,99999.0,230.0,1,0,True,False,False,False,True,False,False,True,True,False,False,False,False,False,False,False,False,False,False,False,False,False,False,False,False,False,False,True,False,False,False,True,False,False,1
99,1,350000.0,0.0,55350.0,1,1,1,1,2,0,1,1,0,1,0,0,4,0,0,1,99,99,1,6,1,0,0,0,0,0,0.0,999999.0,999999.0,999999,99999.0,99999.0,99999.0,426.0,0,0,True,False,False,False,True,False,False,True,True,False,False,False,False,False,False,False,False,False,False,False,False,False,False,False,False,False,False,True,False,False,False,True,False,False,1
99,1,225000.0,0.0,61300.0,1,1,0,0,0,0,0,0,0,0,2,1,2,0,0,1,99,99,0,56,1,0,7,0,24,44,42300.0,42300.0,0.0,0,0.0,0.0,0.0,501.0,0,5,True,False,False,False,True,False,False,True,False,False,False,True,False,False,False,False,False,False,False,False,False,False,True,False,False,False,False,False,False,False,True,False,False,False,1
99,0,999999.0,1000.0,90000.0,1,1,1,1,2,0,1,1,0,1,0,0,4,0,0,1,99,99,1,12,0,1,2,1,0,0,0.0,999999.0,999999.0,999999,99999.0,99999.0,99999.0,501.0,1,0,True,False,False,False,True,False,False,True,True,False,False,False,False,False,False,False,False,False,False,False,False,False,False,False,True,False,False,False,False,False,False,True,False,False,1
99,1,400000.0,0.0,63603.0,1,0,0,0,0,0,0,0,0,0,0,0,1,0,0,1,99,99,0,84,0,0,6,0,0,0,63603.0,0.0,0.0,0,5000.0,0.0,0.0,501.0,0,8,True,False,False,False,True,False,False,True,False,False,False,True,False,False,False,False,False,False,False,False,False,False,False,False,False,False,False,True,False,False,False,False,False,True,1
99,1,187500.0,0.0,3600.0,1,0,0,0,0,0,0,0,0,0,0,0,1,0,0,1,99,99,0,66,0,0,6,0,0,0,3600.0,0.0,0.0,0,3600.0,0.0,0.0,61.0,0,6,True,False,False,False,True,False,False,True,False,False,False,True,False,False,False,False,False,False,False,False,False,False,False,False,False,False,False,True,False,False,False,False,True,False,1
99,0,999999.0,437.0,60000.0,1,0,0,0,0,0,0,0,0,0,0,0,1,0,0,1,99,99,0,31,1,0,6,0,34,43,60000.0,60000.0,0.0,0,0.0,0.0,0.0,501.0,1,1,True,False,False,False,True,False,False,True,False,False,False,True,False,False,False,False,False,False,False,False,False,False,False,False,False,False,False,True,False,False,False,True,False,False,1
99,0,999999.0,512.0,19000.0,1,0,1,0,0,0,0,0,0,0,0,0,2,1,0,1,11,11,0,42,0,0,7,0,25,44,19000.0,19000.0,0.0,0,0.0,0.0,0.0,222.0,1,2,True,False,False,False,True,False,False,True,False,False,False,True,False,False,False,False,False,False,False,False,False,False,True,False,False,False,False,False,False,False,False,True,False,False,1
99,1,225000.0,0.0,87000.0,1,1,1,1,0,0,0,0,0,0,1,1,3,1,1,1,1,1,0,35,0,0,6,0,25,44,25000.0,25000.0,0.0,0,0.0,0.0,0.0,501.0,1,0,True,False,False,False,True,False,False,True,False,False,False,False,False,False,False,False,False,False,False,False,True,False,False,False,False,False,False,True,False,False,True,False,False,False,1
99,0,999999.0,875.0,52000.0,1,1,1,1,0,0,0,0,0,0,1,1,3,1,1,1,1,1,0,36,0,1,7,1,22,61,0.0,0.0,0.0,0,0.0,0.0,0.0,501.0,1,0,True,False,False,False,True,False,False,True,False,False,False,False,False,False,False,False,False,False,False,False,True,False,False,False,False,False,False,True,False,False,True,False,False,False,1
99,0,999999.0,462.0,34233.0,1,1,2,1,0,0,0,0,0,0,0,0,7,2,1,1,13,1,1,29,0,1,3,1,26,22,10523.0,10523.0,0.0,0,0.0,0.0,0.0,178.0,1,0,True,False,False,False,True,False,False,True,False,False,False,False,False,False,False,False,False,False,False,True,False,False,False,False,False,False,False,True,False,False,False,True,False,False,1
99,1,400000.0,0.0,113000.0,1,2,3,2,7,0,1,0,0,0,1,1,7,2,1,1,7,4,0,39,0,0,8,0,35,62,60000.0,60000.0,0.0,0,0.0,0.0,0.0,501.0,1,0,True,False,False,False,True,False,False,True,False,False,False,False,False,False,False,False,False,False,False,False,True,False,False,True,False,False,False,False,False,False,True,False,False,False,1
99,0,999999.0,625.0,0.0,1,1,1,1,0,0,0,0,0,0,2,1,5,3,0,1,17,8,0,29,1,0,3,0,41,68,0.0,0.0,0.0,0,0.0,0.0,0.0,1.0,1,1,True,False,False,False,True,False,False,True,False,False,False,True,False,False,False,False,False,False,False,False,False,False,False,False,False,False,False,True,False,False,True,False,False,False,1
99,0,999999.0,1000.0,70000.0,1,1,1,1,0,0,0,0,0,0,1,1,5,3,1,1,12,3,0,30,0,0,6,0,22,61,15000.0,15000.0,0.0,0,0.0,0.0,0.0,473.0,1,0,True,False,False,False,True,False,False,True,False,False,False,False,False,False,False,False,False,False,False,False,True,False,False,False,False,False,False,True,False,False,True,False,False,False,1
99,0,999999.0,462.0,20583.0,1,2,2,2,0,0,0,0,0,0,1,1,7,2,0,1,10,6,0,31,0,0,2,0,22,18,8583.0,8583.0,0.0,0,0.0,0.0,0.0,104.0,1,0,True,False,False,False,True,False,False,True,False,False,False,False,False,False,False,False,False,False,False,False,True,False,False,False,False,False,False,True,False,False,True,False,False,False,1
99,0,999999.0,1000.0,54197.0,1,1,1,1,2,0,1,1,3,1,0,0,5,0,0,1,99,99,2,9,1,1,1,2,0,0,0.0,999999.0,999999.0,999999,99999.0,99999.0,99999.0,366.0,1,0,True,False,False,False,True,False,False,True,True,False,False,False,False,False,False,False,False,False,False,False,False,False,False,False,False,False,False,True,False,False,False,True,False,False,1
99,0,999999.0,1.0,27700.0,1,1,1,1,1,0,1,2,0,1,0,0,5,0,0,1,99,99,2,14,1,1,2,1,0,0,0.0,999999.0,999999.0,999999,99999.0,99999.0,99999.0,187.0,1,0,True,False,False,False,True,False,False,True,True,False,False,False,False,False,False,False,False,False,False,False,False,False,False,False,False,False,False,True,False,False,False,True,False,False,1
99,1,400000.0,0.0,45000.0,1,1,1,1,2,0,1,1,0,1,0,0,4,0,0,1,99,99,1,9,1,1,1,2,0,0,0.0,999999.0,999999.0,999999,99999.0,99999.0,99999.0,358.0,0,0,True,False,False,False,True,False,False,True,True,False,False,False,False,False,False,False,False,False,False,False,False,False,False,False,False,False,False,True,False,False,False,True,False,False,1
99,0,999999.0,675.0,32100.0,1,1,0,0,0,0,0,0,0,0,2,1,2,0,0,1,99,99,0,24,1,0,7,0,24,47,21100.0,21000.0,0.0,0,0.0,0.0,0.0,387.0,1,1,True,False,False,False,True,False,False,True,False,False,False,True,False,False,False,False,False,False,False,False,False,False,False,False,False,False,False,True,False,False,True,False,False,False,1
99,0,999999.0,387.0,11000.0,1,0,1,0,1,0,1,0,0,0,0,0,4,0,0,1,99,99,2,15,1,1,4,1,0,0,0.0,999999.0,999999.0,999999,0.0,0.0,0.0,87.0,0,0,True,False,False,False,True,False,False,True,True,False,False,False,False,False,False,False,False,False,False,False,False,False,False,False,False,False,False,True,False,False,False,True,False,False,1
99,1,162500.0,0.0,73590.0,1,1,1,1,0,0,0,0,0,0,2,1,4,2,0,1,25,24,0,49,1,0,6,0,23,18,35249.0,34975.0,0.0,0,0.0,0.0,0.0,501.0,1,5,True,False,False,False,True,False,False,True,False,False,False,True,False,False,False,False,False,False,False,False,False,False,False,False,False,False,False,True,False,False,True,False,False,False,1
99,0,999999.0,0.0,999999.0,1,0,0,0,0,0,0,0,0,0,0,0,1,0,0,1,99,99,0,79,1,0,2,0,0,0,7200.0,0.0,0.0,0,7200.0,0.0,0.0,0.0,0,0,False,True,False,True,False,False,False,True,False,False,False,False,True,False,False,False,False,False,False,False,False,False,False,False,False,False,False,True,False,True,False,False,False,False,1
99,1,137500.0,0.0,34000.0,1,1,1,1,2,0,1,1,0,1,0,0,4,0,0,1,99,99,1,17,1,1,4,1,0,0,0.0,0.0,0.0,0,0.0,0.0,0.0,270.0,0,0,True,False,False,False,True,False,False,True,True,False,False,False,False,False,False,False,False,False,False,False,False,False,False,False,False,True,False,False,False,False,False,True,False,False,1
99,0,999999.0,512.0,32600.0,1,1,0,0,0,0,0,0,0,0,1,1,2,0,0,1,99,99,0,24,0,0,8,0,39,82,18000.0,18000.0,0.0,0,0.0,0.0,0.0,393.0,1,0,True,False,False,False,True,False,False,True,False,False,False,False,False,False,False,False,False,False,False,False,True,False,False,False,False,False,False,True,False,False,True,False,False,False,1
99,1,400000.0,0.0,44000.0,1,0,1,0,0,0,0,0,0,0,0,0,3,2,0,1,16,15,0,47,0,1,8,2,41,68,43400.0,28000.0,0.0,0,0.0,0.0,15000.0,440.0,0,6,True,False,False,False,True,False,False,True,False,False,False,True,False,False,False,False,False,False,False,False,False,False,False,False,False,False,False,True,True,False,False,False,False,False,1
99,1,225000.0,0.0,79879.0,1,1,1,1,0,0,0,0,0,0,2,1,4,2,0,1,11,8,0,44,1,0,8,0,31,65,32478.0,32478.0,0.0,0,0.0,0.0,0.0,501.0,0,6,True,False,False,False,True,False,False,True,False,False,False,True,False,False,False,False,False,False,False,False,False,False,False,False,False,False,False,True,False,False,True,False,False,False,1
99,0,999999.0,487.0,21520.0,1,1,1,1,0,0,0,0,0,0,2,1,5,2,0,1,13,6,0,36,1,0,1,0,25,15,11520.0,11520.0,0.0,0,0.0,0.0,0.0,142.0,0,5,True,False,False,False,True,False,False,True,False,False,False,True,False,False,False,False,False,False,False,False,False,False,False,False,False,False,False,True,False,False,True,False,False,False,1
99,0,999999.0,625.0,8000.0,7,1,0,0,0,0,0,0,0,0,0,0,1,0,0,5,99,99,0,18,0,0,2,0,22,18,3000.0,3000.0,0.0,0,0.0,0.0,0.0,47.0,1,0,True,False,False,False,True,False,False,True,False,False,False,False,False,True,False,False,False,False,False,False,False,False,False,False,False,False,False,True,False,False,False,True,False,False,0
99,0,999999.0,1000.0,38000.0,1,1,1,1,0,0,0,0,0,0,2,1,3,1,1,1,1,1,0,38,1,0,6,0,41,68,18000.0,8000.0,10000.0,0,0.0,0.0,0.0,381.0,1,1,True,False,False,False,True,False,False,True,False,False,False,True,False,False,False,False,False,False,False,False,False,False,False,False,False,False,False,True,False,False,True,False,False,False,1
99,1,350000.0,0.0,100000.0,1,1,1,1,2,7,1,1,0,1,0,0,5,0,0,1,99,99,2,7,1,1,1,2,0,0,0.0,999999.0,999999.0,999999,99999.0,99999.0,99999.0,501.0,0,0,True,False,False,False,True,False,False,True,True,False,False,False,False,False,False,False,False,False,False,False,False,False,False,False,False,False,False,True,False,False,False,True,False,False,1
99,1,187500.0,0.0,71000.0,1,1,2,1,0,0,0,0,0,0,2,1,7,4,0,1,33,15,0,57,1,0,6,0,37,49,41600.0,41600.0,0.0,0,0.0,0.0,0.0,353.0,0,7,True,False,False,False,True,False,False,True,False,False,False,True,False,False,False,False,False,False,False,False,False,False,False,False,False,False,False,True,False,False,True,False,False,False,1
99,1,162500.0,0.0,30000.0,2,0,0,0,0,0,0,0,0,0,0,0,1,0,0,2,99,99,0,28,1,1,8,2,31,65,36000.0,36000.0,0.0,0,0.0,0.0,0.0,501.0,1,0,True,False,False,False,True,False,False,True,False,False,False,False,False,False,False,False,False,True,False,False,False,False,False,True,False,False,False,False,False,False,False,True,False,False,1
99,1,350000.0,0.0,66643.0,1,0,0,0,0,0,0,0,0,0,0,0,1,0,0,1,99,99,0,90,1,0,3,0,0,0,66643.0,0.0,0.0,0,8040.0,0.0,0.0,501.0,0,7,True,False,False,False,True,False,False,True,False,False,False,True,False,False,False,False,False,False,False,False,False,False,False,False,False,False,False,True,False,False,False,False,False,True,1
99,1,162500.0,0.0,34000.0,1,1,3,1,3,0,1,2,0,1,0,0,7,1,0,1,10,10,1,38,0,0,6,0,22,18,16000.0,16000.0,0.0,0,0.0,0.0,0.0,172.0,1,2,True,False,False,False,True,False,False,True,False,False,False,True,False,False,False,False,False,False,False,False,False,False,False,False,False,False,False,True,False,False,False,True,False,False,1
99,0,999999.0,1000.0,115250.0,1,1,1,1,0,0,0,0,0,0,1,1,4,2,0,1,16,11,0,40,0,0,6,0,0,0,0.0,0.0,0.0,0,0.0,0.0,0.0,501.0,1,0,True,False,False,False,True,False,False,True,False,False,False,False,False,False,False,False,False,False,False,False,True,False,False,False,False,False,False,True,False,False,True,False,False,False,1
99,0,999999.0,875.0,9888.0,2,0,1,0,0,0,0,0,0,0,0,0,4,2,0,1,13,8,1,28,0,1,6,1,0,0,9888.0,0.0,0.0,0,0.0,9888.0,0.0,78.0,1,1,True,False,False,False,True,False,False,True,False,False,False,True,False,False,False,False,False,False,False,False,False,False,True,False,False,False,False,False,False,False,False,True,False,False,1
99,1,225000.0,0.0,38000.0,1,1,1,1,0,0,0,0,0,0,1,1,4,2,1,1,6,3,0,32,0,1,7,1,0,0,0.0,0.0,0.0,0,0.0,0.0,0.0,302.0,1,0,True,False,False,False,True,False,False,True,False,False,False,False,False,False,False,False,False,False,False,False,True,False,False,False,False,False,False,True,False,False,True,False,False,False,1
99,0,999999.0,875.0,36500.0,1,1,1,1,2,0,1,1,0,1,0,0,3,0,0,1,99,99,0,30,1,0,6,0,25,15,8500.0,8000.0,0.0,0,0.0,0.0,0.0,376.0,1,0,True,False,False,False,True,False,False,True,True,False,False,False,False,False,False,False,False,False,False,False,False,False,False,False,False,False,False,True,False,False,False,True,False,False,1
99,0,999999.0,462.0,26400.0,2,1,1,1,2,0,1,1,0,1,0,0,5,0,0,1,99,99,1,0,0,0,7,0,0,0,0.0,999999.0,999999.0,999999,99999.0,99999.0,99999.0,174.0,1,0,True,False,False,False,True,False,False,True,True,False,False,False,False,False,False,False,False,False,False,False,False,False,False,False,False,False,False,True,False,False,False,True,False,False,1
99,0,999999.0,575.0,35500.0,1,0,0,0,0,0,0,0,0,0,0,0,1,0,0,1,99,99,0,30,1,0,6,0,32,34,35500.0,35500.0,0.0,0,0.0,0.0,0.0,501.0,0,5,True,False,False,False,True,False,False,True,False,False,False,True,False,False,False,False,False,False,False,False,False,False,False,False,False,False,False,True,False,False,False,True,False,False,1
99,0,999999.0,1000.0,28000.0,1,1,1,1,2,0,1,1,0,1,0,0,4,0,0,1,99,99,1,17,0,1,4,1,0,0,0.0,0.0,0.0,0,0.0,0.0,0.0,223.0,1,0,True,False,False,False,True,False,False,True,True,False,False,False,False,False,False,False,False,False,False,False,False,False,False,False,False,True,False,False,False,False,False,True,False,False,1
99,0,999999.0,212.0,8000.0,1,0,0,0,0,0,0,0,0,0,0,0,1,0,0,1,99,99,0,29,0,0,6,0,11,16,8000.0,8000.0,0.0,0,0.0,0.0,0.0,124.0,0,5,True,False,False,False,True,False,False,True,False,False,False,True,False,False,False,False,False,False,False,False,False,False,True,False,False,False,False,False,False,False,False,False,True,False,1
99,0,999999.0,625.0,45749.0,3,1,1,1,0,0,0,0,0,0,1,1,4,2,0,1,14,11,0,34,0,0,6,0,41,68,19749.0,4560.0,0.0,0,0.0,15189.0,0.0,364.0,0,0,True,False,False,False,True,False,False,True,False,False,False,False,False,False,False,False,False,False,False,False,True,False,False,False,False,False,False,True,False,False,True,False,False,False,1
99,0,999999.0,1000.0,125600.0,1,1,1,1,0,0,0,0,0,0,1,1,4,2,0,1,22,22,0,41,0,0,7,0,22,61,13600.0,13600.0,0.0,0,0.0,0.0,0.0,501.0,1,0,True,False,False,False,True,False,False,True,False,False,False,False,False,False,False,False,False,False,False,False,True,False,False,False,False,False,False,True,False,False,True,False,False,False,1
99,1,400000.0,0.0,233606.0,2,1,0,0,0,0,0,0,0,0,2,1,2,0,0,1,99,99,0,78,1,0,8,0,41,68,218606.0,195516.0,0.0,0,23090.0,0.0,0.0,501.0,0,5,True,False,False,False,True,False,False,True,False,False,False,True,False,False,False,False,False,False,False,False,False,False,False,False,False,False,False,True,False,False,True,False,False,False,1
99,1,187500.0,0.0,15500.0,1,1,0,0,0,0,0,0,0,0,2,1,2,0,0,1,99,99,0,74,1,0,6,0,0,0,11000.0,0.0,0.0,0,11000.0,0.0,0.0,207.0,0,7,True,False,False,False,True,False,False,True,False,False,False,True,False,False,False,False,False,False,False,False,False,False,True,False,False,False,False,False,False,False,True,False,False,False,1
99,1,275000.0,0.0,70684.0,1,1,0,0,0,0,0,0,0,0,1,1,2,0,0,1,99,99,0,32,0,0,7,0,42,86,30000.0,30000.0,0.0,0,0.0,0.0,0.0,501.0,1,0,True,False,False,False,True,False,False,True,False,False,False,False,False,False,False,False,False,False,False,False,True,False,False,False,False,False,False,True,False,False,True,False,False,False,1
99,1,112500.0,0.0,42400.0,1,1,1,1,2,0,1,1,0,1,0,0,8,0,0,1,99,99,4,15,0,1,1,1,0,0,0.0,999999.0,999999.0,999999,0.0,0.0,0.0,191.0,0,0,True,False,False,False,True,False,False,True,True,False,False,False,False,False,False,False,False,False,False,False,False,False,False,False,False,False,False,True,False,False,False,True,False,False,1
99,1,275000.0,0.0,33662.0,1,1,0,0,0,0,0,0,0,0,1,1,2,0,0,1,99,99,0,68,0,0,7,0,0,0,0.0,0.0,0.0,0,0.0,0.0,0.0,449.0,0,0,True,False,False,False,True,False,False,True,False,False,False,False,False,False,False,False,False,False,False,False,True,False,False,False,False,False,False,True,False,False,True,False,False,False,1
99,1,77500.0,0.0,16000.0,1,1,1,1,2,0,1,1,0,1,0,0,3,0,0,1,99,99,0,23,0,1,7,1,30,44,8000.0,8000.0,0.0,0,0.0,0.0,0.0,165.0,0,0,True,False,False,False,True,False,False,True,True,False,False,False,False,False,False,False,False,False,False,False,False,False,False,False,False,False,False,True,False,False,False,True,False,False,1
99,1,275000.0,0.0,73531.0,2,0,0,0,0,0,0,0,0,0,0,0,1,0,0,2,99,99,0,54,0,0,8,0,22,60,39000.0,38000.0,0.0,0,0.0,0.0,0.0,501.0,1,0,True,False,False,False,True,False,False,True,False,False,False,False,False,False,False,False,False,True,False,False,False,False,False,False,False,False,False,True,False,True,False,False,False,False,1
99,1,225000.0,0.0,42508.0,1,1,0,0,0,0,0,0,0,0,2,1,2,0,0,1,99,99,0,71,1,0,8,0,37,78,40600.0,0.0,25000.0,0,9600.0,0.0,0.0,501.0,0,6,True,False,False,False,True,False,False,True,False,False,False,True,False,False,False,False,False,False,False,False,False,False,False,False,False,False,False,True,False,False,True,False,False,False,1
99,0,999999.0,625.0,15309.0,2,0,1,0,1,0,1,0,0,0,0,0,9,0,0,1,99,99,7,0,0,0,7,0,0,0,0.0,999999.0,999999.0,999999,99999.0,99999.0,99999.0,61.0,1,0,True,False,False,False,True,False,False,True,True,False,False,False,False,False,False,False,False,False,False,False,False,False,False,False,False,False,False,True,False,False,False,True,False,False,1
99,1,400000.0,0.0,216087.0,1,1,1,1,0,0,0,0,0,0,1,1,4,2,0,1,18,16,0,41,0,0,8,0,31,73,12000.0,0.0,12000.0,0,0.0,0.0,0.0,501.0,0,0,True,False,False,False,True,False,False,True,False,False,False,False,False,False,False,False,False,False,False,False,True,False,False,False,False,False,False,True,False,False,True,False,False,False,1
99,0,999999.0,462.0,9887.0,1,1,1,1,0,0,0,0,0,0,0,0,6,0,0,1,99,99,2,19,0,0,1,0,11,16,167.0,167.0,0.0,0,0.0,0.0,0.0,57.0,1,0,True,False,False,False,True,False,False,True,False,False,False,False,False,False,False,False,False,False,True,False,False,False,False,False,False,False,False,True,False,True,False,False,False,False,0
99,1,187500.0,0.0,35000.0,1,1,1,1,2,0,1,1,0,1,0,0,7,0,0,1,99,99,4,5,0,1,0,1,0,0,0.0,999999.0,999999.0,999999,99999.0,99999.0,99999.0,182.0,0,0,True,False,False,False,True,False,False,True,True,False,False,False,False,False,False,False,False,False,False,False,False,False,False,False,False,False,False,True,False,False,False,True,False,False,1
99,0,999999.0,512.0,31000.0,1,2,0,0,0,0,0,0,0,0,2,2,4,0,0,1,99,99,0,24,0,0,3,0,25,15,18000.0,18000.0,0.0,0,0.0,0.0,0.0,242.0,1,1,True,False,False,False,True,False,False,True,False,False,False,True,False,False,False,False,False,False,False,False,False,False,False,False,False,False,False,True,False,False,True,False,False,False,0
99,1,400000.0,0.0,160.0,1,0,0,0,0,0,0,0,0,0,0,0,1,0,0,1,99,99,0,50,1,0,6,0,22,32,-160.0,0.0,0.0,0,0.0,0.0,0.0,2.0,0,6,True,False,False,False,True,False,False,True,False,False,False,True,False,False,False,False,False,False,False,False,False,False,False,False,False,False,False,True,True,False,False,False,False,False,1
99,0,999999.0,437.0,59161.0,1,1,0,0,0,0,0,0,0,0,1,1,2,0,0,1,99,99,0,53,0,0,4,0,22,61,24334.0,24334.0,0.0,0,0.0,0.0,0.0,501.0,0,0,True,False,False,False,True,False,False,True,False,False,False,False,False,False,False,False,False,False,False,False,True,False,False,False,False,False,False,True,False,False,True,False,False,False,1
99,1,187500.0,0.0,32620.0,1,1,1,2,0,0,0,3,0,2,0,0,4,0,0,1,99,99,0,19,0,1,7,1,10,19,0.0,0.0,0.0,0,0.0,0.0,0.0,255.0,0,0,True,False,False,False,True,False,False,True,False,False,True,False,False,False,False,False,False,False,False,False,False,False,False,False,False,False,False,True,False,False,False,True,False,False,1
99,0,999999.0,875.0,7400.0,2,0,1,0,1,0,1,0,0,0,0,0,6,0,0,1,99,99,4,13,0,1,3,1,0,0,0.0,999999.0,999999.0,999999,99999.0,99999.0,99999.0,43.0,1,0,True,False,False,False,True,False,False,True,True,False,False,False,False,False,False,False,False,False,False,False,False,False,True,False,False,False,False,False,False,False,False,True,False,False,1
99,0,999999.0,512.0,15189.0,1,1,1,1,2,0,1,1,0,1,0,0,6,0,0,1,99,99,3,1,1,0,7,0,0,0,0.0,999999.0,999999.0,999999,99999.0,99999.0,99999.0,92.0,1,0,True,False,False,False,True,False,False,True,True,False,False,False,False,False,False,False,False,False,False,False,False,False,False,False,False,True,False,False,False,False,False,True,False,False,1
99,0,999999.0,537.0,23000.0,2,0,1,0,0,0,0,0,0,0,0,0,3,1,0,1,13,13,1,45,0,0,0,0,20,9,13000.0,13000.0,0.0,0,0.0,0.0,0.0,230.0,1,1,True,False,False,False,True,False,False,True,False,False,False,True,False,False,False,False,False,False,False,False,False,False,False,False,False,False,False,True,False,False,False,False,True,False,1
99,1,85000.0,0.0,17924.0,1,1,0,0,0,0,0,0,0,0,2,1,3,0,0,1,99,99,0,74,1,0,2,0,0,0,8180.0,0.0,0.0,0,8100.0,0.0,80.0,185.0,0,8,True,False,False,False,True,False,False,True,False,False,False,True,False,False,False,False,False,False,False,False,False,False,True,False,False,False,False,False,False,False,True,False,False,False,1
99,1,400000.0,0.0,110000.0,1,1,1,1,0,0,0,0,0,0,1,1,4,2,0,1,13,11,0,42,0,0,8,0,0,0,0.0,0.0,0.0,0,0.0,0.0,0.0,501.0,0,0,True,False,False,False,True,False,False,True,False,False,False,False,False,False,False,False,False,False,False,False,True,False,False,False,False,False,False,True,False,False,True,False,False,False,1
99,1,95000.0,0.0,29848.0,2,0,0,2,0,0,0,0,0,0,0,0,4,2,0,1,21,19,0,58,1,0,6,0,23,18,20000.0,20000.0,0.0,0,0.0,0.0,0.0,230.0,0,7,True,False,False,False,True,False,False,True,False,False,False,True,False,False,False,False,False,False,False,False,False,False,False,False,False,False,False,True,True,False,False,False,False,False,1
99,1,400000.0,0.0,70000.0,1,0,1,0,1,0,1,0,0,0,0,0,10,0,0,1,99,99,8,11,1,1,2,1,0,0,0.0,999999.0,999999.0,999999,99999.0,99999.0,99999.0,281.0,1,0,True,False,False,False,True,False,False,True,True,False,False,False,False,False,False,False,False,False,False,False,False,False,False,False,False,False,False,True,False,False,False,True,False,False,1
99,0,999999.0,625.0,15200.0,1,1,0,0,0,0,0,0,0,0,1,1,3,0,0,1,99,99,0,63,0,0,6,0,0,0,0.0,0.0,0.0,0,0.0,0.0,0.0,157.0,0,0,True,False,False,False,True,False,False,True,False,False,False,False,False,False,False,False,False,False,False,False,True,False,False,False,False,False,False,True,False,False,True,False,False,False,1
99,0,999999.0,0.0,999999.0,1,0,0,0,0,0,0,0,0,0,0,0,1,0,0,1,99,99,0,66,0,0,8,0,24,44,5536.0,4286.0,0.0,0,0.0,1250.0,0.0,0.0,1,0,False,True,False,True,False,False,False,True,False,False,False,False,True,False,False,False,False,False,False,False,False,False,False,False,False,False,False,True,False,False,False,True,False,False,1
99,0,999999.0,512.0,500.0,1,0,0,0,0,0,0,0,0,0,0,0,1,0,0,1,99,99,0,63,0,0,0,0,6,7,500.0,0.0,0.0,0,0.0,0.0,500.0,8.0,1,1,True,False,False,False,True,False,False,True,False,False,False,True,False,False,False,False,False,False,False,False,False,False,False,True,False,False,False,False,False,True,False,False,False,False,1
99,0,999999.0,512.0,28000.0,2,0,0,0,0,0,0,0,0,0,0,0,1,0,0,1,99,99,0,23,0,0,6,0,20,8,28000.0,26000.0,0.0,0,0.0,0.0,0.0,434.0,1,2,True,False,False,False,True,False,False,True,False,False,False,True,False,False,False,False,False,False,False,False,False,False,False,False,False,False,False,True,False,False,False,True,False,False,1
99,0,999999.0,725.0,46000.0,1,1,1,1,0,0,0,0,0,0,2,1,4,2,0,1,7,5,0,33,1,0,7,0,24,44,26000.0,26000.0,0.0,0,0.0,0.0,0.0,366.0,1,2,True,False,False,False,True,False,False,True,False,False,False,True,False,False,False,False,False,False,False,False,False,False,False,False,False,True,False,False,False,False,True,False,False,False,1
99,0,999999.0,387.0,31000.0,1,1,1,1,2,7,1,1,0,1,0,0,8,0,0,1,99,99,5,10,1,1,1,1,0,0,0.0,999999.0,999999.0,999999,99999.0,99999.0,99999.0,152.0,1,0,True,False,False,False,True,False,False,True,True,False,False,False,False,False,False,False,False,False,False,False,False,False,False,False,False,False,False,True,False,False,False,True,False,False,1
99,0,999999.0,725.0,69228.0,1,2,1,1,2,0,1,1,0,1,0,0,11,0,0,1,99,99,2,11,1,1,2,1,0,0,0.0,999999.0,999999.0,999999,99999.0,99999.0,99999.0,269.0,1,0,True,False,False,False,True,False,False,True,True,False,False,False,False,False,False,False,False,False,False,False,False,False,False,True,False,False,False,False,False,False,False,True,False,False,1
99,0,999999.0,575.0,20030.0,1,0,0,0,0,0,0,0,0,0,0,0,1,0,0,1,99,99,0,27,0,0,7,0,24,44,20030.0,20000.0,0.0,0,0.0,0.0,0.0,310.0,1,2,True,False,False,False,True,False,False,True,False,False,False,True,False,False,False,False,False,False,False,False,False,False,False,False,False,False,False,True,False,False,False,True,False,False,0
99,1,187500.0,0.0,19312.0,1,0,2,0,1,0,1,0,0,0,0,0,6,1,1,1,2,2,3,16,0,1,5,1,0,0,0.0,0.0,0.0,0,0.0,0.0,0.0,117.0,1,0,True,False,False,False,True,False,False,True,True,False,False,False,False,False,False,False,False,False,False,False,False,False,False,False,False,False,False,True,False,True,False,False,False,False,1
99,1,225000.0,0.0,79967.0,1,1,1,1,2,0,1,1,0,1,0,0,4,0,0,1,99,99,1,2,1,0,7,0,0,0,0.0,999999.0,999999.0,999999,99999.0,99999.0,99999.0,501.0,1,0,True,False,False,False,True,False,False,True,True,False,False,False,False,False,False,False,False,False,False,False,False,False,False,False,False,False,False,True,False,False,False,True,False,False,1
99,1,112500.0,0.0,25000.0,1,0,0,0,0,0,0,0,0,0,0,0,1,0,0,1,99,99,0,61,1,0,6,0,29,27,25000.0,25000.0,0.0,0,0.0,0.0,0.0,388.0,0,6,True,False,False,False,True,False,False,True,False,False,False,True,False,False,False,False,False,False,False,False,False,False,False,False,False,False,False,True,True,False,False,False,False,False,1
99,1,187500.0,0.0,44428.0,1,1,0,0,0,0,0,0,0,0,0,0,3,0,0,1,99,99,0,22,1,0,5,0,30,27,8200.0,8200.0,0.0,0,0.0,0.0,0.0,458.0,1,0,True,False,False,False,True,False,False,True,False,False,True,False,False,False,False,False,False,False,False,False,False,False,False,False,False,False,False,True,False,False,False,True,False,False,1
99,1,112500.0,0.0,43200.0,1,1,1,1,2,0,1,1,0,1,0,0,5,0,0,1,99,99,2,1,1,0,7,0,0,0,0.0,999999.0,999999.0,999999,99999.0,99999.0,99999.0,292.0,1,0,True,False,False,False,True,False,False,True,True,False,False,False,False,False,False,False,False,False,False,False,False,False,True,False,False,False,False,False,False,False,False,True,False,False,1
99,0,999999.0,875.0,67216.0,2,1,1,1,0,0,0,1,0,1,0,0,10,0,0,1,99,99,2,7,1,0,0,0,0,0,0.0,999999.0,999999.0,999999,99999.0,99999.0,99999.0,254.0,0,0,True,False,False,False,True,False,False,True,True,False,False,False,False,False,False,False,False,False,False,False,False,False,False,False,False,False,False,True,False,False,False,True,False,False,1
99,1,225000.0,0.0,16095.0,1,0,1,0,1,7,1,0,0,0,0,0,3,0,0,1,99,99,1,19,0,0,6,0,16,15,11267.0,11267.0,0.0,0,0.0,0.0,0.0,166.0,1,0,True,False,False,False,True,False,False,True,True,False,False,False,False,False,False,False,False,False,False,False,False,False,False,False,False,False,False,True,False,False,False,True,False,False,0
99,1,275000.0,0.0,50085.0,1,1,1,1,2,0,1,1,0,1,0,0,5,0,0,1,99,99,2,3,1,1,0,2,0,0,0.0,999999.0,999999.0,999999,99999.0,99999.0,99999.0,338.0,1,0,True,False,False,False,True,False,False,True,True,False,False,False,False,False,False,False,False,False,False,False,False,False,False,False,False,False,False,True,False,False,False,True,False,False,1
99,1,225000.0,0.0,36500.0,1,1,1,1,0,0,0,0,0,0,2,1,3,1,0,1,29,29,0,62,1,1,7,1,24,44,31000.0,25000.0,0.0,0,0.0,0.0,0.0,376.0,1,6,True,False,False,False,True,False,False,True,False,False,False,True,False,False,False,False,False,False,False,False,False,False,False,False,False,True,False,False,False,False,True,False,False,False,1
99,1,187500.0,0.0,75583.0,1,1,1,1,2,0,1,1,0,1,0,0,3,0,0,1,99,99,0,27,1,0,7,0,22,51,19762.0,19762.0,0.0,0,0.0,0.0,0.0,501.0,0,0,True,False,False,False,True,False,False,True,True,False,False,False,False,False,False,False,False,False,False,False,False,False,False,False,False,False,False,True,False,False,False,True,False,False,1
99,0,999999.0,675.0,67000.0,1,0,0,2,0,0,0,2,0,1,0,0,3,1,0,1,13,13,0,33,1,1,7,2,33,44,27000.0,27000.0,0.0,0,0.0,0.0,0.0,501.0,1,1,True,False,False,False,True,False,False,True,False,False,False,True,False,False,False,False,False,False,False,False,False,False,False,False,False,False,False,True,True,False,False,False,False,False,1
99,1,350000.0,0.0,54222.0,1,1,0,0,0,0,0,0,0,0,2,1,2,0,0,1,99,99,0,62,1,0,8,0,24,47,54222.0,51598.0,0.0,0,0.0,0.0,0.0,501.0,0,6,True,False,False,False,True,False,False,True,False,False,False,True,False,False,False,False,False,False,False,False,False,False,False,False,False,False,False,True,False,False,True,False,False,False,0
99,1,187500.0,0.0,15525.0,1,1,1,1,2,0,1,1,0,1,0,0,7,0,0,1,99,99,4,9,0,1,1,1,0,0,0.0,999999.0,999999.0,999999,99999.0,99999.0,99999.0,81.0,1,0,True,False,False,False,True,False,False,True,True,False,False,False,False,False,False,False,False,False,False,False,False,False,False,False,False,False,False,True,False,False,False,True,False,False,1
99,0,999999.0,625.0,0.0,2,0,0,0,0,0,0,0,0,0,0,0,1,0,0,2,99,99,0,18,1,1,6,1,0,0,7200.0,0.0,0.0,0,7200.0,0.0,0.0,112.0,1,0,True,False,False,False,True,False,False,True,False,False,False,False,False,False,False,False,False,True,False,False,False,False,True,False,False,False,False,False,False,False,False,True,False,False,1
99,0,999999.0,575.0,7500.0,1,0,1,0,1,7,1,0,0,0,0,0,3,0,0,1,99,99,1,15,1,1,3,1,0,0,0.0,999999.0,999999.0,999999,0.0,0.0,0.0,75.0,1,0,True,False,False,False,True,False,False,True,True,False,False,False,False,False,False,False,False,False,False,False,False,False,True,False,False,False,False,False,False,False,False,True,False,False,1
99,1,275000.0,0.0,64200.0,1,1,1,1,0,0,0,0,0,0,1,1,4,2,0,1,15,8,0,37,0,0,6,0,0,0,0.0,0.0,0.0,0,0.0,0.0,0.0,501.0,1,0,True,False,False,False,True,False,False,True,False,False,False,False,False,False,False,False,False,False,False,False,True,False,False,False,False,False,False,True,False,False,True,False,False,False,1
99,1,400000.0,0.0,123515.0,1,1,1,1,0,0,0,0,0,0,1,1,3,1,0,1,16,16,0,47,0,0,7,0,0,0,0.0,0.0,0.0,0,0.0,0.0,0.0,501.0,0,0,True,False,False,False,True,False,False,True,False,False,False,False,False,False,False,False,False,False,False,False,True,False,False,False,False,False,False,True,False,False,True,False,False,False,1
99,0,999999.0,40.0,34220.0,1,0,2,0,3,0,5,0,0,0,0,0,8,0,0,1,99,99,2,4,0,0,0,0,0,0,0.0,999999.0,999999.0,999999,99999.0,99999.0,99999.0,154.0,1,0,True,False,False,False,True,False,False,True,False,False,True,False,False,False,False,False,False,False,False,False,False,False,True,False,False,False,False,False,False,False,False,True,False,False,1
99,0,999999.0,675.0,50000.0,1,1,1,1,2,0,1,1,0,1,0,0,4,0,0,1,99,99,1,6,1,1,0,2,0,0,0.0,999999.0,999999.0,999999,99999.0,99999.0,99999.0,398.0,1,0,True,False,False,False,True,False,False,True,True,False,False,False,False,False,False,False,False,False,False,False,False,False,False,False,False,False,False,True,False,False,False,True,False,False,1
99,1,350000.0,0.0,94440.0,1,1,1,1,0,0,0,0,0,0,2,1,3,1,1,1,0,0,0,28,1,0,6,0,20,8,44440.0,43000.0,0.0,0,1440.0,0.0,0.0,501.0,1,2,True,False,False,False,True,False,False,True,False,False,False,True,False,False,False,False,False,False,False,False,False,False,False,False,False,False,False,True,False,False,True,False,False,False,1
99,0,999999.0,725.0,21840.0,1,1,1,1,0,0,0,0,0,0,0,0,5,0,0,1,99,99,0,22,1,0,7,0,24,44,9000.0,9000.0,0.0,0,0.0,0.0,0.0,140.0,1,0,True,False,False,False,True,False,False,True,False,False,False,False,False,False,True,False,False,False,False,False,False,False,True,False,False,False,False,False,False,True,False,False,False,False,1
99,0,999999.0,725.0,40000.0,1,1,1,1,2,0,1,1,3,1,0,0,3,0,0,1,99,99,0,9,0,1,1,1,0,0,0.0,999999.0,999999.0,999999,99999.0,99999.0,99999.0,401.0,1,0,True,False,False,False,True,False,False,True,True,False,False,False,False,False,False,False,False,False,False,False,False,False,False,False,False,False,False,True,False,False,False,True,False,False,1
99,0,999999.0,462.0,24174.0,2,0,0,1,0,0,0,0,0,0,0,0,3,2,0,1,12,11,0,38,1,0,1,0,26,36,24174.0,24174.0,0.0,0,0.0,0.0,0.0,242.0,1,5,True,False,False,False,True,False,False,True,False,False,False,True,False,False,False,False,False,False,False,False,False,False,False,False,False,False,False,True,False,False,False,True,False,False,1
99,0,999999.0,875.0,23162.0,1,0,0,0,0,0,0,0,0,0,0,0,1,0,0,1,99,99,0,70,0,0,6,0,24,44,23162.0,7644.0,0.0,0,10642.0,0.0,0.0,389.0,1,2,True,False,False,False,True,False,False,True,False,False,False,True,False,False,False,False,False,False,False,False,False,False,False,False,False,False,False,True,True,False,False,False,False,False,1
99,0,999999.0,537.0,4944.0,3,0,1,0,0,0,0,0,0,0,0,0,6,0,0,1,99,99,0,20,0,0,3,0,17,13,0.0,0.0,0.0,0,0.0,0.0,0.0,30.0,1,0,True,False,False,False,True,False,False,True,False,False,False,False,False,False,True,False,False,False,False,False,False,False,False,False,False,False,False,True,False,True,False,False,False,False,1
99,0,999999.0,625.0,39767.0,1,0,0,1,0,0,0,0,0,0,0,0,2,1,0,1,20,20,0,55,1,0,8,0,26,58,38000.0,38000.0,0.0,0,0.0,0.0,0.0,479.0,0,2,True,False,False,False,True,False,False,True,False,False,False,True,False,False,False,False,False,False,False,False,False,False,False,False,False,False,False,True,True,False,False,False,False,False,1
99,0,999999.0,1000.0,35000.0,1,1,1,2,0,0,0,0,0,0,2,1,4,1,0,1,28,28,0,59,1,0,6,0,35,62,24000.0,12000.0,0.0,0,0.0,0.0,0.0,269.0,1,1,True,False,False,False,True,False,False,True,False,False,False,True,False,False,False,False,False,False,False,False,False,False,False,False,False,False,False,True,False,False,True,False,False,False,0
99,1,187500.0,0.0,42883.0,1,1,1,1,0,0,0,0,0,0,2,1,4,2,0,1,10,5,0,41,1,0,7,0,37,78,24033.0,23519.0,0.0,0,0.0,0.0,0.0,341.0,0,5,True,False,False,False,True,False,False,True,False,False,False,True,False,False,False,False,False,False,False,False,False,False,False,False,False,True,False,False,False,False,True,False,False,False,1
99,1,400000.0,0.0,123515.0,1,1,1,1,2,0,1,1,0,1,0,0,4,0,0,1,99,99,1,1,0,0,7,0,0,0,0.0,999999.0,999999.0,999999,99999.0,99999.0,99999.0,501.0,1,0,True,False,False,False,True,False,False,True,True,False,False,False,False,False,False,False,False,False,False,False,False,False,False,False,False,False,False,True,False,False,False,True,False,False,1
99,1,112500.0,0.0,7500.0,1,0,1,0,0,0,0,0,0,0,0,0,2,1,0,1,19,19,0,51,0,0,7,0,38,68,2000.0,2000.0,0.0,0,0.0,0.0,0.0,90.0,1,1,True,False,False,False,True,False,False,True,False,False,False,True,False,False,False,False,False,False,False,False,False,False,False,False,False,False,False,True,True,False,False,False,False,False,1
99,0,999999.0,512.0,16400.0,1,0,1,0,0,0,0,0,0,0,0,0,8,0,0,1,99,99,0,8,1,1,1,1,0,0,0.0,999999.0,999999.0,999999,99999.0,99999.0,99999.0,80.0,0,0,True,False,False,False,True,False,False,True,False,False,False,False,False,False,True,False,False,False,False,False,False,False,False,False,False,False,False,True,False,False,False,True,False,False,1
99,1,162500.0,0.0,4704.0,1,1,1,1,0,0,0,0,0,0,1,1,3,1,1,1,1,1,0,29,0,0,7,0,22,61,4629.0,3588.0,0.0,0,0.0,405.0,636.0,47.0,1,0,True,False,False,False,True,False,False,True,False,False,False,False,False,False,False,False,False,False,False,False,True,False,True,False,False,False,False,False,False,False,True,False,False,False,1
99,1,350000.0,0.0,151500.0,1,1,0,0,0,0,0,0,0,0,2,2,2,0,0,1,99,99,0,32,0,1,8,1,48,87,40500.0,38000.0,0.0,0,0.0,0.0,0.0,501.0,0,2,True,False,False,False,True,False,False,True,False,False,False,True,False,False,False,False,False,False,False,False,False,False,False,False,False,False,False,True,False,False,True,False,False,False,1
99,0,999999.0,875.0,30120.0,1,1,0,0,0,0,0,0,0,0,2,1,2,0,0,1,99,99,0,44,1,0,7,0,0,0,9120.0,0.0,0.0,0,9120.0,0.0,0.0,363.0,0,2,True,False,False,False,True,False,False,True,False,False,False,True,False,False,False,False,False,False,False,False,False,False,False,False,False,False,False,True,False,False,True,False,False,False,1
99,1,137500.0,0.0,68215.0,1,1,1,1,1,0,1,2,0,1,0,0,4,0,0,1,99,99,1,11,1,1,1,1,0,0,0.0,999999.0,999999.0,999999,99999.0,99999.0,99999.0,501.0,0,0,True,False,False,False,True,False,False,True,True,False,False,False,False,False,False,False,False,False,False,False,False,False,False,False,False,False,False,True,False,False,False,True,False,False,1
99,0,999999.0,875.0,18900.0,1,1,2,1,2,7,1,1,0,1,0,0,10,0,0,1,99,99,6,14,1,1,2,1,0,0,0.0,999999.0,999999.0,999999,99999.0,99999.0,99999.0,75.0,1,0,True,False,False,False,True,False,False,True,True,False,False,False,False,False,False,False,False,False,False,False,False,False,False,False,False,False,False,True,False,False,False,True,False,False,1
99,1,85000.0,0.0,58000.0,1,2,2,2,2,0,1,1,0,1,0,0,12,0,0,1,99,99,3,19,1,0,6,0,0,0,0.0,0.0,0.0,0,0.0,0.0,0.0,226.0,0,0,True,False,False,False,True,False,False,True,True,False,False,False,False,False,False,False,False,False,False,False,False,False,False,False,False,False,False,True,False,False,False,True,False,False,1
99,1,275000.0,0.0,50341.0,1,1,0,0,0,0,0,0,0,0,1,1,2,0,0,1,99,99,0,72,0,0,3,0,0,0,5482.0,0.0,0.0,0,5482.0,0.0,0.0,501.0,0,0,True,False,False,False,True,False,False,True,False,False,False,False,False,False,False,False,False,False,False,False,True,False,False,False,False,False,False,True,False,False,True,False,False,False,1
99,0,999999.0,437.0,4500.0,2,0,0,0,0,0,0,0,0,0,0,0,1,0,0,1,99,99,0,57,0,0,6,0,10,19,4500.0,4500.0,0.0,0,0.0,0.0,0.0,70.0,1,1,True,False,False,False,True,False,False,True,False,False,False,True,False,False,False,False,False,False,False,False,False,False,False,False,False,False,False,True,False,False,False,False,True,False,1
99,0,999999.0,725.0,1500.0,2,0,0,0,0,0,0,0,0,0,0,0,1,0,0,2,99,99,0,20,0,1,7,1,22,61,12000.0,12000.0,0.0,0,0.0,0.0,0.0,186.0,1,0,True,False,False,False,True,False,False,True,False,False,False,False,False,False,False,False,False,True,False,False,False,False,False,False,False,False,False,True,False,False,False,True,False,False,1
99,0,999999.0,875.0,11270.0,1,0,0,0,0,0,0,0,0,0,0,0,1,0,0,1,99,99,0,38,0,0,8,0,41,68,11270.0,10000.0,270.0,0,0.0,0.0,0.0,175.0,1,1,True,False,False,False,True,False,False,True,False,False,False,True,False,False,False,False,False,False,False,False,False,False,False,False,False,False,False,True,True,False,False,False,False,False,0
99,1,162500.0,0.0,16090.0,1,1,0,0,0,0,0,0,0,0,2,1,5,0,0,1,99,99,0,60,1,0,7,0,33,44,16090.0,0.0,0.0,0,0.0,0.0,0.0,109.0,0,8,True,False,False,False,True,False,False,True,False,False,False,True,False,False,False,False,False,False,False,False,False,False,False,False,False,False,False,True,False,False,True,False,False,False,1
99,1,137500.0,0.0,35200.0,1,0,0,1,0,0,0,0,0,0,0,0,2,1,0,1,17,17,0,48,1,0,7,0,17,8,34000.0,0.0,4000.0,0,0.0,0.0,0.0,412.0,1,1,True,False,False,False,True,False,False,True,False,False,False,True,False,False,False,False,False,False,False,False,False,False,False,False,False,False,False,True,True,False,False,False,False,False,0
99,0,999999.0,512.0,4800.0,2,0,1,0,0,0,0,0,0,0,0,0,2,1,0,1,47,47,0,69,0,0,3,0,0,0,0.0,0.0,0.0,0,0.0,0.0,0.0,64.0,1,2,True,False,False,False,True,False,False,True,False,False,False,True,False,False,False,False,False,False,False,False,False,False,True,False,False,False,False,False,False,True,False,False,False,False,1
99,1,275000.0,0.0,70268.0,1,1,1,1,2,0,1,1,0,1,0,0,3,0,0,1,99,99,0,24,1,0,7,0,23,18,23997.0,23255.0,0.0,0,0.0,0.0,0.0,501.0,0,0,True,False,False,False,True,False,False,True,True,False,False,False,False,False,False,False,False,False,False,False,False,False,False,False,False,False,False,True,False,False,False,True,False,False,1
99,0,999999.0,575.0,10968.0,1,1,1,1,2,0,1,1,0,1,0,0,4,0,0,1,99,99,1,4,0,0,0,0,0,0,0.0,999999.0,999999.0,999999,99999.0,99999.0,99999.0,87.0,1,0,True,False,False,False,True,False,False,True,True,False,False,False,False,False,False,False,False,False,False,False,False,False,False,False,False,False,False,True,False,False,False,True,False,False,1
99,1,225000.0,0.0,56590.0,1,1,1,1,2,0,1,1,0,1,0,0,3,0,0,1,99,99,0,27,0,0,7,0,24,44,11500.0,11500.0,0.0,0,0.0,0.0,0.0,501.0,0,0,True,False,False,False,True,False,False,True,True,False,False,False,False,False,False,False,False,False,False,False,False,False,True,False,False,False,False,False,False,False,False,True,False,False,1
99,1,187500.0,0.0,68000.0,1,0,0,0,0,0,0,0,0,0,0,0,1,0,0,1,99,99,0,29,1,1,8,1,39,73,68000.0,60000.0,5000.0,0,0.0,0.0,0.0,501.0,0,5,True,False,False,False,True,False,False,True,False,False,False,True,False,False,False,False,False,False,False,False,False,False,False,False,False,False,False,True,False,False,False,True,False,False,1
99,0,999999.0,512.0,32920.0,3,1,2,1,0,0,0,7,0,3,0,0,3,1,1,2,1,1,0,24,0,0,7,0,17,15,0.0,0.0,0.0,0,0.0,0.0,0.0,5.0,1,0,True,False,False,False,True,False,False,True,False,False,False,False,False,True,False,False,False,False,False,False,False,False,False,False,False,False,False,True,False,True,False,False,False,False,0
99,0,999999.0,437.0,7500.0,1,1,1,1,0,0,0,0,0,0,2,1,4,1,0,1,25,25,0,36,1,0,2,0,22,18,7500.0,7500.0,0.0,0,0.0,0.0,0.0,59.0,1,2,True,False,False,False,True,False,False,True,False,False,False,True,False,False,False,False,False,False,False,False,False,False,False,False,False,False,False,True,False,False,True,False,False,False,0
99,0,999999.0,487.0,19280.0,2,1,1,1,2,0,1,1,0,1,0,0,4,0,0,1,99,99,1,6,0,1,1,2,0,0,0.0,999999.0,999999.0,999999,99999.0,99999.0,99999.0,153.0,0,0,True,False,False,False,True,False,False,True,True,False,False,False,False,False,False,False,False,False,False,False,False,False,False,False,False,False,False,True,False,False,False,True,False,False,1
99,0,999999.0,875.0,42000.0,2,0,0,0,0,0,0,0,0,0,0,0,1,0,0,2,99,99,0,20,1,1,7,2,21,66,5100.0,5100.0,0.0,0,0.0,0.0,0.0,79.0,1,0,True,False,False,False,True,False,False,True,False,False,False,False,False,False,False,False,False,True,False,False,False,False,False,False,False,False,False,True,False,False,False,True,False,False,1
99,0,999999.0,362.0,24000.0,1,1,1,1,2,0,1,1,0,1,0,0,7,0,0,1,99,99,4,2,0,0,7,0,0,0,0.0,999999.0,999999.0,999999,99999.0,99999.0,99999.0,129.0,1,0,True,False,False,False,True,False,False,True,True,False,False,False,False,False,False,False,False,False,False,False,False,False,False,False,False,False,False,True,False,False,False,True,False,False,1
99,0,999999.0,137.0,3500.0,1,0,1,0,1,0,1,0,0,0,0,0,2,0,0,1,99,99,0,0,1,0,7,0,0,0,0.0,999999.0,999999.0,999999,99999.0,99999.0,99999.0,41.0,1,0,True,False,False,False,True,False,False,True,True,False,False,False,False,False,False,False,False,False,False,False,False,False,True,False,False,False,False,False,False,False,False,True,False,False,1
99,1,275000.0,0.0,46000.0,1,1,0,0,0,0,0,0,0,0,1,1,2,0,0,1,99,99,0,59,0,0,6,0,20,8,18000.0,18000.0,0.0,0,0.0,0.0,0.0,501.0,0,0,True,False,False,False,True,False,False,True,False,False,False,False,False,False,False,False,False,False,False,False,True,False,False,False,False,False,False,True,False,False,True,False,False,False,1
99,0,999999.0,512.0,36662.0,1,1,0,0,0,0,0,0,0,0,2,1,2,0,0,1,99,99,0,65,1,0,5,0,0,0,8890.0,0.0,0.0,0,6526.0,0.0,2364.0,489.0,1,1,True,False,False,False,True,False,False,True,False,False,False,True,False,False,False,False,False,False,False,False,False,False,True,False,False,False,False,False,False,False,True,False,False,False,1
99,0,999999.0,537.0,20800.0,1,1,1,1,0,0,0,0,0,0,1,1,4,1,1,1,1,1,0,21,0,0,4,0,22,18,10000.0,10000.0,0.0,0,0.0,0.0,0.0,160.0,1,0,True,False,False,False,True,False,False,True,False,False,False,False,False,False,False,False,False,False,False,False,True,False,False,False,False,False,False,True,False,False,True,False,False,False,1
99,1,400000.0,0.0,93001.0,1,1,1,1,0,0,0,0,0,0,1,1,3,1,0,1,23,23,0,53,0,0,8,0,37,78,35594.0,35070.0,0.0,0,0.0,0.0,0.0,501.0,0,0,True,False,False,False,True,False,False,True,False,False,False,False,False,False,False,False,False,False,False,False,True,False,False,False,False,True,False,False,False,False,True,False,False,False,1
99,1,162500.0,0.0,42000.0,1,1,1,1,0,0,0,0,0,0,2,1,7,4,0,1,11,6,1,37,1,1,6,1,25,18,18000.0,18000.0,0.0,0,0.0,0.0,0.0,218.0,1,2,True,False,False,False,True,False,False,True,False,False,False,True,False,False,False,False,False,False,False,False,False,False,False,False,False,False,False,True,False,False,True,False,False,False,1
99,0,999999.0,1000.0,47700.0,3,0,0,0,0,0,0,0,0,0,0,0,1,0,0,2,99,99,0,53,0,0,6,0,24,44,7438.0,0.0,0.0,0,414.0,7024.0,0.0,115.0,1,0,True,False,False,False,True,False,False,True,False,False,False,False,False,False,False,False,False,True,False,False,False,False,False,False,False,False,False,True,True,False,False,False,False,False,1
99,1,67500.0,0.0,59800.0,1,1,1,1,2,0,1,1,0,1,0,0,3,0,0,1,99,99,0,19,0,0,6,0,41,68,10000.0,10000.0,0.0,0,0.0,0.0,0.0,501.0,1,0,True,False,False,False,True,False,False,True,True,False,False,False,False,False,False,False,False,False,False,False,False,False,False,False,False,False,False,True,False,False,False,True,False,False,1
99,1,187500.0,0.0,81732.0,1,1,1,1,2,0,1,1,0,1,0,0,4,0,0,1,99,99,1,16,1,1,5,1,0,0,0.0,0.0,0.0,0,0.0,0.0,0.0,501.0,0,0,True,False,False,False,True,False,False,True,True,False,False,False,False,False,False,False,False,False,False,False,False,False,False,False,False,False,False,True,False,False,False,True,False,False,1
99,1,95000.0,0.0,22762.0,1,0,3,0,1,0,1,0,0,0,0,0,8,0,0,1,99,99,2,29,0,0,6,0,11,11,4092.0,0.0,0.0,0,0.0,4092.0,0.0,105.0,1,0,True,False,False,False,True,False,False,True,True,False,False,False,False,False,False,False,False,False,False,False,False,False,True,False,False,False,False,False,False,False,False,True,False,False,1
99,1,350000.0,0.0,76500.0,2,2,2,2,0,0,0,0,0,0,1,1,5,1,1,1,0,0,0,37,0,0,8,0,26,72,34000.0,34000.0,0.0,0,0.0,0.0,0.0,489.0,1,0,True,False,False,False,True,False,False,True,False,False,False,False,False,False,False,False,False,False,False,False,True,False,False,False,False,False,False,True,False,False,True,False,False,False,1
99,1,400000.0,0.0,72802.0,2,0,1,0,1,0,1,0,0,0,0,0,3,0,0,1,99,99,1,8,1,1,1,1,0,0,0.0,999999.0,999999.0,999999,99999.0,99999.0,99999.0,501.0,1,0,True,False,False,False,True,False,False,True,True,False,False,False,False,False,False,False,False,False,False,False,False,False,False,False,False,False,False,True,False,False,False,True,False,False,1
99,1,225000.0,0.0,50800.0,1,1,1,1,2,0,1,1,0,1,0,0,4,0,0,1,99,99,1,3,0,0,0,0,0,0,0.0,999999.0,999999.0,999999,99999.0,99999.0,99999.0,404.0,1,0,True,False,False,False,True,False,False,True,True,False,False,False,False,False,False,False,False,False,False,False,False,False,False,False,False,False,False,True,False,False,False,True,False,False,1
99,1,95000.0,0.0,52000.0,3,2,1,1,0,0,0,0,0,0,6,1,7,0,0,1,99,99,0,24,0,0,3,0,9,6,9000.0,9000.0,0.0,0,0.0,0.0,0.0,263.0,1,0,True,False,False,False,True,False,False,True,False,False,False,False,False,False,True,False,False,False,False,False,False,False,False,False,False,False,False,True,False,False,True,False,False,False,1
99,1,225000.0,0.0,0.0,1,1,1,1,0,0,0,0,0,0,1,1,4,2,2,1,4,1,0,29,0,0,7,0,19,17,0.0,0.0,0.0,0,0.0,0.0,0.0,1.0,1,0,True,False,False,False,True,False,False,True,False,False,False,False,False,False,False,False,False,False,False,False,True,False,False,False,False,True,False,False,False,False,True,False,False,False,1
99,1,275000.0,0.0,89000.0,1,1,1,1,0,0,0,0,0,0,1,1,4,2,2,1,4,0,0,29,0,0,7,0,36,66,28000.0,28000.0,0.0,0,0.0,0.0,0.0,501.0,1,0,True,False,False,False,True,False,False,True,False,False,False,False,False,False,False,False,False,False,False,False,True,False,False,False,False,False,False,True,False,False,True,False,False,False,1
99,1,275000.0,0.0,36700.0,1,2,1,1,1,0,1,2,0,1,5,3,5,0,0,1,99,99,1,20,1,0,6,0,33,48,10700.0,10000.0,0.0,0,0.0,700.0,0.0,235.0,0,0,True,False,False,False,True,False,False,True,True,False,False,False,False,False,False,False,False,False,False,False,False,False,False,False,False,False,False,True,False,False,True,False,False,False,1
99,1,162500.0,0.0,17892.0,1,1,0,0,0,0,0,0,0,0,1,1,2,0,0,1,99,99,0,76,0,0,3,0,0,0,6600.0,0.0,0.0,0,6600.0,0.0,0.0,239.0,0,0,True,False,False,False,True,False,False,True,False,False,False,False,False,False,False,False,False,False,False,False,True,False,False,False,False,False,False,True,False,False,True,False,False,False,1
99,1,350000.0,0.0,107267.0,1,1,1,1,2,0,1,1,0,1,0,0,5,0,0,1,99,99,2,10,0,1,2,2,0,0,0.0,999999.0,999999.0,999999,99999.0,99999.0,99999.0,501.0,0,0,True,False,False,False,True,False,False,True,True,False,False,False,False,False,False,False,False,False,False,False,False,False,False,False,False,False,False,True,False,False,False,True,False,False,1
99,1,187500.0,0.0,35000.0,2,2,2,2,4,0,2,3,0,2,0,0,6,0,0,1,99,99,1,5,0,0,0,0,0,0,0.0,999999.0,999999.0,999999,99999.0,99999.0,99999.0,201.0,1,0,True,False,False,False,True,False,False,True,False,False,True,False,False,False,False,False,False,False,False,False,False,False,False,False,False,False,False,True,False,False,False,True,False,False,1
99,1,225000.0,0.0,105000.0,1,1,1,1,2,0,1,1,0,1,0,0,4,0,0,1,99,99,1,20,0,1,7,1,30,53,12000.0,12000.0,0.0,0,0.0,0.0,0.0,501.0,0,0,True,False,False,False,True,False,False,True,True,False,False,False,False,False,False,False,False,False,False,False,False,False,False,False,False,False,False,True,False,False,False,True,False,False,1
99,1,350000.0,0.0,40000.0,3,2,2,2,0,0,0,0,0,0,3,1,7,1,0,1,40,40,0,66,0,0,3,0,0,0,0.0,0.0,0.0,0,0.0,0.0,0.0,195.0,1,0,True,False,False,False,True,False,False,True,False,False,False,False,False,False,False,True,False,False,False,False,False,False,False,False,False,True,False,False,False,False,True,False,False,False,1
99,1,137500.0,0.0,27519.0,1,0,0,0,0,0,0,0,0,0,0,0,1,0,0,1,99,99,0,78,0,0,6,0,22,51,27519.0,0.0,0.0,0,2712.0,0.0,0.0,463.0,0,7,True,False,False,False,True,False,False,True,False,False,False,True,False,False,False,False,False,False,False,False,False,False,False,False,False,False,False,True,False,False,False,True,False,False,1
99,1,37500.0,0.0,16138.0,1,1,0,0,0,0,0,0,0,0,1,1,2,0,0,1,99,99,0,79,0,1,6,1,0,0,5900.0,0.0,0.0,0,3150.0,0.0,0.0,215.0,0,0,True,False,False,False,True,False,False,True,False,False,False,False,False,False,False,False,False,False,False,False,True,False,False,False,False,False,False,True,False,False,True,False,False,False,1
99,1,350000.0,0.0,46300.0,1,1,1,1,2,0,1,1,0,1,0,0,6,0,0,1,99,99,3,12,1,1,2,1,0,0,0.0,999999.0,999999.0,999999,99999.0,99999.0,99999.0,279.0,1,0,True,False,False,False,True,False,False,True,True,False,False,False,False,False,False,False,False,False,False,False,False,False,False,False,False,False,False,True,False,False,False,True,False,False,1
99,1,85000.0,0.0,13605.0,1,0,1,0,1,0,1,0,0,0,0,0,5,0,0,1,99,99,3,11,0,1,2,2,0,0,0.0,999999.0,999999.0,999999,99999.0,99999.0,99999.0,93.0,0,0,True,False,False,False,True,False,False,True,True,False,False,False,False,False,False,False,False,False,False,False,False,False,True,False,False,False,False,False,False,False,False,True,False,False,1
99,0,999999.0,875.0,2691.0,1,0,1,0,1,0,1,0,0,0,0,0,4,0,0,1,99,99,2,15,0,1,3,2,0,0,0.0,999999.0,999999.0,999999,0.0,0.0,0.0,21.0,1,0,True,False,False,False,True,False,False,True,True,False,False,False,False,False,False,False,False,False,False,False,False,False,False,False,False,False,False,True,False,False,False,True,False,False,1
99,0,999999.0,625.0,61165.0,1,1,1,1,0,0,0,0,0,0,1,1,3,1,0,1,11,11,0,40,0,0,8,0,22,61,2981.0,537.0,0.0,0,0.0,0.0,0.0,501.0,1,0,True,False,False,False,True,False,False,True,False,False,False,False,False,False,False,False,False,False,False,False,True,False,False,False,False,False,False,True,False,False,True,False,False,False,1
99,0,999999.0,875.0,19300.0,3,1,2,1,2,0,1,1,0,1,0,0,6,0,0,1,99,99,3,18,1,0,4,0,20,8,1300.0,1300.0,0.0,0,0.0,0.0,0.0,113.0,1,0,True,False,False,False,True,False,False,True,True,False,False,False,False,False,False,False,False,False,False,False,False,False,False,False,False,False,False,True,False,False,False,True,False,False,0
99,1,187500.0,0.0,34000.0,1,1,1,1,2,7,1,1,0,1,0,0,4,0,0,1,99,99,1,8,1,1,1,2,0,0,0.0,999999.0,999999.0,999999,99999.0,99999.0,99999.0,270.0,0,0,True,False,False,False,True,False,False,True,True,False,False,False,False,False,False,False,False,False,False,False,False,False,False,False,False,False,False,True,False,False,False,True,False,False,1
99,1,187500.0,0.0,67034.0,2,1,1,1,2,0,1,1,0,1,0,0,4,0,0,1,99,99,1,22,0,0,7,0,41,68,19334.0,19000.0,0.0,0,0.0,0.0,0.0,501.0,0,0,True,False,False,False,True,False,False,True,True,False,False,False,False,False,False,False,False,False,False,False,False,False,False,False,False,False,False,True,False,False,False,True,False,False,1
99,0,999999.0,512.0,18600.0,3,0,1,0,0,0,0,0,0,0,0,0,1,0,0,3,99,99,0,25,0,0,6,0,6,7,1700.0,1700.0,0.0,0,0.0,0.0,0.0,26.0,1,0,True,False,False,False,True,False,False,True,False,False,False,False,False,False,False,False,False,True,False,False,False,False,False,False,False,False,False,True,False,True,False,False,False,False,1
99,1,137500.0,0.0,36806.0,1,0,1,0,0,0,0,0,0,0,0,0,2,1,0,1,11,11,0,34,0,0,8,0,26,72,36806.0,36806.0,0.0,0,0.0,0.0,0.0,431.0,1,1,True,False,False,False,True,False,False,True,False,False,False,True,False,False,False,False,False,False,False,False,False,False,True,False,False,False,False,False,False,False,False,True,False,False,1
99,1,350000.0,0.0,26848.0,3,0,0,0,0,0,0,0,0,0,0,0,1,0,0,2,99,99,0,27,0,0,8,0,37,78,41000.0,38000.0,2500.0,0,0.0,0.0,0.0,501.0,1,0,True,False,False,False,True,False,False,True,False,False,False,False,False,False,False,False,False,True,False,False,False,False,False,False,False,False,False,True,True,False,False,False,False,False,1
99,0,999999.0,537.0,12000.0,3,0,2,0,1,0,1,0,0,0,0,0,4,0,0,1,99,99,2,15,0,1,3,1,0,0,0.0,999999.0,999999.0,999999,0.0,0.0,0.0,92.0,1,0,True,False,False,False,True,False,False,True,True,False,False,False,False,False,False,False,False,False,False,False,False,False,False,False,False,False,False,True,False,False,False,True,False,False,1
99,0,999999.0,487.0,25962.0,1,0,2,0,0,0,0,0,0,0,0,0,3,1,0,1,31,31,0,53,0,1,4,1,0,0,7962.0,0.0,0.0,0,4644.0,3318.0,0.0,260.0,0,7,True,False,False,False,True,False,False,True,False,False,False,True,False,False,False,False,False,False,False,False,False,False,True,False,False,False,False,False,True,False,False,False,False,False,1
99,1,162500.0,0.0,77000.0,1,1,2,1,3,0,5,0,0,0,0,0,4,0,0,1,99,99,0,1,0,0,7,0,0,0,0.0,999999.0,999999.0,999999,99999.0,99999.0,99999.0,501.0,1,0,True,False,False,False,True,False,False,True,False,False,True,False,False,False,False,False,False,False,False,False,False,False,False,False,False,False,False,True,False,False,False,True,False,False,1
99,1,162500.0,0.0,76950.0,1,1,1,1,0,0,0,0,0,0,1,1,3,1,0,1,27,27,0,56,0,0,8,0,26,58,33100.0,32000.0,0.0,0,0.0,0.0,0.0,501.0,0,0,True,False,False,False,True,False,False,True,False,False,False,False,False,False,False,False,False,False,False,False,True,False,False,True,False,False,False,False,False,False,True,False,False,False,1
99,1,275000.0,0.0,65624.0,1,1,1,1,2,0,1,1,0,1,0,0,6,0,0,1,99,99,3,23,1,1,6,1,41,68,14500.0,14400.0,0.0,0,0.0,0.0,0.0,370.0,1,0,True,False,False,False,True,False,False,True,True,False,False,False,False,False,False,False,False,False,False,False,False,False,False,True,False,False,False,False,False,False,False,True,False,False,1
99,0,999999.0,675.0,34652.0,2,0,0,0,0,0,0,0,0,0,0,0,1,0,0,1,99,99,0,24,1,0,8,0,31,73,34652.0,34522.0,0.0,0,0.0,0.0,0.0,501.0,1,1,True,False,False,False,True,False,False,True,False,False,False,True,False,False,False,False,False,False,False,False,False,False,False,False,False,True,False,False,False,False,False,True,False,False,1
99,0,999999.0,675.0,10315.0,1,0,0,0,0,0,0,0,0,0,0,0,1,0,0,1,99,99,0,74,0,0,3,0,0,0,10315.0,0.0,0.0,0,3970.0,0.0,0.0,173.0,1,2,True,False,False,False,True,False,False,True,False,False,False,True,False,False,False,False,False,False,False,False,False,False,False,False,False,False,False,True,False,False,False,False,False,True,1
99,0,999999.0,412.0,16736.0,2,1,1,1,0,0,0,0,0,0,1,1,5,2,2,1,2,0,0,22,0,0,6,0,0,0,0.0,0.0,0.0,0,0.0,0.0,0.0,110.0,1,0,True,False,False,False,True,False,False,True,False,False,False,False,False,False,False,False,False,False,False,False,True,False,False,False,False,False,False,True,False,False,True,False,False,False,1
99,0,999999.0,1000.0,2005.0,1,2,2,2,0,0,0,0,0,0,3,1,7,1,0,1,41,41,0,63,0,0,6,0,0,0,0.0,0.0,0.0,0,0.0,0.0,0.0,10.0,1,0,True,False,False,False,True,False,False,True,False,False,False,False,False,False,False,True,False,False,False,False,False,False,False,False,False,True,False,False,False,False,True,False,False,False,1
99,0,999999.0,875.0,18000.0,1,1,2,1,6,7,1,0,0,0,2,2,6,2,0,1,13,9,1,47,0,0,4,0,0,0,0.0,0.0,0.0,0,0.0,0.0,0.0,103.0,1,1,True,False,False,False,True,False,False,True,False,False,False,True,False,False,False,False,False,False,False,False,False,False,False,False,False,False,False,True,False,False,True,False,False,False,1
99,0,999999.0,875.0,65080.0,1,1,1,1,0,0,0,0,0,0,2,1,4,2,2,1,4,0,0,50,1,0,8,0,35,46,30000.0,30000.0,0.0,0,0.0,0.0,0.0,501.0,1,1,True,False,False,False,True,False,False,True,False,False,False,True,False,False,False,False,False,False,False,False,False,False,True,False,False,False,False,False,False,False,True,False,False,False,1
99,0,999999.0,462.0,4500.0,1,1,1,1,0,0,0,0,0,0,1,1,5,2,0,1,10,6,0,32,0,0,0,0,0,0,4500.0,0.0,0.0,0,0.0,4500.0,0.0,30.0,0,0,True,False,False,False,True,False,False,True,False,False,False,False,False,False,False,False,False,False,False,False,True,False,False,False,False,False,False,True,False,False,True,False,False,False,1
99,1,400000.0,0.0,105200.0,1,1,1,1,2,0,1,1,0,1,0,0,3,0,0,1,99,99,0,18,1,1,6,2,17,11,2700.0,1200.0,0.0,0,0.0,0.0,0.0,501.0,0,0,True,False,False,False,True,False,False,True,True,False,False,False,False,False,False,False,False,False,False,False,False,False,False,False,False,False,False,True,False,False,False,True,False,False,1
99,0,999999.0,137.0,0.0,1,0,1,0,0,0,0,0,0,0,0,0,4,0,0,1,99,99,2,31,1,0,6,0,23,8,0.0,0.0,0.0,0,0.0,0.0,0.0,1.0,0,0,True,False,False,False,True,False,False,True,False,False,False,False,False,False,False,False,False,False,True,False,False,False,True,False,False,False,False,False,False,False,False,True,False,False,1
99,1,400000.0,0.0,36450.0,1,0,1,0,0,0,0,0,0,0,0,0,2,1,0,1,34,34,0,65,0,0,8,0,25,44,9450.0,4000.0,0.0,0,5350.0,0.0,0.0,486.0,0,7,True,False,False,False,True,False,False,True,False,False,False,True,False,False,False,False,False,False,False,False,False,False,False,False,False,False,False,True,True,False,False,False,False,False,1
99,0,999999.0,675.0,28000.0,3,2,0,0,0,0,0,0,0,0,0,0,1,0,0,3,99,99,0,22,0,0,6,0,0,0,0.0,0.0,0.0,0,0.0,0.0,0.0,1.0,1,0,True,False,False,False,True,False,False,True,False,False,False,False,False,False,False,False,False,True,False,False,False,False,False,False,False,False,False,True,False,False,False,True,False,False,1
99,0,999999.0,512.0,6720.0,1,0,1,0,1,0,1,0,0,0,0,0,3,0,0,1,99,99,1,8,0,1,1,1,0,0,0.0,999999.0,999999.0,999999,99999.0,99999.0,99999.0,67.0,1,0,True,False,False,False,True,False,False,True,True,False,False,False,False,False,False,False,False,False,False,False,False,False,False,False,False,False,False,True,False,False,False,True,False,False,1
99,1,162500.0,0.0,27841.0,1,1,1,1,2,0,1,1,0,1,0,0,4,0,0,1,99,99,1,8,0,1,1,1,0,0,0.0,999999.0,999999.0,999999,99999.0,99999.0,99999.0,221.0,0,0,True,False,False,False,True,False,False,True,True,False,False,False,False,False,False,False,False,False,False,False,False,False,False,False,False,False,False,True,False,False,False,True,False,False,1
99,0,999999.0,675.0,37098.0,1,1,1,1,0,0,0,0,0,0,2,1,3,1,0,1,27,27,0,70,1,0,2,0,20,8,16146.0,8768.0,0.0,0,7378.0,0.0,0.0,382.0,1,2,True,False,False,False,True,False,False,True,False,False,False,True,False,False,False,False,False,False,False,False,False,False,False,False,False,False,False,True,False,False,True,False,False,False,1
99,1,57500.0,0.0,84100.0,1,1,1,1,2,0,1,1,0,1,0,0,4,0,0,1,99,99,1,23,0,1,7,1,18,44,9200.0,9000.0,0.0,0,0.0,0.0,0.0,501.0,1,0,True,False,False,False,True,False,False,True,True,False,False,False,False,False,False,False,False,False,False,False,False,False,False,False,False,False,False,True,False,False,False,True,False,False,1
99,1,137500.0,0.0,34130.0,1,0,1,0,0,0,0,0,0,0,0,0,2,1,0,1,45,45,0,82,0,0,7,0,0,0,6030.0,0.0,0.0,0,6000.0,0.0,0.0,455.0,0,8,True,False,False,False,True,False,False,True,False,False,False,True,False,False,False,False,False,False,False,False,False,False,False,False,False,False,False,True,False,False,False,False,False,True,1
99,1,137500.0,0.0,57587.0,1,0,1,0,1,0,1,0,0,0,0,0,4,0,0,1,99,99,2,32,1,0,7,0,24,47,19000.0,19000.0,0.0,0,0.0,0.0,0.0,450.0,0,0,True,False,False,False,True,False,False,True,True,False,False,False,False,False,False,False,False,False,False,False,False,False,False,False,False,False,False,True,False,False,False,True,False,False,1
99,0,999999.0,312.0,13312.0,1,1,0,0,0,0,0,0,0,0,2,1,2,0,0,1,99,99,0,74,1,0,2,0,0,0,7928.0,0.0,0.0,0,6528.0,1400.0,0.0,178.0,0,6,True,False,False,False,True,False,False,True,False,False,False,True,False,False,False,False,False,False,False,False,False,False,True,False,False,False,False,False,False,False,True,False,False,False,1
99,1,400000.0,0.0,118000.0,1,1,1,1,0,0,0,0,0,0,1,1,3,1,1,1,3,3,0,33,0,0,8,0,46,84,70000.0,70000.0,0.0,0,0.0,0.0,0.0,501.0,1,0,True,False,False,False,True,False,False,True,False,False,False,False,False,False,False,False,False,False,False,False,True,False,False,False,False,False,False,True,False,False,True,False,False,False,1
99,0,999999.0,487.0,29290.0,1,1,1,1,2,0,1,1,0,1,0,0,7,0,0,1,99,99,3,7,1,1,1,1,0,0,0.0,999999.0,999999.0,999999,99999.0,99999.0,99999.0,158.0,0,0,True,False,False,False,True,False,False,True,True,False,False,False,False,False,False,False,False,False,False,False,False,False,False,False,False,True,False,False,False,False,False,True,False,False,1
99,0,999999.0,725.0,35000.0,1,0,1,0,1,0,1,0,0,0,0,0,5,0,0,1,99,99,3,13,0,1,2,1,0,0,0.0,999999.0,999999.0,999999,99999.0,99999.0,99999.0,240.0,1,0,True,False,False,False,True,False,False,True,True,False,False,False,False,False,False,False,False,False,False,False,False,False,True,False,False,False,False,False,False,False,False,True,False,False,1
99,0,999999.0,537.0,2100.0,1,0,1,0,0,0,0,0,0,0,0,0,4,3,3,1,4,2,0,21,0,0,6,0,17,13,2100.0,2100.0,0.0,0,0.0,0.0,0.0,17.0,1,1,True,False,False,False,True,False,False,True,False,False,False,True,False,False,False,False,False,False,False,False,False,False,True,False,False,False,False,False,False,False,False,True,False,False,1
99,0,999999.0,1000.0,127000.0,1,1,0,0,0,0,0,0,0,0,1,1,2,0,0,1,99,99,0,48,0,0,6,0,41,68,48000.0,48000.0,0.0,0,0.0,0.0,0.0,501.0,1,0,True,False,False,False,True,False,False,True,False,False,False,False,False,False,False,False,False,False,False,False,True,False,False,False,False,False,False,True,False,False,True,False,False,False,1
99,0,999999.0,412.0,71000.0,1,1,1,1,2,0,1,1,3,1,0,0,5,0,0,1,99,99,2,17,0,1,5,1,18,44,2000.0,2000.0,0.0,0,0.0,0.0,0.0,480.0,0,0,True,False,False,False,True,False,False,True,True,False,False,False,False,False,False,False,False,False,False,False,False,False,True,False,False,False,False,False,False,False,False,True,False,False,0
99,1,400000.0,0.0,60760.0,1,1,0,0,0,0,0,0,0,0,1,1,2,0,0,1,99,99,0,79,0,0,8,0,0,0,23860.0,0.0,0.0,0,9360.0,0.0,0.0,501.0,0,0,True,False,False,False,True,False,False,True,False,False,False,False,False,False,False,False,False,False,False,False,True,False,False,False,False,False,False,True,False,False,True,False,False,False,1
99,1,350000.0,0.0,124500.0,1,1,1,1,2,0,1,1,0,1,0,0,4,0,0,1,99,99,1,24,1,1,8,2,17,13,20000.0,20000.0,0.0,0,0.0,0.0,0.0,501.0,0,0,True,False,False,False,True,False,False,True,True,False,False,False,False,False,False,False,False,False,False,False,False,False,False,False,False,False,False,True,False,False,False,True,False,False,1
99,0,999999.0,1000.0,5000.0,4,0,0,0,0,0,0,0,0,0,0,0,1,0,0,4,99,99,0,23,1,0,8,0,41,68,6050.0,6000.0,0.0,0,0.0,0.0,0.0,94.0,1,0,True,False,False,False,True,False,False,True,False,False,False,False,False,False,False,False,False,True,False,False,False,False,False,False,False,True,False,False,False,False,False,True,False,False,1
99,0,999999.0,512.0,720.0,1,0,0,0,0,0,0,0,0,0,0,0,4,0,0,1,99,99,2,26,1,0,4,0,20,8,0.0,0.0,0.0,0,0.0,0.0,0.0,6.0,1,2,True,False,False,False,True,False,False,True,False,False,False,True,False,False,False,False,False,False,False,False,False,False,True,False,False,False,False,False,False,False,False,True,False,False,1
99,0,999999.0,487.0,17300.0,1,0,0,0,0,0,0,0,0,0,0,0,1,0,0,1,99,99,0,39,0,0,7,0,18,44,17300.0,17000.0,0.0,0,0.0,0.0,0.0,268.0,1,1,True,False,False,False,True,False,False,True,False,False,False,True,False,False,False,False,False,False,False,False,False,False,False,False,False,False,False,True,False,False,False,True,False,False,1
99,0,999999.0,512.0,37000.0,1,1,1,1,0,0,0,0,0,0,2,1,4,2,1,1,7,2,0,33,1,0,7,0,37,49,27000.0,27000.0,0.0,0,0.0,0.0,0.0,294.0,1,2,True,False,False,False,True,False,False,True,False,False,False,True,False,False,False,False,False,False,False,False,False,False,True,False,False,False,False,False,False,False,True,False,False,False,1
99,1,162500.0,0.0,47800.0,1,0,1,0,0,0,0,0,0,0,0,0,3,2,0,1,42,40,0,74,0,0,4,0,0,0,4000.0,0.0,0.0,0,4000.0,0.0,0.0,493.0,0,6,True,False,False,False,True,False,False,True,False,False,False,True,False,False,False,False,False,False,False,False,False,False,False,False,False,False,False,True,False,False,False,False,False,True,1
99,1,400000.0,0.0,0.0,1,1,1,1,2,0,1,1,0,1,0,0,3,0,0,1,99,99,0,3,0,0,0,0,0,0,0.0,999999.0,999999.0,999999,99999.0,99999.0,99999.0,1.0,1,0,True,False,False,False,True,False,False,True,True,False,False,False,False,False,False,False,False,False,False,False,False,False,False,False,False,False,False,True,False,False,False,True,False,False,1
99,0,999999.0,575.0,42000.0,1,0,1,0,0,0,0,0,0,0,0,0,2,1,0,1,21,21,0,46,0,0,6,0,24,44,17000.0,17000.0,0.0,0,0.0,0.0,0.0,501.0,0,2,True,False,False,False,True,False,False,True,False,False,False,True,False,False,False,False,False,False,False,False,False,False,False,False,False,False,False,True,True,False,False,False,False,False,0
99,1,350000.0,0.0,109200.0,1,1,1,1,1,0,1,2,0,1,0,0,4,0,0,1,99,99,1,10,0,1,1,1,0,0,0.0,999999.0,999999.0,999999,99999.0,99999.0,99999.0,501.0,0,0,True,False,False,False,True,False,False,True,True,False,False,False,False,False,False,False,False,False,False,False,False,False,False,False,False,False,False,True,False,False,False,True,False,False,1
99,0,999999.0,0.0,999999.0,1,0,0,0,0,0,0,0,0,0,0,0,1,0,0,1,99,99,0,19,0,1,6,2,25,44,1000.0,1000.0,0.0,0,0.0,0.0,0.0,0.0,1,0,False,False,True,False,False,True,False,True,False,False,False,False,False,True,False,False,False,False,False,False,False,False,False,False,False,False,False,True,False,False,False,True,False,False,0
99,0,999999.0,875.0,15000.0,2,0,0,0,0,0,0,0,0,0,0,0,1,0,0,1,99,99,0,44,1,0,7,0,19,17,15000.0,15000.0,0.0,0,0.0,0.0,0.0,233.0,0,5,True,False,False,False,True,False,False,True,False,False,False,True,False,False,False,False,False,False,False,False,False,False,False,False,False,True,False,False,False,False,False,True,False,False,0
99,1,400000.0,0.0,93000.0,1,1,1,1,0,0,0,0,0,0,2,1,4,2,0,1,21,17,0,46,1,0,7,0,38,68,70000.0,0.0,70000.0,0,0.0,0.0,0.0,501.0,0,6,True,False,False,False,True,False,False,True,False,False,False,True,False,False,False,False,False,False,False,False,False,False,False,False,False,False,False,True,False,False,True,False,False,False,1
99,0,999999.0,212.0,0.0,1,1,1,1,2,0,1,1,0,1,0,0,5,0,0,1,99,99,2,2,0,0,7,0,0,0,0.0,999999.0,999999.0,999999,99999.0,99999.0,99999.0,1.0,1,0,True,False,False,False,True,False,False,True,True,False,False,False,False,False,False,False,False,False,False,False,False,False,False,False,False,False,False,True,False,False,False,True,False,False,1
99,0,999999.0,575.0,1940.0,2,0,1,1,0,0,0,0,0,0,0,0,3,2,0,1,18,16,0,37,0,0,2,0,0,0,0.0,0.0,0.0,0,0.0,0.0,0.0,19.0,1,2,True,False,False,False,True,False,False,True,False,False,False,True,False,False,False,False,False,False,False,False,False,False,False,False,False,False,False,True,False,False,False,False,True,False,1
99,0,999999.0,725.0,26400.0,1,1,0,0,0,0,0,0,0,0,2,1,2,0,0,1,99,99,0,29,1,1,7,1,25,15,6400.0,3600.0,2800.0,0,0.0,0.0,0.0,318.0,1,1,True,False,False,False,True,False,False,True,False,False,False,True,False,False,False,False,False,False,False,False,False,False,False,False,False,False,False,True,False,False,True,False,False,False,1
99,1,275000.0,0.0,64603.0,1,0,0,0,0,0,0,0,0,0,0,0,1,0,0,1,99,99,0,20,0,0,6,0,26,52,64603.0,6000.0,0.0,0,0.0,0.0,0.0,501.0,0,6,True,False,False,False,True,False,False,True,False,False,False,True,False,False,False,False,False,False,False,False,False,False,False,False,False,False,False,True,False,True,False,False,False,False,1
99,1,350000.0,0.0,124005.0,1,1,0,0,0,0,0,0,0,0,1,1,2,0,0,1,99,99,0,58,0,0,7,0,49,90,77601.0,1979.0,75622.0,0,0.0,0.0,0.0,501.0,0,0,True,False,False,False,True,False,False,True,False,False,False,False,False,False,False,False,False,False,False,False,True,False,False,False,False,False,False,True,False,False,True,False,False,False,0
99,0,999999.0,575.0,9888.0,2,1,1,1,2,0,1,1,0,1,0,0,4,0,0,1,99,99,1,3,0,0,0,0,0,0,0.0,999999.0,999999.0,999999,99999.0,99999.0,99999.0,79.0,1,0,True,False,False,False,True,False,False,True,True,False,False,False,False,False,False,False,False,False,False,False,False,False,False,False,False,False,False,True,False,False,False,True,False,False,1
99,0,999999.0,875.0,0.0,1,0,0,0,0,0,0,0,0,0,0,0,1,0,0,1,99,99,0,32,1,1,6,1,0,0,0.0,0.0,0.0,0,0.0,0.0,0.0,1.0,1,1,True,False,False,False,True,False,False,True,False,False,False,True,False,False,False,False,False,False,False,False,False,False,False,False,False,True,False,False,False,False,False,True,False,False,1
99,0,999999.0,575.0,63300.0,1,0,0,0,0,0,0,0,0,0,0,0,1,0,0,1,99,99,0,51,1,1,8,1,35,66,63300.0,58300.0,0.0,0,0.0,0.0,0.0,501.0,0,6,True,False,False,False,True,False,False,True,False,False,False,True,False,False,False,False,False,False,False,False,False,False,False,False,False,False,False,True,False,False,False,True,False,False,0
99,0,999999.0,282.0,6720.0,1,1,1,1,2,0,1,1,0,1,0,0,7,0,0,1,99,99,4,6,0,1,0,1,0,0,0.0,999999.0,999999.0,999999,99999.0,99999.0,99999.0,36.0,0,0,True,False,False,False,True,False,False,True,True,False,False,False,False,False,False,False,False,False,False,False,False,False,False,False,False,False,False,True,False,False,False,True,False,False,1
99,1,72500.0,0.0,57885.0,1,0,2,0,3,0,1,0,0,0,0,0,4,0,0,1,99,99,1,33,1,0,6,0,24,44,14146.0,14146.0,0.0,0,0.0,0.0,0.0,453.0,0,0,True,False,False,False,True,False,False,True,False,False,False,False,False,False,False,False,False,False,True,False,False,False,True,False,False,False,False,False,False,False,False,True,False,False,1
99,1,225000.0,0.0,26812.0,1,1,1,1,2,0,1,1,0,1,0,0,5,0,0,1,99,99,2,4,1,0,0,0,0,0,0.0,999999.0,999999.0,999999,99999.0,99999.0,99999.0,181.0,1,0,True,False,False,False,True,False,False,True,True,False,False,False,False,False,False,False,False,False,False,False,False,False,False,False,False,False,False,True,False,False,False,True,False,False,1
99,1,225000.0,0.0,35400.0,1,1,0,0,0,0,0,0,0,0,2,1,2,0,0,1,99,99,0,71,1,0,6,0,0,0,35400.0,0.0,0.0,0,12000.0,0.0,0.0,472.0,0,7,True,False,False,False,True,False,False,True,False,False,False,True,False,False,False,False,False,False,False,False,False,False,False,False,False,False,False,True,False,False,True,False,False,False,1
99,1,162500.0,0.0,30067.0,1,1,1,1,0,0,0,0,0,0,1,1,3,1,0,1,42,42,0,61,0,0,7,0,30,24,4100.0,0.0,0.0,0,0.0,0.0,0.0,310.0,0,0,True,False,False,False,True,False,False,True,False,False,False,False,False,False,False,False,False,False,False,False,True,False,False,False,False,False,False,True,False,False,True,False,False,False,1
99,0,999999.0,412.0,27868.0,1,1,0,0,0,0,0,0,0,0,2,1,2,0,0,1,99,99,0,65,1,0,2,0,17,11,25000.0,25000.0,0.0,0,0.0,0.0,0.0,372.0,0,5,True,False,False,False,True,False,False,True,False,False,False,True,False,False,False,False,False,False,False,False,False,False,False,False,False,False,False,True,False,False,True,False,False,False,0
99,1,350000.0,0.0,198616.0,1,1,1,1,2,0,1,1,0,1,0,0,6,0,0,1,99,99,3,15,0,1,3,1,0,0,0.0,999999.0,999999.0,999999,0.0,0.0,0.0,501.0,0,0,True,False,False,False,True,False,False,True,True,False,False,False,False,False,False,False,False,False,False,False,False,False,False,False,False,False,False,True,False,False,False,True,False,False,1
99,0,999999.0,512.0,17000.0,2,1,0,0,0,0,0,0,0,0,1,1,2,0,0,1,99,99,0,31,0,1,2,2,6,7,0.0,0.0,0.0,0,0.0,0.0,0.0,205.0,1,0,True,False,False,False,True,False,False,True,False,False,False,False,False,False,False,False,False,False,False,False,True,False,False,False,False,False,False,True,False,False,True,False,False,False,1
99,0,999999.0,512.0,16400.0,2,1,1,1,2,0,1,1,0,1,0,0,9,0,0,1,99,99,5,17,1,1,5,1,18,44,1700.0,1700.0,0.0,0,0.0,0.0,0.0,62.0,0,0,True,False,False,False,True,False,False,True,True,False,False,False,False,False,False,False,False,False,False,False,False,False,False,False,False,False,False,True,False,False,False,True,False,False,1
99,0,999999.0,212.0,3627.0,1,0,0,0,0,0,0,0,0,0,0,0,1,0,0,1,99,99,0,77,0,0,6,0,0,0,3627.0,0.0,0.0,0,783.0,0.0,0.0,61.0,0,6,True,False,False,False,True,False,False,True,False,False,False,True,False,False,False,False,False,False,False,False,False,False,False,False,False,False,False,True,False,False,False,False,False,True,1
99,0,999999.0,675.0,64436.0,1,0,2,0,3,0,2,0,0,0,0,0,7,0,0,1,99,99,2,6,1,1,0,1,0,0,0.0,999999.0,999999.0,999999,99999.0,99999.0,99999.0,335.0,0,0,True,False,False,False,True,False,False,True,False,False,True,False,False,False,False,False,False,False,False,False,False,False,False,False,False,False,True,False,False,False,False,True,False,False,1
99,1,137500.0,0.0,47371.0,1,1,1,1,0,0,0,0,0,0,2,1,5,2,0,1,11,8,0,37,1,0,7,0,16,15,38000.0,38000.0,0.0,0,0.0,0.0,0.0,320.0,0,5,True,False,False,False,True,False,False,True,False,False,False,True,False,False,False,False,False,False,False,False,False,False,False,False,False,False,False,True,False,False,True,False,False,False,1
99,1,137500.0,0.0,13056.0,3,0,0,0,0,0,0,0,0,0,0,0,1,0,0,2,99,99,0,10,0,1,1,1,0,0,0.0,999999.0,999999.0,999999,99999.0,99999.0,99999.0,1.0,0,0,True,False,False,False,True,False,False,True,False,False,False,False,False,True,False,False,False,False,False,False,False,False,False,False,False,False,False,True,False,False,False,True,False,False,1
99,0,999999.0,237.0,12175.0,1,0,1,0,0,0,0,0,0,0,0,0,4,3,2,1,6,3,0,26,0,0,6,0,23,18,12175.0,6031.0,0.0,0,0.0,6144.0,0.0,96.0,0,2,True,False,False,False,True,False,False,True,False,False,False,True,False,False,False,False,False,False,False,False,False,False,False,False,False,False,False,True,False,False,False,False,False,True,1
99,0,999999.0,675.0,19224.0,1,1,1,1,2,0,1,1,0,1,0,0,4,0,0,1,99,99,1,3,1,0,0,0,0,0,0.0,999999.0,999999.0,999999,99999.0,99999.0,99999.0,153.0,1,0,True,False,False,False,True,False,False,True,True,False,False,False,False,False,False,False,False,False,False,False,False,False,False,False,False,False,False,True,False,False,False,True,False,False,1
99,1,27500.0,0.0,28641.0,1,1,1,1,0,0,0,0,0,0,2,1,5,3,0,1,19,10,0,49,1,1,7,1,41,68,28641.0,0.0,0.0,0,0.0,0.0,28641.0,189.0,0,1,True,False,False,False,True,False,False,True,False,False,False,True,False,False,False,False,False,False,False,False,False,False,False,False,False,True,False,False,False,False,True,False,False,False,1
99,0,999999.0,725.0,29000.0,1,0,0,1,0,0,0,1,0,1,0,0,2,0,0,1,99,99,0,6,1,1,0,1,0,0,0.0,999999.0,999999.0,999999,99999.0,99999.0,99999.0,339.0,1,0,True,False,False,False,True,False,False,True,True,False,False,False,False,False,False,False,False,False,False,False,False,False,False,False,False,False,False,True,False,False,False,True,False,False,1
99,1,275000.0,0.0,84200.0,1,1,0,0,0,0,0,0,0,0,1,1,3,0,0,1,99,99,0,30,0,0,8,0,35,62,16500.0,12000.0,4500.0,0,0.0,0.0,0.0,501.0,1,0,True,False,False,False,True,False,False,True,False,False,False,False,False,False,False,False,False,False,False,False,True,False,False,False,False,True,False,False,False,False,True,False,False,False,1
99,0,999999.0,875.0,52000.0,1,1,1,1,2,0,1,1,0,1,0,0,3,0,0,1,99,99,0,10,0,1,1,2,0,0,0.0,999999.0,999999.0,999999,99999.0,99999.0,99999.0,501.0,1,0,True,False,False,False,True,False,False,True,True,False,False,False,False,False,False,False,False,False,False,False,False,False,False,False,False,False,False,True,False,False,False,True,False,False,1
99,0,999999.0,362.0,69620.0,1,0,1,1,0,0,0,1,0,1,0,0,8,0,0,1,99,99,1,5,1,0,0,0,0,0,0.0,999999.0,999999.0,999999,99999.0,99999.0,99999.0,308.0,0,0,True,False,False,False,True,False,False,True,True,False,False,False,False,False,False,False,False,False,False,False,False,False,False,False,False,False,False,True,False,False,False,True,False,False,1
99,0,999999.0,725.0,27000.0,1,0,1,0,1,0,1,0,0,0,0,0,4,0,0,1,99,99,2,15,0,1,2,1,0,0,0.0,999999.0,999999.0,999999,0.0,0.0,0.0,208.0,1,0,True,False,False,False,True,False,False,True,True,False,False,False,False,False,False,False,False,False,False,False,False,False,False,False,False,False,False,True,False,False,False,True,False,False,1
99,1,137500.0,0.0,58000.0,1,1,1,1,2,0,1,1,0,1,0,0,4,0,0,1,99,99,1,4,1,0,0,0,0,0,0.0,999999.0,999999.0,999999,99999.0,99999.0,99999.0,461.0,1,0,True,False,False,False,True,False,False,True,True,False,False,False,False,False,False,False,False,False,False,False,False,False,False,False,False,False,False,True,False,False,False,True,False,False,1
99,1,137500.0,0.0,77525.0,1,1,2,1,1,0,1,0,0,0,3,3,5,1,1,1,2,2,1,32,1,0,8,0,38,68,38600.0,37400.0,0.0,0,0.0,0.0,0.0,495.0,1,0,True,False,False,False,True,False,False,True,True,False,False,False,False,False,False,False,False,False,False,False,False,False,False,False,False,False,False,True,False,False,True,False,False,False,1
99,0,999999.0,282.0,22212.0,1,0,1,0,1,0,1,0,0,0,0,0,5,0,0,1,99,99,3,12,1,1,2,1,0,0,0.0,999999.0,999999.0,999999,99999.0,99999.0,99999.0,150.0,0,0,True,False,False,False,True,False,False,True,True,False,False,False,False,False,False,False,False,False,False,False,False,False,False,False,False,False,False,True,False,False,False,True,False,False,1
99,0,999999.0,575.0,10276.0,1,1,1,1,1,0,1,2,0,1,0,0,7,0,0,1,99,99,4,14,1,1,2,1,0,0,0.0,999999.0,999999.0,999999,99999.0,99999.0,99999.0,50.0,1,0,True,False,False,False,True,False,False,True,True,False,False,False,False,False,False,False,False,False,False,False,False,False,False,False,False,False,False,True,False,False,False,True,False,False,1
99,1,85000.0,0.0,31000.0,1,0,1,0,1,0,1,0,0,0,0,0,2,0,0,1,99,99,0,31,1,0,7,0,18,44,16000.0,16000.0,0.0,0,0.0,0.0,0.0,373.0,1,0,True,False,False,False,True,False,False,True,True,False,False,False,False,False,False,False,False,False,False,False,False,False,False,False,False,False,False,True,False,False,False,True,False,False,1
99,1,225000.0,0.0,77731.0,1,1,1,1,2,0,1,1,3,1,0,0,4,0,0,1,99,99,1,4,0,1,0,2,0,0,0.0,999999.0,999999.0,999999,99999.0,99999.0,99999.0,501.0,1,0,True,False,False,False,True,False,False,True,True,False,False,False,False,False,False,False,False,False,False,False,False,False,False,False,False,False,False,True,False,False,False,True,False,False,1
99,0,999999.0,312.0,38613.0,1,1,1,1,2,0,1,1,0,1,0,0,5,0,0,1,99,99,2,9,0,1,1,1,0,0,0.0,999999.0,999999.0,999999,99999.0,99999.0,99999.0,261.0,1,0,True,False,False,False,True,False,False,True,True,False,False,False,False,False,False,False,False,False,False,False,False,False,False,False,False,False,False,True,False,False,False,True,False,False,1
99,1,225000.0,0.0,11184.0,1,1,0,0,0,0,0,0,0,0,2,2,3,0,0,1,99,99,0,71,0,0,2,0,0,0,3000.0,0.0,0.0,0,0.0,3000.0,0.0,112.0,0,8,True,False,False,False,True,False,False,True,False,False,False,True,False,False,False,False,False,False,False,False,False,False,False,False,False,False,False,True,False,False,True,False,False,False,1
99,0,999999.0,1000.0,40000.0,2,0,0,0,0,0,0,0,0,0,0,0,1,0,0,2,99,99,0,46,1,0,7,0,41,72,85000.0,85000.0,0.0,0,0.0,0.0,0.0,501.0,0,0,True,False,False,False,True,False,False,True,False,False,False,False,False,False,False,False,False,True,False,False,False,False,False,False,False,False,False,True,True,False,False,False,False,False,1
99,1,187500.0,0.0,61906.0,1,1,1,1,2,0,1,1,3,1,0,0,3,0,0,1,99,99,0,17,1,1,6,1,16,15,1500.0,1500.0,0.0,0,0.0,0.0,0.0,501.0,1,0,True,False,False,False,True,False,False,True,True,False,False,False,False,False,False,False,False,False,False,False,False,False,False,False,False,False,False,True,False,False,False,True,False,False,1
99,0,999999.0,625.0,20699.0,1,1,1,1,2,0,1,1,0,1,0,0,4,0,0,1,99,99,1,5,0,1,0,1,0,0,0.0,999999.0,999999.0,999999,99999.0,99999.0,99999.0,165.0,1,0,True,False,False,False,True,False,False,True,True,False,False,False,False,False,False,False,False,False,False,False,False,False,False,False,False,False,False,True,False,False,False,True,False,False,1
99,0,999999.0,675.0,21200.0,1,1,2,1,0,0,0,0,0,0,0,0,9,0,0,1,99,99,0,36,0,0,3,0,0,0,0.0,0.0,0.0,0,0.0,0.0,0.0,80.0,1,0,True,False,False,False,True,False,False,True,False,False,False,False,False,False,True,False,False,False,False,False,False,False,False,False,False,False,False,True,False,False,False,False,True,False,1
99,1,275000.0,0.0,108000.0,1,1,1,1,0,0,0,0,0,0,2,1,4,2,0,1,21,17,0,48,1,0,8,0,41,84,75500.0,75000.0,0.0,0,0.0,0.0,0.0,501.0,0,6,True,False,False,False,True,False,False,True,False,False,False,True,False,False,False,False,False,False,False,False,False,False,False,False,False,False,False,True,False,False,True,False,False,False,1
99,0,999999.0,282.0,22212.0,1,0,1,0,1,0,1,0,0,0,0,0,5,0,0,1,99,99,3,17,0,1,6,1,0,0,2508.0,0.0,0.0,0,0.0,2508.0,0.0,150.0,0,0,True,False,False,False,True,False,False,True,True,False,False,False,False,False,False,False,False,False,False,False,False,False,False,False,False,False,False,True,False,False,False,True,False,False,1
99,0,999999.0,412.0,42000.0,1,1,0,0,0,0,0,0,0,0,2,2,2,0,0,1,99,99,0,31,0,0,7,0,19,46,22000.0,22000.0,0.0,0,0.0,0.0,0.0,501.0,1,2,True,False,False,False,True,False,False,True,False,False,False,True,False,False,False,False,False,False,False,False,False,False,True,False,False,False,False,False,False,False,True,False,False,False,1
99,0,999999.0,237.0,19611.0,1,0,0,0,0,0,0,0,0,0,0,0,1,0,0,1,99,99,0,62,1,0,8,0,25,31,19611.0,16390.0,0.0,0,0.0,0.0,0.0,304.0,0,6,True,False,False,False,True,False,False,True,False,False,False,True,False,False,False,False,False,False,False,False,False,False,False,False,False,False,False,True,False,False,False,True,False,False,1
99,1,225000.0,0.0,61000.0,1,1,1,1,0,0,0,0,0,0,2,1,5,3,0,1,11,7,0,35,1,0,7,0,41,68,61000.0,60000.0,0.0,0,0.0,0.0,1000.0,412.0,0,5,True,False,False,False,True,False,False,True,False,False,False,True,False,False,False,False,False,False,False,False,False,False,False,False,False,False,False,True,False,False,True,False,False,False,1
99,1,162500.0,0.0,61700.0,1,2,1,1,2,0,1,1,0,1,6,2,6,0,0,1,99,99,2,21,0,1,7,1,38,68,12000.0,12000.0,0.0,0,0.0,0.0,0.0,346.0,0,0,True,False,False,False,True,False,False,True,True,False,False,False,False,False,False,False,False,False,False,False,False,False,False,False,False,False,False,True,False,False,True,False,False,False,1
99,1,400000.0,0.0,233000.0,2,1,0,0,0,0,0,0,0,0,2,1,2,0,0,1,99,99,0,51,1,0,8,0,29,72,125000.0,70000.0,35000.0,0,0.0,0.0,0.0,501.0,0,5,True,False,False,False,True,False,False,True,False,False,False,True,False,False,False,False,False,False,False,False,False,False,False,False,False,False,False,True,False,False,True,False,False,False,1
99,0,999999.0,537.0,59809.0,1,1,1,1,2,7,1,1,0,1,0,0,5,0,0,1,99,99,2,23,0,0,6,0,22,51,26000.0,26000.0,0.0,0,0.0,0.0,0.0,388.0,1,0,True,False,False,False,True,False,False,True,True,False,False,False,False,False,False,False,False,False,False,False,False,False,False,False,False,True,False,False,False,False,False,True,False,False,0
99,0,999999.0,0.0,999999.0,1,0,0,0,0,0,0,0,0,0,0,0,1,0,0,1,99,99,0,20,1,1,7,2,20,8,1300.0,1300.0,0.0,0,0.0,0.0,0.0,0.0,1,0,False,False,True,False,False,True,False,True,False,False,False,False,False,True,False,False,False,False,False,False,False,False,False,False,False,True,False,False,False,False,False,True,False,False,1
99,1,400000.0,0.0,40000.0,1,1,1,1,2,0,1,1,0,1,0,0,5,0,0,1,99,99,2,11,1,1,1,1,0,0,0.0,999999.0,999999.0,999999,99999.0,99999.0,99999.0,270.0,0,0,True,False,False,False,True,False,False,True,True,False,False,False,False,False,False,False,False,False,False,False,False,False,False,False,True,False,False,False,False,False,False,True,False,False,1
99,1,137500.0,0.0,26000.0,1,1,1,1,2,0,1,1,0,1,0,0,6,0,0,1,99,99,1,6,0,1,0,1,0,0,0.0,999999.0,999999.0,999999,99999.0,99999.0,99999.0,152.0,1,0,True,False,False,False,True,False,False,True,True,False,False,False,False,False,False,False,False,False,False,False,False,False,False,False,False,False,False,True,False,False,False,True,False,False,1
99,1,400000.0,0.0,56000.0,1,1,1,1,0,0,0,0,0,0,1,1,4,2,0,1,11,7,0,37,0,0,6,0,41,68,28000.0,28000.0,0.0,0,0.0,0.0,0.0,445.0,0,0,True,False,False,False,True,False,False,True,False,False,False,False,False,False,False,False,False,False,False,False,True,False,False,False,False,False,False,True,False,False,True,False,False,False,1
99,0,999999.0,512.0,44000.0,1,0,0,1,0,0,0,1,0,1,0,0,3,0,0,1,99,99,0,2,0,0,7,0,0,0,0.0,999999.0,999999.0,999999,99999.0,99999.0,99999.0,441.0,1,0,True,False,False,False,True,False,False,True,True,False,False,False,False,False,False,False,False,False,False,False,False,False,False,False,False,False,False,True,False,False,False,True,False,False,1
99,0,999999.0,575.0,18100.0,1,1,1,1,0,0,0,0,0,0,2,1,6,2,0,1,12,10,0,37,1,0,2,0,17,11,9000.0,0.0,9000.0,0,0.0,0.0,0.0,104.0,0,5,True,False,False,False,True,False,False,True,False,False,False,True,False,False,False,False,False,False,False,False,False,False,False,False,False,False,False,True,False,False,True,False,False,False,1
99,1,187500.0,0.0,16400.0,2,0,1,0,1,0,1,0,0,0,0,0,5,0,0,1,99,99,3,5,0,1,0,1,0,0,0.0,999999.0,999999.0,999999,99999.0,99999.0,99999.0,111.0,0,0,True,False,False,False,True,False,False,True,True,False,False,False,False,False,False,False,False,False,False,False,False,False,False,False,False,False,False,True,False,False,False,True,False,False,1
99,0,999999.0,0.0,999999.0,1,0,0,0,0,0,0,0,0,0,0,0,1,0,0,1,99,99,0,13,1,0,0,0,0,0,0.0,999999.0,999999.0,999999,99999.0,99999.0,99999.0,0.0,0,0,False,True,False,True,False,False,False,True,False,False,False,False,True,False,False,False,False,False,False,False,False,False,False,False,False,False,False,True,False,False,False,True,False,False,1
99,0,999999.0,187.0,8400.0,1,0,1,0,1,0,1,0,0,0,0,0,5,0,0,1,99,99,3,1,1,0,7,0,0,0,0.0,999999.0,999999.0,999999,99999.0,99999.0,99999.0,58.0,1,0,True,False,False,False,True,False,False,True,True,False,False,False,False,False,False,False,False,False,False,False,False,False,False,False,False,False,False,True,False,False,False,True,False,False,1
99,0,999999.0,512.0,20000.0,1,1,1,1,0,0,0,0,0,0,1,1,5,3,1,1,7,3,0,31,0,0,6,0,22,18,9000.0,9000.0,0.0,0,0.0,0.0,0.0,135.0,0,0,True,False,False,False,True,False,False,True,False,False,False,False,False,False,False,False,False,False,False,False,True,False,False,False,False,False,False,True,False,False,True,False,False,False,1
99,0,999999.0,462.0,11000.0,3,0,0,0,0,0,0,0,0,0,0,0,1,0,0,1,99,99,0,28,1,1,6,1,23,16,11000.0,11000.0,0.0,0,0.0,0.0,0.0,171.0,1,2,True,False,False,False,True,False,False,True,False,False,False,True,False,False,False,False,False,False,False,False,False,False,False,False,False,False,False,True,False,False,False,True,False,False,1
99,1,5000.0,0.0,20111.0,1,1,0,0,0,0,0,0,0,0,1,1,2,0,0,1,99,99,0,54,0,0,4,0,24,44,0.0,0.0,0.0,0,0.0,0.0,0.0,242.0,0,0,True,False,False,False,True,False,False,True,False,False,False,False,False,False,False,False,False,False,False,False,True,False,False,False,False,False,False,True,False,False,True,False,False,False,1
99,0,999999.0,875.0,25000.0,2,0,0,1,0,0,0,1,0,1,0,0,3,0,0,1,99,99,1,9,0,1,1,1,0,0,0.0,999999.0,999999.0,999999,99999.0,99999.0,99999.0,250.0,0,0,True,False,False,False,True,False,False,True,True,False,False,False,False,False,False,False,False,False,False,False,False,False,False,False,False,False,False,True,False,False,False,True,False,False,1
99,1,162500.0,0.0,14056.0,1,1,1,1,0,0,0,0,0,0,1,2,5,2,2,1,3,1,0,34,1,0,6,0,0,0,7116.0,0.0,0.0,0,0.0,7116.0,0.0,95.0,1,0,True,False,False,False,True,False,False,True,False,False,False,False,False,False,False,False,False,False,False,False,True,False,True,False,False,False,False,False,False,False,True,False,False,False,1
99,1,225000.0,0.0,50000.0,1,1,1,1,2,0,1,1,0,1,0,0,5,0,0,1,99,99,2,4,1,1,0,2,0,0,0.0,999999.0,999999.0,999999,99999.0,99999.0,99999.0,338.0,1,0,True,False,False,False,True,False,False,True,True,False,False,False,False,False,False,False,False,False,False,False,False,False,False,False,False,False,False,True,False,False,False,True,False,False,1
99,0,999999.0,575.0,17200.0,1,0,1,0,1,0,1,0,0,0,0,0,2,0,0,1,99,99,0,69,1,0,6,0,0,0,9600.0,0.0,0.0,0,9600.0,0.0,0.0,229.0,0,0,True,False,False,False,True,False,False,True,True,False,False,False,False,False,False,False,False,False,False,False,False,False,True,False,False,False,False,False,False,False,False,True,False,False,1
99,1,400000.0,0.0,60000.0,1,1,1,1,0,0,0,0,0,0,2,1,5,3,0,1,18,13,0,47,1,0,7,0,41,68,30000.0,30000.0,0.0,0,0.0,0.0,0.0,396.0,1,2,True,False,False,False,True,False,False,True,False,False,False,True,False,False,False,False,False,False,False,False,False,False,False,False,False,False,False,True,False,False,True,False,False,False,1
99,1,137500.0,0.0,57000.0,2,0,0,0,0,0,0,0,0,0,0,0,1,0,0,1,99,99,0,45,1,0,7,0,38,68,57000.0,57000.0,0.0,0,0.0,0.0,0.0,501.0,1,2,True,False,False,False,True,False,False,True,False,False,False,True,False,False,False,False,False,False,False,False,False,False,False,False,False,False,False,True,False,False,False,False,True,False,1
99,1,62500.0,0.0,22534.0,1,0,1,0,0,0,0,0,0,0,0,0,2,1,0,1,65,65,0,90,0,0,7,0,0,0,7464.0,0.0,0.0,0,2652.0,3540.0,1272.0,301.0,0,0,True,False,False,False,True,False,False,True,False,False,False,False,False,False,False,True,False,False,False,False,False,False,True,False,False,False,False,False,False,False,False,False,False,True,1
99,1,137500.0,0.0,43000.0,1,2,1,1,2,0,1,1,0,1,0,0,8,0,0,1,99,99,3,15,0,1,3,1,0,0,0.0,999999.0,999999.0,999999,0.0,0.0,0.0,198.0,1,0,True,False,False,False,True,False,False,True,True,False,False,False,False,False,False,False,False,False,False,False,False,False,False,False,False,False,False,True,False,False,False,True,False,False,1
99,0,999999.0,725.0,30000.0,1,1,1,1,2,0,1,1,0,1,0,0,5,0,0,1,99,99,2,13,0,1,2,1,0,0,0.0,999999.0,999999.0,999999,99999.0,99999.0,99999.0,203.0,1,0,True,False,False,False,True,False,False,True,True,False,False,False,False,False,False,False,False,False,False,False,False,False,False,True,False,False,False,False,False,False,False,True,False,False,1
99,0,999999.0,875.0,52591.0,1,1,1,1,0,0,0,0,0,0,2,1,4,2,0,1,13,7,0,34,1,0,6,0,26,10,38475.0,38475.0,0.0,0,0.0,0.0,0.0,418.0,1,2,True,False,False,False,True,False,False,True,False,False,False,True,False,False,False,False,False,False,False,False,False,False,False,False,False,False,False,True,False,False,True,False,False,False,1
99,0,999999.0,387.0,95000.0,1,0,0,0,0,0,0,0,0,0,0,0,1,0,0,1,99,99,0,62,1,1,7,1,24,47,95000.0,70000.0,0.0,0,0.0,0.0,0.0,501.0,0,7,True,False,False,False,True,False,False,True,False,False,False,True,False,False,False,False,False,False,False,False,False,False,False,False,False,False,False,True,False,False,False,True,False,False,1
99,0,999999.0,537.0,12148.0,1,0,1,0,0,0,0,0,0,0,0,0,3,1,1,1,2,2,1,36,0,0,6,0,6,7,5148.0,5148.0,0.0,0,0.0,0.0,0.0,122.0,0,5,True,False,False,False,True,False,False,True,False,False,False,True,False,False,False,False,False,False,False,False,False,False,False,False,False,False,False,True,False,False,False,True,False,False,1
99,0,999999.0,487.0,16650.0,1,1,2,1,3,0,1,0,0,0,2,1,8,3,1,1,7,2,0,35,1,0,2,0,26,19,6000.0,6000.0,0.0,0,0.0,0.0,0.0,77.0,1,2,True,False,False,False,True,False,False,True,False,False,False,True,False,False,False,False,False,False,False,False,False,False,False,False,False,False,False,True,False,False,True,False,False,False,1
99,0,999999.0,137.0,9888.0,1,0,1,0,0,0,0,0,0,0,0,0,4,3,2,1,6,3,0,24,0,1,7,1,0,0,9888.0,0.0,0.0,0,0.0,0.0,9888.0,78.0,1,2,True,False,False,False,True,False,False,True,False,False,False,True,False,False,False,False,False,False,False,False,False,False,False,False,False,False,False,True,False,False,False,True,False,False,1
99,0,999999.0,1000.0,31500.0,2,0,1,0,0,0,0,0,0,0,0,0,1,0,0,2,99,99,0,43,1,0,7,0,42,84,6740.0,6740.0,0.0,0,0.0,0.0,0.0,104.0,1,0,True,False,False,False,True,False,False,True,False,False,False,False,False,False,False,False,False,True,False,False,False,False,False,False,False,False,False,True,True,False,False,False,False,False,1
99,1,225000.0,0.0,9408.0,2,0,0,0,0,0,0,0,0,0,0,0,1,0,0,1,99,99,0,85,0,0,7,0,0,0,9408.0,0.0,0.0,0,9408.0,0.0,0.0,158.0,0,8,True,False,False,False,True,False,False,True,False,False,False,True,False,False,False,False,False,False,False,False,False,False,False,False,False,False,False,True,False,False,False,False,False,True,1
99,1,187500.0,0.0,23888.0,1,1,0,0,0,0,0,0,0,0,2,1,2,0,0,1,99,99,0,68,1,0,6,0,0,0,20240.0,0.0,0.0,0,7774.0,0.0,0.0,319.0,0,8,True,False,False,False,True,False,False,True,False,False,False,True,False,False,False,False,False,False,False,False,False,False,False,False,False,False,False,True,False,False,True,False,False,False,1
99,0,999999.0,575.0,36100.0,2,0,1,1,0,0,0,1,0,1,0,0,4,0,0,1,99,99,0,1,1,0,7,0,0,0,0.0,999999.0,999999.0,999999,99999.0,99999.0,99999.0,278.0,1,0,True,False,False,False,True,False,False,True,True,False,False,False,False,False,False,False,False,False,False,False,False,False,False,False,False,False,False,True,False,False,False,True,False,False,1
99,0,999999.0,387.0,18000.0,1,0,0,0,0,0,0,0,0,0,0,0,2,0,0,1,99,99,1,31,1,0,2,0,20,8,10000.0,10000.0,0.0,0,0.0,0.0,0.0,217.0,1,0,True,False,False,False,True,False,False,True,False,False,False,False,False,False,False,False,False,False,True,False,False,False,False,False,False,False,False,True,True,False,False,False,False,False,0
99,1,112500.0,0.0,12554.0,2,1,1,2,0,0,0,0,0,0,1,1,6,3,1,1,17,3,0,35,0,0,6,0,41,68,5577.0,0.0,5577.0,0,0.0,0.0,0.0,73.0,0,0,True,False,False,False,True,False,False,True,False,False,False,False,False,False,False,False,False,False,False,False,True,False,False,False,False,False,False,True,False,False,True,False,False,False,1
99,1,67500.0,0.0,15430.0,1,0,1,1,1,0,1,0,0,0,0,0,6,1,0,1,9,9,2,26,1,0,6,0,0,0,630.0,0.0,0.0,0,0.0,630.0,0.0,90.0,1,0,True,False,False,False,True,False,False,True,True,False,False,False,False,False,False,False,False,False,False,False,False,False,True,False,False,False,False,False,False,False,False,False,True,False,1
99,0,999999.0,675.0,22000.0,1,0,1,0,1,0,1,0,0,0,0,0,4,0,0,1,99,99,2,24,1,0,6,0,0,0,0.0,0.0,0.0,0,0.0,0.0,0.0,169.0,0,0,True,False,False,False,True,False,False,True,True,False,False,False,False,False,False,False,False,False,False,False,False,False,False,False,False,False,False,True,False,False,False,True,False,False,1
99,0,999999.0,537.0,27327.0,1,1,1,1,0,0,0,0,0,0,2,1,5,3,0,1,19,14,0,47,1,0,1,0,20,9,12574.0,12574.0,0.0,0,0.0,0.0,0.0,180.0,1,2,True,False,False,False,True,False,False,True,False,False,False,True,False,False,False,False,False,False,False,False,False,False,False,False,False,False,False,True,False,False,True,False,False,False,1
99,1,112500.0,0.0,50062.0,1,2,1,2,2,0,1,1,0,1,0,0,10,1,0,1,5,5,2,22,1,0,6,0,25,15,15600.0,15600.0,0.0,0,0.0,0.0,0.0,195.0,1,0,True,False,False,False,True,False,False,True,True,False,False,False,False,False,False,False,False,False,False,False,False,False,False,False,False,False,False,True,False,False,False,False,True,False,1
99,1,350000.0,0.0,70800.0,1,1,1,1,0,0,0,0,0,0,2,1,4,2,0,1,19,14,0,44,1,1,7,1,35,62,40000.0,40000.0,0.0,0,0.0,0.0,0.0,501.0,1,1,True,False,False,False,True,False,False,True,False,False,False,True,False,False,False,False,False,False,False,False,False,False,False,False,False,True,False,False,False,False,True,False,False,False,1
99,0,999999.0,575.0,25425.0,1,1,0,0,0,0,0,0,0,0,2,1,2,0,0,1,99,99,0,50,1,0,6,0,41,68,16012.0,16000.0,0.0,0,0.0,0.0,0.0,306.0,0,6,True,False,False,False,True,False,False,True,False,False,False,True,False,False,False,False,False,False,False,False,False,False,False,False,False,False,False,True,False,False,True,False,False,False,1
99,1,350000.0,0.0,25700.0,1,1,0,0,0,0,0,0,0,0,1,1,2,0,0,1,99,99,0,60,0,0,6,0,0,0,0.0,0.0,0.0,0,0.0,0.0,0.0,310.0,0,0,True,False,False,False,True,False,False,True,False,False,False,False,False,False,False,False,False,False,False,False,True,False,False,False,True,False,False,False,False,False,True,False,False,False,1
99,0,999999.0,512.0,28645.0,1,1,0,0,0,0,0,0,0,0,2,1,2,0,0,1,99,99,0,28,1,1,7,2,22,61,17893.0,17893.0,0.0,0,0.0,0.0,0.0,345.0,1,2,True,False,False,False,True,False,False,True,False,False,False,True,False,False,False,False,False,False,False,False,False,False,False,False,False,False,False,True,False,False,True,False,False,False,1
99,1,137500.0,0.0,14650.0,1,1,0,0,0,0,0,0,0,0,1,1,2,0,0,1,99,99,0,80,0,0,2,0,0,0,6200.0,0.0,0.0,0,6200.0,0.0,0.0,195.0,0,0,True,False,False,False,True,False,False,True,False,False,False,False,False,False,False,False,False,False,False,False,True,False,False,False,False,False,False,True,False,False,True,False,False,False,1
99,0,999999.0,575.0,47000.0,1,2,2,2,0,0,0,0,0,0,2,1,9,4,4,1,2,0,1,25,1,0,4,0,23,18,23000.0,23000.0,0.0,0,0.0,0.0,0.0,183.0,1,1,True,False,False,False,True,False,False,True,False,False,False,True,False,False,False,False,False,False,False,False,False,False,False,False,False,False,False,True,False,False,True,False,False,False,1
99,0,999999.0,875.0,58212.0,1,1,1,1,0,0,0,0,0,0,2,1,3,1,1,1,1,1,0,33,1,0,8,0,41,68,58000.0,58000.0,0.0,0,0.0,0.0,0.0,501.0,1,2,True,False,False,False,True,False,False,True,False,False,False,True,False,False,False,False,False,False,False,False,False,False,True,False,False,False,False,False,False,False,True,False,False,False,1
99,1,275000.0,0.0,51000.0,1,0,2,0,4,0,2,0,0,0,0,0,6,0,0,1,99,99,0,2,0,0,7,0,0,0,0.0,999999.0,999999.0,999999,99999.0,99999.0,99999.0,286.0,1,0,True,False,False,False,True,False,False,True,False,False,True,False,False,False,False,False,False,False,False,False,False,False,False,False,False,False,False,True,False,False,False,True,False,False,1
99,1,137500.0,0.0,39522.0,2,4,1,1,0,0,0,0,0,0,8,3,12,0,0,1,99,99,0,32,0,0,2,0,22,18,660.0,660.0,0.0,0,0.0,0.0,0.0,158.0,1,0,True,False,False,False,True,False,False,True,False,False,False,False,False,False,True,False,False,False,False,False,False,False,False,False,False,False,False,True,False,False,True,False,False,False,1
99,0,999999.0,1000.0,16320.0,1,1,1,1,0,0,0,0,0,0,1,1,3,1,0,1,22,22,0,48,0,0,6,0,41,68,12000.0,0.0,7800.0,0,0.0,0.0,0.0,168.0,1,0,True,False,False,False,True,False,False,True,False,False,False,False,False,False,False,False,False,False,False,False,True,False,False,False,False,False,False,True,False,False,True,False,False,False,1
99,1,350000.0,0.0,82200.0,1,2,2,2,2,0,1,1,0,1,0,0,6,0,0,1,99,99,1,3,0,0,0,0,0,0,0.0,999999.0,999999.0,999999,99999.0,99999.0,99999.0,471.0,1,0,True,False,False,False,True,False,False,True,True,False,False,False,False,False,False,False,False,False,False,False,False,False,False,False,False,True,False,False,False,False,False,True,False,False,1
99,0,999999.0,875.0,56000.0,1,1,0,0,0,0,0,0,0,0,1,1,2,0,0,1,99,99,0,40,0,0,6,0,22,51,18000.0,18000.0,0.0,0,0.0,0.0,0.0,501.0,1,0,True,False,False,False,True,False,False,True,False,False,False,False,False,False,False,False,False,False,False,False,True,False,False,False,False,False,False,True,False,False,True,False,False,False,1
99,0,999999.0,875.0,18150.0,1,0,0,1,0,0,0,0,0,0,0,0,2,1,0,1,19,19,0,50,1,0,8,0,42,84,16000.0,0.0,16000.0,0,0.0,0.0,0.0,219.0,1,2,True,False,False,False,True,False,False,True,False,False,False,True,False,False,False,False,False,False,False,False,False,False,False,False,False,True,False,False,True,False,False,False,False,False,1
99,1,112500.0,0.0,61300.0,1,2,2,2,0,0,0,0,0,0,7,1,7,2,0,1,32,27,0,71,1,0,1,0,0,0,0.0,0.0,0.0,0,0.0,0.0,0.0,305.0,1,0,True,False,False,False,True,False,False,True,False,False,False,False,False,False,False,True,False,False,False,False,False,False,False,False,False,False,False,True,False,False,True,False,False,False,1
99,0,999999.0,212.0,800.0,1,0,0,0,0,0,0,0,0,0,0,0,1,0,0,1,99,99,0,69,0,0,7,0,0,0,800.0,0.0,0.0,0,0.0,0.0,0.0,13.0,1,1,True,False,False,False,True,False,False,True,False,False,False,True,False,False,False,False,False,False,False,False,False,False,False,False,False,False,False,True,False,False,False,False,False,True,1
99,1,400000.0,0.0,295842.0,2,1,0,0,0,0,0,0,0,0,1,1,2,0,0,1,99,99,0,70,0,0,7,0,0,0,38169.0,0.0,0.0,0,6295.0,0.0,0.0,501.0,0,0,True,False,False,False,True,False,False,True,False,False,False,False,False,False,False,False,False,False,False,False,True,False,False,False,False,False,False,True,False,False,True,False,False,False,1
99,0,999999.0,625.0,70000.0,1,1,0,0,0,0,0,0,0,0,0,0,3,0,0,1,99,99,1,33,0,0,8,0,20,31,0.0,0.0,0.0,0,0.0,0.0,0.0,501.0,1,0,True,False,False,False,True,False,False,True,False,False,False,False,False,False,False,False,False,False,True,False,False,False,False,False,False,False,False,True,False,False,False,True,False,False,1
99,0,999999.0,487.0,51000.0,1,0,2,0,1,0,1,0,0,0,0,0,3,1,0,1,13,13,0,31,0,0,6,0,22,61,32000.0,32000.0,0.0,0,0.0,0.0,0.0,501.0,1,0,True,False,False,False,True,False,False,True,True,False,False,False,False,False,False,False,False,False,False,False,False,False,True,False,False,False,False,False,False,False,False,True,False,False,0
99,0,999999.0,875.0,41383.0,1,0,1,0,1,0,1,0,0,0,0,0,3,0,0,1,99,99,1,16,1,1,3,1,14,17,0.0,0.0,0.0,0,0.0,0.0,0.0,415.0,1,0,True,False,False,False,True,False,False,True,True,False,False,False,False,False,False,False,False,False,False,False,False,False,False,False,False,False,False,True,False,False,False,True,False,False,0
99,1,400000.0,0.0,104000.0,1,1,0,0,0,0,0,0,0,0,1,1,2,0,0,1,99,99,0,39,0,0,8,0,27,64,24000.0,24000.0,0.0,0,0.0,0.0,0.0,501.0,1,0,True,False,False,False,True,False,False,True,False,False,False,False,False,False,False,False,False,False,False,False,True,False,False,False,False,False,False,True,False,False,True,False,False,False,1
99,0,999999.0,412.0,26000.0,1,1,1,1,0,0,0,0,0,0,2,1,5,2,2,1,3,0,0,25,1,0,0,0,11,11,7000.0,7000.0,0.0,0,0.0,0.0,0.0,171.0,1,2,True,False,False,False,True,False,False,True,False,False,False,True,False,False,False,False,False,False,False,False,False,False,False,False,False,False,False,True,False,False,True,False,False,False,1
99,0,999999.0,537.0,7200.0,1,0,0,0,0,0,0,0,0,0,0,0,1,0,0,1,99,99,0,69,0,0,6,0,0,0,7200.0,0.0,0.0,0,0.0,7200.0,0.0,121.0,1,2,True,False,False,False,True,False,False,True,False,False,False,True,False,False,False,False,False,False,False,False,False,False,False,False,False,False,False,True,False,False,False,False,True,False,1
99,0,999999.0,875.0,34189.0,1,1,1,1,0,0,0,0,0,0,2,2,7,5,2,1,14,2,0,34,0,0,7,0,17,11,19189.0,4000.0,0.0,0,0.0,15189.0,0.0,184.0,1,1,True,False,False,False,True,False,False,True,False,False,False,True,False,False,False,False,False,False,False,False,False,False,True,False,False,False,False,False,False,False,True,False,False,False,1
99,0,999999.0,487.0,10720.0,2,0,1,0,1,0,1,0,0,0,0,0,3,0,0,1,99,99,1,1,0,0,7,0,0,0,0.0,999999.0,999999.0,999999,99999.0,99999.0,99999.0,107.0,1,0,True,False,False,False,True,False,False,True,True,False,False,False,False,False,False,False,False,False,False,False,False,False,False,False,False,False,False,True,False,False,False,True,False,False,1
99,0,999999.0,312.0,28164.0,1,0,0,0,0,0,0,0,0,0,0,0,1,0,0,1,99,99,0,60,1,1,8,1,29,18,28164.0,27500.0,0.0,0,664.0,0.0,0.0,437.0,0,5,True,False,False,False,True,False,False,True,False,False,False,True,False,False,False,False,False,False,False,False,False,False,False,False,False,True,False,False,False,False,False,True,False,False,1
99,1,400000.0,0.0,65400.0,1,0,0,0,0,0,0,0,0,0,0,0,1,0,0,1,99,99,0,69,1,0,8,0,31,73,65400.0,0.0,65000.0,0,0.0,0.0,0.0,501.0,0,7,True,False,False,False,True,False,False,True,False,False,False,True,False,False,False,False,False,False,False,False,False,False,False,False,False,False,False,True,True,False,False,False,False,False,0
99,1,400000.0,0.0,0.0,1,1,1,1,2,0,1,1,0,1,0,0,5,0,0,1,99,99,2,4,1,1,0,2,0,0,0.0,999999.0,999999.0,999999,99999.0,99999.0,99999.0,1.0,1,0,True,False,False,False,True,False,False,True,True,False,False,False,False,False,False,False,False,False,False,False,False,False,False,False,False,True,False,False,False,False,False,True,False,False,1
99,1,225000.0,0.0,85749.0,2,1,1,1,0,0,0,0,0,0,0,0,1,0,0,2,99,99,0,34,0,0,6,0,22,18,2620.0,2620.0,0.0,0,0.0,0.0,0.0,41.0,1,0,True,False,False,False,True,False,False,True,False,False,False,False,False,True,False,False,False,False,False,False,False,False,False,False,False,False,False,True,False,False,False,True,False,False,1
99,1,112500.0,0.0,80400.0,1,0,0,1,0,0,0,1,0,1,0,0,3,0,0,1,99,99,1,33,0,1,8,2,24,44,20000.0,20000.0,0.0,0,0.0,0.0,0.0,501.0,0,0,True,False,False,False,True,False,False,True,True,False,False,False,False,False,False,False,False,False,False,False,False,False,False,False,False,False,False,True,False,False,False,True,False,False,1
99,0,999999.0,875.0,56000.0,1,1,2,1,2,0,1,1,0,1,0,0,6,0,0,1,99,99,2,3,0,0,0,0,0,0,0.0,999999.0,999999.0,999999,99999.0,99999.0,99999.0,328.0,1,0,True,False,False,False,True,False,False,True,True,False,False,False,False,False,False,False,False,False,False,False,False,False,False,False,False,True,False,False,False,False,False,True,False,False,1
99,1,350000.0,0.0,35247.0,1,1,0,0,0,0,0,0,0,0,2,1,2,0,0,1,99,99,0,54,1,0,7,0,30,44,13000.0,5000.0,0.0,0,0.0,0.0,0.0,425.0,0,7,True,False,False,False,True,False,False,True,False,False,False,True,False,False,False,False,False,False,False,False,False,False,False,False,False,False,False,True,False,False,True,False,False,False,1
99,0,999999.0,462.0,20000.0,1,1,1,1,0,0,0,0,0,0,1,1,4,2,1,1,12,2,0,31,0,0,3,0,0,0,0.0,0.0,0.0,0,0.0,0.0,0.0,159.0,0,0,True,False,False,False,True,False,False,True,False,False,False,False,False,False,False,False,False,False,False,False,True,False,False,False,False,False,False,True,False,False,True,False,False,False,1
99,0,999999.0,725.0,35900.0,1,1,2,1,0,0,0,0,0,0,0,0,7,3,0,1,24,19,0,49,0,0,0,0,14,26,4800.0,0.0,4800.0,0,0.0,0.0,0.0,175.0,1,0,True,False,False,False,True,False,False,True,False,False,False,False,False,False,False,True,False,False,False,False,False,False,False,False,False,False,False,True,False,True,False,False,False,False,1
99,0,999999.0,512.0,25000.0,1,0,0,0,0,0,0,0,0,0,0,0,1,0,0,1,99,99,0,41,1,0,7,0,24,47,25000.0,25000.0,0.0,0,0.0,0.0,0.0,388.0,1,2,True,False,False,False,True,False,False,True,False,False,False,True,False,False,False,False,False,False,False,False,False,False,False,False,False,False,False,True,True,False,False,False,False,False,1
99,0,999999.0,462.0,14000.0,4,0,0,1,0,0,0,0,0,0,0,0,1,0,0,4,99,99,0,26,1,0,1,0,23,18,8000.0,8000.0,0.0,0,0.0,0.0,0.0,124.0,0,0,True,False,False,False,True,False,False,True,False,False,False,False,False,False,False,False,False,True,False,False,False,False,False,False,False,False,False,True,False,False,False,True,False,False,1
99,1,400000.0,0.0,54317.0,1,1,2,1,2,0,1,1,0,1,0,0,4,0,0,1,99,99,0,33,1,0,8,0,38,68,30000.0,30000.0,0.0,0,0.0,0.0,0.0,425.0,1,0,True,False,False,False,True,False,False,True,True,False,False,False,False,False,False,False,False,False,False,False,False,False,False,True,False,False,False,False,False,False,False,True,False,False,1
99,0,999999.0,237.0,15955.0,1,1,1,1,2,0,1,1,0,1,0,0,6,0,0,1,99,99,3,12,0,1,2,1,0,0,0.0,999999.0,999999.0,999999,99999.0,99999.0,99999.0,96.0,0,0,True,False,False,False,True,False,False,True,True,False,False,False,False,False,False,False,False,False,False,False,False,False,False,False,False,False,False,True,False,False,False,True,False,False,1
99,1,85000.0,0.0,56799.0,1,0,1,0,0,0,0,0,0,0,0,0,3,1,0,1,54,54,0,72,0,0,3,0,0,0,1992.0,0.0,0.0,0,1992.0,0.0,0.0,501.0,0,0,True,False,False,False,True,False,False,True,False,False,False,False,False,False,False,True,False,False,False,False,False,False,False,False,False,False,False,True,False,False,False,False,False,True,1
99,1,275000.0,0.0,6000.0,1,2,2,2,0,0,0,0,0,0,6,1,6,1,0,1,39,39,0,64,1,0,7,0,0,0,0.0,0.0,0.0,0,0.0,0.0,0.0,34.0,1,0,True,False,False,False,True,False,False,True,False,False,False,False,False,False,False,True,False,False,False,False,False,False,False,False,False,True,False,False,False,False,True,False,False,False,1
99,0,999999.0,725.0,13221.0,1,1,1,1,0,0,0,0,0,0,2,1,3,1,0,1,25,25,0,53,1,0,8,0,48,87,11221.0,0.0,0.0,0,0.0,0.0,0.0,136.0,1,1,True,False,False,False,True,False,False,True,False,False,False,True,False,False,False,False,False,False,False,False,False,False,False,False,False,False,False,True,False,False,True,False,False,False,1
99,1,162500.0,0.0,53188.0,1,1,0,0,0,0,0,0,0,0,1,1,2,0,0,1,99,99,0,27,0,1,8,1,22,61,20724.0,20700.0,0.0,0,0.0,0.0,0.0,501.0,1,0,True,False,False,False,True,False,False,True,False,False,False,False,False,False,False,False,False,False,False,False,True,False,False,False,False,False,False,True,False,False,True,False,False,False,1
99,0,999999.0,875.0,70000.0,2,0,1,0,1,0,1,0,0,0,0,0,3,0,0,1,99,99,1,12,1,1,2,1,0,0,0.0,999999.0,999999.0,999999,99999.0,99999.0,99999.0,501.0,1,0,True,False,False,False,True,False,False,True,True,False,False,False,False,False,False,False,False,False,False,False,False,False,False,False,False,False,False,True,False,False,False,True,False,False,1
99,1,85000.0,0.0,60100.0,1,1,0,0,0,0,0,0,0,0,1,1,2,0,0,1,99,99,0,28,0,0,8,0,36,81,0.0,0.0,0.0,0,0.0,0.0,0.0,501.0,0,0,True,False,False,False,True,False,False,True,False,False,False,False,False,False,False,False,False,False,False,False,True,False,False,False,False,False,False,True,False,False,True,False,False,False,1
99,1,95000.0,0.0,60200.0,1,1,0,0,0,0,0,0,0,0,2,1,2,0,0,1,99,99,0,54,1,0,7,0,35,62,30200.0,30000.0,0.0,0,0.0,0.0,0.0,501.0,1,2,True,False,False,False,True,False,False,True,False,False,False,True,False,False,False,False,False,False,False,False,False,False,False,False,False,False,False,True,False,False,True,False,False,False,0
99,0,999999.0,312.0,30000.0,1,0,0,0,0,0,0,0,0,0,0,0,1,0,0,1,99,99,0,32,1,1,7,1,20,52,30000.0,30000.0,0.0,0,0.0,0.0,0.0,465.0,1,1,True,False,False,False,True,False,False,True,False,False,False,True,False,False,False,False,False,False,False,False,False,False,False,False,False,False,False,True,False,False,False,False,True,False,1
99,0,999999.0,282.0,22212.0,1,0,1,0,1,0,1,0,0,0,0,0,5,0,0,1,99,99,3,23,1,0,7,0,25,15,18000.0,18000.0,0.0,0,0.0,0.0,0.0,150.0,0,0,True,False,False,False,True,False,False,True,True,False,False,False,False,False,False,False,False,False,False,False,False,False,False,False,False,False,False,True,True,False,False,False,False,False,1
99,0,999999.0,462.0,29365.0,1,0,0,0,0,0,0,0,0,0,0,0,1,0,0,1,99,99,0,35,1,0,8,0,22,51,29365.0,29000.0,0.0,0,0.0,0.0,0.0,455.0,1,2,True,False,False,False,True,False,False,True,False,False,False,True,False,False,False,False,False,False,False,False,False,False,False,False,False,False,False,True,False,False,False,True,False,False,1
99,1,95000.0,0.0,12172.0,1,1,0,0,0,0,0,0,0,0,1,1,2,0,0,1,99,99,0,60,0,0,6,0,0,0,0.0,0.0,0.0,0,0.0,0.0,0.0,147.0,0,0,True,False,False,False,True,False,False,True,False,False,False,False,False,False,False,False,False,False,False,False,True,False,False,False,False,False,False,True,False,False,True,False,False,False,1
99,0,999999.0,725.0,20000.0,1,0,1,0,1,0,1,0,0,0,0,0,4,0,0,1,99,99,2,20,0,0,6,0,0,0,0.0,0.0,0.0,0,0.0,0.0,0.0,154.0,1,0,True,False,False,False,True,False,False,True,True,False,False,False,False,False,False,False,False,False,False,False,False,False,False,False,False,False,False,True,False,False,False,True,False,False,1
99,0,999999.0,725.0,49000.0,2,0,1,0,0,0,0,0,0,0,0,0,4,0,0,1,99,99,2,32,1,0,7,0,23,45,14000.0,14000.0,0.0,0,0.0,0.0,0.0,377.0,1,0,True,False,False,False,True,False,False,True,False,False,False,False,False,False,False,False,False,False,True,False,False,False,False,False,False,True,False,False,False,False,False,True,False,False,1
99,0,999999.0,675.0,38000.0,1,0,1,1,1,0,1,0,0,0,0,0,3,1,0,1,11,11,0,33,1,0,8,0,35,66,14000.0,14000.0,0.0,0,0.0,0.0,0.0,381.0,1,0,True,False,False,False,True,False,False,True,True,False,False,False,False,False,False,False,False,False,False,False,False,False,False,False,False,False,False,True,True,False,False,False,False,False,1
99,1,225000.0,0.0,23000.0,1,0,0,0,0,0,0,0,0,0,0,0,1,0,0,1,99,99,0,46,0,0,7,0,41,68,23000.0,23000.0,0.0,0,0.0,0.0,0.0,357.0,0,7,True,False,False,False,True,False,False,True,False,False,False,True,False,False,False,False,False,False,False,False,False,False,False,False,False,False,False,True,False,False,False,False,False,True,1
99,0,999999.0,462.0,15000.0,1,1,1,1,2,0,1,1,0,1,0,0,4,0,0,1,99,99,1,15,0,1,3,1,0,0,0.0,999999.0,999999.0,999999,0.0,0.0,0.0,115.0,1,0,True,False,False,False,True,False,False,True,True,False,False,False,False,False,False,False,False,False,False,False,False,False,False,False,False,False,False,True,False,False,False,True,False,False,1
99,1,400000.0,0.0,108200.0,1,1,1,1,2,0,1,1,0,1,0,0,3,0,0,1,99,99,0,27,1,0,8,0,39,81,5000.0,5000.0,0.0,0,0.0,0.0,0.0,501.0,0,0,True,False,False,False,True,False,False,True,True,False,False,False,False,False,False,False,False,False,False,False,False,False,False,False,False,False,False,True,False,False,False,True,False,False,1
99,1,400000.0,0.0,86730.0,1,1,1,1,0,0,0,0,0,0,2,1,4,2,1,1,16,2,0,42,1,0,8,0,42,86,80000.0,0.0,60000.0,0,0.0,0.0,0.0,501.0,0,6,True,False,False,False,True,False,False,True,False,False,False,True,False,False,False,False,False,False,False,False,False,False,False,True,False,False,False,False,False,False,True,False,False,False,1
99,1,187500.0,0.0,60817.0,1,1,1,1,0,0,0,0,0,0,2,1,3,1,0,1,24,24,0,58,1,0,6,0,26,19,37209.0,35709.0,0.0,0,0.0,0.0,0.0,501.0,0,7,True,False,False,False,True,False,False,True,False,False,False,True,False,False,False,False,False,False,False,False,False,False,False,False,True,False,False,False,False,False,True,False,False,False,1
99,0,999999.0,675.0,21950.0,1,1,1,1,0,0,0,0,0,0,1,1,5,3,0,1,20,16,0,43,0,0,3,0,0,0,0.0,0.0,0.0,0,0.0,0.0,0.0,145.0,1,0,True,False,False,False,True,False,False,True,False,False,False,False,False,False,False,False,False,False,False,False,True,False,False,False,False,True,False,False,False,False,True,False,False,False,1
99,0,999999.0,875.0,80000.0,1,1,1,1,2,0,1,1,0,1,0,0,9,0,0,1,99,99,5,18,0,1,7,1,22,61,0.0,0.0,0.0,0,0.0,0.0,0.0,319.0,1,0,True,False,False,False,True,False,False,True,True,False,False,False,False,False,False,False,False,False,False,False,False,False,False,False,False,False,False,True,False,False,False,True,False,False,1
99,0,999999.0,625.0,70090.0,1,1,1,1,2,0,1,1,0,1,0,0,7,0,0,1,99,99,4,17,1,1,6,1,0,0,0.0,0.0,0.0,0,0.0,0.0,0.0,354.0,0,0,True,False,False,False,True,False,False,True,True,False,False,False,False,False,False,False,False,False,False,False,False,False,False,False,False,False,False,True,False,False,False,True,False,False,1
99,0,999999.0,575.0,19000.0,1,0,0,0,0,0,0,0,0,0,0,0,2,0,0,1,99,99,1,29,1,0,8,0,48,87,14000.0,14000.0,0.0,0,0.0,0.0,0.0,229.0,1,1,True,False,False,False,True,False,False,True,False,False,False,True,False,False,False,False,False,False,False,False,False,False,True,False,False,False,False,False,False,False,False,True,False,False,1
99,0,999999.0,675.0,54900.0,1,1,1,1,2,0,1,1,0,1,0,0,3,0,0,1,99,99,0,0,1,0,7,0,0,0,0.0,999999.0,999999.0,999999,99999.0,99999.0,99999.0,501.0,1,0,True,False,False,False,True,False,False,True,True,False,False,False,False,False,False,False,False,False,False,False,False,False,False,False,False,False,False,True,False,False,False,True,False,False,1
99,0,999999.0,187.0,19400.0,1,0,1,0,1,0,1,0,0,0,0,0,3,0,0,1,99,99,1,20,1,0,6,0,25,15,5600.0,5600.0,0.0,0,0.0,0.0,0.0,200.0,0,0,True,False,False,False,True,False,False,True,True,False,False,False,False,False,False,False,False,False,False,False,False,False,True,False,False,False,False,False,False,False,False,True,False,False,1
99,0,999999.0,875.0,41062.0,1,1,1,1,0,0,0,0,0,0,2,2,4,2,0,1,11,6,0,34,0,0,7,0,23,18,13377.0,9509.0,3868.0,0,0.0,0.0,0.0,327.0,1,1,True,False,False,False,True,False,False,True,False,False,False,True,False,False,False,False,False,False,False,False,False,False,False,False,False,False,False,True,False,False,True,False,False,False,1
99,1,400000.0,0.0,76900.0,1,0,0,0,0,0,0,0,0,0,0,0,1,0,0,1,99,99,0,48,1,0,7,0,41,68,76900.0,70000.0,-100.0,0,0.0,0.0,0.0,501.0,1,2,True,False,False,False,True,False,False,True,False,False,False,True,False,False,False,False,False,False,False,False,False,False,False,False,False,False,False,True,True,False,False,False,False,False,1
99,1,137500.0,0.0,2800.0,1,0,0,0,0,0,0,0,0,0,0,0,2,0,0,1,99,99,0,26,0,0,6,0,18,44,2800.0,2800.0,0.0,0,0.0,0.0,0.0,34.0,0,0,True,False,False,False,True,False,False,True,False,False,False,False,False,False,True,False,False,False,False,False,False,False,True,False,False,False,False,False,False,False,False,False,True,False,1
99,0,999999.0,675.0,30000.0,1,1,0,0,0,0,0,0,0,0,2,1,2,0,0,1,99,99,0,52,1,0,7,0,25,44,22000.0,22000.0,0.0,0,0.0,0.0,0.0,361.0,1,2,True,False,False,False,True,False,False,True,False,False,False,True,False,False,False,False,False,False,False,False,False,False,False,False,False,False,False,True,False,False,True,False,False,False,1
99,0,999999.0,725.0,3664.0,2,0,1,0,0,0,0,0,0,0,0,0,2,1,0,2,9,9,0,28,0,0,2,0,0,0,6000.0,0.0,0.0,0,0.0,6000.0,0.0,70.0,1,0,True,False,False,False,True,False,False,True,False,False,False,False,False,False,False,False,False,True,False,False,False,False,False,False,False,False,False,True,False,False,False,True,False,False,1
99,0,999999.0,512.0,19688.0,1,2,2,2,2,0,1,1,0,1,0,0,6,0,0,1,99,99,1,0,0,0,7,0,0,0,0.0,999999.0,999999.0,999999,99999.0,99999.0,99999.0,113.0,1,0,True,False,False,False,True,False,False,True,True,False,False,False,False,False,False,False,False,False,False,False,False,False,False,True,False,False,False,False,False,False,False,True,False,False,1
99,0,999999.0,575.0,22080.0,1,1,0,0,0,0,0,0,0,0,1,1,2,0,0,1,99,99,0,62,0,0,2,0,0,0,1920.0,0.0,0.0,0,1920.0,0.0,0.0,266.0,1,0,True,False,False,False,True,False,False,True,False,False,False,False,False,False,False,False,False,False,False,False,True,False,False,False,False,False,False,True,False,False,True,False,False,False,1
99,0,999999.0,875.0,73000.0,1,1,1,1,0,0,0,0,0,0,2,1,4,2,0,1,28,27,0,64,1,0,8,0,38,68,18000.0,17000.0,0.0,0,0.0,0.0,0.0,501.0,0,6,True,False,False,False,True,False,False,True,False,False,False,True,False,False,False,False,False,False,False,False,False,False,False,False,False,False,False,True,False,False,True,False,False,False,1
99,1,275000.0,0.0,4700.0,1,1,1,1,0,0,0,0,0,0,3,1,3,1,0,1,28,28,0,65,1,0,1,0,0,0,0.0,0.0,0.0,0,0.0,0.0,0.0,48.0,0,0,True,False,False,False,True,False,False,True,False,False,False,False,False,False,False,True,False,False,False,False,False,False,False,False,False,False,False,True,False,False,True,False,False,False,1
99,0,999999.0,362.0,10000.0,1,0,1,0,1,0,1,0,0,0,0,0,4,0,0,1,99,99,2,11,0,1,2,1,0,0,0.0,999999.0,999999.0,999999,99999.0,99999.0,99999.0,79.0,0,0,True,False,False,False,True,False,False,True,True,False,False,False,False,False,False,False,False,False,False,False,False,False,True,False,False,False,False,False,False,False,False,True,False,False,1
99,1,187500.0,0.0,81693.0,1,1,0,0,0,0,0,0,0,0,2,1,2,0,0,1,99,99,0,67,1,0,6,0,0,0,81693.0,0.0,0.0,0,23090.0,0.0,0.0,501.0,0,6,True,False,False,False,True,False,False,True,False,False,False,True,False,False,False,False,False,False,False,False,False,False,False,False,False,False,False,True,False,False,True,False,False,False,1
99,1,225000.0,0.0,52630.0,1,1,1,1,0,0,0,0,0,0,1,1,3,1,0,1,18,18,0,50,0,0,6,0,24,44,13000.0,13000.0,0.0,0,0.0,0.0,0.0,501.0,0,0,True,False,False,False,True,False,False,True,False,False,False,False,False,False,False,False,False,False,False,False,True,False,False,False,False,False,False,True,False,False,True,False,False,False,1
99,1,225000.0,0.0,93406.0,1,2,1,1,4,0,1,3,0,1,0,0,7,0,0,1,99,99,2,28,1,0,6,0,31,33,14000.0,14000.0,0.0,0,0.0,0.0,0.0,464.0,1,0,True,False,False,False,True,False,False,True,False,False,False,False,False,False,False,False,False,False,False,True,False,False,False,True,False,False,False,False,False,False,False,True,False,False,1
99,0,999999.0,875.0,28296.0,1,0,1,0,0,0,0,0,0,0,0,0,2,1,0,1,28,28,0,50,0,0,8,0,41,72,26196.0,21462.0,0.0,0,0.0,0.0,2940.0,341.0,1,1,True,False,False,False,True,False,False,True,False,False,False,True,False,False,False,False,False,False,False,False,False,False,False,False,False,False,False,True,True,False,False,False,False,False,1
99,0,999999.0,537.0,17000.0,2,1,1,1,0,0,0,0,0,0,2,1,4,1,1,1,1,1,1,20,1,0,2,0,28,22,15000.0,15000.0,0.0,0,0.0,0.0,0.0,131.0,1,1,True,False,False,False,True,False,False,True,False,False,False,True,False,False,False,False,False,False,False,False,False,False,False,False,False,False,False,True,False,False,True,False,False,False,1
99,1,137500.0,0.0,53631.0,1,1,0,0,0,0,0,0,0,0,2,1,3,0,0,1,99,99,0,81,1,0,5,0,0,0,16856.0,0.0,0.0,0,10602.0,0.0,0.0,501.0,0,8,True,False,False,False,True,False,False,True,False,False,False,True,False,False,False,False,False,False,False,False,False,False,False,False,False,False,False,True,False,False,True,False,False,False,1
99,0,999999.0,625.0,15972.0,1,1,1,1,2,0,1,1,0,1,0,0,4,0,0,1,99,99,1,18,1,0,6,0,25,15,1980.0,0.0,0.0,0,0.0,1980.0,0.0,123.0,1,0,True,False,False,False,True,False,False,True,True,False,False,False,False,False,False,False,False,False,False,False,False,False,False,False,False,False,False,True,False,False,False,True,False,False,1
99,1,225000.0,0.0,76368.0,1,1,1,1,0,0,0,0,0,0,1,1,3,1,0,1,26,26,0,66,0,0,6,0,0,0,4690.0,0.0,0.0,0,4690.0,0.0,0.0,501.0,0,0,True,False,False,False,True,False,False,True,False,False,False,False,False,False,False,False,False,False,False,False,True,False,False,False,True,False,False,False,False,False,True,False,False,False,1
99,1,400000.0,0.0,110700.0,1,1,0,0,0,0,0,0,0,0,1,1,2,0,0,1,99,99,0,55,0,0,8,0,26,72,25700.0,18700.0,0.0,0,0.0,0.0,0.0,501.0,0,0,True,False,False,False,True,False,False,True,False,False,False,False,False,False,False,False,False,False,False,False,True,False,False,False,False,False,False,True,False,False,True,False,False,False,1
99,0,999999.0,90.0,12864.0,1,1,1,1,0,0,0,0,0,0,2,1,3,1,0,1,17,17,0,46,1,0,6,0,34,47,864.0,0.0,0.0,0,0.0,0.0,864.0,129.0,0,6,True,False,False,False,True,False,False,True,False,False,False,True,False,False,False,False,False,False,False,False,False,False,True,False,False,False,False,False,False,False,True,False,False,False,1
99,0,999999.0,437.0,15189.0,1,0,1,0,1,0,1,0,0,0,0,0,7,0,0,1,99,99,5,12,0,1,2,1,0,0,0.0,999999.0,999999.0,999999,99999.0,99999.0,99999.0,85.0,0,0,True,False,False,False,True,False,False,True,True,False,False,False,False,False,False,False,False,False,False,False,False,False,False,False,False,False,False,True,False,False,False,True,False,False,1
99,1,350000.0,0.0,58000.0,2,0,0,1,0,0,0,1,0,1,0,0,6,0,0,1,99,99,4,13,1,1,3,1,0,0,0.0,999999.0,999999.0,999999,99999.0,99999.0,99999.0,357.0,1,0,True,False,False,False,True,False,False,True,True,False,False,False,False,False,False,False,False,False,False,False,False,False,False,False,False,False,False,True,False,False,False,True,False,False,1
99,1,275000.0,0.0,23050.0,1,1,0,0,0,0,0,0,0,0,1,1,2,0,0,1,99,99,0,48,0,0,7,0,41,68,9000.0,0.0,0.0,0,0.0,0.0,1500.0,278.0,0,0,True,False,False,False,True,False,False,True,False,False,False,False,False,False,False,False,False,False,False,False,True,False,False,False,False,False,False,True,False,False,True,False,False,False,1
99,0,999999.0,387.0,10950.0,1,1,1,1,2,0,1,1,0,1,0,0,5,0,0,1,99,99,2,0,1,0,7,0,0,0,0.0,999999.0,999999.0,999999,99999.0,99999.0,99999.0,74.0,1,0,True,False,False,False,True,False,False,True,True,False,False,False,False,False,False,False,False,False,False,False,False,False,False,False,False,False,False,True,False,False,False,True,False,False,1
99,0,999999.0,512.0,56000.0,1,1,1,1,1,0,1,2,0,1,0,0,4,0,0,1,99,99,1,7,0,1,1,1,0,0,0.0,999999.0,999999.0,999999,99999.0,99999.0,99999.0,445.0,0,0,True,False,False,False,True,False,False,True,True,False,False,False,False,False,False,False,False,False,False,False,False,False,True,False,False,False,False,False,False,False,False,True,False,False,1
99,0,999999.0,1000.0,57800.0,1,1,1,1,0,0,0,0,0,0,2,1,5,3,0,1,21,12,0,57,1,0,8,0,79,92,50000.0,0.0,50000.0,0,0.0,0.0,0.0,369.0,1,2,True,False,False,False,True,False,False,True,False,False,False,True,False,False,False,False,False,False,False,False,False,False,False,False,False,False,False,True,False,False,True,False,False,False,1
99,1,137500.0,0.0,52000.0,2,0,0,1,0,0,0,1,0,1,0,0,3,0,0,1,99,99,1,1,1,0,7,0,0,0,0.0,999999.0,999999.0,999999,99999.0,99999.0,99999.0,501.0,1,0,True,False,False,False,True,False,False,True,True,False,False,False,False,False,False,False,False,False,False,False,False,False,False,False,False,False,False,True,False,False,False,True,False,False,1
99,0,999999.0,625.0,8842.0,1,0,2,0,0,0,0,0,0,0,0,0,7,0,0,1,99,99,0,3,0,0,0,0,0,0,0.0,999999.0,999999.0,999999,99999.0,99999.0,99999.0,48.0,1,0,True,False,False,False,True,False,False,True,False,False,False,False,False,False,True,False,False,False,False,False,False,False,False,False,False,False,False,True,False,False,False,True,False,False,1
99,1,350000.0,0.0,70000.0,1,1,1,1,0,0,0,0,0,0,1,1,4,2,2,1,3,0,0,29,0,0,6,0,16,38,5000.0,5000.0,0.0,0,0.0,0.0,0.0,501.0,1,0,True,False,False,False,True,False,False,True,False,False,False,False,False,False,False,False,False,False,False,False,True,False,False,False,False,False,False,True,False,False,True,False,False,False,1
99,1,275000.0,0.0,23000.0,1,0,1,0,1,0,1,0,0,0,0,0,2,0,0,1,99,99,0,19,0,0,4,0,25,44,0.0,0.0,0.0,0,0.0,0.0,0.0,277.0,0,0,True,False,False,False,True,False,False,True,True,False,False,False,False,False,False,False,False,False,False,False,False,False,False,False,False,False,False,True,False,False,False,True,False,False,1
99,0,999999.0,1000.0,63938.0,1,0,1,0,0,0,0,0,0,0,0,0,4,1,0,1,58,58,0,80,0,0,6,0,0,0,8038.0,0.0,0.0,0,8038.0,0.0,0.0,492.0,1,0,True,False,False,False,True,False,False,True,False,False,False,False,False,False,False,True,False,False,False,False,False,False,False,False,False,False,False,True,False,False,False,False,False,True,1
99,0,999999.0,1000.0,120000.0,2,0,0,0,0,0,0,0,0,0,0,0,1,0,0,1,99,99,0,31,1,0,8,0,61,93,120000.0,120000.0,0.0,0,0.0,0.0,0.0,501.0,1,1,True,False,False,False,True,False,False,True,False,False,False,True,False,False,False,False,False,False,False,False,False,False,False,False,False,False,False,True,True,False,False,False,False,False,1
99,1,225000.0,0.0,53300.0,1,1,2,1,0,0,0,0,0,0,2,1,5,2,0,1,12,8,0,44,1,0,7,0,32,62,44000.0,44000.0,0.0,0,0.0,0.0,0.0,351.0,0,5,True,False,False,False,True,False,False,True,False,False,False,True,False,False,False,False,False,False,False,False,False,False,False,False,False,False,False,True,False,False,True,False,False,False,1
99,1,162500.0,0.0,31549.0,1,1,1,1,0,0,0,0,0,0,2,1,4,2,0,1,15,13,0,40,1,0,5,0,23,18,5440.0,5440.0,0.0,0,0.0,0.0,0.0,251.0,0,6,True,False,False,False,True,False,False,True,False,False,False,True,False,False,False,False,False,False,False,False,False,False,False,False,False,True,False,False,False,False,True,False,False,False,1
99,1,400000.0,0.0,165815.0,1,1,1,1,2,0,1,1,0,1,0,0,6,0,0,1,99,99,3,23,1,0,6,0,41,68,9600.0,9600.0,0.0,0,0.0,0.0,0.0,501.0,0,0,True,False,False,False,True,False,False,True,True,False,False,False,False,False,False,False,False,False,False,False,False,False,False,False,False,False,False,True,False,False,False,True,False,False,1
99,1,112500.0,0.0,27000.0,1,1,1,1,0,0,0,0,0,0,2,1,4,2,0,1,13,11,0,46,1,0,2,0,25,15,22000.0,22000.0,0.0,0,0.0,0.0,0.0,215.0,1,1,True,False,False,False,True,False,False,True,False,False,False,True,False,False,False,False,False,False,False,False,False,False,False,False,False,False,False,True,False,False,True,False,False,False,1
99,0,999999.0,362.0,13880.0,2,1,2,1,0,0,0,0,0,0,0,0,4,1,0,1,32,32,0,63,0,0,2,0,13,23,0.0,0.0,0.0,0,0.0,0.0,0.0,107.0,1,0,True,False,False,False,True,False,False,True,False,False,False,False,False,False,False,True,False,False,False,False,False,False,False,False,False,False,False,True,False,False,False,False,True,False,1
99,0,999999.0,187.0,14315.0,1,1,0,0,0,0,0,0,0,0,2,1,2,0,0,1,99,99,0,90,1,0,2,0,0,0,14315.0,0.0,0.0,0,10138.0,0.0,0.0,191.0,0,6,True,False,False,False,True,False,False,True,False,False,False,True,False,False,False,False,False,False,False,False,False,False,False,False,False,False,False,True,False,False,True,False,False,False,1
99,1,112500.0,0.0,50062.0,1,2,1,2,0,0,0,0,0,0,8,4,10,0,0,1,99,99,0,55,0,0,5,0,0,0,0.0,0.0,0.0,0,0.0,0.0,0.0,195.0,0,0,True,False,False,False,True,False,False,True,False,False,False,False,False,False,True,False,False,False,False,False,False,False,False,False,False,False,False,True,False,False,True,False,False,False,1
99,1,400000.0,0.0,42817.0,1,1,1,1,0,0,0,0,0,0,1,1,4,2,0,1,21,17,0,54,0,0,6,0,22,51,5500.0,0.0,5500.0,0,0.0,0.0,0.0,329.0,0,0,True,False,False,False,True,False,False,True,False,False,False,False,False,False,False,False,False,False,False,False,True,False,False,False,False,False,False,True,False,False,True,False,False,False,0
99,1,137500.0,0.0,29014.0,1,1,0,0,0,0,0,0,0,0,1,1,2,0,0,1,99,99,0,71,0,0,2,0,0,0,8208.0,0.0,0.0,0,8208.0,0.0,0.0,387.0,0,0,True,False,False,False,True,False,False,True,False,False,False,False,False,False,False,False,False,False,False,False,True,False,False,False,False,False,False,True,False,False,True,False,False,False,1
99,0,999999.0,1000.0,200.0,2,0,0,0,0,0,0,0,0,0,0,0,1,0,0,1,99,99,0,25,1,0,8,0,35,62,200.0,200.0,0.0,0,0.0,0.0,0.0,3.0,0,1,True,False,False,False,True,False,False,True,False,False,False,True,False,False,False,False,False,False,False,False,False,False,False,False,False,False,False,True,False,False,False,True,False,False,1
99,0,999999.0,725.0,11000.0,1,1,1,1,0,0,0,0,0,0,1,1,3,1,0,1,17,17,0,61,0,0,8,0,22,61,5500.0,5500.0,0.0,0,0.0,0.0,0.0,110.0,1,0,True,False,False,False,True,False,False,True,False,False,False,False,False,False,False,False,False,False,False,False,True,False,False,False,False,True,False,False,False,False,True,False,False,False,1
99,0,999999.0,437.0,31200.0,3,1,0,0,0,0,0,0,0,0,0,0,2,0,0,1,99,99,1,19,1,0,1,0,9,6,15600.0,15600.0,0.0,0,0.0,0.0,0.0,376.0,1,1,True,False,False,False,True,False,False,True,False,False,False,True,False,False,False,False,False,False,False,False,False,False,False,False,False,False,False,True,False,False,False,True,False,False,1
99,1,137500.0,0.0,14121.0,1,1,0,0,0,0,0,0,0,0,1,1,2,0,0,1,99,99,0,69,0,0,6,0,0,0,1120.0,0.0,0.0,0,1120.0,0.0,0.0,188.0,0,0,True,False,False,False,True,False,False,True,False,False,False,False,False,False,False,False,False,False,False,False,True,False,False,False,False,False,False,True,False,False,True,False,False,False,1
99,0,999999.0,1000.0,100000.0,1,1,1,1,2,0,1,1,0,1,0,0,4,0,0,1,99,99,1,15,0,1,4,1,0,0,0.0,999999.0,999999.0,999999,0.0,0.0,0.0,501.0,1,0,True,False,False,False,True,False,False,True,True,False,False,False,False,False,False,False,False,False,False,False,False,False,False,False,True,False,False,False,False,False,False,True,False,False,1
99,1,225000.0,0.0,36078.0,3,0,0,0,0,0,0,0,0,0,0,0,1,0,0,1,99,99,0,48,1,0,8,0,61,93,36078.0,37364.0,-1536.0,0,0.0,0.0,0.0,501.0,0,6,True,False,False,False,True,False,False,True,False,False,False,True,False,False,False,False,False,False,False,False,False,False,False,False,False,False,False,True,False,False,False,True,False,False,1
99,1,350000.0,0.0,102125.0,1,0,1,0,1,0,1,0,0,0,0,0,3,0,0,1,99,99,1,39,1,0,7,0,41,68,46125.0,46000.0,0.0,0,0.0,0.0,0.0,501.0,1,0,True,False,False,False,True,False,False,True,True,False,False,False,False,False,False,False,False,False,False,False,False,False,False,False,False,False,False,True,True,False,False,False,False,False,1
99,0,999999.0,575.0,39020.0,2,0,0,0,0,0,0,0,0,0,0,0,1,0,0,1,99,99,0,31,1,0,8,0,41,84,39020.0,38000.0,0.0,0,0.0,0.0,0.0,501.0,0,2,True,False,False,False,True,False,False,True,False,False,False,True,False,False,False,False,False,False,False,False,False,False,False,False,False,False,False,True,False,False,False,True,False,False,1
99,0,999999.0,725.0,27000.0,1,0,1,0,1,0,1,0,0,0,0,0,4,0,0,1,99,99,2,22,0,1,7,1,29,48,5000.0,5000.0,0.0,0,0.0,0.0,0.0,208.0,1,0,True,False,False,False,True,False,False,True,True,False,False,False,False,False,False,False,False,False,False,False,False,False,False,False,False,False,False,True,False,False,False,True,False,False,1
99,1,225000.0,0.0,12000.0,1,1,1,1,0,0,0,0,0,0,1,1,4,1,1,1,2,2,0,25,0,1,6,1,0,0,0.0,0.0,0.0,0,0.0,0.0,0.0,92.0,1,0,True,False,False,False,True,False,False,True,False,False,False,False,False,False,False,False,False,False,False,False,True,False,False,False,False,False,False,True,False,False,True,False,False,False,1
99,1,137500.0,0.0,7396.0,1,0,1,0,1,0,1,0,0,0,0,0,4,0,0,1,99,99,2,17,1,0,6,0,0,0,0.0,0.0,0.0,0,0.0,0.0,0.0,59.0,0,0,True,False,False,False,True,False,False,True,True,False,False,False,False,False,False,False,False,False,False,False,False,False,False,False,False,False,False,True,False,False,False,True,False,False,1
99,0,999999.0,462.0,12361.0,1,0,1,0,0,0,0,0,0,0,0,0,2,1,0,1,19,19,0,50,0,0,6,0,17,15,12102.0,12102.0,0.0,0,0.0,0.0,0.0,149.0,1,5,True,False,False,False,True,False,False,True,False,False,False,True,False,False,False,False,False,False,False,False,False,False,True,False,False,False,False,False,False,False,False,False,True,False,1
99,1,187500.0,0.0,61000.0,1,0,0,1,0,0,0,0,0,0,0,0,2,1,0,1,25,25,0,59,1,0,5,0,31,33,50000.0,50000.0,0.0,0,0.0,0.0,0.0,501.0,0,7,True,False,False,False,True,False,False,True,False,False,False,True,False,False,False,False,False,False,False,False,False,False,False,False,False,False,False,True,False,False,False,False,False,True,1
99,0,999999.0,625.0,17160.0,1,1,1,1,2,0,1,1,0,1,0,0,7,0,0,1,99,99,4,8,0,1,1,1,0,0,0.0,999999.0,999999.0,999999,99999.0,99999.0,99999.0,92.0,1,0,True,False,False,False,True,False,False,True,True,False,False,False,False,False,False,False,False,False,False,False,False,False,False,False,False,False,False,True,False,False,False,True,False,False,1
99,1,350000.0,0.0,42000.0,1,1,1,1,2,0,1,1,0,1,0,0,7,0,0,1,99,99,4,20,0,1,6,1,0,0,0.0,0.0,0.0,0,0.0,0.0,0.0,209.0,0,0,True,False,False,False,True,False,False,True,True,False,False,False,False,False,False,False,False,False,False,False,False,False,False,False,False,False,False,True,False,False,False,True,False,False,1
99,0,999999.0,875.0,40000.0,2,0,1,0,0,0,0,0,0,0,0,0,4,1,0,1,15,15,0,42,0,0,7,0,41,68,40000.0,40000.0,0.0,0,0.0,0.0,0.0,317.0,1,2,True,False,False,False,True,False,False,True,False,False,False,True,False,False,False,False,False,False,False,False,False,False,False,False,False,False,False,True,False,False,False,False,True,False,1
99,0,999999.0,725.0,12000.0,2,0,0,0,0,0,0,0,0,0,0,0,1,0,0,2,99,99,0,28,1,1,6,2,24,19,0.0,0.0,0.0,0,0.0,0.0,0.0,1.0,0,0,True,False,False,False,True,False,False,True,False,False,False,False,False,False,False,False,False,True,False,False,False,False,False,False,False,False,False,True,False,False,False,True,False,False,1
99,1,400000.0,0.0,101000.0,1,0,0,0,0,0,0,0,0,0,0,0,1,0,0,1,99,99,0,49,0,0,8,0,41,68,101000.0,100000.0,0.0,0,0.0,0.0,0.0,501.0,0,5,True,False,False,False,True,False,False,True,False,False,False,True,False,False,False,False,False,False,False,False,False,False,False,False,False,False,False,True,False,False,False,False,True,False,1
99,1,350000.0,0.0,55367.0,1,1,0,0,0,0,0,0,0,0,1,1,2,0,0,1,99,99,0,75,0,0,2,0,0,0,1847.0,0.0,0.0,0,1847.0,0.0,0.0,501.0,0,0,True,False,False,False,True,False,False,True,False,False,False,False,False,False,False,False,False,False,False,False,True,False,False,False,False,False,False,True,False,False,True,False,False,False,1
99,1,400000.0,0.0,213516.0,2,0,0,0,0,0,0,0,0,0,0,0,1,0,0,1,99,99,0,69,1,0,8,0,41,68,213516.0,100000.0,123515.0,0,0.0,0.0,0.0,501.0,1,5,True,False,False,False,True,False,False,True,False,False,False,True,False,False,False,False,False,False,False,False,False,False,False,False,False,False,False,True,False,False,False,True,False,False,1
99,0,999999.0,625.0,18400.0,1,1,1,1,2,7,1,1,0,1,0,0,4,0,0,1,99,99,1,5,1,0,0,0,0,0,0.0,999999.0,999999.0,999999,99999.0,99999.0,99999.0,146.0,0,0,True,False,False,False,True,False,False,True,True,False,False,False,False,False,False,False,False,False,False,False,False,False,False,False,False,False,False,True,False,False,False,True,False,False,1
99,0,999999.0,512.0,37000.0,1,1,1,1,0,0,0,0,0,0,1,1,4,2,1,1,7,2,0,30,0,0,7,0,26,72,10000.0,10000.0,0.0,0,0.0,0.0,0.0,294.0,1,0,True,False,False,False,True,False,False,True,False,False,False,False,False,False,False,False,False,False,False,False,True,False,True,False,False,False,False,False,False,False,True,False,False,False,0
99,1,112500.0,0.0,29411.0,1,1,1,1,0,0,0,0,0,0,2,1,4,2,0,1,28,22,0,66,1,0,6,0,0,0,18000.0,0.0,0.0,0,0.0,0.0,0.0,230.0,0,7,True,False,False,False,True,False,False,True,False,False,False,True,False,False,False,False,False,False,False,False,False,False,False,False,False,False,False,True,False,False,True,False,False,False,1
99,0,999999.0,412.0,25476.0,1,1,1,1,0,0,0,0,0,0,1,1,6,4,2,1,8,1,0,31,0,0,1,0,22,18,6356.0,6356.0,0.0,0,0.0,0.0,0.0,154.0,0,0,True,False,False,False,True,False,False,True,False,False,False,False,False,False,False,False,False,False,False,False,True,False,True,False,False,False,False,False,False,False,True,False,False,False,1
99,0,999999.0,625.0,18908.0,2,0,0,1,0,0,0,0,0,0,0,0,3,2,2,1,4,3,0,36,1,0,1,0,20,8,18908.0,17600.0,0.0,0,0.0,0.0,1308.0,189.0,0,1,True,False,False,False,True,False,False,True,False,False,False,True,False,False,False,False,False,False,False,False,False,False,False,False,False,False,False,True,True,False,False,False,False,False,1
99,0,999999.0,512.0,15000.0,2,0,0,0,0,0,0,0,0,0,0,0,1,0,0,2,99,99,0,21,0,0,2,0,22,18,13000.0,13000.0,0.0,0,0.0,0.0,0.0,202.0,0,0,True,False,False,False,True,False,False,True,False,False,False,False,False,False,False,False,False,True,False,False,False,False,False,False,False,False,False,True,False,False,False,True,False,False,1
99,1,400000.0,0.0,85000.0,1,1,1,1,2,0,1,1,0,1,0,0,4,0,0,1,99,99,1,7,0,1,1,1,0,0,0.0,999999.0,999999.0,999999,99999.0,99999.0,99999.0,501.0,0,0,True,False,False,False,True,False,False,True,True,False,False,False,False,False,False,False,False,False,False,False,False,False,False,False,False,True,False,False,False,False,False,True,False,False,1
99,1,400000.0,0.0,208516.0,1,1,1,1,0,0,0,0,0,0,1,1,3,1,0,1,20,20,0,46,0,0,8,0,26,58,10000.0,10000.0,0.0,0,0.0,0.0,0.0,501.0,0,0,True,False,False,False,True,False,False,True,False,False,False,False,False,False,False,False,False,False,False,False,True,False,False,False,False,False,False,True,False,False,True,False,False,False,1
99,0,999999.0,575.0,11210.0,1,1,1,1,2,0,1,1,0,1,0,0,5,0,0,1,99,99,2,22,0,1,6,1,24,44,4031.0,4031.0,0.0,0,0.0,0.0,0.0,73.0,0,0,True,False,False,False,True,False,False,True,True,False,False,False,False,False,False,False,False,False,False,False,False,False,False,True,False,False,False,False,False,False,False,True,False,False,1
99,0,999999.0,875.0,44118.0,1,1,1,1,0,0,0,0,0,0,2,1,3,1,0,1,14,14,0,50,1,0,8,0,11,18,26144.0,26024.0,0.0,0,0.0,0.0,0.0,442.0,1,1,True,False,False,False,True,False,False,True,False,False,False,True,False,False,False,False,False,False,False,False,False,False,False,False,False,False,False,True,False,False,True,False,False,False,1
99,0,999999.0,575.0,3500.0,2,0,0,1,0,0,0,1,0,1,0,0,8,0,0,1,99,99,5,9,1,1,1,1,0,0,0.0,999999.0,999999.0,999999,99999.0,99999.0,99999.0,17.0,1,0,True,False,False,False,True,False,False,True,True,False,False,False,False,False,False,False,False,False,False,False,False,False,True,False,False,False,False,False,False,False,False,True,False,False,1
99,0,999999.0,625.0,9890.0,1,0,1,0,1,0,1,0,0,0,0,0,4,0,0,1,99,99,2,10,1,1,2,1,0,0,0.0,999999.0,999999.0,999999,99999.0,99999.0,99999.0,78.0,1,0,True,False,False,False,True,False,False,True,True,False,False,False,False,False,False,False,False,False,False,False,False,False,True,False,False,False,False,False,False,False,False,True,False,False,1
99,0,999999.0,675.0,54719.0,2,1,1,1,1,0,1,2,0,1,0,0,9,0,0,1,99,99,6,3,1,0,0,0,0,0,0.0,999999.0,999999.0,999999,99999.0,99999.0,99999.0,218.0,1,0,True,False,False,False,True,False,False,True,True,False,False,False,False,False,False,False,False,False,False,False,False,False,False,False,False,False,False,True,False,False,False,True,False,False,1
99,0,999999.0,462.0,25000.0,1,0,0,0,0,0,0,0,0,0,0,0,2,0,0,1,99,99,1,19,1,0,7,0,27,18,7000.0,7000.0,0.0,0,0.0,0.0,0.0,301.0,1,0,True,False,False,False,True,False,False,True,False,False,False,False,False,False,False,False,False,False,True,False,False,False,False,False,False,False,False,True,False,False,False,True,False,False,1
99,0,999999.0,675.0,8000.0,1,0,1,0,0,0,0,0,0,0,0,0,5,4,1,1,10,1,0,31,0,0,7,0,0,0,8000.0,0.0,0.0,0,0.0,8000.0,0.0,55.0,1,2,True,False,False,False,True,False,False,True,False,False,False,True,False,False,False,False,False,False,False,False,False,False,True,False,False,False,False,False,False,False,False,True,False,False,1
99,0,999999.0,625.0,14000.0,1,0,1,0,2,0,1,0,0,0,0,0,3,0,0,1,99,99,1,22,0,0,7,0,30,44,4000.0,4000.0,0.0,0,0.0,0.0,0.0,144.0,1,0,True,False,False,False,True,False,False,True,False,False,False,False,False,False,False,False,False,False,True,False,False,False,False,False,False,False,False,True,False,False,False,True,False,False,1
99,1,400000.0,0.0,50000.0,1,1,1,1,0,0,0,0,0,0,2,1,4,2,2,1,4,2,0,34,1,0,8,0,39,73,50000.0,50000.0,0.0,0,0.0,0.0,0.0,398.0,0,2,True,False,False,False,True,False,False,True,False,False,False,True,False,False,False,False,False,False,False,False,False,False,False,False,False,False,False,True,False,False,True,False,False,False,1
99,0,999999.0,537.0,21000.0,1,1,1,1,2,0,1,1,0,1,0,0,6,0,0,1,99,99,3,0,1,0,7,0,0,0,0.0,999999.0,999999.0,999999,99999.0,99999.0,99999.0,127.0,1,0,True,False,False,False,True,False,False,True,True,False,False,False,False,False,False,False,False,False,False,False,False,False,False,False,False,False,False,True,False,False,False,True,False,False,1
99,1,400000.0,0.0,210716.0,1,1,1,1,0,0,0,0,0,0,2,1,4,2,0,1,21,17,0,53,1,0,8,0,41,68,203516.0,195516.0,0.0,0,0.0,0.0,0.0,501.0,0,5,True,False,False,False,True,False,False,True,False,False,False,True,False,False,False,False,False,False,False,False,False,False,False,False,False,True,False,False,False,False,True,False,False,False,1
99,1,112500.0,0.0,36090.0,1,1,0,0,0,0,0,0,0,0,1,1,3,0,0,1,99,99,0,61,0,0,7,0,17,13,0.0,0.0,0.0,0,0.0,0.0,0.0,372.0,0,0,True,False,False,False,True,False,False,True,False,False,False,False,False,False,False,False,False,False,False,False,True,True,False,False,False,False,False,False,False,False,True,False,False,False,1
99,1,112500.0,0.0,50908.0,1,1,1,2,0,0,0,0,0,0,1,1,8,4,1,1,20,4,0,40,0,0,3,0,32,62,10000.0,10000.0,0.0,0,0.0,0.0,0.0,229.0,1,0,True,False,False,False,True,False,False,True,False,False,False,False,False,False,False,False,False,False,False,False,True,False,False,False,False,False,False,True,False,False,True,False,False,False,1
99,0,999999.0,875.0,24000.0,1,0,0,1,0,0,0,0,0,0,0,0,2,1,0,1,13,13,0,38,1,0,6,0,41,68,24000.0,24000.0,0.0,0,0.0,0.0,0.0,281.0,1,1,True,False,False,False,True,False,False,True,False,False,False,True,False,False,False,False,False,False,False,False,False,False,False,False,False,False,False,True,False,False,False,False,True,False,1
99,1,137500.0,0.0,38400.0,1,1,1,1,2,0,1,1,0,1,0,0,5,0,0,1,99,99,2,1,0,0,7,0,0,0,0.0,999999.0,999999.0,999999,99999.0,99999.0,99999.0,259.0,1,0,True,False,False,False,True,False,False,True,True,False,False,False,False,False,False,False,False,False,False,False,False,False,False,False,False,False,False,True,False,False,False,True,False,False,1
99,1,400000.0,0.0,84500.0,1,1,1,1,0,0,0,0,0,0,1,1,3,1,0,1,23,23,0,45,0,0,6,0,41,68,32000.0,30000.0,0.0,0,0.0,0.0,0.0,501.0,0,0,True,False,False,False,True,False,False,True,False,False,False,False,False,False,False,False,False,False,False,False,True,False,False,False,False,False,False,True,False,False,True,False,False,False,1
99,0,999999.0,212.0,6000.0,2,0,0,0,0,0,0,0,0,0,0,0,1,0,0,1,99,99,0,27,1,0,7,0,20,8,6000.0,6000.0,0.0,0,0.0,0.0,0.0,93.0,1,2,True,False,False,False,True,False,False,True,False,False,False,True,False,False,False,False,False,False,False,False,False,False,False,False,False,False,False,True,False,False,False,True,False,False,1
99,1,275000.0,0.0,51080.0,2,1,1,2,0,0,0,4,0,3,0,0,2,0,0,2,99,99,0,23,0,0,6,0,17,13,4000.0,4000.0,0.0,0,0.0,0.0,0.0,501.0,1,0,True,False,False,False,True,False,False,True,False,False,False,False,False,True,False,False,False,False,False,False,False,False,False,False,False,False,False,True,False,False,False,True,False,False,1
99,1,187500.0,0.0,47972.0,1,1,0,0,0,0,0,0,0,0,1,1,2,0,0,1,99,99,0,81,0,0,7,0,0,0,19325.0,0.0,0.0,0,7811.0,0.0,0.0,501.0,0,0,True,False,False,False,True,False,False,True,False,False,False,False,False,False,False,False,False,False,False,False,True,False,False,False,False,False,False,True,False,False,True,False,False,False,1
99,1,400000.0,0.0,66000.0,1,0,1,0,1,0,1,0,0,0,0,0,3,0,0,1,99,99,1,11,1,1,2,1,0,0,0.0,999999.0,999999.0,999999,99999.0,99999.0,99999.0,501.0,0,0,True,False,False,False,True,False,False,True,True,False,False,False,False,False,False,False,False,False,False,False,False,False,False,False,False,False,False,True,False,False,False,True,False,False,1
99,0,999999.0,412.0,32000.0,1,1,1,1,2,0,1,1,0,1,0,0,5,0,0,1,99,99,2,9,1,1,1,1,0,0,0.0,999999.0,999999.0,999999,99999.0,99999.0,99999.0,216.0,0,0,True,False,False,False,True,False,False,True,True,False,False,False,False,False,False,False,False,False,False,False,False,False,False,False,False,False,False,True,False,False,False,True,False,False,1
99,0,999999.0,875.0,2000.0,2,0,0,0,0,0,0,0,0,0,0,0,1,0,0,2,99,99,0,18,1,1,5,1,39,82,10000.0,10000.0,0.0,0,0.0,0.0,0.0,155.0,1,0,True,False,False,False,True,False,False,True,False,False,False,False,False,False,False,False,False,True,False,False,False,True,False,False,False,False,False,False,False,False,False,True,False,False,1
99,0,999999.0,487.0,0.0,2,0,0,0,0,0,0,0,0,0,0,0,1,0,0,1,99,99,0,20,1,1,7,1,18,44,0.0,0.0,0.0,0,0.0,0.0,0.0,1.0,1,1,True,False,False,False,True,False,False,True,False,False,False,True,False,False,False,False,False,False,False,False,False,False,True,False,False,False,False,False,False,False,False,True,False,False,1
99,1,137500.0,0.0,49491.0,1,1,1,1,2,0,1,1,0,1,0,0,5,0,0,1,99,99,2,13,1,1,2,1,0,0,0.0,999999.0,999999.0,999999,99999.0,99999.0,99999.0,334.0,1,0,True,False,False,False,True,False,False,True,True,False,False,False,False,False,False,False,False,False,False,False,False,False,False,False,False,False,False,True,False,False,False,True,False,False,1
99,0,999999.0,212.0,9000.0,1,0,1,0,1,1,1,0,0,0,0,0,5,0,0,1,99,99,2,6,1,0,0,0,0,0,0.0,999999.0,999999.0,999999,99999.0,99999.0,99999.0,59.0,1,0,True,False,False,False,True,False,False,True,True,False,False,False,False,False,False,False,False,False,False,False,False,False,False,False,False,False,False,True,False,False,False,True,False,False,1
99,0,999999.0,312.0,30378.0,1,1,1,1,1,0,1,2,0,1,0,0,5,0,0,1,99,99,2,6,0,1,1,1,0,0,0.0,999999.0,999999.0,999999,99999.0,99999.0,99999.0,205.0,1,0,True,False,False,False,True,False,False,True,True,False,False,False,False,False,False,False,False,False,False,False,False,False,False,False,False,True,False,False,False,False,False,True,False,False,1
99,1,350000.0,0.0,68323.0,1,1,1,1,2,0,1,1,0,1,0,0,3,0,0,1,99,99,0,22,1,0,8,0,27,72,4797.0,4662.0,0.0,0,0.0,0.0,0.0,501.0,0,0,True,False,False,False,True,False,False,True,True,False,False,False,False,False,False,False,False,False,False,False,False,False,False,False,True,False,False,False,False,False,False,True,False,False,1
99,1,187500.0,0.0,63878.0,1,1,1,1,0,0,0,0,0,0,1,1,3,1,0,1,24,24,0,63,0,0,6,0,22,61,9000.0,5600.0,0.0,0,1400.0,0.0,0.0,501.0,0,0,True,False,False,False,True,False,False,True,False,False,False,False,False,False,False,False,False,False,False,False,True,False,False,False,False,False,False,True,False,False,True,False,False,False,1
99,1,187500.0,0.0,26000.0,1,1,1,1,2,0,1,1,0,1,0,0,6,0,0,1,99,99,3,13,1,1,2,1,0,0,0.0,999999.0,999999.0,999999,99999.0,99999.0,99999.0,157.0,0,0,True,False,False,False,True,False,False,True,True,False,False,False,False,False,False,False,False,False,False,False,False,False,False,False,False,False,False,True,False,False,False,True,False,False,1
99,0,999999.0,437.0,23604.0,1,1,1,1,2,0,1,1,0,1,0,0,4,0,0,1,99,99,0,18,1,0,6,0,0,0,0.0,0.0,0.0,0,0.0,0.0,0.0,185.0,0,0,True,False,False,False,True,False,False,True,True,False,False,False,False,False,False,False,False,False,False,False,False,False,False,False,False,False,False,True,False,False,False,True,False,False,1
99,0,999999.0,875.0,64200.0,1,1,0,0,0,0,0,0,0,0,1,1,3,0,0,1,99,99,0,30,0,0,6,0,22,51,22000.0,22000.0,0.0,0,0.0,0.0,0.0,501.0,1,0,True,False,False,False,True,False,False,True,False,False,False,False,False,False,False,False,False,False,False,False,True,False,False,False,False,False,False,True,False,False,True,False,False,False,1
99,1,137500.0,0.0,38200.0,1,1,1,1,2,0,1,1,0,1,0,0,10,0,0,1,99,99,5,14,0,1,2,1,0,0,0.0,999999.0,999999.0,999999,99999.0,99999.0,99999.0,152.0,1,0,True,False,False,False,True,False,False,True,True,False,False,False,False,False,False,False,False,False,False,False,False,False,False,False,False,False,False,True,False,False,False,True,False,False,1
99,1,400000.0,0.0,18000.0,1,1,1,1,2,0,1,1,0,1,0,0,5,0,0,1,99,99,2,7,0,1,1,2,0,0,0.0,999999.0,999999.0,999999,99999.0,99999.0,99999.0,122.0,0,0,True,False,False,False,True,False,False,True,True,False,False,False,False,False,False,False,False,False,False,False,False,False,True,False,False,False,False,False,False,False,False,True,False,False,1
99,0,999999.0,462.0,14000.0,1,1,1,1,2,0,1,1,0,1,0,0,6,0,0,1,99,99,3,5,1,0,0,0,0,0,0.0,999999.0,999999.0,999999,99999.0,99999.0,99999.0,84.0,1,0,True,False,False,False,True,False,False,True,True,False,False,False,False,False,False,False,False,False,False,False,False,False,False,False,False,False,False,True,False,False,False,True,False,False,1
99,0,999999.0,625.0,13126.0,1,2,2,2,5,0,3,4,0,3,0,0,6,0,0,1,99,99,0,8,1,1,1,1,0,0,0.0,999999.0,999999.0,999999,99999.0,99999.0,99999.0,75.0,1,0,True,False,False,False,True,False,False,True,False,False,False,False,False,False,True,False,False,False,False,False,False,False,False,False,False,False,False,True,False,False,False,True,False,False,1
99,0,999999.0,725.0,23623.0,1,1,1,1,2,0,1,1,3,1,0,0,7,0,0,1,99,99,4,22,1,0,6,0,30,22,8118.0,8118.0,0.0,0,0.0,0.0,0.0,119.0,1,0,True,False,False,False,True,False,False,True,True,False,False,False,False,False,False,False,False,False,False,False,False,False,False,False,False,False,False,True,False,False,False,True,False,False,1
99,0,999999.0,437.0,18000.0,2,0,0,0,0,0,0,0,0,0,0,0,1,0,0,1,99,99,0,34,1,0,6,0,11,22,18000.0,18000.0,0.0,0,0.0,0.0,0.0,279.0,0,2,True,False,False,False,True,False,False,True,False,False,False,True,False,False,False,False,False,False,False,False,False,False,False,False,False,True,False,False,False,False,False,True,False,False,1
99,1,350000.0,0.0,64731.0,1,1,0,0,0,0,0,0,0,0,1,1,2,0,0,1,99,99,0,55,0,0,8,0,19,46,15000.0,15000.0,0.0,0,0.0,0.0,0.0,501.0,0,0,True,False,False,False,True,False,False,True,False,False,False,False,False,False,False,False,False,False,False,False,True,False,False,False,False,False,False,True,False,False,True,False,False,False,1
99,1,400000.0,0.0,48000.0,1,1,0,0,0,0,0,0,0,0,2,1,2,0,0,1,99,99,0,48,1,0,7,0,41,68,24000.0,0.0,24000.0,0,0.0,0.0,0.0,501.0,1,2,True,False,False,False,True,False,False,True,False,False,False,True,False,False,False,False,False,False,False,False,False,False,False,False,False,False,False,True,False,False,True,False,False,False,1
99,0,999999.0,725.0,90000.0,1,2,2,3,0,0,0,5,0,1,8,1,12,4,2,1,8,2,2,35,1,0,1,0,22,18,20000.0,20000.0,0.0,0,0.0,0.0,0.0,359.0,1,0,True,False,False,False,True,False,False,True,False,False,False,False,False,False,False,False,False,False,False,True,False,False,False,False,False,False,False,True,False,False,True,False,False,False,1
99,0,999999.0,625.0,33000.0,1,1,1,1,2,0,1,1,0,1,0,0,5,0,0,1,99,99,2,7,0,1,1,1,0,0,0.0,999999.0,999999.0,999999,99999.0,99999.0,99999.0,223.0,1,0,True,False,False,False,True,False,False,True,True,False,False,False,False,False,False,False,False,False,False,False,False,False,False,False,False,False,False,True,False,False,False,True,False,False,1
99,0,999999.0,625.0,28024.0,1,1,1,1,0,0,0,0,0,0,2,1,4,2,0,1,19,17,0,56,1,0,2,0,17,11,18000.0,0.0,18000.0,0,0.0,0.0,0.0,216.0,0,2,True,False,False,False,True,False,False,True,False,False,False,True,False,False,False,False,False,False,False,False,False,False,False,False,False,False,False,True,False,False,True,False,False,False,1
99,1,85000.0,0.0,27000.0,1,0,1,0,0,0,0,0,0,0,0,0,4,3,0,1,9,6,0,36,0,0,7,0,41,68,27000.0,12000.0,0.0,0,0.0,0.0,15000.0,214.0,0,5,True,False,False,False,True,False,False,True,False,False,False,True,False,False,False,False,False,False,False,False,False,False,False,False,False,False,False,True,True,False,False,False,False,False,1
99,1,400000.0,0.0,65000.0,1,1,1,1,2,0,1,1,0,1,0,0,4,0,0,1,99,99,1,7,1,1,0,2,0,0,0.0,999999.0,999999.0,999999,99999.0,99999.0,99999.0,501.0,1,0,True,False,False,False,True,False,False,True,True,False,False,False,False,False,False,False,False,False,False,False,False,False,False,False,False,False,False,True,False,False,False,True,False,False,1
99,1,400000.0,0.0,260463.0,1,1,1,1,0,0,0,0,0,0,1,1,3,1,0,1,37,37,0,64,0,0,8,0,0,0,58603.0,0.0,0.0,0,0.0,0.0,0.0,501.0,0,0,True,False,False,False,True,False,False,True,False,False,False,False,False,False,False,False,False,False,False,False,True,False,False,False,False,False,False,True,False,False,True,False,False,False,1
99,0,999999.0,575.0,10500.0,1,0,1,1,0,0,0,0,0,0,0,0,4,2,0,1,20,7,0,40,0,0,6,0,0,0,0.0,0.0,0.0,0,0.0,0.0,0.0,83.0,0,0,True,False,False,False,True,False,False,True,False,False,False,False,False,False,False,True,False,False,False,False,False,False,False,False,False,False,False,True,False,False,False,False,True,False,1
99,1,350000.0,0.0,75500.0,1,1,1,1,2,0,1,1,0,1,0,0,5,0,0,1,99,99,2,14,0,1,2,1,0,0,0.0,999999.0,999999.0,999999,99999.0,99999.0,99999.0,501.0,0,0,True,False,False,False,True,False,False,True,True,False,False,False,False,False,False,False,False,False,False,False,False,False,False,False,False,False,False,True,False,False,False,True,False,False,1
99,1,95000.0,0.0,20000.0,1,1,1,1,2,0,1,1,0,1,0,0,5,0,0,1,99,99,2,1,0,0,7,0,0,0,0.0,999999.0,999999.0,999999,99999.0,99999.0,99999.0,135.0,1,0,True,False,False,False,True,False,False,True,True,False,False,False,False,False,False,False,False,False,False,False,False,False,True,False,False,False,False,False,False,False,False,True,False,False,1
99,0,999999.0,675.0,0.0,2,1,1,1,0,0,0,0,0,0,0,0,10,0,0,1,99,99,1,23,0,0,3,0,0,0,0.0,0.0,0.0,0,0.0,0.0,0.0,1.0,1,0,True,False,False,False,True,False,False,True,False,False,False,False,False,False,False,False,False,False,True,False,False,False,False,False,False,False,False,True,False,True,False,False,False,False,1
99,1,162500.0,0.0,60631.0,1,1,0,0,0,0,0,0,0,0,1,1,2,0,0,1,99,99,0,64,0,0,6,0,24,44,11900.0,3360.0,0.0,0,2800.0,0.0,0.0,501.0,0,0,True,False,False,False,True,False,False,True,False,False,False,False,False,False,False,False,False,False,False,False,True,False,False,False,False,False,False,True,False,False,True,False,False,False,1
99,0,999999.0,387.0,21530.0,1,0,1,0,0,0,0,0,0,0,0,0,4,3,0,1,23,16,0,39,0,0,6,0,22,61,20000.0,20000.0,0.0,0,0.0,0.0,0.0,166.0,0,8,True,False,False,False,True,False,False,True,False,False,False,True,False,False,False,False,False,False,False,False,False,False,True,False,False,False,False,False,False,False,False,False,False,True,1
99,1,137500.0,0.0,27000.0,2,0,0,0,0,0,0,0,0,0,0,0,1,0,0,1,99,99,0,58,1,0,8,0,37,78,27000.0,0.0,25000.0,0,0.0,0.0,0.0,419.0,1,1,True,False,False,False,True,False,False,True,False,False,False,True,False,False,False,False,False,False,False,False,False,False,False,False,False,False,False,True,False,False,False,True,False,False,1
99,0,999999.0,875.0,52000.0,1,1,1,1,2,0,1,1,0,1,0,0,6,0,0,1,99,99,3,4,1,0,0,0,0,0,0.0,999999.0,999999.0,999999,99999.0,99999.0,99999.0,314.0,1,0,True,False,False,False,True,False,False,True,True,False,False,False,False,False,False,False,False,False,False,False,False,False,True,False,False,False,False,False,False,False,False,True,False,False,1
99,1,400000.0,0.0,78000.0,1,1,1,1,2,0,1,1,0,1,0,0,3,0,0,1,99,99,0,11,0,1,1,2,0,0,0.0,999999.0,999999.0,999999,99999.0,99999.0,99999.0,501.0,1,0,True,False,False,False,True,False,False,True,True,False,False,False,False,False,False,False,False,False,False,False,False,False,False,False,False,False,False,True,False,False,False,True,False,False,1
99,0,999999.0,487.0,13000.0,2,0,1,0,1,0,1,0,0,0,0,0,5,0,0,1,99,99,3,7,1,1,1,1,0,0,0.0,999999.0,999999.0,999999,99999.0,99999.0,99999.0,89.0,0,0,True,False,False,False,True,False,False,True,True,False,False,False,False,False,False,False,False,False,False,False,False,False,False,False,False,False,False,True,False,False,False,True,False,False,1
99,0,999999.0,387.0,10000.0,2,0,1,0,0,0,0,0,0,0,0,0,1,0,0,1,99,99,0,32,1,0,6,0,16,15,10000.0,10000.0,0.0,0,0.0,0.0,0.0,155.0,0,5,True,False,False,False,True,False,False,True,False,False,False,True,False,False,False,False,False,False,False,False,False,False,False,False,False,False,False,True,False,False,False,True,False,False,1
99,1,350000.0,0.0,20904.0,1,1,0,0,0,0,0,0,0,0,0,0,5,0,0,1,99,99,0,22,1,1,7,1,41,68,4361.0,559.0,0.0,0,0.0,0.0,0.0,136.0,1,0,True,False,False,False,True,False,False,True,False,False,False,False,False,False,True,False,False,False,False,False,False,False,False,False,False,False,False,True,False,False,False,True,False,False,1
99,0,999999.0,487.0,8000.0,3,0,0,0,0,0,0,0,0,0,0,0,3,0,0,1,99,99,1,21,1,0,0,0,20,8,8000.0,8000.0,0.0,0,0.0,0.0,0.0,82.0,1,1,True,False,False,False,True,False,False,True,False,False,False,True,False,False,False,False,False,False,False,False,False,False,False,False,False,False,False,True,False,False,False,True,False,False,1
99,0,999999.0,512.0,38976.0,2,0,0,1,0,0,0,1,3,1,0,0,4,0,0,1,99,99,2,18,1,1,7,1,26,22,2262.0,2262.0,0.0,0,0.0,0.0,0.0,300.0,0,0,True,False,False,False,True,False,False,True,True,False,False,False,False,False,False,False,False,False,False,False,False,False,False,False,False,False,False,True,False,False,False,True,False,False,1
99,0,999999.0,675.0,42403.0,1,3,3,3,2,0,1,1,0,1,4,1,13,1,1,1,2,2,5,23,1,0,4,0,21,18,13000.0,13000.0,0.0,0,0.0,0.0,0.0,169.0,1,0,True,False,False,False,True,False,False,True,True,False,False,False,False,False,False,False,False,False,False,False,False,False,False,False,False,False,False,True,False,False,True,False,False,False,1
99,0,999999.0,412.0,11000.0,1,0,1,0,1,0,1,0,0,0,0,0,6,0,0,1,99,99,3,24,1,0,2,0,22,18,11000.0,11000.0,0.0,0,0.0,0.0,0.0,64.0,1,0,True,False,False,False,True,False,False,True,True,False,False,False,False,False,False,False,False,False,False,False,False,False,False,False,False,False,False,True,False,False,False,True,False,False,1
99,0,999999.0,875.0,12156.0,1,1,1,1,0,0,0,0,0,0,2,1,5,3,0,1,19,13,0,49,1,0,2,0,0,0,4944.0,0.0,0.0,0,0.0,4944.0,0.0,80.0,1,1,True,False,False,False,True,False,False,True,False,False,False,True,False,False,False,False,False,False,False,False,False,False,False,False,False,False,False,True,False,False,True,False,False,False,1
99,0,999999.0,875.0,24000.0,1,1,1,1,2,7,1,1,0,1,0,0,4,0,0,1,99,99,1,12,1,1,2,1,0,0,0.0,999999.0,999999.0,999999,99999.0,99999.0,99999.0,191.0,1,0,True,False,False,False,True,False,False,True,True,False,False,False,False,False,False,False,False,False,False,False,False,False,False,False,False,False,False,True,False,False,False,True,False,False,1
99,0,999999.0,875.0,45000.0,1,1,0,0,0,0,0,0,0,0,0,0,3,0,0,1,99,99,1,19,1,1,6,1,16,15,10000.0,10000.0,0.0,0,0.0,0.0,0.0,464.0,1,0,True,False,False,False,True,False,False,True,False,False,False,False,False,False,False,False,False,False,True,False,False,False,False,False,False,False,False,True,False,False,False,True,False,False,1
99,0,999999.0,512.0,52000.0,1,1,2,1,4,0,1,0,0,0,1,1,6,2,1,1,6,3,1,29,0,0,2,0,22,18,18000.0,18000.0,0.0,0,0.0,0.0,0.0,298.0,0,0,True,False,False,False,True,False,False,True,False,False,False,False,False,False,False,False,False,False,False,False,True,False,False,False,False,False,False,True,False,False,True,False,False,False,1
99,0,999999.0,575.0,29000.0,1,0,0,1,0,0,0,0,0,0,0,0,6,3,1,1,13,1,0,36,1,0,5,0,23,16,17000.0,0.0,17000.0,0,0.0,0.0,0.0,175.0,0,6,True,False,False,False,True,False,False,True,False,False,False,True,False,False,False,False,False,False,False,False,False,False,False,False,False,False,False,True,False,True,False,False,False,False,1
99,0,999999.0,337.0,7956.0,1,0,1,0,1,0,1,0,0,0,0,0,3,0,0,1,99,99,1,12,0,1,2,1,0,0,0.0,999999.0,999999.0,999999,99999.0,99999.0,99999.0,80.0,0,0,True,False,False,False,True,False,False,True,True,False,False,False,False,False,False,False,False,False,False,False,False,False,True,False,False,False,False,False,False,False,False,True,False,False,1
99,1,67500.0,0.0,15430.0,1,0,1,1,0,0,0,0,0,0,0,0,6,0,0,1,99,99,1,37,1,0,6,0,0,0,7800.0,0.0,0.0,0,336.0,7464.0,0.0,90.0,1,0,True,False,False,False,True,False,False,True,False,False,False,False,False,False,False,False,False,False,True,False,False,False,True,False,False,False,False,False,False,False,False,False,True,False,1
99,1,225000.0,0.0,58600.0,1,1,1,1,2,0,1,1,0,1,0,0,3,0,0,1,99,99,0,1,1,0,7,0,0,0,0.0,999999.0,999999.0,999999,99999.0,99999.0,99999.0,501.0,1,0,True,False,False,False,True,False,False,True,True,False,False,False,False,False,False,False,False,False,False,False,False,False,False,False,False,False,False,True,False,False,False,True,False,False,1
99,0,999999.0,462.0,37118.0,1,1,1,1,0,0,0,0,0,0,1,1,4,2,1,1,6,2,0,28,0,0,7,0,21,66,4368.0,4368.0,0.0,0,0.0,0.0,0.0,295.0,0,0,True,False,False,False,True,False,False,True,False,False,False,False,False,False,False,False,False,False,False,False,True,False,False,False,False,False,False,True,False,False,True,False,False,False,1
99,1,137500.0,0.0,38442.0,1,1,1,1,2,0,1,1,0,1,0,0,6,0,0,1,99,99,3,11,1,1,2,1,0,0,0.0,999999.0,999999.0,999999,99999.0,99999.0,99999.0,232.0,0,0,True,False,False,False,True,False,False,True,True,False,False,False,False,False,False,False,False,False,False,False,False,False,False,False,False,False,False,True,False,False,False,True,False,False,1
99,0,999999.0,1000.0,0.0,1,1,1,1,0,0,0,0,0,0,2,1,4,2,0,1,29,22,0,58,1,0,8,0,0,0,0.0,0.0,0.0,0,0.0,0.0,0.0,1.0,1,1,True,False,False,False,True,False,False,True,False,False,False,True,False,False,False,False,False,False,False,False,False,False,False,False,False,False,False,True,False,False,True,False,False,False,1
99,1,225000.0,0.0,32318.0,1,1,1,1,2,0,1,1,0,1,0,0,5,0,0,1,99,99,2,19,1,1,7,1,20,8,6000.0,6000.0,0.0,0,0.0,0.0,0.0,213.0,1,0,True,False,False,False,True,False,False,True,True,False,False,False,False,False,False,False,False,False,False,False,False,False,False,False,False,False,False,True,False,False,False,True,False,False,1
99,1,350000.0,0.0,69286.0,1,1,1,1,2,0,1,1,0,1,0,0,3,0,0,1,99,99,0,20,1,1,7,1,26,52,6560.0,5117.0,0.0,0,0.0,0.0,0.0,501.0,0,0,True,False,False,False,True,False,False,True,True,False,False,False,False,False,False,False,False,False,False,False,False,False,False,False,False,False,False,True,False,False,False,True,False,False,1
99,1,400000.0,0.0,44160.0,1,1,0,0,0,0,0,0,0,0,2,1,2,0,0,1,99,99,0,68,1,0,8,0,38,68,15400.0,0.0,4000.0,0,8400.0,0.0,0.0,501.0,0,6,True,False,False,False,True,False,False,True,False,False,False,True,False,False,False,False,False,False,False,False,False,False,False,False,False,False,False,True,False,False,True,False,False,False,0
99,1,400000.0,0.0,65000.0,2,0,0,0,0,0,0,0,0,0,0,0,1,0,0,1,99,99,0,50,0,0,8,0,41,68,65000.0,65000.0,0.0,0,0.0,0.0,0.0,501.0,1,2,True,False,False,False,True,False,False,True,False,False,False,True,False,False,False,False,False,False,False,False,False,False,False,False,False,False,False,True,True,False,False,False,False,False,1
99,0,999999.0,875.0,30084.0,2,0,0,0,0,0,0,0,0,0,0,0,1,0,0,1,99,99,0,43,1,0,8,0,22,60,30084.0,30000.0,0.0,0,0.0,0.0,0.0,466.0,1,2,True,False,False,False,True,False,False,True,False,False,False,True,False,False,False,False,False,False,False,False,False,False,False,False,False,False,False,True,False,False,False,True,False,False,1
99,0,999999.0,875.0,20510.0,1,0,1,0,1,0,1,0,0,0,0,0,6,0,0,1,99,99,3,9,1,1,1,1,0,0,0.0,999999.0,999999.0,999999,99999.0,99999.0,99999.0,120.0,1,0,True,False,False,False,True,False,False,True,True,False,False,False,False,False,False,False,False,False,False,False,False,False,False,False,False,True,False,False,False,False,False,True,False,False,1
99,0,999999.0,387.0,25000.0,6,0,0,0,0,0,0,0,0,0,0,0,1,0,0,2,99,99,0,22,0,0,8,0,22,18,0.0,0.0,0.0,0,0.0,0.0,0.0,1.0,1,0,True,False,False,False,True,False,False,True,False,False,False,False,False,False,False,False,False,True,False,False,False,False,False,False,False,False,False,True,False,False,False,True,False,False,0
99,0,999999.0,875.0,752.0,1,1,1,1,2,0,1,1,0,1,0,0,5,0,0,1,99,99,2,3,1,0,0,0,0,0,0.0,999999.0,999999.0,999999,99999.0,99999.0,99999.0,5.0,1,0,True,False,False,False,True,False,False,True,True,False,False,False,False,False,False,False,False,False,False,False,False,False,False,False,False,True,False,False,False,False,False,True,False,False,1
99,0,999999.0,387.0,13296.0,1,1,0,0,0,0,0,0,0,0,0,0,4,0,0,1,99,99,1,32,1,1,6,1,6,7,400.0,400.0,0.0,0,0.0,0.0,0.0,104.0,1,0,True,False,False,False,True,False,False,True,False,False,False,False,False,False,False,False,False,False,True,False,False,False,False,False,False,False,False,True,False,False,False,True,False,False,1
99,1,112500.0,0.0,50062.0,1,2,1,2,0,0,0,0,0,0,2,1,10,3,0,1,22,16,1,52,1,0,6,0,29,27,22000.0,22000.0,0.0,0,0.0,0.0,0.0,195.0,0,2,True,False,False,False,True,False,False,True,False,False,False,True,False,False,False,False,False,False,False,False,False,False,False,False,False,False,False,True,False,False,True,False,False,False,1
99,0,999999.0,462.0,22749.0,1,1,1,1,0,0,0,0,0,0,2,1,6,4,0,1,10,6,0,36,1,1,7,1,0,0,15189.0,0.0,0.0,0,0.0,15189.0,0.0,137.0,1,1,True,False,False,False,True,False,False,True,False,False,False,True,False,False,False,False,False,False,False,False,False,False,False,False,False,True,False,False,False,False,True,False,False,False,1
99,1,400000.0,0.0,17500.0,2,0,0,0,0,0,0,0,0,0,0,0,2,0,0,1,99,99,0,62,0,0,7,0,0,0,7000.0,0.0,0.0,0,1000.0,0.0,0.0,211.0,0,6,True,False,False,False,True,False,False,True,False,False,False,True,False,False,False,False,False,False,False,False,False,False,False,False,False,False,False,True,True,False,False,False,False,False,1
99,0,999999.0,725.0,19200.0,1,1,1,1,1,0,1,2,0,1,0,0,5,0,0,1,99,99,2,3,1,0,0,0,0,0,0.0,999999.0,999999.0,999999,99999.0,99999.0,99999.0,130.0,1,0,True,False,False,False,True,False,False,True,True,False,False,False,False,False,False,False,False,False,False,False,False,False,False,False,False,False,False,True,False,False,False,True,False,False,1
99,0,999999.0,575.0,16000.0,1,1,1,1,2,0,1,1,0,1,0,0,7,0,0,1,99,99,4,1,0,0,7,0,0,0,0.0,999999.0,999999.0,999999,99999.0,99999.0,99999.0,86.0,1,0,True,False,False,False,True,False,False,True,True,False,False,False,False,False,False,False,False,False,False,False,False,False,False,False,False,False,False,True,False,False,False,True,False,False,1
99,0,999999.0,512.0,25000.0,1,0,1,0,1,0,1,0,0,0,0,0,3,0,0,1,99,99,1,7,0,1,1,1,0,0,0.0,999999.0,999999.0,999999,99999.0,99999.0,99999.0,250.0,1,0,True,False,False,False,True,False,False,True,True,False,False,False,False,False,False,False,False,False,False,False,False,False,True,False,False,False,False,False,False,False,False,True,False,False,1
99,1,400000.0,0.0,126800.0,1,1,1,1,0,0,0,0,0,0,2,2,4,2,2,1,2,0,0,43,0,0,7,0,16,38,76500.0,55000.0,20000.0,0,0.0,0.0,0.0,501.0,1,2,True,False,False,False,True,False,False,True,False,False,False,True,False,False,False,False,False,False,False,False,False,False,False,False,False,False,False,True,False,False,True,False,False,False,1
99,0,999999.0,675.0,15912.0,1,0,1,0,0,0,0,0,0,0,0,0,6,0,0,1,99,99,1,19,0,0,6,0,0,0,7956.0,0.0,0.0,0,0.0,7956.0,0.0,96.0,1,0,True,False,False,False,True,False,False,True,False,False,False,False,False,False,False,False,False,False,True,False,False,False,False,False,False,False,False,True,False,False,False,True,False,False,1
99,1,225000.0,0.0,5374.0,1,0,0,0,0,0,0,0,0,0,0,0,1,0,0,1,99,99,0,78,0,1,7,1,19,17,5374.0,0.0,0.0,0,5374.0,0.0,0.0,90.0,0,6,True,False,False,False,True,False,False,True,False,False,False,True,False,False,False,False,False,False,False,False,False,False,False,False,True,False,False,False,False,False,False,False,False,True,1
99,0,999999.0,512.0,798.0,1,0,1,0,0,0,0,0,0,0,0,0,2,1,0,1,15,15,0,33,0,0,5,0,0,0,798.0,0.0,0.0,0,0.0,798.0,0.0,9.0,0,5,True,False,False,False,True,False,False,True,False,False,False,True,False,False,False,False,False,False,False,False,False,False,True,False,False,False,False,False,False,False,False,True,False,False,1
99,0,999999.0,875.0,10557.0,1,0,1,0,1,0,1,0,0,0,0,0,9,0,0,1,99,99,6,5,0,1,0,1,0,0,0.0,999999.0,999999.0,999999,99999.0,99999.0,99999.0,44.0,0,0,True,False,False,False,True,False,False,True,True,False,False,False,False,False,False,False,False,False,False,False,False,False,False,False,False,False,False,True,False,False,False,True,False,False,1
99,0,999999.0,875.0,38000.0,4,0,0,0,0,0,0,0,0,0,0,0,1,0,0,2,99,99,0,32,1,0,7,0,26,47,24000.0,24000.0,0.0,0,0.0,0.0,0.0,372.0,0,0,True,False,False,False,True,False,False,True,False,False,False,False,False,False,False,False,False,True,False,False,False,False,False,False,False,False,False,True,True,False,False,False,False,False,1
99,0,999999.0,337.0,7956.0,1,0,1,0,0,0,0,0,0,0,0,0,3,2,0,1,12,8,0,37,0,1,7,1,41,68,7956.0,3273.0,0.0,0,0.0,4683.0,0.0,80.0,0,5,True,False,False,False,True,False,False,True,False,False,False,True,False,False,False,False,False,False,False,False,False,False,True,False,False,False,False,False,False,True,False,False,False,False,1
99,0,999999.0,1000.0,108776.0,1,1,1,1,2,0,1,1,0,1,0,0,6,0,0,1,99,99,2,15,1,1,4,1,0,0,0.0,999999.0,999999.0,999999,0.0,0.0,0.0,501.0,1,0,True,False,False,False,True,False,False,True,True,False,False,False,False,False,False,False,False,False,False,False,False,False,False,False,False,False,False,True,False,False,False,True,False,False,1
99,0,999999.0,575.0,19360.0,1,0,1,0,0,0,0,0,0,0,0,0,4,2,0,1,13,11,0,33,0,1,2,1,13,10,18360.0,0.0,12000.0,0,0.0,6360.0,0.0,154.0,0,2,True,False,False,False,True,False,False,True,False,False,False,True,False,False,False,False,False,False,False,False,False,False,False,False,False,False,False,True,False,False,False,False,True,False,1
99,1,350000.0,0.0,15478.0,1,0,0,0,0,0,0,0,0,0,0,0,1,0,0,1,99,99,0,62,0,0,7,0,24,44,15478.0,0.0,0.0,0,1446.0,0.0,0.0,240.0,0,8,True,False,False,False,True,False,False,True,False,False,False,True,False,False,False,False,False,False,False,False,False,False,False,False,False,False,False,True,False,False,False,False,False,True,1
99,0,999999.0,1000.0,26158.0,2,1,1,1,2,0,1,1,3,1,0,0,10,0,0,1,99,99,7,19,0,0,5,0,24,44,3400.0,3400.0,0.0,0,0.0,0.0,0.0,97.0,1,0,True,False,False,False,True,False,False,True,True,False,False,False,False,False,False,False,False,False,False,False,False,False,False,False,False,False,False,True,False,False,False,True,False,False,1
99,0,999999.0,575.0,30000.0,1,0,0,0,0,0,0,0,0,0,0,0,1,0,0,1,99,99,0,75,1,0,6,0,41,68,30000.0,0.0,20000.0,0,10000.0,0.0,0.0,501.0,1,2,True,False,False,False,True,False,False,True,False,False,False,True,False,False,False,False,False,False,False,False,False,False,False,False,False,False,False,True,True,False,False,False,False,False,1
99,0,999999.0,462.0,22000.0,1,1,1,1,2,0,1,1,0,1,0,0,6,0,0,1,99,99,3,12,1,1,2,1,0,0,0.0,999999.0,999999.0,999999,99999.0,99999.0,99999.0,133.0,0,0,True,False,False,False,True,False,False,True,True,False,False,False,False,False,False,False,False,False,False,False,False,False,False,False,False,False,False,True,False,False,False,True,False,False,1
99,0,999999.0,625.0,25200.0,1,1,0,0,0,0,0,0,0,0,1,2,2,0,0,1,99,99,0,27,1,0,6,0,0,0,500.0,0.0,0.0,0,0.0,0.0,0.0,304.0,1,0,True,False,False,False,True,False,False,True,False,False,False,False,False,False,False,False,False,False,False,False,True,False,False,False,False,False,False,True,False,False,True,False,False,False,1
99,0,999999.0,1000.0,44000.0,1,1,0,0,0,0,0,0,0,0,1,1,2,0,0,1,99,99,0,25,0,0,8,0,22,61,23000.0,23000.0,0.0,0,0.0,0.0,0.0,501.0,0,0,True,False,False,False,True,False,False,True,False,False,False,False,False,False,False,False,False,False,False,False,True,False,False,False,False,False,False,True,False,False,True,False,False,False,1
99,1,350000.0,0.0,40001.0,1,1,1,1,0,0,0,0,0,0,2,1,7,2,0,1,16,10,0,53,1,0,8,0,24,47,30001.0,40000.0,0.0,0,0.0,0.0,0.0,216.0,0,5,True,False,False,False,True,False,False,True,False,False,False,True,False,False,False,False,False,False,False,False,False,False,False,True,False,False,False,False,False,False,True,False,False,False,1
99,0,999999.0,1000.0,145515.0,1,1,1,1,2,0,1,1,0,1,0,0,4,0,0,1,99,99,1,3,0,1,0,2,0,0,0.0,999999.0,999999.0,999999,99999.0,99999.0,99999.0,501.0,1,0,True,False,False,False,True,False,False,True,True,False,False,False,False,False,False,False,False,False,False,False,False,False,False,False,False,False,False,True,False,False,False,True,False,False,1
99,0,999999.0,487.0,48000.0,1,1,1,1,1,0,1,2,0,1,0,0,9,0,0,1,99,99,6,2,1,0,7,0,0,0,0.0,999999.0,999999.0,999999,99999.0,99999.0,99999.0,182.0,1,0,True,False,False,False,True,False,False,True,True,False,False,False,False,False,False,False,False,False,False,False,False,False,False,False,False,False,False,True,False,False,False,True,False,False,1
99,0,999999.0,575.0,48000.0,1,1,1,1,2,0,1,1,0,1,0,0,3,0,0,1,99,99,0,1,1,0,7,0,0,0,0.0,999999.0,999999.0,999999,99999.0,99999.0,99999.0,481.0,1,0,True,False,False,False,True,False,False,True,True,False,False,False,False,False,False,False,False,False,False,False,False,False,True,False,False,False,False,False,False,False,False,True,False,False,1
99,0,999999.0,725.0,41200.0,1,1,0,0,0,0,0,0,0,0,0,0,3,0,0,1,99,99,0,57,1,0,2,0,41,68,7200.0,0.0,0.0,0,4800.0,2400.0,0.0,425.0,1,0,True,False,False,False,True,False,False,True,False,False,False,False,False,False,True,False,False,False,False,False,False,False,False,False,False,False,False,True,False,False,False,True,False,False,1
99,0,999999.0,875.0,32050.0,2,0,0,0,0,0,0,0,0,0,0,0,2,0,0,1,99,99,1,28,0,1,7,1,41,68,8150.0,1190.0,0.0,0,0.0,6960.0,0.0,386.0,1,1,True,False,False,False,True,False,False,True,False,False,False,True,False,False,False,False,False,False,False,False,False,False,False,False,False,False,False,True,False,False,False,True,False,False,1
99,1,225000.0,0.0,60600.0,1,1,1,1,0,0,0,0,0,0,2,1,5,3,1,1,16,2,0,37,1,0,7,0,32,49,36000.0,36000.0,0.0,0,0.0,0.0,0.0,410.0,1,2,True,False,False,False,True,False,False,True,False,False,False,True,False,False,False,False,False,False,False,False,False,False,False,False,False,False,False,True,False,False,True,False,False,False,1
99,1,350000.0,0.0,76000.0,1,1,1,1,0,0,0,0,0,0,2,1,5,3,3,1,3,0,0,30,1,0,7,0,32,37,76000.0,46000.0,0.0,0,0.0,0.0,0.0,501.0,1,2,True,False,False,False,True,False,False,True,False,False,False,True,False,False,False,False,False,False,False,False,False,False,False,False,False,False,False,True,False,False,True,False,False,False,1
99,1,62500.0,0.0,0.0,2,0,0,1,0,0,0,2,0,3,0,0,5,0,0,2,99,99,3,7,0,1,1,1,0,0,0.0,999999.0,999999.0,999999,99999.0,99999.0,99999.0,11.0,1,0,True,False,False,False,True,False,False,True,False,False,False,False,False,True,False,False,False,False,False,False,False,False,False,False,False,False,False,True,False,False,False,True,False,False,1
99,1,112500.0,0.0,39400.0,1,2,2,2,5,0,1,4,0,1,2,1,5,1,1,1,1,1,0,35,1,0,8,0,38,68,32100.0,32000.0,0.0,0,0.0,0.0,0.0,252.0,1,1,True,False,False,False,True,False,False,True,False,False,False,True,False,False,False,False,False,False,False,False,False,False,False,True,False,False,False,False,False,False,True,False,False,False,1
99,0,999999.0,462.0,21400.0,1,1,1,1,0,0,0,0,0,0,2,1,4,2,0,1,6,5,0,34,1,0,6,0,26,22,13000.0,13000.0,0.0,0,0.0,0.0,0.0,170.0,0,5,True,False,False,False,True,False,False,True,False,False,False,True,False,False,False,False,False,False,False,False,False,False,False,False,False,False,False,True,False,False,True,False,False,False,1
99,1,225000.0,0.0,66200.0,2,0,0,0,0,0,0,0,0,0,0,0,1,0,0,2,99,99,0,50,0,0,6,0,41,68,61100.0,0.0,60000.0,0,0.0,0.0,0.0,501.0,1,0,True,False,False,False,True,False,False,True,False,False,False,False,False,False,False,False,False,True,False,False,False,False,False,False,False,False,False,True,True,False,False,False,False,False,1
99,1,162500.0,0.0,21000.0,1,1,0,0,0,0,0,0,0,0,1,1,2,0,0,1,99,99,0,54,0,0,1,0,0,0,0.0,0.0,0.0,0,0.0,0.0,0.0,253.0,0,0,True,False,False,False,True,False,False,True,False,False,False,False,False,False,False,False,False,False,False,False,True,False,False,False,False,False,False,True,False,False,True,False,False,False,1
99,0,999999.0,1000.0,39200.0,2,0,1,0,0,0,0,0,0,0,0,0,3,0,0,1,99,99,0,64,1,0,8,0,36,66,19200.0,12000.0,0.0,0,7200.0,0.0,0.0,404.0,0,0,True,False,False,False,True,False,False,True,False,False,False,False,False,False,True,False,False,False,False,False,False,False,False,False,False,False,False,True,False,False,False,False,True,False,1
99,0,999999.0,437.0,20600.0,1,1,1,1,2,0,1,1,0,1,0,0,4,0,0,1,99,99,1,1,1,0,7,0,0,0,0.0,999999.0,999999.0,999999,99999.0,99999.0,99999.0,164.0,1,0,True,False,False,False,True,False,False,True,True,False,False,False,False,False,False,False,False,False,False,False,False,False,False,False,False,False,False,True,False,False,False,True,False,False,1
99,1,52500.0,0.0,75000.0,1,0,1,0,0,0,0,0,0,0,0,0,2,1,0,1,24,24,0,47,0,0,6,0,42,84,52000.0,52000.0,0.0,0,0.0,0.0,0.0,501.0,1,2,True,False,False,False,True,False,False,True,False,False,False,True,False,False,False,False,False,False,False,False,False,False,False,False,False,False,False,True,True,False,False,False,False,False,1
99,0,999999.0,875.0,13000.0,4,0,0,0,0,0,0,0,0,0,0,0,1,0,0,1,99,99,0,29,0,0,8,0,25,44,13000.0,13000.0,0.0,0,0.0,0.0,0.0,202.0,1,5,True,False,False,False,True,False,False,True,False,False,False,True,False,False,False,False,False,False,False,False,False,False,False,False,False,False,False,True,False,False,False,True,False,False,0
99,0,999999.0,512.0,26400.0,1,1,1,1,0,0,0,0,0,0,1,1,3,1,0,1,6,6,0,28,0,0,2,0,23,18,7200.0,7200.0,0.0,0,0.0,0.0,0.0,265.0,1,0,True,False,False,False,True,False,False,True,False,False,False,False,False,False,False,False,False,False,False,False,True,False,False,False,False,False,False,True,False,False,True,False,False,False,1
99,0,999999.0,1000.0,60000.0,1,1,1,1,2,0,1,1,0,1,0,0,5,0,0,1,99,99,2,13,0,1,2,1,0,0,0.0,999999.0,999999.0,999999,99999.0,99999.0,99999.0,405.0,1,0,True,False,False,False,True,False,False,True,True,False,False,False,False,False,False,False,False,False,False,False,False,False,False,True,False,False,False,False,False,False,False,True,False,False,1
99,0,999999.0,0.0,999999.0,1,0,0,0,0,0,0,0,0,0,0,0,1,0,0,1,99,99,0,41,0,0,6,0,0,0,0.0,0.0,0.0,0,0.0,0.0,0.0,0.0,1,0,False,False,True,False,False,True,False,True,False,False,False,False,False,True,False,False,False,False,False,False,False,False,False,False,False,False,False,True,False,False,False,True,False,False,1
99,1,350000.0,0.0,76200.0,1,1,1,1,0,0,0,0,0,0,2,1,3,1,1,1,4,4,0,40,1,0,8,0,38,68,52200.0,52000.0,0.0,0,0.0,0.0,0.0,501.0,0,2,True,False,False,False,True,False,False,True,False,False,False,True,False,False,False,False,False,False,False,False,False,False,False,False,False,False,False,True,False,False,True,False,False,False,1
99,0,999999.0,462.0,0.0,2,0,0,0,0,0,0,0,0,0,0,0,1,0,0,2,99,99,0,28,1,1,4,1,24,47,10000.0,10000.0,0.0,0,0.0,0.0,0.0,155.0,1,0,True,False,False,False,True,False,False,True,False,False,False,False,False,False,False,False,False,True,False,False,False,False,False,False,False,False,False,True,False,True,False,False,False,False,1
99,1,350000.0,0.0,108000.0,1,1,1,1,2,0,1,1,0,1,0,0,3,0,0,1,99,99,0,19,0,1,7,1,32,42,3000.0,3000.0,0.0,0,0.0,0.0,0.0,501.0,0,0,True,False,False,False,True,False,False,True,True,False,False,False,False,False,False,False,False,False,False,False,False,False,False,False,False,False,False,True,False,False,False,True,False,False,1
99,0,999999.0,675.0,28500.0,3,2,2,2,4,0,3,3,0,3,0,0,10,0,0,1,99,99,1,8,0,1,1,1,0,0,0.0,999999.0,999999.0,999999,99999.0,99999.0,99999.0,114.0,1,0,True,False,False,False,True,False,False,True,False,False,False,False,False,False,True,False,False,False,False,False,False,False,False,False,False,False,False,True,False,False,False,True,False,False,1
99,0,999999.0,875.0,16127.0,2,0,1,1,0,0,0,0,0,0,0,0,2,1,0,1,21,21,0,41,0,0,7,0,31,73,11727.0,3527.0,8200.0,0,0.0,0.0,0.0,194.0,0,5,True,False,False,False,True,False,False,True,False,False,False,True,False,False,False,False,False,False,False,False,False,False,False,False,False,False,False,True,True,False,False,False,False,False,1
99,0,999999.0,675.0,50960.0,1,1,1,1,0,0,0,0,0,0,1,1,4,2,0,1,29,17,0,57,0,1,8,1,26,72,27360.0,27360.0,0.0,0,0.0,0.0,0.0,392.0,1,0,True,False,False,False,True,False,False,True,False,False,False,False,False,False,False,False,False,False,False,False,True,False,False,False,False,True,False,False,False,False,True,False,False,False,1
99,1,400000.0,0.0,110000.0,1,1,1,1,2,0,1,1,0,1,0,0,5,0,0,1,99,99,2,2,0,0,7,0,0,0,0.0,999999.0,999999.0,999999,99999.0,99999.0,99999.0,501.0,1,0,True,False,False,False,True,False,False,True,True,False,False,False,False,False,False,False,False,False,False,False,False,False,False,False,False,False,False,True,False,False,False,True,False,False,1
99,1,275000.0,0.0,16100.0,1,0,1,0,0,0,0,0,0,0,0,0,2,1,0,1,20,20,0,51,0,0,8,0,41,72,9000.0,3000.0,5100.0,0,0.0,0.0,0.0,194.0,0,6,True,False,False,False,True,False,False,True,False,False,False,True,False,False,False,False,False,False,False,False,False,False,False,False,False,False,False,True,True,False,False,False,False,False,1
99,1,225000.0,0.0,53910.0,1,1,1,1,0,0,0,0,0,0,2,1,3,1,0,1,19,19,0,51,1,0,7,0,29,60,51600.0,51600.0,0.0,0,0.0,0.0,0.0,501.0,0,7,True,False,False,False,True,False,False,True,False,False,False,True,False,False,False,False,False,False,False,False,False,False,False,False,False,False,False,True,False,False,True,False,False,False,1
99,0,999999.0,362.0,15500.0,1,1,0,0,0,0,0,0,0,0,2,1,2,0,0,1,99,99,0,26,1,0,6,0,22,18,8000.0,8000.0,0.0,0,0.0,0.0,0.0,187.0,1,2,True,False,False,False,True,False,False,True,False,False,False,True,False,False,False,False,False,False,False,False,False,False,False,False,False,False,False,True,False,False,True,False,False,False,1
99,0,999999.0,337.0,32870.0,1,1,1,1,2,0,1,1,0,1,0,0,10,0,0,1,99,99,7,13,0,0,2,0,0,0,0.0,999999.0,999999.0,999999,99999.0,99999.0,99999.0,122.0,1,0,True,False,False,False,True,False,False,True,True,False,False,False,False,False,False,False,False,False,False,False,False,False,False,False,False,False,False,True,False,False,False,True,False,False,1
99,0,999999.0,725.0,61138.0,1,1,1,1,0,0,0,0,0,0,2,1,3,1,1,1,4,4,0,41,1,0,8,0,46,84,30485.0,30000.0,0.0,0,0.0,0.0,0.0,501.0,1,2,True,False,False,False,True,False,False,True,False,False,False,True,False,False,False,False,False,False,False,False,False,False,False,True,False,False,False,False,False,False,True,False,False,False,1
99,0,999999.0,137.0,36843.0,1,0,2,0,0,0,0,0,0,0,0,0,5,2,0,1,57,34,0,76,0,0,2,0,0,0,7272.0,0.0,0.0,0,5952.0,0.0,0.0,235.0,0,5,True,False,False,False,True,False,False,True,False,False,False,True,False,False,False,False,False,False,False,False,False,False,True,False,False,False,False,False,False,False,False,False,False,True,1
99,1,400000.0,0.0,235409.0,1,1,1,0,0,0,0,0,0,0,0,0,3,1,0,1,33,33,0,62,0,0,6,0,24,47,68203.0,0.0,0.0,0,9600.0,0.0,0.0,501.0,1,2,True,False,False,False,True,False,False,True,False,False,False,True,False,False,False,False,False,False,False,False,False,False,False,True,False,False,False,False,False,False,False,False,False,True,1
99,1,95000.0,0.0,50083.0,1,1,1,1,2,0,1,1,0,1,0,0,6,0,0,1,99,99,3,21,1,0,7,0,20,8,6043.0,6043.0,0.0,0,0.0,0.0,0.0,281.0,0,0,True,False,False,False,True,False,False,True,True,False,False,False,False,False,False,False,False,False,False,False,False,False,False,False,False,False,False,True,False,False,False,True,False,False,1
99,1,137500.0,0.0,111750.0,1,1,1,1,2,0,1,0,0,0,0,0,7,0,0,1,99,99,1,28,0,0,7,0,23,45,19530.0,19500.0,0.0,0,0.0,0.0,0.0,501.0,0,0,True,False,False,False,True,False,False,True,False,False,False,False,False,False,False,False,False,False,False,True,False,False,False,False,False,True,False,False,False,False,False,True,False,False,1
99,1,400000.0,0.0,222698.0,2,0,1,0,0,0,0,0,0,0,0,0,1,0,0,2,99,99,0,65,1,0,6,0,24,47,70300.0,0.0,65000.0,0,0.0,0.0,0.0,501.0,0,0,True,False,False,False,True,False,False,True,False,False,False,False,False,False,False,False,False,True,False,False,False,False,False,False,False,False,False,True,True,False,False,False,False,False,1
99,0,999999.0,625.0,32000.0,2,0,1,0,3,0,1,0,0,0,0,0,3,0,0,1,99,99,1,29,1,0,4,0,17,8,2000.0,2000.0,0.0,0,0.0,0.0,0.0,330.0,1,2,True,False,False,False,True,False,False,True,False,False,False,True,False,False,False,False,False,False,False,False,False,False,False,False,False,False,False,True,False,False,False,True,False,False,1
99,1,275000.0,0.0,57000.0,2,0,0,1,0,0,0,0,0,0,0,0,1,0,0,2,99,99,0,33,1,0,7,0,35,62,50000.0,50000.0,0.0,0,0.0,0.0,0.0,501.0,1,0,True,False,False,False,True,False,False,True,False,False,False,False,False,True,False,False,False,False,False,False,False,False,False,False,False,False,False,True,True,False,False,False,False,False,1
99,0,999999.0,282.0,25800.0,1,1,0,0,0,0,0,0,0,0,1,1,2,0,0,1,99,99,0,64,0,0,2,0,22,18,300.0,300.0,0.0,0,0.0,0.0,0.0,311.0,0,0,True,False,False,False,True,False,False,True,False,False,False,False,False,False,False,False,False,False,False,False,True,False,False,True,False,False,False,False,False,False,True,False,False,False,1
99,1,112500.0,0.0,53976.0,1,1,2,1,0,0,0,0,0,0,1,2,8,3,0,1,26,21,0,48,1,0,5,0,25,15,9600.0,9600.0,0.0,0,0.0,0.0,0.0,243.0,1,0,True,False,False,False,True,False,False,True,False,False,False,False,False,False,False,False,False,False,False,False,True,False,True,False,False,False,False,False,False,False,True,False,False,False,1
99,1,162500.0,0.0,40000.0,1,1,0,0,0,0,0,0,0,0,2,1,2,0,0,1,99,99,0,53,1,0,7,0,41,68,20000.0,20000.0,0.0,0,0.0,0.0,0.0,482.0,1,2,True,False,False,False,True,False,False,True,False,False,False,True,False,False,False,False,False,False,False,False,False,False,False,False,False,False,False,True,False,False,True,False,False,False,1
99,1,225000.0,0.0,76400.0,1,1,1,1,2,0,1,1,0,1,0,0,7,0,0,1,99,99,4,12,0,1,2,1,0,0,0.0,999999.0,999999.0,999999,99999.0,99999.0,99999.0,412.0,0,0,True,False,False,False,True,False,False,True,True,False,False,False,False,False,False,False,False,False,False,False,False,False,False,False,False,False,False,True,False,False,False,True,False,False,1
99,1,17500.0,0.0,45000.0,1,1,1,1,2,0,1,1,0,1,0,0,3,0,0,1,99,99,0,28,1,0,6,0,23,8,7000.0,7000.0,0.0,0,0.0,0.0,0.0,464.0,1,0,True,False,False,False,True,False,False,True,True,False,False,False,False,False,False,False,False,False,False,False,False,False,False,False,False,False,False,True,False,False,False,True,False,False,1
99,1,5000.0,0.0,21600.0,1,0,1,1,0,0,0,2,0,3,0,0,4,0,0,1,99,99,0,18,1,1,6,1,0,0,0.0,0.0,0.0,0,0.0,0.0,0.0,166.0,0,0,True,False,False,False,True,False,False,True,False,False,False,False,False,False,True,False,False,False,False,False,False,False,False,False,False,False,False,True,False,False,False,True,False,False,1
99,1,85000.0,0.0,10800.0,1,0,0,0,0,0,0,0,0,0,0,0,2,0,0,1,99,99,1,53,0,0,8,0,26,72,4800.0,4800.0,0.0,0,0.0,0.0,0.0,130.0,0,0,True,False,False,False,True,False,False,True,False,False,False,False,False,False,False,False,False,False,True,False,False,False,False,False,False,False,False,True,False,False,False,True,False,False,1
99,1,275000.0,0.0,9500.0,1,1,1,1,2,0,1,1,0,1,0,0,5,0,0,1,99,99,2,15,0,1,3,1,0,0,0.0,999999.0,999999.0,999999,0.0,0.0,0.0,64.0,0,0,True,False,False,False,True,False,False,True,True,False,False,False,False,False,False,False,False,False,False,False,False,False,False,False,False,False,False,True,False,False,False,True,False,False,1
99,1,187500.0,0.0,28000.0,1,0,0,0,0,0,0,0,0,0,0,0,1,0,0,1,99,99,0,35,1,1,8,1,35,62,28000.0,28000.0,0.0,0,0.0,0.0,0.0,434.0,1,2,True,False,False,False,True,False,False,True,False,False,False,True,False,False,False,False,False,False,False,False,False,False,False,False,False,False,False,True,False,False,False,True,False,False,0
99,0,999999.0,1000.0,22387.0,1,1,1,1,2,0,1,1,0,1,0,0,4,0,0,1,99,99,1,13,0,1,2,1,0,0,0.0,999999.0,999999.0,999999,99999.0,99999.0,99999.0,178.0,1,0,True,False,False,False,True,False,False,True,True,False,False,False,False,False,False,False,False,False,False,False,False,False,False,False,True,False,False,False,False,False,False,True,False,False,1
99,0,999999.0,512.0,12000.0,4,0,0,1,0,0,0,0,0,0,0,0,2,1,0,4,45,45,0,65,1,0,0,0,11,11,6262.0,6262.0,0.0,0,0.0,0.0,0.0,101.0,1,0,True,False,False,False,True,False,False,True,False,False,False,False,False,False,False,False,False,True,False,False,False,False,False,False,False,False,False,True,False,False,False,False,False,True,1
99,1,350000.0,0.0,80000.0,3,0,0,0,0,0,0,0,0,0,0,0,1,0,0,3,99,99,0,31,0,0,7,0,20,9,8000.0,0.0,8000.0,0,0.0,0.0,0.0,124.0,1,0,True,False,False,False,True,False,False,True,False,False,False,False,False,False,False,False,False,True,False,False,False,False,False,False,False,False,False,True,False,False,False,True,False,False,1
99,1,162500.0,0.0,102400.0,1,1,1,1,0,0,0,0,0,0,1,1,4,2,0,1,11,9,0,40,0,1,6,1,23,18,6000.0,6000.0,0.0,0,0.0,0.0,0.0,501.0,0,0,True,False,False,False,True,False,False,True,False,False,False,False,False,False,False,False,False,False,False,False,True,False,False,False,False,False,False,True,False,False,True,False,False,False,1
99,0,999999.0,437.0,74760.0,1,1,0,0,0,0,0,0,0,0,2,1,2,0,0,1,99,99,0,36,1,0,8,0,36,66,37410.0,37350.0,0.0,0,0.0,0.0,0.0,501.0,1,2,True,False,False,False,True,False,False,True,False,False,False,True,False,False,False,False,False,False,False,False,False,False,True,False,False,False,False,False,False,False,True,False,False,False,1
99,0,999999.0,512.0,7840.0,4,1,1,1,0,0,0,0,0,0,0,0,1,0,0,2,99,99,0,25,1,1,6,1,23,16,7500.0,0.0,7500.0,0,0.0,0.0,0.0,116.0,0,0,True,False,False,False,True,False,False,True,False,False,False,False,False,True,False,False,False,False,False,False,False,False,False,False,False,False,False,True,False,False,False,True,False,False,1
99,1,225000.0,0.0,36160.0,1,1,2,1,5,0,1,0,0,0,2,1,6,2,1,1,5,0,0,36,1,0,8,0,31,65,25000.0,25000.0,0.0,0,0.0,0.0,0.0,207.0,1,2,True,False,False,False,True,False,False,True,False,False,False,True,False,False,False,False,False,False,False,False,False,False,False,False,False,False,False,True,False,False,True,False,False,False,1
99,0,999999.0,112.0,33068.0,1,1,3,1,2,0,1,1,0,1,0,0,6,1,1,1,1,1,1,22,0,0,5,0,0,0,6960.0,0.0,0.0,0,0.0,6960.0,0.0,190.0,0,0,True,False,False,False,True,False,False,True,True,False,False,False,False,False,False,False,False,False,False,False,False,False,True,False,False,False,False,False,False,False,False,True,False,False,1
99,1,225000.0,0.0,24000.0,1,1,0,0,0,0,0,0,0,0,1,1,2,0,0,1,99,99,0,85,0,0,6,0,0,0,8400.0,0.0,0.0,0,4800.0,0.0,0.0,320.0,0,0,True,False,False,False,True,False,False,True,False,False,False,False,False,False,False,False,False,False,False,False,True,False,False,False,False,False,False,True,False,False,True,False,False,False,1
99,1,112500.0,0.0,40272.0,1,0,0,0,0,0,0,0,0,0,0,0,1,0,0,1,99,99,0,35,0,0,8,0,26,44,40272.0,40100.0,0.0,0,0.0,0.0,0.0,501.0,0,5,True,False,False,False,True,False,False,True,False,False,False,True,False,False,False,False,False,False,False,False,False,False,False,False,False,False,False,True,False,False,False,True,False,False,1
99,1,400000.0,0.0,65400.0,1,1,1,1,0,0,0,0,0,0,2,1,6,4,0,1,20,12,0,46,1,0,7,0,24,47,59000.0,57000.0,0.0,0,0.0,0.0,0.0,375.0,0,6,True,False,False,False,True,False,False,True,False,False,False,True,False,False,False,False,False,False,False,False,False,False,False,False,False,False,False,True,False,False,True,False,False,False,1
99,1,400000.0,0.0,70146.0,1,1,1,1,2,0,1,1,3,1,0,0,8,0,0,1,99,99,5,18,1,1,5,1,11,11,3030.0,3030.0,0.0,0,0.0,0.0,0.0,323.0,0,0,True,False,False,False,True,False,False,True,True,False,False,False,False,False,False,False,False,False,False,False,False,False,False,False,False,True,False,False,False,False,False,True,False,False,1
99,1,400000.0,0.0,0.0,1,1,0,0,0,0,0,0,0,0,2,1,2,0,0,1,99,99,0,68,1,0,7,0,0,0,0.0,0.0,0.0,0,0.0,0.0,0.0,1.0,0,8,True,False,False,False,True,False,False,True,False,False,False,True,False,False,False,False,False,False,False,False,False,False,True,False,False,False,False,False,False,False,True,False,False,False,1
99,0,999999.0,875.0,8244.0,1,0,1,0,1,0,1,0,0,0,0,0,4,0,0,1,99,99,2,14,0,1,2,1,0,0,0.0,999999.0,999999.0,999999,99999.0,99999.0,99999.0,65.0,1,0,True,False,False,False,True,False,False,True,True,False,False,False,False,False,False,False,False,False,False,False,False,False,True,False,False,False,False,False,False,False,False,True,False,False,1
99,1,95000.0,0.0,39625.0,1,2,2,2,2,0,1,1,0,1,4,1,6,2,0,1,15,9,0,49,1,1,6,1,0,0,0.0,0.0,0.0,0,0.0,0.0,0.0,227.0,0,0,True,False,False,False,True,False,False,True,True,False,False,False,False,False,False,False,False,False,False,False,False,False,False,False,False,False,False,True,False,False,True,False,False,False,1
99,0,999999.0,387.0,6640.0,1,0,0,0,0,0,0,0,0,0,0,0,1,0,0,1,99,99,0,30,1,0,0,0,25,15,6640.0,6640.0,0.0,0,0.0,0.0,0.0,103.0,1,1,True,False,False,False,True,False,False,True,False,False,False,True,False,False,False,False,False,False,False,False,False,False,False,False,False,False,False,True,False,False,False,True,False,False,1
99,0,999999.0,625.0,20000.0,1,0,1,0,1,0,1,0,0,0,0,0,3,0,0,1,99,99,1,21,1,0,2,0,30,24,10000.0,10000.0,0.0,0,0.0,0.0,0.0,200.0,0,0,True,False,False,False,True,False,False,True,True,False,False,False,False,False,False,False,False,False,False,False,False,False,False,False,False,False,False,True,False,False,False,True,False,False,1
99,0,999999.0,312.0,8004.0,1,0,0,0,0,0,0,0,0,0,0,0,1,0,0,1,99,99,0,65,1,0,0,0,0,0,8004.0,0.0,0.0,0,0.0,8004.0,0.0,135.0,0,6,True,False,False,False,True,False,False,True,False,False,False,True,False,False,False,False,False,False,False,False,False,False,True,False,False,False,False,False,False,False,False,False,True,False,1
99,1,162500.0,0.0,38280.0,1,0,0,1,0,0,0,0,0,0,0,0,4,3,0,1,41,26,0,65,1,0,3,0,0,0,9600.0,0.0,0.0,0,7200.0,0.0,0.0,299.0,0,5,True,False,False,False,True,False,False,True,False,False,False,True,False,False,False,False,False,False,False,False,False,False,True,False,False,False,False,False,False,False,False,False,False,True,1
99,0,999999.0,625.0,18000.0,2,0,0,1,0,0,0,0,0,0,0,0,1,0,0,2,99,99,0,36,0,0,8,0,16,15,12000.0,12000.0,0.0,0,0.0,0.0,0.0,186.0,1,0,True,False,False,False,True,False,False,True,False,False,False,False,False,False,False,False,False,True,False,False,False,False,False,False,False,False,False,True,False,False,False,True,False,False,0
99,0,999999.0,575.0,15864.0,1,0,1,0,0,0,0,0,0,0,0,0,2,1,0,1,49,49,0,79,0,0,2,0,0,0,7464.0,0.0,0.0,0,2532.0,3468.0,1464.0,212.0,1,2,True,False,False,False,True,False,False,True,False,False,False,True,False,False,False,False,False,False,False,False,False,False,True,False,False,False,False,False,False,False,False,False,False,True,1
99,0,999999.0,625.0,38335.0,1,1,1,1,2,0,1,1,0,1,0,0,7,0,0,1,99,99,2,8,1,1,1,1,0,0,0.0,999999.0,999999.0,999999,99999.0,99999.0,99999.0,194.0,1,0,True,False,False,False,True,False,False,True,True,False,False,False,False,False,False,False,False,False,False,False,False,False,False,False,False,False,False,True,False,False,False,True,False,False,1
99,0,999999.0,462.0,8500.0,1,0,1,0,0,0,0,0,0,0,0,0,2,1,0,1,5,5,0,29,0,0,2,0,11,11,8500.0,8500.0,0.0,0,0.0,0.0,0.0,99.0,1,1,True,False,False,False,True,False,False,True,False,False,False,True,False,False,False,False,False,False,False,False,False,False,False,False,False,False,False,True,False,False,False,True,False,False,1
99,0,999999.0,312.0,7680.0,1,0,1,0,1,0,1,0,0,0,0,0,7,0,0,1,99,99,5,3,1,0,0,0,0,0,0.0,999999.0,999999.0,999999,99999.0,99999.0,99999.0,43.0,1,0,True,False,False,False,True,False,False,True,True,False,False,False,False,False,False,False,False,False,False,False,False,False,False,False,False,False,False,True,False,False,False,True,False,False,1
99,1,400000.0,0.0,99000.0,1,1,0,0,0,0,0,0,0,0,1,1,2,0,0,1,99,99,0,51,0,0,8,0,30,67,25000.0,25000.0,0.0,0,0.0,0.0,0.0,501.0,0,0,True,False,False,False,True,False,False,True,False,False,False,False,False,False,False,False,False,False,False,False,True,False,False,False,False,False,False,True,False,False,True,False,False,False,1
99,0,999999.0,875.0,37000.0,1,1,1,1,2,0,1,1,0,1,0,0,5,0,0,1,99,99,2,13,1,1,2,1,0,0,0.0,999999.0,999999.0,999999,99999.0,99999.0,99999.0,250.0,0,0,True,False,False,False,True,False,False,True,True,False,False,False,False,False,False,False,False,False,False,False,False,False,False,False,False,False,False,True,False,False,False,True,False,False,1
99,1,400000.0,0.0,132000.0,1,1,1,1,0,0,0,0,0,0,2,1,3,1,0,1,23,23,0,60,1,0,8,0,41,68,107000.0,105000.0,2000.0,0,0.0,0.0,0.0,501.0,0,6,True,False,False,False,True,False,False,True,False,False,False,True,False,False,False,False,False,False,False,False,False,False,False,False,False,False,False,True,False,False,True,False,False,False,1
99,0,999999.0,0.0,999999.0,1,0,0,0,0,0,0,0,0,0,0,0,1,0,0,1,99,99,0,13,0,1,2,1,0,0,0.0,999999.0,999999.0,999999,99999.0,99999.0,99999.0,0.0,1,0,False,False,True,False,False,True,False,True,False,False,False,False,False,True,False,False,False,False,False,False,False,False,False,False,False,False,False,True,False,False,False,True,False,False,1
99,0,999999.0,0.0,999999.0,1,0,0,0,0,0,0,0,0,0,0,0,1,0,0,1,99,99,0,25,1,1,6,1,18,44,600.0,600.0,0.0,0,0.0,0.0,0.0,0.0,1,0,False,False,True,False,False,True,False,True,False,False,False,False,False,True,False,False,False,False,False,False,False,False,False,True,False,False,False,False,False,False,False,True,False,False,1
99,1,225000.0,0.0,52000.0,1,1,1,1,2,0,1,1,0,1,0,0,7,0,0,1,99,99,3,15,1,1,2,1,0,0,0.0,999999.0,999999.0,999999,0.0,0.0,0.0,270.0,0,0,True,False,False,False,True,False,False,True,True,False,False,False,False,False,False,False,False,False,False,False,False,False,False,False,False,False,False,True,False,False,False,True,False,False,1
99,1,400000.0,0.0,49548.0,1,1,1,1,2,0,1,1,0,1,0,0,5,0,0,1,99,99,2,18,1,1,5,1,0,0,0.0,0.0,0.0,0,0.0,0.0,0.0,327.0,1,0,True,False,False,False,True,False,False,True,True,False,False,False,False,False,False,False,False,False,False,False,False,False,False,True,False,False,False,False,False,False,False,True,False,False,1
99,1,225000.0,0.0,89505.0,1,1,1,1,2,0,1,1,0,1,0,0,4,0,0,1,99,99,1,13,1,1,2,1,0,0,0.0,999999.0,999999.0,999999,99999.0,99999.0,99999.0,501.0,0,0,True,False,False,False,True,False,False,True,True,False,False,False,False,False,False,False,False,False,False,False,False,False,False,False,False,False,False,True,False,False,False,True,False,False,1
99,0,999999.0,875.0,12000.0,1,0,1,0,1,0,1,0,0,0,0,0,2,0,0,1,99,99,0,25,0,0,8,0,21,66,10000.0,10000.0,0.0,0,0.0,0.0,0.0,145.0,1,0,True,False,False,False,True,False,False,True,True,False,False,False,False,False,False,False,False,False,False,False,False,False,False,False,False,False,False,True,False,False,False,True,False,False,1
99,0,999999.0,625.0,12000.0,1,1,1,1,2,0,1,1,0,1,0,0,5,0,0,1,99,99,2,3,0,0,0,0,0,0,0.0,999999.0,999999.0,999999,99999.0,99999.0,99999.0,81.0,1,0,True,False,False,False,True,False,False,True,True,False,False,False,False,False,False,False,False,False,False,False,False,False,False,False,False,False,False,True,False,False,False,True,False,False,1
99,0,999999.0,625.0,44250.0,1,0,0,2,0,0,0,1,0,1,0,0,6,0,0,1,99,99,1,16,0,1,3,1,24,47,250.0,250.0,0.0,0,0.0,0.0,0.0,254.0,1,0,True,False,False,False,True,False,False,True,True,False,False,False,False,False,False,False,False,False,False,False,False,False,False,False,False,False,False,True,False,False,False,True,False,False,0
99,1,112500.0,0.0,37000.0,1,1,1,1,2,0,1,1,0,1,0,0,4,0,0,1,99,99,1,1,0,0,7,0,0,0,0.0,999999.0,999999.0,999999,99999.0,99999.0,99999.0,294.0,1,0,True,False,False,False,True,False,False,True,True,False,False,False,False,False,False,False,False,False,False,False,False,False,False,False,False,False,False,True,False,False,False,True,False,False,1
99,1,95000.0,0.0,63482.0,1,1,1,2,0,0,0,0,0,0,0,0,4,1,0,1,32,32,0,59,1,0,3,0,0,0,0.0,0.0,0.0,0,0.0,0.0,0.0,488.0,0,0,True,False,False,False,True,False,False,True,False,False,False,False,False,False,False,False,True,False,False,False,False,False,False,False,False,False,False,True,True,False,False,False,False,False,1
99,1,95000.0,0.0,72400.0,1,1,2,1,2,0,1,1,0,1,0,0,10,0,0,1,99,99,4,4,1,0,0,0,0,0,0.0,999999.0,999999.0,999999,99999.0,99999.0,99999.0,282.0,1,0,True,False,False,False,True,False,False,True,True,False,False,False,False,False,False,False,False,False,False,False,False,False,False,False,False,False,False,True,False,False,False,True,False,False,1
99,1,162500.0,0.0,36050.0,3,0,1,1,0,0,0,0,0,0,0,0,1,0,0,3,99,99,0,21,1,0,2,0,23,18,11760.0,11760.0,0.0,0,0.0,0.0,0.0,182.0,1,0,True,False,False,False,True,False,False,True,False,False,False,False,False,True,False,False,False,False,False,False,False,False,False,False,False,False,False,True,False,True,False,False,False,False,1
99,1,275000.0,0.0,32000.0,2,1,0,0,0,0,0,0,0,0,2,2,2,0,0,1,99,99,0,51,0,0,6,0,0,0,0.0,0.0,0.0,0,0.0,0.0,0.0,385.0,0,1,True,False,False,False,True,False,False,True,False,False,False,True,False,False,False,False,False,False,False,False,False,False,False,False,False,True,False,False,False,False,True,False,False,False,1
99,1,137500.0,0.0,61549.0,1,1,1,1,2,0,1,1,0,1,0,0,4,0,0,1,99,99,1,0,1,0,7,0,0,0,0.0,999999.0,999999.0,999999,99999.0,99999.0,99999.0,489.0,1,0,True,False,False,False,True,False,False,True,True,False,False,False,False,False,False,False,False,False,False,False,False,False,False,False,False,True,False,False,False,False,False,True,False,False,1
99,0,999999.0,437.0,10907.0,1,0,0,0,0,0,0,0,0,0,0,0,1,0,0,1,99,99,0,48,0,0,6,0,17,13,10907.0,7787.0,0.0,0,0.0,3120.0,0.0,169.0,0,5,True,False,False,False,True,False,False,True,False,False,False,True,False,False,False,False,False,False,False,False,False,False,True,False,False,False,False,False,True,False,False,False,False,False,1
99,0,999999.0,0.0,999999.0,1,0,0,0,0,0,0,0,0,0,0,0,1,0,0,1,99,99,0,20,1,0,5,0,24,19,5000.0,5000.0,0.0,0,0.0,0.0,0.0,0.0,1,0,False,True,False,True,False,False,False,True,False,False,False,False,True,False,False,False,False,False,False,False,False,False,False,False,False,False,False,True,False,False,False,True,False,False,1
99,1,400000.0,0.0,228516.0,1,1,1,1,2,0,1,1,0,1,0,0,4,0,0,1,99,99,1,5,1,1,0,1,0,0,0.0,999999.0,999999.0,999999,99999.0,99999.0,99999.0,501.0,0,0,True,False,False,False,True,False,False,True,True,False,False,False,False,False,False,False,False,False,False,False,False,False,False,False,False,False,False,True,False,False,False,True,False,False,1
99,0,999999.0,675.0,25000.0,1,1,1,1,2,0,1,1,0,1,0,0,4,0,0,1,99,99,1,3,0,0,0,0,0,0,0.0,999999.0,999999.0,999999,99999.0,99999.0,99999.0,199.0,1,0,True,False,False,False,True,False,False,True,True,False,False,False,False,False,False,False,False,False,False,False,False,False,False,False,False,False,False,True,False,False,False,True,False,False,1
99,1,162500.0,0.0,36050.0,3,0,1,1,0,0,0,1,0,1,0,0,4,0,0,1,99,99,2,1,0,0,7,0,0,0,0.0,999999.0,999999.0,999999,99999.0,99999.0,99999.0,286.0,1,0,True,False,False,False,True,False,False,True,True,False,False,False,False,False,False,False,False,False,False,False,False,False,False,False,False,False,False,True,False,False,False,True,False,False,1
99,1,225000.0,0.0,98000.0,1,1,1,1,0,0,0,0,0,0,2,1,3,1,0,1,16,16,0,56,1,0,8,0,41,68,63000.0,58000.0,0.0,0,0.0,0.0,0.0,501.0,1,1,True,False,False,False,True,False,False,True,False,False,False,True,False,False,False,False,False,False,False,False,False,False,False,False,False,False,False,True,False,False,True,False,False,False,1
99,1,400000.0,0.0,100000.0,1,1,2,1,0,0,0,0,0,0,0,0,4,1,0,1,42,42,0,76,0,0,1,0,0,0,0.0,0.0,0.0,0,0.0,0.0,0.0,501.0,0,0,True,False,False,False,True,False,False,True,False,False,False,False,False,False,False,True,False,False,False,False,False,False,False,False,False,True,False,False,False,False,False,False,False,True,1
99,0,999999.0,512.0,5000.0,2,0,0,1,0,0,0,0,0,0,0,0,3,2,2,1,3,2,0,26,1,0,7,0,20,8,5000.0,5000.0,0.0,0,0.0,0.0,0.0,50.0,1,1,True,False,False,False,True,False,False,True,False,False,False,True,False,False,False,False,False,False,False,False,False,False,False,False,False,False,False,True,True,False,False,False,False,False,1
99,0,999999.0,875.0,65000.0,1,1,1,1,0,0,0,0,0,0,1,1,3,1,0,1,14,14,0,28,0,1,8,1,31,65,30000.0,30000.0,0.0,0,0.0,0.0,0.0,501.0,1,0,True,False,False,False,True,False,False,True,False,False,False,False,False,False,False,False,False,False,False,False,True,False,False,False,False,False,False,True,False,False,True,False,False,False,1
99,1,162500.0,0.0,27960.0,1,1,0,0,0,0,0,0,0,0,1,1,2,0,0,1,99,99,0,65,0,0,4,0,0,0,6192.0,0.0,0.0,0,6192.0,0.0,0.0,373.0,0,0,True,False,False,False,True,False,False,True,False,False,False,False,False,False,False,False,False,False,False,False,True,False,False,False,False,False,False,True,False,False,True,False,False,False,1
99,0,999999.0,1000.0,26626.0,1,1,1,1,1,0,1,2,2,7,0,0,3,0,0,1,99,99,0,20,1,0,6,0,16,15,4000.0,4000.0,0.0,0,0.0,0.0,0.0,275.0,1,0,True,False,False,False,True,False,False,True,True,False,False,False,False,False,False,False,False,False,False,False,False,False,False,False,False,False,False,True,False,False,False,True,False,False,0
99,0,999999.0,512.0,89000.0,1,1,0,0,0,0,0,0,0,0,2,2,2,0,0,1,99,99,0,26,0,1,8,2,61,93,89000.0,89000.0,0.0,0,0.0,0.0,0.0,501.0,0,2,True,False,False,False,True,False,False,True,False,False,False,True,False,False,False,False,False,False,False,False,False,False,True,False,False,False,False,False,False,False,True,False,False,False,1
99,1,42499.0,0.0,45000.0,1,1,0,0,0,0,0,0,0,0,2,1,2,0,0,1,99,99,0,67,1,0,8,0,48,87,45000.0,45000.0,0.0,0,0.0,0.0,0.0,501.0,0,5,True,False,False,False,True,False,False,True,False,False,False,True,False,False,False,False,False,False,False,False,False,False,False,False,False,False,False,True,False,False,True,False,False,False,1
99,0,999999.0,675.0,8000.0,3,0,0,0,0,0,0,0,0,0,0,0,1,0,0,2,99,99,0,31,1,0,7,0,20,8,6000.0,6000.0,0.0,0,0.0,0.0,0.0,93.0,1,0,True,False,False,False,True,False,False,True,False,False,False,False,False,False,False,False,False,True,False,False,False,False,True,False,False,False,False,False,False,False,False,True,False,False,0
99,1,275000.0,0.0,32808.0,1,1,0,0,0,0,0,0,0,0,1,1,2,0,0,1,99,99,0,81,0,0,6,0,24,44,14233.0,4033.0,0.0,0,6167.0,0.0,0.0,438.0,0,0,True,False,False,False,True,False,False,True,False,False,False,False,False,False,False,False,False,False,False,False,True,False,False,False,False,False,False,True,False,False,True,False,False,False,1
99,1,225000.0,0.0,41120.0,1,1,0,0,0,0,0,0,0,0,2,1,2,0,0,1,99,99,0,64,1,0,8,0,36,66,25000.0,25000.0,0.0,0,0.0,0.0,0.0,495.0,0,6,True,False,False,False,True,False,False,True,False,False,False,True,False,False,False,False,False,False,False,False,False,False,False,False,False,False,False,True,False,False,True,False,False,False,1
99,0,999999.0,0.0,999999.0,1,0,0,0,0,0,0,0,0,0,0,0,1,0,0,1,99,99,0,47,1,0,2,0,24,19,6000.0,6000.0,0.0,0,0.0,0.0,0.0,0.0,0,0,False,True,False,True,False,False,False,True,False,False,False,False,True,False,False,False,False,False,False,False,False,False,False,False,False,False,False,True,False,False,False,True,False,False,1
99,1,275000.0,0.0,60500.0,1,0,1,0,0,0,0,0,0,0,0,0,2,1,0,1,36,36,0,63,0,0,6,0,0,0,500.0,0.0,0.0,0,200.0,0.0,0.0,501.0,1,0,True,False,False,False,True,False,False,True,False,False,False,False,False,False,False,True,False,False,False,False,False,False,True,False,False,False,False,False,True,False,False,False,False,False,1
99,1,225000.0,0.0,55100.0,1,1,1,1,0,0,0,0,0,0,2,1,3,1,0,1,17,17,0,39,1,0,7,0,38,68,50000.0,50000.0,0.0,0,0.0,0.0,0.0,501.0,0,6,True,False,False,False,True,False,False,True,False,False,False,True,False,False,False,False,False,False,False,False,False,False,False,False,False,False,False,True,False,False,True,False,False,False,1
99,0,999999.0,437.0,57181.0,2,0,1,1,0,0,0,1,3,1,0,0,3,0,0,1,99,99,0,3,1,0,0,0,0,0,0.0,999999.0,999999.0,999999,99999.0,99999.0,99999.0,501.0,1,0,True,False,False,False,True,False,False,True,True,False,False,False,False,False,False,False,False,False,False,False,False,False,False,False,False,False,False,True,False,False,False,True,False,False,1
99,0,999999.0,462.0,45000.0,1,1,2,1,0,0,0,0,0,0,2,1,7,2,0,1,27,24,0,56,1,0,0,0,20,8,12000.0,12000.0,0.0,0,0.0,0.0,0.0,224.0,1,2,True,False,False,False,True,False,False,True,False,False,False,True,False,False,False,False,False,False,False,False,False,False,False,False,False,False,False,True,False,False,True,False,False,False,0
99,1,112500.0,0.0,6588.0,1,0,0,0,0,0,0,0,0,0,0,0,4,0,0,1,99,99,0,7,0,1,1,1,0,0,0.0,999999.0,999999.0,999999,99999.0,99999.0,99999.0,52.0,1,0,True,False,False,False,True,False,False,True,False,False,True,False,False,False,False,False,False,False,False,False,False,False,True,False,False,False,False,False,False,False,False,True,False,False,1
99,0,999999.0,412.0,10000.0,3,0,0,1,0,0,0,0,0,0,0,0,8,0,0,1,99,99,0,14,1,1,2,1,0,0,0.0,999999.0,999999.0,999999,99999.0,99999.0,99999.0,49.0,0,0,True,False,False,False,True,False,False,True,False,False,False,False,False,False,True,False,False,False,False,False,False,False,False,False,False,False,False,True,False,False,False,True,False,False,1
99,1,112500.0,0.0,28561.0,1,0,1,0,2,0,1,0,0,0,0,0,2,0,0,1,99,99,0,53,0,0,6,0,22,61,22407.0,21829.0,0.0,0,0.0,0.0,0.0,344.0,0,7,True,False,False,False,True,False,False,True,False,False,False,True,False,False,False,False,False,False,False,False,False,False,False,False,False,False,False,True,True,False,False,False,False,False,1
99,0,999999.0,112.0,35000.0,1,1,1,1,2,0,1,1,0,1,0,0,4,0,0,1,99,99,1,6,0,1,0,1,0,0,0.0,999999.0,999999.0,999999,99999.0,99999.0,99999.0,278.0,1,0,True,False,False,False,True,False,False,True,True,False,False,False,False,False,False,False,False,False,False,False,False,False,True,False,False,False,False,False,False,False,False,True,False,False,1
99,0,999999.0,575.0,33000.0,1,0,0,0,0,0,0,0,0,0,0,0,1,0,0,1,99,99,0,35,1,0,6,0,22,8,33000.0,33000.0,0.0,0,0.0,0.0,0.0,501.0,1,1,True,False,False,False,True,False,False,True,False,False,False,True,False,False,False,False,False,False,False,False,False,False,False,False,False,False,False,True,True,False,False,False,False,False,1
99,0,999999.0,0.0,999999.0,1,0,0,0,0,0,0,0,0,0,0,0,1,0,0,1,99,99,0,71,0,0,7,0,15,56,23800.0,6400.0,0.0,3000,7200.0,0.0,0.0,0.0,0,0,False,True,False,True,False,False,False,True,False,False,False,False,True,False,False,False,False,False,False,False,False,False,False,False,False,False,False,True,False,False,False,True,False,False,1
99,0,999999.0,362.0,11600.0,1,1,1,1,0,0,0,0,0,0,2,1,3,1,0,1,21,21,0,66,1,0,3,0,0,0,8100.0,0.0,0.0,0,0.0,8100.0,0.0,120.0,0,7,True,False,False,False,True,False,False,True,False,False,False,True,False,False,False,False,False,False,False,False,False,False,False,False,False,False,False,True,False,False,True,False,False,False,1
99,0,999999.0,0.0,999999.0,1,0,0,0,0,0,0,0,0,0,0,0,1,0,0,1,99,99,0,90,0,0,6,0,0,0,19888.0,0.0,0.0,0,6888.0,0.0,0.0,0.0,0,0,False,True,False,True,False,False,False,True,False,False,False,False,True,False,False,False,False,False,False,False,False,False,False,False,False,False,False,True,False,False,False,True,False,False,1
99,0,999999.0,875.0,17800.0,1,1,1,1,2,0,1,1,0,1,0,0,4,0,0,1,99,99,1,10,0,1,2,1,0,0,0.0,999999.0,999999.0,999999,99999.0,99999.0,99999.0,142.0,1,0,True,False,False,False,True,False,False,True,True,False,False,False,False,False,False,False,False,False,False,False,False,False,False,False,False,False,False,True,False,False,False,True,False,False,1
99,0,999999.0,1000.0,55000.0,1,1,1,1,0,0,0,0,0,0,2,1,3,1,0,1,10,10,0,35,1,0,8,0,41,68,55000.0,55000.0,0.0,0,0.0,0.0,0.0,501.0,1,1,True,False,False,False,True,False,False,True,False,False,False,True,False,False,False,False,False,False,False,False,False,False,False,False,False,False,False,True,False,False,True,False,False,False,1
99,1,275000.0,0.0,66000.0,1,1,1,1,2,0,1,1,0,1,0,0,5,0,0,1,99,99,2,5,0,1,0,1,0,0,0.0,999999.0,999999.0,999999,99999.0,99999.0,99999.0,446.0,1,0,True,False,False,False,True,False,False,True,True,False,False,False,False,False,False,False,False,False,False,False,False,False,False,False,False,True,False,False,False,False,False,True,False,False,1
99,1,137500.0,0.0,14000.0,1,1,1,1,0,0,0,0,0,0,1,1,3,1,1,1,2,2,0,30,0,0,6,0,0,0,0.0,0.0,0.0,0,0.0,0.0,0.0,140.0,0,0,True,False,False,False,True,False,False,True,False,False,False,False,False,False,False,False,False,False,False,False,True,False,False,False,False,False,False,True,False,False,True,False,False,False,1
99,1,275000.0,0.0,65500.0,1,1,1,1,0,0,0,0,0,0,1,1,3,1,0,1,5,5,0,42,0,0,8,0,22,60,38000.0,38000.0,0.0,0,0.0,0.0,0.0,501.0,1,0,True,False,False,False,True,False,False,True,False,False,False,False,False,False,False,False,False,False,False,False,True,False,False,False,False,False,False,True,False,False,True,False,False,False,1
99,0,999999.0,725.0,0.0,1,0,0,0,0,0,0,0,0,0,0,0,4,0,0,1,99,99,2,35,1,0,1,0,13,4,0.0,0.0,0.0,0,0.0,0.0,0.0,1.0,0,0,True,False,False,False,True,False,False,True,False,False,False,False,False,False,False,False,False,False,True,False,False,False,False,False,False,False,False,True,False,True,False,False,False,False,1
99,1,85000.0,0.0,38600.0,1,1,4,1,3,0,2,0,0,0,0,0,11,0,0,1,99,99,1,4,1,0,0,0,0,0,0.0,999999.0,999999.0,999999,99999.0,99999.0,99999.0,143.0,1,0,True,False,False,False,True,False,False,True,False,False,True,False,False,False,False,False,False,False,False,False,False,False,False,False,False,False,False,True,False,False,False,True,False,False,1
99,0,999999.0,412.0,0.0,2,0,0,1,0,0,0,0,0,0,0,0,1,0,0,2,99,99,0,41,0,0,5,0,6,7,5000.0,5000.0,0.0,0,0.0,0.0,0.0,78.0,0,0,True,False,False,False,True,False,False,True,False,False,False,False,False,False,False,False,False,True,False,False,False,False,False,False,False,False,False,True,False,False,False,False,True,False,1
99,1,350000.0,0.0,60000.0,1,1,1,1,0,0,0,0,0,0,1,1,5,3,0,1,12,10,0,38,0,0,8,0,26,72,5000.0,5000.0,0.0,0,0.0,0.0,0.0,405.0,0,0,True,False,False,False,True,False,False,True,False,False,False,False,False,False,False,False,False,False,False,False,True,False,False,False,False,False,False,True,False,False,True,False,False,False,1
99,0,999999.0,512.0,0.0,1,0,0,0,0,0,0,0,0,0,0,0,2,0,0,1,99,99,1,23,0,1,7,1,0,0,0.0,0.0,0.0,0,0.0,0.0,0.0,1.0,1,1,True,False,False,False,True,False,False,True,False,False,False,True,False,False,False,False,False,False,False,False,False,False,False,True,False,False,False,False,False,False,False,True,False,False,1
99,0,999999.0,512.0,21600.0,1,1,1,1,2,0,1,1,0,1,0,0,4,0,0,1,99,99,1,6,0,1,0,1,0,0,0.0,999999.0,999999.0,999999,99999.0,99999.0,99999.0,172.0,1,0,True,False,False,False,True,False,False,True,True,False,False,False,False,False,False,False,False,False,False,False,False,False,False,False,False,False,False,True,False,False,False,True,False,False,1
99,1,137500.0,0.0,14000.0,2,1,2,1,0,0,0,0,0,0,0,0,6,2,0,1,52,44,0,79,0,0,1,0,0,0,6000.0,0.0,0.0,0,6000.0,0.0,0.0,80.0,0,0,True,False,False,False,True,False,False,True,False,False,False,False,False,False,False,True,False,False,False,False,False,False,False,False,False,False,False,True,False,False,False,False,False,True,1
99,1,400000.0,0.0,199118.0,1,1,1,1,0,0,0,0,0,0,2,1,3,1,0,1,23,23,0,56,1,0,8,0,63,96,123515.0,0.0,123515.0,0,0.0,0.0,0.0,501.0,1,2,True,False,False,False,True,False,False,True,False,False,False,True,False,False,False,False,False,False,False,False,False,False,False,False,False,False,False,True,False,False,True,False,False,False,1
99,1,225000.0,0.0,53300.0,1,1,2,1,0,0,0,0,0,0,0,0,5,1,0,1,39,39,0,76,0,0,0,0,0,0,7500.0,0.0,0.0,0,0.0,7500.0,0.0,351.0,0,0,True,False,False,False,True,False,False,True,False,False,False,False,False,False,False,False,True,False,False,False,False,False,False,False,False,False,False,True,False,False,False,False,False,True,1
99,1,225000.0,0.0,49500.0,1,1,1,1,2,0,1,1,0,1,0,0,4,0,0,1,99,99,1,18,0,1,6,1,0,0,0.0,0.0,0.0,0,0.0,0.0,0.0,387.0,1,0,True,False,False,False,True,False,False,True,True,False,False,False,False,False,False,False,False,False,False,False,False,False,False,False,False,False,False,True,False,False,False,True,False,False,1
99,1,137500.0,0.0,26443.0,1,0,1,0,1,0,1,0,0,0,0,0,2,0,0,1,99,99,0,25,0,0,8,0,19,46,9443.0,9443.0,0.0,0,0.0,0.0,0.0,318.0,0,0,True,False,False,False,True,False,False,True,True,False,False,False,False,False,False,False,False,False,False,False,False,False,False,False,False,False,False,True,False,False,False,True,False,False,1
99,1,225000.0,0.0,69000.0,1,1,1,1,2,0,1,1,0,1,0,0,5,0,0,1,99,99,2,13,1,1,2,2,0,0,0.0,999999.0,999999.0,999999,99999.0,99999.0,99999.0,466.0,0,0,True,False,False,False,True,False,False,True,True,False,False,False,False,False,False,False,False,False,False,False,False,False,False,False,False,True,False,False,False,False,False,True,False,False,1
99,0,999999.0,1000.0,157000.0,1,1,1,1,1,0,1,2,0,1,0,0,4,0,0,1,99,99,1,12,0,1,2,2,0,0,0.0,999999.0,999999.0,999999,99999.0,99999.0,99999.0,501.0,1,0,True,False,False,False,True,False,False,True,True,False,False,False,False,False,False,False,False,False,False,False,False,False,False,False,False,False,False,True,False,False,False,True,False,False,1
99,0,999999.0,387.0,15127.0,1,1,1,1,0,0,0,0,0,0,1,1,4,1,1,1,1,1,0,38,0,0,1,0,0,0,0.0,0.0,0.0,0,0.0,0.0,0.0,116.0,0,0,True,False,False,False,True,False,False,True,False,False,False,False,False,False,False,False,False,False,False,False,True,False,False,False,False,False,False,True,False,False,True,False,False,False,1
99,1,62500.0,0.0,45000.0,1,1,1,1,0,0,0,0,0,0,1,1,5,3,1,1,8,1,0,29,0,0,7,0,0,0,0.0,0.0,0.0,0,0.0,0.0,0.0,304.0,0,0,True,False,False,False,True,False,False,True,False,False,False,False,False,False,False,False,False,False,False,False,True,False,False,False,False,False,False,True,False,False,True,False,False,False,1
99,1,275000.0,0.0,33500.0,1,1,1,1,0,0,0,0,0,0,2,1,5,2,0,1,13,10,0,51,1,0,6,0,37,49,30000.0,25000.0,0.0,0,0.0,0.0,0.0,221.0,0,6,True,False,False,False,True,False,False,True,False,False,False,True,False,False,False,False,False,False,False,False,False,False,False,False,False,False,False,True,False,False,True,False,False,False,1
99,1,275000.0,0.0,66864.0,1,1,0,0,0,0,0,0,0,0,1,1,2,0,0,1,99,99,0,33,0,0,7,0,21,66,31864.0,31864.0,0.0,0,0.0,0.0,0.0,501.0,1,0,True,False,False,False,True,False,False,True,False,False,False,False,False,False,False,False,False,False,False,False,True,False,False,False,False,False,False,True,False,False,True,False,False,False,1
99,1,275000.0,0.0,49100.0,1,1,2,1,0,0,0,0,0,0,0,0,4,1,0,1,52,52,0,75,0,0,7,0,0,0,4100.0,0.0,0.0,0,0.0,4100.0,0.0,384.0,1,0,True,False,False,False,True,False,False,True,False,False,False,False,False,False,False,True,False,False,False,False,False,False,True,False,False,False,False,False,True,False,False,False,False,False,1
99,0,999999.0,575.0,40995.0,1,1,1,1,0,0,0,0,0,0,1,1,4,1,1,1,3,3,0,24,0,0,7,0,24,44,20000.0,20000.0,0.0,0,0.0,0.0,0.0,315.0,1,0,True,False,False,False,True,False,False,True,False,False,False,False,False,False,False,False,False,False,False,False,True,False,False,True,False,False,False,False,False,False,True,False,False,False,1
99,0,999999.0,625.0,43000.0,1,1,1,1,1,0,1,2,0,1,0,0,4,0,0,1,99,99,0,0,0,0,7,0,0,0,0.0,999999.0,999999.0,999999,99999.0,99999.0,99999.0,331.0,1,0,True,False,False,False,True,False,False,True,True,False,False,False,False,False,False,False,False,False,False,False,False,False,False,False,False,False,False,True,False,False,False,True,False,False,1
99,0,999999.0,575.0,22000.0,1,1,1,0,0,0,0,0,0,0,1,1,4,0,0,1,99,99,0,50,0,1,6,1,0,0,0.0,0.0,0.0,0,0.0,0.0,0.0,172.0,1,0,True,False,False,False,True,False,False,True,False,False,False,False,False,False,False,False,False,False,False,False,True,False,False,False,False,False,False,True,False,False,True,False,False,False,1
99,1,225000.0,0.0,39400.0,1,1,1,1,0,0,0,0,0,0,1,1,4,2,0,1,13,6,0,43,0,0,6,0,22,61,19000.0,19000.0,0.0,0,0.0,0.0,0.0,313.0,0,0,True,False,False,False,True,False,False,True,False,False,False,False,False,False,False,False,False,False,False,False,True,False,False,False,False,False,False,True,False,False,True,False,False,False,1
99,1,350000.0,0.0,91099.0,1,1,2,1,5,0,1,0,0,0,1,1,5,2,0,1,18,15,0,43,0,0,7,0,22,61,30390.0,30390.0,0.0,0,0.0,0.0,0.0,501.0,0,0,True,False,False,False,True,False,False,True,False,False,False,False,False,False,False,False,False,False,False,False,True,False,False,False,False,False,False,True,False,False,True,False,False,False,1
99,0,999999.0,512.0,20000.0,1,1,1,1,0,0,0,0,0,0,2,2,4,2,1,1,7,3,0,31,0,0,6,0,24,44,5000.0,5000.0,0.0,0,0.0,0.0,0.0,159.0,1,6,True,False,False,False,True,False,False,True,False,False,False,True,False,False,False,False,False,False,False,False,False,False,False,False,False,False,False,True,False,False,True,False,False,False,1
99,0,999999.0,675.0,3820.0,1,1,1,1,0,0,0,0,0,0,2,1,6,4,0,1,14,5,0,44,1,0,4,0,0,0,3820.0,0.0,0.0,0,0.0,3820.0,0.0,23.0,1,1,True,False,False,False,True,False,False,True,False,False,False,True,False,False,False,False,False,False,False,False,False,False,False,False,False,False,False,True,False,False,True,False,False,False,1
99,1,225000.0,0.0,50000.0,1,1,1,1,2,0,1,1,0,1,0,0,4,0,0,1,99,99,1,4,1,1,0,2,0,0,0.0,999999.0,999999.0,999999,99999.0,99999.0,99999.0,398.0,1,0,True,False,False,False,True,False,False,True,True,False,False,False,False,False,False,False,False,False,False,False,False,False,False,False,False,False,False,True,False,False,False,True,False,False,1
99,1,85000.0,0.0,9400.0,3,0,1,0,1,0,1,0,0,0,0,0,5,0,0,1,99,99,3,12,1,1,2,1,0,0,0.0,999999.0,999999.0,999999,99999.0,99999.0,99999.0,65.0,1,0,True,False,False,False,True,False,False,True,True,False,False,False,False,False,False,False,False,False,False,False,False,False,False,False,False,False,False,True,False,False,False,True,False,False,1
99,0,999999.0,875.0,15000.0,1,1,1,1,2,0,1,1,0,1,0,0,6,0,0,1,99,99,3,12,0,1,2,1,0,0,0.0,999999.0,999999.0,999999,99999.0,99999.0,99999.0,91.0,1,0,True,False,False,False,True,False,False,True,True,False,False,False,False,False,False,False,False,False,False,False,False,False,False,False,False,False,False,True,False,False,False,True,False,False,1
99,0,999999.0,625.0,51962.0,1,1,1,1,2,0,1,1,0,1,0,0,9,0,0,1,99,99,6,18,1,1,6,1,24,44,7000.0,7000.0,0.0,0,0.0,0.0,0.0,193.0,0,0,True,False,False,False,True,False,False,True,True,False,False,False,False,False,False,False,False,False,False,False,False,False,False,False,False,False,False,True,False,False,False,True,False,False,0
99,0,999999.0,187.0,57671.0,1,1,1,1,0,0,0,0,0,0,2,1,5,3,0,1,24,15,0,44,1,0,7,0,26,47,25615.0,480.0,23900.0,0,0.0,0.0,0.0,369.0,0,6,True,False,False,False,True,False,False,True,False,False,False,True,False,False,False,False,False,False,False,False,False,False,False,False,False,False,False,True,False,False,True,False,False,False,0
99,0,999999.0,875.0,17000.0,1,0,2,0,1,0,1,0,0,0,0,0,3,1,1,1,0,0,0,16,0,1,4,1,0,0,0.0,0.0,0.0,0,0.0,0.0,0.0,170.0,1,0,True,False,False,False,True,False,False,True,True,False,False,False,False,False,False,False,False,False,False,False,False,False,False,False,False,False,False,True,False,False,False,True,False,False,1
99,1,225000.0,0.0,0.0,1,1,2,1,3,0,2,0,0,0,0,0,5,0,0,1,99,99,1,18,0,1,5,1,0,0,0.0,0.0,0.0,0,0.0,0.0,0.0,1.0,1,0,True,False,False,False,True,False,False,True,False,False,True,False,False,False,False,False,False,False,False,False,False,False,False,False,False,False,False,True,False,False,False,True,False,False,1
99,1,112500.0,0.0,42000.0,2,2,2,2,0,0,0,0,0,0,7,4,4,2,0,2,10,6,0,35,1,0,3,0,17,11,16000.0,16000.0,0.0,0,0.0,0.0,0.0,215.0,1,0,True,False,False,False,True,False,False,True,False,False,False,False,False,True,False,False,False,False,False,False,False,False,False,False,False,False,False,True,False,False,True,False,False,False,1
99,1,187500.0,0.0,50000.0,1,1,0,0,0,0,0,0,0,0,1,1,2,0,0,1,99,99,0,35,0,0,7,0,24,44,20000.0,20000.0,0.0,0,0.0,0.0,0.0,501.0,0,0,True,False,False,False,True,False,False,True,False,False,False,False,False,False,False,False,False,False,False,False,True,False,False,False,False,False,False,True,False,False,True,False,False,False,1
99,1,112500.0,0.0,44150.0,1,1,1,0,0,0,0,0,0,0,0,0,3,1,0,1,48,48,0,70,0,0,2,0,0,0,5580.0,0.0,0.0,0,5580.0,0.0,0.0,455.0,0,0,True,False,False,False,True,False,False,True,False,False,False,False,False,False,False,False,True,False,False,False,False,False,False,False,False,False,False,True,False,False,False,False,False,True,1
99,1,225000.0,0.0,38574.0,1,0,1,0,1,0,1,0,0,0,0,0,2,0,0,1,99,99,0,32,1,0,7,0,35,47,18000.0,18000.0,0.0,0,0.0,0.0,0.0,465.0,1,0,True,False,False,False,True,False,False,True,True,False,False,False,False,False,False,False,False,False,False,False,False,False,False,False,False,False,False,True,False,False,False,False,True,False,1
99,1,400000.0,0.0,6445.0,1,0,1,0,1,0,1,0,0,0,0,0,5,0,0,1,99,99,3,13,0,1,2,1,0,0,0.0,999999.0,999999.0,999999,99999.0,99999.0,99999.0,44.0,0,0,True,False,False,False,True,False,False,True,True,False,False,False,False,False,False,False,False,False,False,False,False,False,False,False,False,False,False,True,False,False,False,True,False,False,1
99,0,999999.0,512.0,214716.0,2,1,1,1,2,0,1,1,0,1,0,0,6,0,0,1,99,99,2,11,0,1,2,1,0,0,0.0,999999.0,999999.0,999999,99999.0,99999.0,99999.0,501.0,1,0,True,False,False,False,True,False,False,True,True,False,False,False,False,False,False,False,False,False,False,False,False,False,False,False,False,False,False,True,False,False,False,True,False,False,1
99,0,999999.0,575.0,19000.0,1,0,0,0,0,0,0,0,0,0,0,0,2,0,0,1,99,99,1,19,0,0,6,0,18,44,5000.0,5000.0,0.0,0,0.0,0.0,0.0,229.0,1,0,True,False,False,False,True,False,False,True,False,False,False,False,False,False,False,False,False,False,True,False,False,False,False,False,False,False,False,True,False,False,False,True,False,False,1
99,1,112500.0,0.0,45795.0,1,1,0,0,0,0,0,0,0,0,1,1,2,0,0,1,99,99,0,46,0,0,7,0,24,44,13795.0,11943.0,0.0,0,0.0,0.0,0.0,501.0,0,0,True,False,False,False,True,False,False,True,False,False,False,False,False,False,False,False,False,False,False,False,True,False,True,False,False,False,False,False,False,False,True,False,False,False,1
99,0,999999.0,1000.0,18000.0,8,2,0,0,0,0,0,0,0,0,3,4,2,0,0,2,99,99,0,24,0,0,8,0,31,53,12000.0,12000.0,0.0,0,0.0,0.0,0.0,265.0,1,0,True,False,False,False,True,False,False,True,False,False,False,False,False,False,False,False,False,True,False,False,False,False,False,False,False,False,False,True,False,False,True,False,False,False,1
99,0,999999.0,162.0,7560.0,1,0,0,0,0,0,0,0,0,0,0,0,3,0,0,1,99,99,0,6,1,1,0,1,0,0,0.0,999999.0,999999.0,999999,99999.0,99999.0,99999.0,76.0,1,0,True,False,False,False,True,False,False,True,False,False,True,False,False,False,False,False,False,False,False,False,False,False,True,False,False,False,False,False,False,False,False,True,False,False,1
99,1,350000.0,0.0,47048.0,1,2,1,1,0,0,0,0,0,0,2,1,5,1,0,1,35,35,0,70,1,0,8,0,0,0,6048.0,0.0,0.0,0,6048.0,0.0,0.0,305.0,0,5,True,False,False,False,True,False,False,True,False,False,False,True,False,False,False,False,False,False,False,False,False,False,False,False,False,True,False,False,False,False,True,False,False,False,1
99,1,112500.0,0.0,33140.0,1,1,1,1,2,0,1,1,0,1,0,0,3,0,0,1,99,99,0,20,0,0,5,0,20,8,6540.0,6500.0,0.0,0,0.0,0.0,0.0,342.0,0,0,True,False,False,False,True,False,False,True,True,False,False,False,False,False,False,False,False,False,False,False,False,False,False,False,False,False,False,True,False,False,False,True,False,False,1
99,1,5000.0,0.0,6884.0,1,0,0,0,0,0,0,0,0,0,0,0,1,0,0,1,99,99,0,90,0,0,3,0,0,0,6884.0,0.0,0.0,0,6680.0,0.0,0.0,116.0,0,8,True,False,False,False,True,False,False,True,False,False,False,True,False,False,False,False,False,False,False,False,False,False,False,False,False,False,False,True,False,False,False,False,False,True,1
99,0,999999.0,875.0,22413.0,1,0,0,1,0,0,0,1,0,1,0,0,7,0,0,1,99,99,4,11,1,1,2,1,0,0,0.0,999999.0,999999.0,999999,99999.0,99999.0,99999.0,121.0,0,0,True,False,False,False,True,False,False,True,True,False,False,False,False,False,False,False,False,False,False,False,False,False,False,False,False,True,False,False,False,False,False,True,False,False,1
99,1,137500.0,0.0,52500.0,1,1,1,1,2,0,1,1,0,1,0,0,6,0,0,1,99,99,3,26,1,0,6,0,20,8,2500.0,2500.0,0.0,0,0.0,0.0,0.0,296.0,0,0,True,False,False,False,True,False,False,True,True,False,False,False,False,False,False,False,False,False,False,False,False,False,False,False,False,False,False,True,False,False,False,True,False,False,1
99,0,999999.0,512.0,7000.0,1,0,0,0,0,0,0,0,0,0,0,0,1,0,0,1,99,99,0,42,0,0,8,0,0,0,7000.0,0.0,0.0,0,7000.0,0.0,0.0,109.0,0,6,True,False,False,False,True,False,False,True,False,False,False,True,False,False,False,False,False,False,False,False,False,False,True,False,False,False,False,False,False,False,False,False,False,True,1
99,0,999999.0,412.0,13000.0,2,0,0,1,0,0,0,1,0,1,0,0,3,0,0,1,99,99,1,5,0,1,0,1,0,0,0.0,999999.0,999999.0,999999,99999.0,99999.0,99999.0,130.0,1,0,True,False,False,False,True,False,False,True,True,False,False,False,False,False,False,False,False,False,False,False,False,False,False,False,False,False,False,True,False,False,False,True,False,False,1
99,0,999999.0,537.0,8000.0,1,1,2,1,1,0,1,0,0,0,0,0,6,0,0,1,99,99,2,14,0,1,2,1,0,0,0.0,999999.0,999999.0,999999,99999.0,99999.0,99999.0,47.0,1,0,True,False,False,False,True,False,False,True,True,False,False,False,False,False,False,False,False,False,False,False,False,False,False,False,False,False,False,True,False,False,False,True,False,False,1
99,1,275000.0,0.0,6000.0,1,1,1,1,2,0,1,1,3,1,0,0,7,0,0,1,99,99,4,21,1,0,6,0,27,29,6000.0,6000.0,0.0,0,0.0,0.0,0.0,31.0,1,0,True,False,False,False,True,False,False,True,True,False,False,False,False,False,False,False,False,False,False,False,False,False,False,False,False,False,False,True,False,False,False,True,False,False,1
99,0,999999.0,875.0,54000.0,1,0,1,0,1,0,1,0,0,0,0,0,5,0,0,1,99,99,3,24,1,0,6,0,0,0,0.0,0.0,0.0,0,0.0,0.0,0.0,350.0,1,0,True,False,False,False,True,False,False,True,True,False,False,False,False,False,False,False,False,False,False,False,False,False,False,False,False,False,False,True,False,False,False,True,False,False,1
99,1,187500.0,0.0,36000.0,1,1,1,1,0,0,0,0,0,0,2,1,4,2,0,1,17,13,0,46,1,1,7,1,35,62,20000.0,20000.0,0.0,0,0.0,0.0,0.0,286.0,0,6,True,False,False,False,True,False,False,True,False,False,False,True,False,False,False,False,False,False,False,False,False,False,False,False,False,False,False,True,False,False,True,False,False,False,1
99,1,350000.0,0.0,70000.0,1,1,1,1,0,0,0,0,0,0,1,1,3,1,1,1,3,3,0,32,0,0,6,0,35,66,26000.0,26000.0,0.0,0,0.0,0.0,0.0,501.0,1,0,True,False,False,False,True,False,False,True,False,False,False,False,False,False,False,False,False,False,False,False,True,False,False,False,False,False,False,True,False,False,True,False,False,False,1
99,0,999999.0,0.0,999999.0,1,0,0,0,0,0,0,0,0,0,0,0,1,0,0,1,99,99,0,22,1,0,5,0,20,8,38000.0,38000.0,0.0,0,0.0,0.0,0.0,0.0,1,0,False,True,False,True,False,False,False,True,False,False,False,False,True,False,False,False,False,False,False,False,False,False,False,False,False,False,False,True,False,False,False,False,False,True,1
99,0,999999.0,312.0,22425.0,1,0,0,0,0,0,0,0,0,0,0,0,1,0,0,1,99,99,0,49,1,0,6,0,23,18,22425.0,22420.0,0.0,0,0.0,0.0,0.0,348.0,0,2,True,False,False,False,True,False,False,True,False,False,False,True,False,False,False,False,False,False,False,False,False,False,False,False,False,False,False,True,True,False,False,False,False,False,1
99,1,187500.0,0.0,95934.0,1,1,1,1,0,0,0,0,0,0,1,1,4,2,0,1,26,20,0,54,0,0,8,0,0,0,0.0,0.0,0.0,0,0.0,0.0,0.0,501.0,1,0,True,False,False,False,True,False,False,True,False,False,False,False,False,False,False,False,False,False,False,False,True,False,False,False,False,False,False,True,False,False,True,False,False,False,1
99,1,112500.0,0.0,24723.0,1,1,1,1,0,0,0,0,0,0,1,1,4,2,1,1,5,4,0,36,0,0,6,0,16,38,18090.0,18090.0,0.0,0,0.0,0.0,0.0,197.0,1,0,True,False,False,False,True,False,False,True,False,False,False,False,False,False,False,False,False,False,False,False,True,False,False,False,False,False,False,True,False,False,True,False,False,False,1
99,0,999999.0,625.0,2858.0,1,1,1,1,2,0,1,1,0,1,0,0,6,0,0,1,99,99,3,20,0,1,7,1,18,44,755.0,755.0,0.0,0,0.0,0.0,0.0,16.0,1,0,True,False,False,False,True,False,False,True,True,False,False,False,False,False,False,False,False,False,False,False,False,False,False,False,False,True,False,False,False,False,False,True,False,False,1
99,0,999999.0,575.0,20000.0,1,0,0,0,0,0,0,0,0,0,0,0,1,0,0,1,99,99,0,55,0,0,6,0,25,18,20000.0,20000.0,0.0,0,0.0,0.0,0.0,310.0,1,5,True,False,False,False,True,False,False,True,False,False,False,True,False,False,False,False,False,False,False,False,False,False,False,False,False,False,False,True,True,False,False,False,False,False,1
99,1,225000.0,0.0,23000.0,1,1,0,0,0,0,0,0,0,0,2,1,2,0,0,1,99,99,0,53,1,0,6,0,23,18,23000.0,23000.0,0.0,0,0.0,0.0,0.0,277.0,0,6,True,False,False,False,True,False,False,True,False,False,False,True,False,False,False,False,False,False,False,False,False,False,False,False,False,False,False,True,False,False,True,False,False,False,1
99,1,162500.0,0.0,39820.0,1,1,2,1,1,0,1,2,0,1,0,0,5,0,0,1,99,99,1,8,1,1,1,2,0,0,0.0,999999.0,999999.0,999999,99999.0,99999.0,99999.0,254.0,0,0,True,False,False,False,True,False,False,True,True,False,False,False,False,False,False,False,False,False,False,False,False,False,False,False,False,True,False,False,False,False,False,True,False,False,1
99,0,999999.0,875.0,64200.0,1,1,1,1,2,0,1,1,0,1,0,0,3,0,0,1,99,99,0,13,0,1,2,1,0,0,0.0,999999.0,999999.0,999999,99999.0,99999.0,99999.0,501.0,1,0,True,False,False,False,True,False,False,True,True,False,False,False,False,False,False,False,False,False,False,False,False,False,False,False,False,False,False,True,False,False,False,True,False,False,1
99,0,999999.0,437.0,42040.0,1,1,1,1,2,0,1,1,0,1,0,0,6,0,0,1,99,99,0,3,1,1,0,1,0,0,0.0,999999.0,999999.0,999999,99999.0,99999.0,99999.0,236.0,1,0,True,False,False,False,True,False,False,True,True,False,False,False,False,False,False,False,False,False,False,False,False,False,False,False,False,False,False,True,False,False,False,True,False,False,1
99,0,999999.0,575.0,21778.0,1,0,0,0,0,0,0,0,0,0,0,0,1,0,0,1,99,99,0,31,0,0,6,0,30,44,21778.0,21778.0,0.0,0,0.0,0.0,0.0,338.0,1,2,True,False,False,False,True,False,False,True,False,False,False,True,False,False,False,False,False,False,False,False,False,False,False,False,False,False,False,True,False,False,False,True,False,False,1
99,1,350000.0,0.0,132000.0,1,1,0,0,0,0,0,0,0,0,1,1,2,0,0,1,99,99,0,33,0,0,8,0,37,81,37000.0,36000.0,0.0,0,0.0,0.0,0.0,501.0,1,0,True,False,False,False,True,False,False,True,False,False,False,False,False,False,False,False,False,False,False,False,True,False,False,False,False,False,False,True,False,False,True,False,False,False,1
99,0,999999.0,312.0,6720.0,1,0,1,0,1,0,1,0,0,0,0,0,4,0,0,1,99,99,2,5,0,1,0,1,0,0,0.0,999999.0,999999.0,999999,99999.0,99999.0,99999.0,53.0,1,0,True,False,False,False,True,False,False,True,True,False,False,False,False,False,False,False,False,False,False,False,False,False,True,False,False,False,False,False,False,False,False,True,False,False,1
99,1,137500.0,0.0,18051.0,1,1,1,1,0,0,0,0,0,0,2,1,5,3,1,1,11,4,0,36,1,0,6,0,32,62,13051.0,13051.0,0.0,0,0.0,0.0,0.0,122.0,0,2,True,False,False,False,True,False,False,True,False,False,False,True,False,False,False,False,False,False,False,False,False,False,False,False,False,False,True,False,False,False,True,False,False,False,1
99,0,999999.0,187.0,7464.0,1,0,0,0,0,0,0,0,0,0,0,0,1,0,0,1,99,99,0,72,0,0,7,0,24,44,7464.0,0.0,0.0,0,6228.0,1236.0,0.0,126.0,0,5,True,False,False,False,True,False,False,True,False,False,False,True,False,False,False,False,False,False,False,False,False,False,True,False,False,False,False,False,False,False,False,False,False,True,1
99,1,112500.0,0.0,15000.0,1,0,0,0,0,0,0,0,0,0,0,0,1,0,0,1,99,99,0,68,0,0,8,0,26,72,15000.0,0.0,0.0,0,0.0,0.0,0.0,252.0,0,7,True,False,False,False,True,False,False,True,False,False,False,True,False,False,False,False,False,False,False,False,False,False,False,False,False,False,False,True,True,False,False,False,False,False,1
99,0,999999.0,675.0,38000.0,1,1,1,1,0,0,0,0,0,0,2,1,4,2,2,1,3,1,0,38,1,1,6,1,37,49,25000.0,25000.0,0.0,0,0.0,0.0,0.0,302.0,1,2,True,False,False,False,True,False,False,True,False,False,False,True,False,False,False,False,False,False,False,False,False,False,False,False,False,False,False,True,False,False,True,False,False,False,1
99,0,999999.0,875.0,15000.0,1,1,1,1,0,0,0,0,0,0,1,1,4,2,0,1,16,15,0,39,0,0,7,0,22,18,0.0,0.0,0.0,0,0.0,0.0,0.0,119.0,1,0,True,False,False,False,True,False,False,True,False,False,False,False,False,False,False,False,False,False,False,False,True,False,False,True,False,False,False,False,False,False,True,False,False,False,1
99,1,137500.0,0.0,44800.0,1,1,1,1,0,0,0,0,0,0,2,1,4,2,0,1,16,7,0,41,1,0,7,0,41,68,26000.0,26000.0,0.0,0,0.0,0.0,0.0,356.0,1,2,True,False,False,False,True,False,False,True,False,False,False,True,False,False,False,False,False,False,False,False,False,False,False,False,False,False,False,True,False,False,True,False,False,False,1
99,0,999999.0,1000.0,3000.0,3,0,0,0,0,0,0,0,0,0,0,0,1,0,0,1,99,99,0,25,1,0,8,0,23,18,3000.0,3000.0,0.0,0,0.0,0.0,0.0,47.0,1,1,True,False,False,False,True,False,False,True,False,False,False,True,False,False,False,False,False,False,False,False,False,False,False,False,False,False,False,True,False,False,False,True,False,False,1
99,1,400000.0,0.0,122800.0,1,1,1,1,2,0,1,1,0,1,0,0,4,0,0,1,99,99,1,11,1,1,1,1,0,0,0.0,999999.0,999999.0,999999,99999.0,99999.0,99999.0,501.0,0,0,True,False,False,False,True,False,False,True,True,False,False,False,False,False,False,False,False,False,False,False,False,False,False,False,False,False,False,True,False,False,False,True,False,False,1
99,0,999999.0,362.0,22632.0,1,1,1,1,0,0,0,0,0,0,2,1,3,1,0,1,39,39,0,77,1,0,0,0,0,0,7200.0,0.0,0.0,0,4800.0,2400.0,0.0,233.0,0,6,True,False,False,False,True,False,False,True,False,False,False,True,False,False,False,False,False,False,False,False,False,False,False,False,False,False,False,True,False,False,True,False,False,False,1
99,0,999999.0,675.0,25000.0,1,1,1,1,0,0,0,0,0,0,2,1,4,2,2,1,3,1,0,29,1,0,6,0,22,10,25000.0,25000.0,0.0,0,0.0,0.0,0.0,199.0,1,1,True,False,False,False,True,False,False,True,False,False,False,True,False,False,False,False,False,False,False,False,False,False,False,False,False,False,False,True,False,False,True,False,False,False,1
99,0,999999.0,625.0,22292.0,1,1,1,1,2,0,1,1,0,1,0,0,4,0,0,1,99,99,1,8,1,0,1,0,0,0,0.0,999999.0,999999.0,999999,99999.0,99999.0,99999.0,177.0,1,0,True,False,False,False,True,False,False,True,True,False,False,False,False,False,False,False,False,False,False,False,False,False,False,False,False,False,False,True,False,False,False,True,False,False,1
99,0,999999.0,625.0,23603.0,1,1,1,1,0,0,0,0,0,0,1,1,8,6,1,1,18,3,0,40,0,0,1,0,32,33,3741.0,3741.0,0.0,0,0.0,0.0,0.0,112.0,1,0,True,False,False,False,True,False,False,True,False,False,False,False,False,False,False,False,False,False,False,False,True,False,False,False,False,False,False,True,False,False,True,False,False,False,1
99,1,137500.0,0.0,24000.0,5,1,1,1,2,0,1,1,0,1,0,0,5,0,0,1,99,99,1,4,1,1,0,1,0,0,0.0,999999.0,999999.0,999999,99999.0,99999.0,99999.0,158.0,1,0,True,False,False,False,True,False,False,True,True,False,False,False,False,False,False,False,False,False,False,False,False,False,False,False,False,False,False,True,False,False,False,True,False,False,1
99,0,999999.0,262.0,8000.0,1,0,0,0,0,0,0,0,0,0,0,0,1,0,0,1,99,99,0,43,0,0,0,0,11,11,8000.0,8000.0,0.0,0,0.0,0.0,0.0,124.0,0,6,True,False,False,False,True,False,False,True,False,False,False,True,False,False,False,False,False,False,False,False,False,False,False,False,False,False,False,True,False,False,False,False,True,False,0
99,1,187500.0,0.0,11068.0,1,1,0,0,0,0,0,0,0,0,2,1,2,0,0,1,99,99,0,71,1,0,2,0,0,0,7684.0,0.0,0.0,0,7224.0,460.0,0.0,148.0,0,6,True,False,False,False,True,False,False,True,False,False,False,True,False,False,False,False,False,False,False,False,False,False,False,False,False,False,False,True,False,False,True,False,False,False,1
99,1,162500.0,0.0,53310.0,1,1,0,0,0,0,0,0,0,0,1,1,2,0,0,1,99,99,0,28,0,0,6,0,18,44,26655.0,24000.0,0.0,0,0.0,0.0,0.0,501.0,0,0,True,False,False,False,True,False,False,True,False,False,False,False,False,False,False,False,False,False,False,False,True,False,False,False,True,False,False,False,False,False,True,False,False,False,1
99,0,999999.0,337.0,18550.0,1,0,1,0,1,0,1,0,0,0,0,0,5,0,0,1,99,99,3,21,1,0,5,0,24,44,10000.0,10000.0,0.0,0,0.0,0.0,0.0,125.0,1,0,True,False,False,False,True,False,False,True,True,False,False,False,False,False,False,False,False,False,False,False,False,False,False,False,False,False,False,True,False,False,False,True,False,False,1
99,1,225000.0,0.0,98000.0,1,1,0,0,0,0,0,0,0,0,1,1,2,0,0,1,99,99,0,67,0,0,7,0,24,47,58000.0,10000.0,15000.0,0,0.0,0.0,0.0,501.0,0,0,True,False,False,False,True,False,False,True,False,False,False,False,False,False,False,False,False,False,False,False,True,False,False,False,False,False,False,True,False,False,True,False,False,False,1
99,1,275000.0,0.0,65748.0,1,1,0,0,0,0,0,0,0,0,2,1,2,0,0,1,99,99,0,74,1,0,6,0,0,0,59951.0,0.0,0.0,0,2254.0,0.0,0.0,501.0,0,8,True,False,False,False,True,False,False,True,False,False,False,True,False,False,False,False,False,False,False,False,False,False,False,False,False,False,False,True,False,False,True,False,False,False,1
99,1,350000.0,0.0,24000.0,1,0,0,0,0,0,0,0,0,0,0,0,1,0,0,1,99,99,0,88,0,0,5,0,0,0,24000.0,0.0,0.0,0,11000.0,0.0,0.0,404.0,0,8,True,False,False,False,True,False,False,True,False,False,False,True,False,False,False,False,False,False,False,False,False,False,False,False,False,False,False,True,False,False,False,False,False,True,1
99,1,225000.0,0.0,84603.0,1,1,0,0,0,0,0,0,0,0,1,2,2,0,0,1,99,99,0,52,1,0,6,0,0,0,0.0,0.0,0.0,0,0.0,0.0,0.0,501.0,0,0,True,False,False,False,True,False,False,True,False,False,False,False,False,False,False,False,False,False,False,False,True,False,False,False,True,False,False,False,False,False,True,False,False,False,1
99,0,999999.0,387.0,28000.0,1,1,1,1,0,0,0,0,0,0,2,1,4,1,1,1,0,0,1,24,1,0,6,0,23,18,20000.0,20000.0,0.0,0,0.0,0.0,0.0,215.0,1,2,True,False,False,False,True,False,False,True,False,False,False,True,False,False,False,False,False,False,False,False,False,False,False,False,False,False,False,True,False,False,True,False,False,False,1
99,0,999999.0,237.0,10900.0,1,1,0,0,0,0,0,0,0,0,2,1,2,0,0,1,99,99,0,76,1,0,6,0,0,0,7900.0,0.0,0.0,0,6500.0,0.0,0.0,145.0,0,5,True,False,False,False,True,False,False,True,False,False,False,True,False,False,False,False,False,False,False,False,False,False,False,False,False,False,False,True,False,False,True,False,False,False,1
99,0,999999.0,0.0,999999.0,1,0,0,0,0,0,0,0,0,0,0,0,1,0,0,1,99,99,0,67,1,0,6,0,0,0,14200.0,7000.0,0.0,0,7200.0,0.0,0.0,0.0,0,0,False,True,False,True,False,False,False,True,False,False,False,False,True,False,False,False,False,False,False,False,False,False,False,False,False,False,False,True,False,True,False,False,False,False,1
99,0,999999.0,337.0,7479.0,2,0,0,1,0,0,0,1,0,1,0,0,4,0,0,1,99,99,2,9,1,1,1,1,0,0,0.0,999999.0,999999.0,999999,99999.0,99999.0,99999.0,59.0,0,0,True,False,False,False,True,False,False,True,True,False,False,False,False,False,False,False,False,False,False,False,False,False,False,False,False,False,False,True,False,False,False,True,False,False,1
99,1,400000.0,0.0,40000.0,1,1,0,0,0,0,0,0,0,0,2,1,2,0,0,1,99,99,0,45,1,0,7,0,24,47,30000.0,30000.0,0.0,0,0.0,0.0,0.0,482.0,0,5,True,False,False,False,True,False,False,True,False,False,False,True,False,False,False,False,False,False,False,False,False,False,False,False,False,False,False,True,False,False,True,False,False,False,1
99,1,350000.0,0.0,100732.0,1,1,1,1,2,0,1,1,0,1,0,0,7,0,0,1,99,99,4,25,1,0,8,0,46,84,30835.0,30264.0,0.0,0,0.0,0.0,0.0,500.0,1,0,True,False,False,False,True,False,False,True,True,False,False,False,False,False,False,False,False,False,False,False,False,False,False,True,False,False,False,False,False,False,False,True,False,False,1
99,1,187500.0,0.0,10980.0,5,0,0,0,0,0,0,0,0,0,0,0,1,0,0,1,99,99,0,62,0,0,6,0,0,0,10980.0,0.0,0.0,0,4152.0,0.0,0.0,170.0,1,2,True,False,False,False,True,False,False,True,False,False,False,True,False,False,False,False,False,False,False,False,False,False,False,False,False,False,False,True,False,False,False,False,False,True,1
99,0,999999.0,437.0,30671.0,1,1,1,1,2,0,1,1,0,1,0,0,5,0,0,1,99,99,2,12,0,1,2,1,0,0,0.0,999999.0,999999.0,999999,99999.0,99999.0,99999.0,207.0,0,0,True,False,False,False,True,False,False,True,True,False,False,False,False,False,False,False,False,False,False,False,False,False,False,False,False,False,False,True,False,False,False,True,False,False,1
99,1,275000.0,0.0,63695.0,1,1,1,1,2,0,1,1,0,1,0,0,3,0,0,1,99,99,0,28,1,0,5,0,41,68,31200.0,31200.0,0.0,0,0.0,0.0,0.0,501.0,0,0,True,False,False,False,True,False,False,True,True,False,False,False,False,False,False,False,False,False,False,False,False,False,False,False,False,False,False,True,False,False,False,True,False,False,1
99,1,275000.0,0.0,19300.0,1,0,0,0,0,0,0,0,0,0,0,0,1,0,0,1,99,99,0,73,1,0,7,0,0,0,19300.0,0.0,0.0,0,10800.0,0.0,0.0,325.0,1,8,True,False,False,False,True,False,False,True,False,False,False,True,False,False,False,False,False,False,False,False,False,False,True,False,False,False,False,False,False,False,False,False,False,True,1
99,0,999999.0,675.0,25412.0,2,0,0,1,0,0,0,1,0,1,0,0,5,0,0,1,99,99,3,9,0,1,1,1,0,0,0.0,999999.0,999999.0,999999,99999.0,99999.0,99999.0,174.0,1,0,True,False,False,False,True,False,False,True,True,False,False,False,False,False,False,False,False,False,False,False,False,False,False,False,False,False,False,True,False,False,False,True,False,False,1
99,0,999999.0,875.0,74840.0,2,0,0,0,0,0,0,0,0,0,0,0,2,0,0,1,99,99,1,45,1,0,6,0,0,0,9840.0,0.0,0.0,0,5280.0,4560.0,0.0,501.0,1,0,True,False,False,False,True,False,False,True,False,False,False,False,False,False,False,False,False,False,True,False,False,False,True,False,False,False,False,False,False,False,False,True,False,False,1
99,1,350000.0,0.0,52900.0,1,1,1,1,2,0,1,1,0,1,0,0,4,0,0,1,99,99,1,6,0,1,0,1,0,0,0.0,999999.0,999999.0,999999,99999.0,99999.0,99999.0,421.0,0,0,True,False,False,False,True,False,False,True,True,False,False,False,False,False,False,False,False,False,False,False,False,False,False,False,False,False,False,True,False,False,False,True,False,False,1
99,1,275000.0,0.0,80410.0,1,0,3,0,4,0,2,0,0,0,0,0,6,0,0,1,99,99,1,15,1,0,3,0,0,0,0.0,999999.0,999999.0,999999,0.0,0.0,0.0,461.0,1,0,True,False,False,False,True,False,False,True,False,False,True,False,False,False,False,False,False,False,False,False,False,False,True,False,False,False,False,False,False,False,False,True,False,False,1
99,0,999999.0,1000.0,13000.0,1,0,0,0,0,0,0,0,0,0,0,0,1,0,0,1,99,99,0,86,0,0,6,0,0,0,13000.0,0.0,0.0,0,8000.0,0.0,0.0,219.0,1,2,True,False,False,False,True,False,False,True,False,False,False,True,False,False,False,False,False,False,False,False,False,False,False,False,False,False,False,True,False,False,False,False,False,True,1
99,0,999999.0,875.0,40000.0,2,1,1,1,0,0,0,0,0,0,0,0,1,0,0,2,99,99,0,48,0,0,6,0,41,68,26100.0,26100.0,0.0,0,0.0,0.0,0.0,405.0,1,0,True,False,False,False,True,False,False,True,False,False,False,False,False,True,False,False,False,False,False,False,False,False,False,False,False,False,False,True,False,False,False,True,False,False,1
99,1,225000.0,0.0,36200.0,1,1,1,1,0,0,0,0,0,0,2,2,4,2,1,1,9,4,0,33,0,0,7,0,30,44,19200.0,18000.0,0.0,0,0.0,0.0,0.0,288.0,0,5,True,False,False,False,True,False,False,True,False,False,False,True,False,False,False,False,False,False,False,False,False,False,False,False,False,False,False,True,False,False,True,False,False,False,1
99,0,999999.0,462.0,13500.0,3,0,0,0,0,0,0,0,0,0,0,0,1,0,0,2,99,99,0,33,1,0,8,0,25,44,25000.0,25000.0,0.0,0,0.0,0.0,0.0,388.0,0,0,True,False,False,False,True,False,False,True,False,False,False,False,False,True,False,False,False,False,False,False,False,False,False,False,False,False,False,True,False,False,False,True,False,False,1
99,0,999999.0,1000.0,57500.0,2,3,2,2,0,0,0,0,0,0,3,3,8,0,0,1,99,99,0,26,0,0,6,0,42,84,14000.0,14000.0,0.0,0,0.0,0.0,0.0,254.0,1,0,True,False,False,False,True,False,False,True,False,False,False,False,False,False,False,False,False,False,False,True,False,False,False,False,False,False,False,True,False,False,True,False,False,False,1
99,0,999999.0,725.0,18284.0,1,1,1,1,2,0,1,1,3,1,0,0,6,0,0,1,99,99,2,11,1,1,2,1,0,0,0.0,999999.0,999999.0,999999,99999.0,99999.0,99999.0,107.0,1,0,True,False,False,False,True,False,False,True,True,False,False,False,False,False,False,False,False,False,False,False,False,False,False,False,False,False,False,True,False,False,False,True,False,False,1
99,1,400000.0,0.0,29000.0,2,0,0,0,0,0,0,0,0,0,0,0,1,0,0,2,99,99,0,29,1,0,8,0,41,80,20100.0,20000.0,0.0,0,0.0,0.0,0.0,312.0,1,0,True,False,False,False,True,False,False,True,False,False,False,False,False,True,False,False,False,False,False,False,False,False,False,True,False,False,False,False,False,False,False,True,False,False,1
99,0,999999.0,387.0,8328.0,1,0,1,0,1,0,1,0,0,0,0,0,6,0,0,1,99,99,1,4,1,0,0,0,0,0,0.0,999999.0,999999.0,999999,99999.0,99999.0,99999.0,49.0,1,0,True,False,False,False,True,False,False,True,True,False,False,False,False,False,False,False,False,False,False,False,False,False,False,False,False,False,False,True,False,False,False,True,False,False,1
99,0,999999.0,387.0,6442.0,2,1,2,1,4,0,1,0,0,0,2,2,5,2,0,1,20,16,0,43,0,1,6,1,17,13,2003.0,1700.0,0.0,0,303.0,0.0,0.0,41.0,1,6,True,False,False,False,True,False,False,True,False,False,False,True,False,False,False,False,False,False,False,False,False,False,True,False,False,False,False,False,False,False,True,False,False,False,0
99,1,225000.0,0.0,47300.0,1,1,1,1,0,0,0,0,0,0,1,1,3,1,0,1,18,18,0,36,0,1,7,1,27,22,2300.0,2300.0,0.0,0,0.0,0.0,0.0,488.0,1,0,True,False,False,False,True,False,False,True,False,False,False,False,False,False,False,False,False,False,False,False,True,False,True,False,False,False,False,False,False,False,True,False,False,False,1
99,1,137500.0,0.0,139000.0,1,1,0,0,0,0,0,0,0,0,1,1,2,0,0,1,99,99,0,34,0,0,8,0,25,52,15000.0,0.0,15000.0,0,0.0,0.0,0.0,501.0,1,0,True,False,False,False,True,False,False,True,False,False,False,False,False,False,False,False,False,False,False,False,True,False,False,False,False,False,False,True,False,False,True,False,False,False,1
99,1,162500.0,0.0,44480.0,1,1,1,1,0,0,0,0,0,0,1,1,4,1,1,1,1,1,0,29,0,0,7,0,30,44,2630.0,2630.0,0.0,0,0.0,0.0,0.0,342.0,1,0,True,False,False,False,True,False,False,True,False,False,False,False,False,False,False,False,False,False,False,False,True,False,False,False,False,False,False,True,False,False,True,False,False,False,1
99,1,225000.0,0.0,18000.0,1,0,0,1,0,0,0,1,0,1,0,0,4,0,0,1,99,99,2,25,0,0,2,0,0,0,0.0,0.0,0.0,0,0.0,0.0,0.0,143.0,1,0,True,False,False,False,True,False,False,True,True,False,False,False,False,False,False,False,False,False,False,False,False,False,False,False,False,False,False,True,False,False,False,True,False,False,1
99,1,225000.0,0.0,28766.0,1,1,0,0,0,0,0,0,0,0,2,1,2,0,0,1,99,99,0,64,1,0,6,0,42,84,6852.0,0.0,0.0,0,6852.0,0.0,0.0,346.0,1,6,True,False,False,False,True,False,False,True,False,False,False,True,False,False,False,False,False,False,False,False,False,False,False,False,False,False,False,True,False,False,True,False,False,False,1
99,0,999999.0,0.0,999999.0,1,0,0,0,0,0,0,0,0,0,0,0,1,0,0,1,99,99,0,21,1,1,6,1,20,9,5010.0,0.0,5000.0,0,0.0,0.0,0.0,0.0,1,0,False,False,True,False,False,True,False,True,False,False,False,False,False,True,False,False,False,False,False,False,False,False,False,False,False,False,False,True,False,False,False,True,False,False,1
99,0,999999.0,875.0,0.0,2,0,0,0,0,0,0,0,0,0,0,0,1,0,0,2,99,99,0,27,0,1,7,1,29,48,2000.0,2000.0,0.0,0,0.0,0.0,0.0,31.0,1,0,True,False,False,False,True,False,False,True,False,False,False,False,False,False,False,False,False,True,False,False,False,False,False,True,False,False,False,False,False,False,False,True,False,False,1
99,0,999999.0,625.0,2800.0,1,0,1,0,1,7,1,0,0,0,0,0,3,0,0,1,99,99,1,8,1,1,1,1,0,0,0.0,999999.0,999999.0,999999,99999.0,99999.0,99999.0,28.0,1,0,True,False,False,False,True,False,False,True,True,False,False,False,False,False,False,False,False,False,False,False,False,False,True,False,False,False,False,False,False,False,False,True,False,False,1
99,1,162500.0,0.0,14000.0,1,1,1,1,1,0,1,2,0,1,0,0,5,0,0,1,99,99,2,5,1,1,0,1,0,0,0.0,999999.0,999999.0,999999,99999.0,99999.0,99999.0,95.0,1,0,True,False,False,False,True,False,False,True,True,False,False,False,False,False,False,False,False,False,False,False,False,False,False,False,False,False,False,True,False,False,False,True,False,False,1
99,1,400000.0,0.0,48993.0,1,1,1,1,2,0,1,1,0,1,0,0,5,0,0,1,99,99,2,9,1,1,1,1,0,0,0.0,999999.0,999999.0,999999,99999.0,99999.0,99999.0,331.0,0,0,True,False,False,False,True,False,False,True,True,False,False,False,False,False,False,False,False,False,False,False,False,False,False,False,False,False,False,True,False,False,False,True,False,False,1
99,1,187500.0,0.0,35050.0,1,0,1,0,1,0,1,0,0,0,0,0,3,0,0,1,99,99,1,16,0,1,3,1,22,61,500.0,500.0,0.0,0,0.0,0.0,0.0,351.0,0,0,True,False,False,False,True,False,False,True,True,False,False,False,False,False,False,False,False,False,False,False,False,False,True,False,False,False,False,False,False,False,False,True,False,False,1
99,0,999999.0,675.0,36479.0,1,0,0,0,0,0,0,0,0,0,0,0,1,0,0,1,99,99,0,69,0,0,8,0,29,72,36479.0,0.0,0.0,0,8027.0,0.0,0.0,501.0,0,7,True,False,False,False,True,False,False,True,False,False,False,True,False,False,False,False,False,False,False,False,False,False,False,False,False,False,False,True,True,False,False,False,False,False,1
99,1,85000.0,0.0,35940.0,1,0,1,0,3,0,3,0,0,0,0,0,5,0,0,1,99,99,1,15,0,1,2,1,0,0,0.0,999999.0,999999.0,999999,0.0,0.0,0.0,237.0,1,0,True,False,False,False,True,False,False,True,False,False,False,False,False,False,True,False,False,False,False,False,False,False,False,False,False,False,False,True,False,False,False,True,False,False,1
99,0,999999.0,0.0,999999.0,1,0,0,0,0,0,0,0,0,0,0,0,1,0,0,1,99,99,0,38,1,0,6,0,0,0,16800.0,0.0,0.0,0,0.0,0.0,16800.0,0.0,0,0,False,False,True,False,False,True,False,True,False,False,False,False,False,True,False,False,False,False,False,False,False,False,False,False,False,False,False,True,False,False,False,True,False,False,1
99,0,999999.0,412.0,17896.0,2,1,1,1,0,0,0,0,0,0,2,1,3,1,0,1,10,10,0,47,1,0,8,0,18,8,7865.0,7865.0,0.0,0,0.0,0.0,0.0,179.0,1,2,True,False,False,False,True,False,False,True,False,False,False,True,False,False,False,False,False,False,False,False,False,False,False,False,False,False,False,True,False,False,True,False,False,False,1
99,1,275000.0,0.0,49405.0,1,1,1,1,0,0,0,0,0,0,2,2,5,3,1,1,20,1,0,33,0,0,7,0,22,51,14400.0,3600.0,0.0,0,0.0,0.0,0.0,316.0,0,7,True,False,False,False,True,False,False,True,False,False,False,True,False,False,False,False,False,False,False,False,False,False,False,False,False,False,False,True,False,False,True,False,False,False,1
99,0,999999.0,162.0,30000.0,1,1,1,1,0,0,0,0,0,0,0,0,6,0,0,1,99,99,0,30,1,0,6,0,0,0,0.0,0.0,0.0,0,0.0,0.0,0.0,176.0,0,0,True,False,False,False,True,False,False,True,False,False,False,False,False,False,True,False,False,False,False,False,False,False,False,False,False,False,False,True,False,False,False,True,False,False,1
99,1,225000.0,0.0,115400.0,1,1,1,1,2,0,1,1,0,1,0,0,7,0,0,1,99,99,4,26,0,0,6,0,23,18,10000.0,10000.0,0.0,0,0.0,0.0,0.0,501.0,0,0,True,False,False,False,True,False,False,True,True,False,False,False,False,False,False,False,False,False,False,False,False,False,False,False,False,False,False,True,False,False,False,True,False,False,1
99,0,999999.0,512.0,25331.0,1,0,3,0,1,0,1,0,0,0,0,0,11,0,0,1,99,99,3,24,1,0,0,0,23,18,8600.0,8600.0,0.0,0,0.0,0.0,0.0,98.0,1,0,True,False,False,False,True,False,False,True,True,False,False,False,False,False,False,False,False,False,False,False,False,False,False,False,False,False,False,True,False,False,False,True,False,False,1
99,1,400000.0,0.0,56826.0,1,1,1,1,0,0,0,0,0,0,2,2,7,4,0,1,18,11,0,38,0,0,0,0,23,18,6864.0,6864.0,0.0,0,0.0,0.0,0.0,287.0,1,1,True,False,False,False,True,False,False,True,False,False,False,True,False,False,False,False,False,False,False,False,False,False,False,False,False,False,False,True,False,False,True,False,False,False,1
99,0,999999.0,1000.0,60500.0,1,1,1,1,0,0,0,0,0,0,2,1,4,2,1,1,10,3,0,34,1,0,7,0,37,49,51000.0,51000.0,0.0,0,0.0,0.0,0.0,481.0,1,1,True,False,False,False,True,False,False,True,False,False,False,True,False,False,False,False,False,False,False,False,False,False,False,False,False,False,False,True,False,False,True,False,False,False,0
99,1,225000.0,0.0,40000.0,1,1,0,0,0,0,0,0,0,0,1,1,2,0,0,1,99,99,0,70,0,0,7,0,0,0,18000.0,0.0,0.0,0,3000.0,0.0,0.0,501.0,0,0,True,False,False,False,True,False,False,True,False,False,False,False,False,False,False,False,False,False,False,False,True,False,False,False,False,False,False,True,False,False,True,False,False,False,1
99,1,162500.0,0.0,36000.0,1,0,0,0,0,0,0,0,0,0,0,0,4,0,0,1,99,99,0,16,0,1,2,1,0,0,0.0,0.0,0.0,0,0.0,0.0,0.0,286.0,1,0,True,False,False,False,True,False,False,True,False,False,True,False,False,False,False,False,False,False,False,False,False,False,False,False,False,False,False,True,False,False,False,True,False,False,1
99,0,999999.0,512.0,56789.0,1,1,1,1,0,0,0,0,0,0,1,1,5,3,1,1,12,1,0,28,0,0,1,0,23,16,6578.0,6578.0,0.0,0,0.0,0.0,0.0,384.0,1,0,True,False,False,False,True,False,False,True,False,False,False,False,False,False,False,False,False,False,False,False,True,False,False,False,False,False,False,True,False,False,True,False,False,False,1
99,1,162500.0,0.0,60000.0,1,1,1,1,2,0,1,1,0,1,0,0,3,0,0,1,99,99,0,5,0,0,0,0,0,0,0.0,999999.0,999999.0,999999,99999.0,99999.0,99999.0,501.0,1,0,True,False,False,False,True,False,False,True,True,False,False,False,False,False,False,False,False,False,False,False,False,False,False,False,False,False,False,True,False,False,False,True,False,False,1
99,1,275000.0,0.0,20359.0,1,1,0,0,0,0,0,0,0,0,2,1,2,0,0,1,99,99,0,78,1,0,6,0,0,0,15189.0,0.0,0.0,0,0.0,15189.0,0.0,272.0,0,8,True,False,False,False,True,False,False,True,False,False,False,True,False,False,False,False,False,False,False,False,False,False,False,False,False,False,False,True,False,False,True,False,False,False,1
99,0,999999.0,875.0,77030.0,1,1,1,1,0,0,0,0,0,0,2,1,4,2,0,1,20,9,0,40,1,0,8,0,79,92,50030.0,50000.0,0.0,0,0.0,0.0,0.0,501.0,1,1,True,False,False,False,True,False,False,True,False,False,False,True,False,False,False,False,False,False,False,False,False,False,False,False,False,False,False,True,False,False,True,False,False,False,1
99,1,225000.0,0.0,33408.0,1,1,0,0,0,0,0,0,0,0,2,1,2,0,0,1,99,99,0,63,1,0,7,0,24,44,33408.0,0.0,0.0,0,8244.0,0.0,0.0,402.0,0,8,True,False,False,False,True,False,False,True,False,False,False,True,False,False,False,False,False,False,False,False,False,False,False,False,False,False,False,True,False,False,True,False,False,False,1
99,1,350000.0,0.0,42140.0,1,0,0,1,0,0,0,0,0,0,0,0,2,1,0,1,27,27,0,70,1,0,7,0,19,17,30140.0,0.0,11600.0,0,6700.0,0.0,840.0,501.0,0,5,True,False,False,False,True,False,False,True,False,False,False,True,False,False,False,False,False,False,False,False,False,False,False,False,False,False,False,True,True,False,False,False,False,False,0
99,1,162500.0,0.0,77200.0,1,1,2,1,2,0,1,1,0,1,0,0,5,0,0,1,99,99,1,10,1,1,2,1,0,0,0.0,999999.0,999999.0,999999,99999.0,99999.0,99999.0,501.0,1,0,True,False,False,False,True,False,False,True,True,False,False,False,False,False,False,False,False,False,False,False,False,False,True,False,False,False,False,False,False,False,False,True,False,False,1
99,0,999999.0,575.0,25065.0,1,0,0,0,0,0,0,0,0,0,0,0,1,0,0,1,99,99,0,25,1,0,8,0,41,68,25065.0,25000.0,0.0,0,0.0,0.0,0.0,389.0,1,1,True,False,False,False,True,False,False,True,False,False,False,True,False,False,False,False,False,False,False,False,False,False,False,False,False,False,False,True,False,False,False,True,False,False,1
99,0,999999.0,437.0,7267.0,2,0,0,1,0,0,0,0,0,0,0,0,3,0,0,1,99,99,0,21,0,0,6,0,17,8,4800.0,0.0,0.0,0,0.0,4800.0,0.0,73.0,1,0,True,False,False,False,True,False,False,True,False,False,False,False,False,False,True,False,False,False,False,False,False,False,False,False,False,False,False,True,False,False,False,True,False,False,1
99,1,400000.0,0.0,191103.0,1,1,0,0,0,0,0,0,0,0,2,1,2,0,0,1,99,99,0,57,1,0,8,0,79,92,173603.0,100000.0,0.0,0,0.0,0.0,0.0,501.0,1,2,True,False,False,False,True,False,False,True,False,False,False,True,False,False,False,False,False,False,False,False,False,False,False,False,False,False,False,True,False,False,True,False,False,False,0
99,0,999999.0,625.0,45444.0,2,1,2,1,6,0,3,0,0,0,0,0,7,0,0,1,99,99,0,17,0,1,4,1,0,0,0.0,0.0,0.0,0,0.0,0.0,0.0,230.0,1,0,True,False,False,False,True,False,False,True,False,False,False,False,False,False,True,False,False,False,False,False,False,False,False,False,False,False,False,True,False,False,False,True,False,False,1
99,0,999999.0,575.0,6000.0,1,1,1,1,0,0,0,0,0,0,2,1,5,3,1,1,12,4,0,35,1,0,2,0,30,24,6000.0,6000.0,0.0,0,0.0,0.0,0.0,41.0,0,2,True,False,False,False,True,False,False,True,False,False,False,True,False,False,False,False,False,False,False,False,False,False,False,False,False,False,False,True,False,False,True,False,False,False,0
99,0,999999.0,512.0,27000.0,1,0,1,0,0,0,0,0,0,0,0,0,5,0,0,1,99,99,0,32,1,0,5,0,23,18,9000.0,9000.0,0.0,0,0.0,0.0,0.0,182.0,1,0,True,False,False,False,True,False,False,True,False,False,False,False,False,False,False,False,False,False,False,True,False,False,True,False,False,False,False,False,False,False,False,False,True,False,1
99,1,137500.0,0.0,52328.0,3,0,2,0,1,0,1,0,0,0,0,0,4,0,0,1,99,99,1,19,1,0,6,0,0,0,0.0,0.0,0.0,0,0.0,0.0,0.0,409.0,0,0,True,False,False,False,True,False,False,True,True,False,False,False,False,False,False,False,False,False,False,False,False,False,True,False,False,False,False,False,False,False,False,True,False,False,1
99,0,999999.0,362.0,58400.0,1,1,3,1,6,0,6,0,0,0,0,0,9,0,0,1,99,99,0,5,1,0,0,0,0,0,0.0,999999.0,999999.0,999999,99999.0,99999.0,99999.0,214.0,0,0,True,False,False,False,True,False,False,True,False,False,False,False,False,False,True,False,False,False,False,False,False,False,False,False,False,False,False,True,False,False,False,True,False,False,1
99,0,999999.0,625.0,11356.0,1,0,1,0,0,0,0,0,0,0,0,0,2,1,0,1,5,5,0,27,0,1,5,1,23,18,11356.0,9000.0,0.0,0,0.0,0.0,2356.0,133.0,1,1,True,False,False,False,True,False,False,True,False,False,False,True,False,False,False,False,False,False,False,False,False,False,False,False,False,False,False,True,True,False,False,False,False,False,1
99,0,999999.0,387.0,11711.0,1,1,1,1,0,0,0,0,0,0,2,1,3,1,1,1,0,0,0,33,1,0,7,0,16,15,11711.0,11711.0,0.0,0,0.0,0.0,0.0,117.0,1,2,True,False,False,False,True,False,False,True,False,False,False,True,False,False,False,False,False,False,False,False,False,False,False,False,False,False,False,True,False,False,True,False,False,False,1
99,0,999999.0,412.0,28060.0,1,1,1,1,0,0,0,0,0,0,1,1,7,5,3,1,7,0,0,28,0,0,2,0,0,0,0.0,0.0,0.0,0,0.0,0.0,0.0,151.0,0,0,True,False,False,False,True,False,False,True,False,False,False,False,False,False,False,False,False,False,False,False,True,False,False,False,False,False,False,True,False,False,True,False,False,False,1
99,1,225000.0,0.0,59709.0,1,1,1,1,0,0,0,0,0,0,0,0,7,0,0,1,99,99,2,59,1,0,1,0,23,18,18000.0,18000.0,0.0,0,0.0,0.0,0.0,297.0,0,0,True,False,False,False,True,False,False,True,False,False,False,False,False,False,False,False,False,False,True,False,False,False,False,False,False,False,False,True,False,False,False,True,False,False,1
99,0,999999.0,725.0,52591.0,2,1,1,1,0,0,0,0,0,0,0,0,5,0,0,1,99,99,1,21,1,1,6,1,16,15,13000.0,13000.0,0.0,0,0.0,0.0,0.0,347.0,1,0,True,False,False,False,True,False,False,True,False,False,False,False,False,False,False,False,False,False,False,True,False,False,False,False,False,False,False,True,False,False,False,True,False,False,1
99,0,999999.0,875.0,20000.0,2,0,0,0,0,0,0,0,0,0,0,0,1,0,0,2,99,99,0,27,1,0,7,0,40,77,36250.0,35000.0,0.0,0,0.0,0.0,0.0,501.0,1,0,True,False,False,False,True,False,False,True,False,False,False,False,False,False,False,False,False,True,False,False,False,False,False,False,False,False,False,True,False,False,False,True,False,False,1
99,0,999999.0,512.0,35968.0,2,0,0,0,0,0,0,0,0,0,0,0,1,0,0,2,99,99,0,32,1,0,7,0,39,82,32000.0,32000.0,0.0,0,0.0,0.0,0.0,496.0,1,0,True,False,False,False,True,False,False,True,False,False,False,False,False,False,False,False,False,True,False,False,False,False,False,False,False,False,False,True,True,False,False,False,False,False,1
99,1,72500.0,0.0,25125.0,1,1,0,0,0,0,0,0,0,0,1,2,2,0,0,1,99,99,0,77,1,0,7,0,0,0,12491.0,0.0,0.0,0,695.0,0.0,0.0,335.0,0,0,True,False,False,False,True,False,False,True,False,False,False,False,False,False,False,False,False,False,False,False,True,False,False,False,False,False,False,True,False,False,True,False,False,False,1
99,1,85000.0,0.0,47200.0,1,1,1,1,0,0,0,0,0,0,1,1,6,2,0,1,26,15,0,46,0,1,6,1,22,18,0.0,0.0,0.0,0,0.0,0.0,0.0,271.0,1,0,True,False,False,False,True,False,False,True,False,False,False,False,False,False,False,False,False,False,False,False,True,False,False,False,False,False,False,True,False,False,True,False,False,False,1
99,1,400000.0,0.0,12000.0,1,0,1,0,4,0,1,0,0,0,0,0,4,0,0,1,99,99,1,33,1,1,2,1,23,16,12000.0,12000.0,0.0,0,0.0,0.0,0.0,92.0,1,2,True,False,False,False,True,False,False,True,False,False,False,True,False,False,False,False,False,False,False,False,False,False,False,False,False,False,False,True,False,False,False,True,False,False,1
99,1,225000.0,0.0,91593.0,1,1,1,1,2,0,1,1,3,1,0,0,6,0,0,1,99,99,3,7,0,1,1,2,0,0,0.0,999999.0,999999.0,999999,99999.0,99999.0,99999.0,501.0,1,0,True,False,False,False,True,False,False,True,True,False,False,False,False,False,False,False,False,False,False,False,False,False,False,False,False,True,False,False,False,False,False,True,False,False,1
99,1,112500.0,0.0,16500.0,2,0,0,1,0,0,0,0,0,0,0,0,1,0,0,2,99,99,0,43,0,0,2,0,30,65,3150.0,3150.0,0.0,0,0.0,0.0,0.0,49.0,0,0,True,False,False,False,True,False,False,True,False,False,False,False,False,False,False,False,False,True,False,False,False,False,False,False,False,False,False,True,False,False,False,True,False,False,0
99,0,999999.0,512.0,8560.0,2,0,0,1,0,0,0,1,3,1,0,0,3,0,0,1,99,99,1,10,1,0,1,0,0,0,0.0,999999.0,999999.0,999999,99999.0,99999.0,99999.0,86.0,1,0,True,False,False,False,True,False,False,True,True,False,False,False,False,False,False,False,False,False,False,False,False,False,False,False,False,False,False,True,False,False,False,True,False,False,1
99,0,999999.0,625.0,38550.0,1,1,1,1,0,0,0,0,0,0,1,1,3,1,0,1,29,29,0,67,0,1,7,1,0,0,0.0,0.0,0.0,0,0.0,0.0,0.0,397.0,0,0,True,False,False,False,True,False,False,True,False,False,False,False,False,False,False,False,False,False,False,False,True,False,False,False,False,True,False,False,False,False,True,False,False,False,1
99,1,275000.0,0.0,61000.0,1,1,1,1,2,0,1,1,0,1,0,0,3,0,0,1,99,99,0,7,1,1,1,1,0,0,0.0,999999.0,999999.0,999999,99999.0,99999.0,99999.0,501.0,1,0,True,False,False,False,True,False,False,True,True,False,False,False,False,False,False,False,False,False,False,False,False,False,False,False,False,True,False,False,False,False,False,True,False,False,1
99,0,999999.0,575.0,4000.0,2,0,0,0,0,0,0,0,0,0,0,0,1,0,0,2,99,99,0,23,1,1,6,2,20,9,10000.0,10000.0,0.0,0,0.0,0.0,0.0,155.0,1,0,True,False,False,False,True,False,False,True,False,False,False,False,False,False,False,False,False,True,False,False,False,False,False,False,False,True,False,False,False,True,False,False,False,False,1
99,0,999999.0,625.0,60000.0,2,2,1,1,0,0,0,0,0,0,5,4,3,1,1,2,2,2,0,26,1,1,6,1,23,18,8937.0,8937.0,0.0,0,0.0,0.0,0.0,90.0,1,0,True,False,False,False,True,False,False,True,False,False,False,False,False,True,False,False,False,False,False,False,False,False,False,False,False,False,False,True,False,False,True,False,False,False,1
99,1,137500.0,0.0,74466.0,1,1,1,1,0,0,0,0,0,0,2,1,7,5,0,1,24,16,0,49,1,0,2,0,25,44,18985.0,18985.0,0.0,0,0.0,0.0,0.0,363.0,0,6,True,False,False,False,True,False,False,True,False,False,False,True,False,False,False,False,False,False,False,False,False,False,False,False,False,False,False,True,False,False,True,False,False,False,1
99,1,400000.0,0.0,70126.0,1,1,2,1,0,0,0,0,0,0,0,0,4,1,0,1,49,49,0,75,0,0,2,0,0,0,3876.0,0.0,0.0,0,3876.0,0.0,0.0,501.0,0,0,True,False,False,False,True,False,False,True,False,False,False,False,False,False,False,True,False,False,False,False,False,False,False,False,False,False,False,True,True,False,False,False,False,False,1
99,1,162500.0,0.0,77500.0,1,0,1,0,1,0,1,0,0,0,0,0,3,0,0,1,99,99,0,29,1,0,8,0,35,66,29000.0,25000.0,0.0,0,0.0,0.0,0.0,501.0,0,0,True,False,False,False,True,False,False,True,True,False,False,False,False,False,False,False,False,False,False,False,False,False,False,False,False,True,False,False,False,False,False,True,False,False,1
99,0,999999.0,1000.0,37600.0,2,0,0,0,0,0,0,0,0,0,0,0,1,0,0,1,99,99,0,25,0,0,8,0,37,78,37600.0,37500.0,0.0,0,0.0,0.0,0.0,501.0,1,1,True,False,False,False,True,False,False,True,False,False,False,True,False,False,False,False,False,False,False,False,False,False,False,False,False,False,False,True,False,False,False,True,False,False,1
99,0,999999.0,337.0,70600.0,1,1,1,1,2,0,1,1,0,1,0,0,3,0,0,1,99,99,0,10,0,1,1,1,0,0,0.0,999999.0,999999.0,999999,99999.0,99999.0,99999.0,501.0,0,0,True,False,False,False,True,False,False,True,True,False,False,False,False,False,False,False,False,False,False,False,False,False,False,False,False,False,False,True,False,False,False,True,False,False,1
99,0,999999.0,387.0,7000.0,2,1,1,1,0,0,0,0,0,0,1,2,3,1,1,1,0,0,0,25,1,0,7,0,32,32,7000.0,7000.0,0.0,0,0.0,0.0,0.0,70.0,1,0,True,False,False,False,True,False,False,True,False,False,False,False,False,False,False,False,False,False,False,False,True,False,False,False,False,False,False,True,False,False,True,False,False,False,1
99,1,162500.0,0.0,32200.0,1,0,1,0,1,0,1,0,0,0,0,0,3,0,0,1,99,99,1,27,1,1,8,1,26,72,0.0,0.0,0.0,0,0.0,0.0,0.0,332.0,0,0,True,False,False,False,True,False,False,True,True,False,False,False,False,False,False,False,False,False,False,False,False,False,False,False,False,False,False,True,False,False,False,True,False,False,1
99,1,62500.0,0.0,34401.0,1,1,1,1,0,0,0,0,0,0,1,1,6,4,1,1,16,1,0,41,0,0,8,0,22,51,20400.0,20400.0,0.0,0,0.0,0.0,0.0,208.0,0,0,True,False,False,False,True,False,False,True,False,False,False,False,False,False,False,False,False,False,False,False,True,False,False,False,True,False,False,False,False,False,True,False,False,False,1
99,1,350000.0,0.0,69120.0,1,1,0,0,0,0,0,0,0,0,2,1,2,0,0,1,99,99,0,66,1,0,8,0,48,87,69120.0,69000.0,0.0,0,0.0,0.0,0.0,501.0,0,7,True,False,False,False,True,False,False,True,False,False,False,True,False,False,False,False,False,False,False,False,False,False,False,False,False,False,False,True,False,False,True,False,False,False,1
99,1,275000.0,0.0,45000.0,1,1,1,1,2,0,1,1,0,1,0,0,6,0,0,1,99,99,3,13,1,1,2,1,0,0,0.0,999999.0,999999.0,999999,99999.0,99999.0,99999.0,272.0,0,0,True,False,False,False,True,False,False,True,True,False,False,False,False,False,False,False,False,False,False,False,False,False,False,False,False,True,False,False,False,False,False,True,False,False,1
99,0,999999.0,675.0,44000.0,1,1,1,1,2,0,1,1,0,1,0,0,6,0,0,1,99,99,3,6,0,0,0,0,0,0,0.0,999999.0,999999.0,999999,99999.0,99999.0,99999.0,257.0,1,0,True,False,False,False,True,False,False,True,True,False,False,False,False,False,False,False,False,False,False,False,False,False,False,False,False,True,False,False,False,False,False,True,False,False,1
99,0,999999.0,575.0,14000.0,1,1,1,1,2,0,1,1,0,1,0,0,4,0,0,1,99,99,1,19,1,1,6,1,0,0,0.0,0.0,0.0,0,0.0,0.0,0.0,108.0,0,0,True,False,False,False,True,False,False,True,True,False,False,False,False,False,False,False,False,False,False,False,False,False,True,False,False,False,False,False,False,False,False,True,False,False,1
99,0,999999.0,412.0,5800.0,1,0,1,0,1,0,1,0,0,0,0,0,4,0,0,1,99,99,2,12,1,1,2,1,0,0,0.0,999999.0,999999.0,999999,99999.0,99999.0,99999.0,46.0,0,0,True,False,False,False,True,False,False,True,True,False,False,False,False,False,False,False,False,False,False,False,False,False,False,False,False,False,False,True,False,False,False,True,False,False,1
99,1,350000.0,0.0,123800.0,1,1,2,1,0,0,0,0,0,0,2,1,4,1,0,1,38,38,0,70,1,0,8,0,48,87,74500.0,60000.0,0.0,0,4500.0,0.0,0.0,501.0,0,7,True,False,False,False,True,False,False,True,False,False,False,True,False,False,False,False,False,False,False,False,False,False,False,False,False,False,False,True,False,False,True,False,False,False,1
99,0,999999.0,675.0,52000.0,1,1,1,1,2,0,1,1,0,1,0,0,3,0,0,1,99,99,0,2,1,0,7,0,0,0,0.0,999999.0,999999.0,999999,99999.0,99999.0,99999.0,501.0,1,0,True,False,False,False,True,False,False,True,True,False,False,False,False,False,False,False,False,False,False,False,False,False,False,False,False,False,False,True,False,False,False,True,False,False,1
99,0,999999.0,437.0,24380.0,1,0,1,0,1,0,1,0,0,0,0,0,5,0,0,1,99,99,3,26,1,0,7,0,18,44,1200.0,1200.0,0.0,0,0.0,0.0,0.0,158.0,1,0,True,False,False,False,True,False,False,True,True,False,False,False,False,False,False,False,False,False,False,False,False,False,False,False,False,True,False,False,False,True,False,False,False,False,0
99,1,112500.0,0.0,45795.0,1,1,0,0,0,0,0,0,0,0,2,1,2,0,0,1,99,99,0,48,1,0,8,0,25,18,32000.0,32000.0,0.0,0,0.0,0.0,0.0,501.0,0,2,True,False,False,False,True,False,False,True,False,False,False,True,False,False,False,False,False,False,False,False,False,False,True,False,False,False,False,False,False,False,True,False,False,False,1
99,1,275000.0,0.0,44270.0,1,1,1,1,0,0,0,0,0,0,2,1,6,4,0,1,15,12,0,37,1,0,6,0,25,15,43900.0,42000.0,0.0,0,0.0,0.0,1900.0,267.0,0,6,True,False,False,False,True,False,False,True,False,False,False,True,False,False,False,False,False,False,False,False,False,False,False,False,False,False,False,True,False,False,True,False,False,False,1
99,0,999999.0,875.0,60700.0,1,0,1,0,0,0,0,0,0,0,0,0,3,1,0,1,28,28,1,54,0,0,2,0,6,7,10400.0,10400.0,0.0,0,0.0,0.0,0.0,501.0,0,2,True,False,False,False,True,False,False,True,False,False,False,True,False,False,False,False,False,False,False,False,False,False,False,False,False,False,False,True,False,False,False,False,False,True,1
99,1,137500.0,0.0,34000.0,1,1,1,1,0,0,0,0,0,0,3,1,5,2,0,1,9,5,1,31,1,0,0,0,16,15,16000.0,16000.0,0.0,0,0.0,0.0,0.0,224.0,1,0,True,False,False,False,True,False,False,True,False,False,False,False,False,False,False,False,False,False,True,False,False,False,False,False,False,False,False,True,False,False,True,False,False,False,1
99,0,999999.0,487.0,23000.0,1,2,1,1,0,0,0,0,0,0,2,1,7,3,2,1,5,0,1,35,1,0,6,0,20,8,15000.0,15000.0,0.0,0,0.0,0.0,0.0,116.0,1,2,True,False,False,False,True,False,False,True,False,False,False,True,False,False,False,False,False,False,False,False,False,False,False,False,False,False,False,True,False,False,True,False,False,False,1
99,1,12500.0,0.0,57566.0,1,1,3,1,4,0,5,0,0,0,0,0,9,0,0,1,99,99,1,5,0,1,0,1,0,0,0.0,999999.0,999999.0,999999,99999.0,99999.0,99999.0,224.0,0,0,True,False,False,False,True,False,False,True,False,False,True,False,False,False,False,False,False,False,False,False,False,False,False,False,False,False,False,True,False,False,False,True,False,False,1
99,1,187500.0,0.0,43500.0,2,0,0,1,0,0,0,0,0,0,0,0,1,0,0,2,99,99,0,35,0,0,7,0,22,61,20000.0,20000.0,0.0,0,0.0,0.0,0.0,310.0,0,0,True,False,False,False,True,False,False,True,False,False,False,False,False,False,False,False,False,True,False,False,False,False,False,False,False,False,False,True,True,False,False,False,False,False,0
99,0,999999.0,875.0,68191.0,1,1,1,1,0,0,0,0,0,0,1,1,4,2,0,1,22,18,0,44,0,0,7,0,22,61,4800.0,4800.0,0.0,0,0.0,0.0,0.0,501.0,0,0,True,False,False,False,True,False,False,True,False,False,False,False,False,False,False,False,False,False,False,False,True,False,False,False,False,False,False,True,False,False,True,False,False,False,1
99,1,162500.0,0.0,62000.0,1,1,1,1,2,0,1,1,0,1,0,0,4,0,0,1,99,99,1,3,1,0,0,0,0,0,0.0,999999.0,999999.0,999999,99999.0,99999.0,99999.0,493.0,1,0,True,False,False,False,True,False,False,True,True,False,False,False,False,False,False,False,False,False,False,False,False,False,False,False,False,False,False,True,False,False,False,True,False,False,1
99,0,999999.0,0.0,999999.0,1,0,0,0,0,0,0,0,0,0,0,0,1,0,0,1,99,99,0,1,0,0,7,0,0,0,0.0,999999.0,999999.0,999999,99999.0,99999.0,99999.0,0.0,1,0,False,False,True,False,False,True,False,True,False,False,False,False,False,True,False,False,False,False,False,False,False,False,True,False,False,False,False,False,False,False,False,True,False,False,1
99,1,187500.0,0.0,28720.0,2,1,1,1,0,0,0,0,0,0,1,1,5,2,2,1,4,0,0,29,0,1,6,1,0,0,0.0,0.0,0.0,0,0.0,0.0,0.0,194.0,1,0,True,False,False,False,True,False,False,True,False,False,False,False,False,False,False,False,False,False,False,False,True,False,False,False,False,False,False,True,False,False,True,False,False,False,1
99,0,999999.0,725.0,50000.0,1,0,1,0,1,0,1,0,0,0,0,0,3,0,0,1,99,99,1,26,1,0,7,0,32,37,25000.0,25000.0,0.0,0,0.0,0.0,0.0,501.0,0,0,True,False,False,False,True,False,False,True,True,False,False,False,False,False,False,False,False,False,False,False,False,False,True,False,False,False,False,False,False,False,False,True,False,False,1
99,0,999999.0,462.0,33000.0,1,1,0,0,0,0,0,0,0,0,2,1,2,0,0,1,99,99,0,66,1,0,8,0,37,78,25700.0,0.0,1000.0,0,4700.0,0.0,0.0,440.0,0,7,True,False,False,False,True,False,False,True,False,False,False,True,False,False,False,False,False,False,False,False,False,False,False,False,False,False,False,True,False,False,True,False,False,False,1
99,1,400000.0,0.0,62000.0,1,1,1,1,0,0,0,0,0,0,2,1,5,3,0,1,21,17,0,49,1,0,6,0,41,68,28000.0,28000.0,0.0,0,0.0,0.0,0.0,396.0,0,6,True,False,False,False,True,False,False,True,False,False,False,True,False,False,False,False,False,False,False,False,False,False,False,True,False,False,False,False,False,False,True,False,False,False,1
99,0,999999.0,725.0,22163.0,2,1,1,1,2,7,1,1,0,1,0,0,6,0,0,1,99,99,2,22,1,1,7,1,24,44,6063.0,6063.0,0.0,0,0.0,0.0,0.0,124.0,0,0,True,False,False,False,True,False,False,True,True,False,False,False,False,False,False,False,False,False,False,False,False,False,False,False,False,False,False,True,False,False,False,True,False,False,1
99,0,999999.0,0.0,999999.0,1,0,0,0,0,0,0,0,0,0,0,0,1,0,0,1,99,99,0,20,1,0,6,0,11,18,8000.0,8000.0,0.0,0,0.0,0.0,0.0,0.0,1,0,False,False,True,False,False,True,False,True,False,False,False,False,False,True,False,False,False,False,False,False,False,True,False,False,False,False,False,False,False,True,False,False,False,False,0
99,1,137500.0,0.0,24000.0,1,1,0,0,0,0,0,0,0,0,1,1,2,0,0,1,99,99,0,70,0,0,3,0,0,0,8400.0,0.0,0.0,0,8400.0,0.0,0.0,320.0,0,0,True,False,False,False,True,False,False,True,False,False,False,False,False,False,False,False,False,False,False,False,True,False,False,False,False,False,False,True,False,False,True,False,False,False,1
99,0,999999.0,262.0,7908.0,1,0,2,0,0,0,0,0,0,0,0,0,5,0,0,1,99,99,0,17,1,1,6,2,18,44,0.0,0.0,0.0,0,0.0,0.0,0.0,53.0,0,0,True,False,False,False,True,False,False,True,False,False,True,False,False,False,False,False,False,False,False,False,False,False,True,False,False,False,False,False,False,False,False,True,False,False,0
99,0,999999.0,875.0,37000.0,1,1,1,1,0,0,0,0,0,0,2,1,4,2,0,1,22,20,0,51,1,0,3,0,25,18,12000.0,12000.0,0.0,0,0.0,0.0,0.0,289.0,1,1,True,False,False,False,True,False,False,True,False,False,False,True,False,False,False,False,False,False,False,False,False,False,False,False,False,False,False,True,False,False,True,False,False,False,1
99,0,999999.0,875.0,16000.0,3,0,1,0,1,0,1,0,0,0,0,0,2,0,0,1,99,99,0,6,1,0,0,0,0,0,0.0,999999.0,999999.0,999999,99999.0,99999.0,99999.0,187.0,1,0,True,False,False,False,True,False,False,True,True,False,False,False,False,False,False,False,False,False,False,False,False,False,True,False,False,False,False,False,False,False,False,True,False,False,1
99,0,999999.0,625.0,33000.0,1,1,1,1,2,0,1,1,0,1,0,0,5,0,0,1,99,99,2,12,0,1,2,1,0,0,0.0,999999.0,999999.0,999999,99999.0,99999.0,99999.0,223.0,0,0,True,False,False,False,True,False,False,True,True,False,False,False,False,False,False,False,False,False,False,False,False,False,False,False,False,False,False,True,False,False,False,True,False,False,1
99,0,999999.0,575.0,15000.0,2,0,0,0,0,0,0,0,0,0,0,0,2,0,0,1,99,99,1,25,1,0,3,0,11,11,15000.0,15000.0,0.0,0,0.0,0.0,0.0,181.0,0,1,True,False,False,False,True,False,False,True,False,False,False,True,False,False,False,False,False,False,False,False,False,False,False,False,False,False,False,True,False,False,False,True,False,False,1
99,0,999999.0,162.0,6000.0,1,0,0,0,0,0,0,0,0,0,0,0,1,0,0,1,99,99,0,72,0,0,3,0,0,0,6000.0,0.0,0.0,0,6000.0,0.0,0.0,101.0,0,7,True,False,False,False,True,False,False,True,False,False,False,True,False,False,False,False,False,False,False,False,False,False,False,False,False,False,False,True,False,False,False,False,False,True,1
99,1,187500.0,0.0,55400.0,1,1,1,1,0,0,0,0,0,0,1,1,4,2,0,1,26,23,0,50,0,0,7,0,0,0,0.0,0.0,0.0,0,0.0,0.0,0.0,433.0,0,0,True,False,False,False,True,False,False,True,False,False,False,False,False,False,False,False,False,False,False,False,True,False,False,False,False,False,False,True,False,False,True,False,False,False,1
99,0,999999.0,462.0,25000.0,1,0,0,0,0,0,0,0,0,0,0,0,2,0,0,1,99,99,1,24,1,0,6,0,27,18,18000.0,18000.0,0.0,0,0.0,0.0,0.0,301.0,1,1,True,False,False,False,True,False,False,True,False,False,False,True,False,False,False,False,False,False,False,False,False,False,False,False,False,False,False,True,False,False,False,True,False,False,1
99,0,999999.0,512.0,37674.0,1,1,1,1,0,0,0,0,0,0,1,1,5,3,0,1,12,8,0,30,0,0,5,0,23,18,11932.0,11932.0,0.0,0,0.0,0.0,0.0,255.0,0,0,True,False,False,False,True,False,False,True,False,False,False,False,False,False,False,False,False,False,False,False,True,False,False,False,False,False,False,True,False,False,True,False,False,False,1
99,1,225000.0,0.0,47653.0,2,0,0,1,0,0,0,1,3,1,0,0,3,0,0,1,99,99,1,24,1,0,7,0,41,68,15416.0,15391.0,0.0,0,0.0,0.0,0.0,491.0,1,0,True,False,False,False,True,False,False,True,True,False,False,False,False,False,False,False,False,False,False,False,False,False,False,False,False,False,False,True,False,False,False,True,False,False,1
99,0,999999.0,512.0,20796.0,1,1,1,1,0,0,0,0,0,0,1,1,3,1,1,1,4,4,0,27,0,0,6,0,25,44,3336.0,3336.0,0.0,0,0.0,0.0,0.0,208.0,0,0,True,False,False,False,True,False,False,True,False,False,False,False,False,False,False,False,False,False,False,False,True,False,False,False,False,False,False,True,False,False,True,False,False,False,1
99,1,187500.0,0.0,64600.0,1,0,2,0,1,0,1,0,0,0,0,0,6,2,2,1,4,3,1,21,0,0,5,0,30,44,5000.0,5000.0,0.0,0,0.0,0.0,0.0,370.0,0,0,True,False,False,False,True,False,False,True,True,False,False,False,False,False,False,False,False,False,False,False,False,False,False,False,False,False,False,True,False,True,False,False,False,False,1
99,1,187500.0,0.0,0.0,1,1,0,0,0,0,0,0,0,0,2,2,2,0,0,1,99,99,0,29,0,0,7,0,0,0,0.0,0.0,0.0,0,0.0,0.0,0.0,1.0,0,2,True,False,False,False,True,False,False,True,False,False,False,True,False,False,False,False,False,False,False,False,False,False,False,False,False,False,False,True,False,False,True,False,False,False,1
99,0,999999.0,387.0,700.0,1,0,1,0,1,0,1,0,0,0,0,0,2,0,0,1,99,99,0,17,1,0,5,0,0,0,0.0,0.0,0.0,0,0.0,0.0,0.0,8.0,1,0,True,False,False,False,True,False,False,True,True,False,False,False,False,False,False,False,False,False,False,False,False,False,False,False,False,True,False,False,False,False,False,True,False,False,1
99,0,999999.0,512.0,15500.0,1,1,1,1,0,0,0,0,0,0,1,1,5,3,0,1,13,6,0,30,0,0,0,0,19,17,0.0,0.0,0.0,0,0.0,0.0,0.0,105.0,1,0,True,False,False,False,True,False,False,True,False,False,False,False,False,False,False,False,False,False,False,False,True,False,False,False,False,False,False,True,False,False,True,False,False,False,1
99,0,999999.0,1000.0,4952.0,3,0,0,0,0,0,0,0,0,0,0,0,1,0,0,2,99,99,0,22,0,1,7,1,22,61,16221.0,15896.0,0.0,0,0.0,0.0,0.0,251.0,1,0,True,False,False,False,True,False,False,True,False,False,False,False,False,False,False,False,False,True,False,False,False,False,False,False,False,False,False,True,False,False,False,True,False,False,1
99,0,999999.0,725.0,26800.0,1,1,1,1,2,0,1,1,0,1,0,0,5,0,0,1,99,99,2,0,0,0,7,0,0,0,0.0,999999.0,999999.0,999999,99999.0,99999.0,99999.0,181.0,1,0,True,False,False,False,True,False,False,True,True,False,False,False,False,False,False,False,False,False,False,False,False,False,False,False,False,False,False,True,False,False,False,True,False,False,1
99,1,275000.0,0.0,142200.0,1,1,1,1,0,0,0,0,0,0,2,1,4,2,1,1,17,0,0,39,1,1,8,1,32,39,85000.0,85000.0,0.0,0,0.0,0.0,0.0,501.0,1,2,True,False,False,False,True,False,False,True,False,False,False,True,False,False,False,False,False,False,False,False,False,False,False,False,False,False,False,True,False,False,True,False,False,False,1
99,1,112500.0,0.0,48802.0,1,2,2,2,0,0,0,0,0,0,2,1,8,2,0,1,13,9,1,39,1,0,2,0,15,15,18394.0,18394.0,0.0,0,0.0,0.0,0.0,225.0,0,5,True,False,False,False,True,False,False,True,False,False,False,True,False,False,False,False,False,False,False,False,False,False,False,False,False,False,False,True,False,False,True,False,False,False,1
99,1,137500.0,0.0,37000.0,1,1,1,1,0,0,0,0,0,0,2,1,5,2,0,1,15,13,0,40,1,0,6,0,31,53,37000.0,37000.0,0.0,0,0.0,0.0,0.0,250.0,0,5,True,False,False,False,True,False,False,True,False,False,False,True,False,False,False,False,False,False,False,False,False,False,False,False,False,False,False,True,False,False,True,False,False,False,1
99,0,999999.0,362.0,13704.0,1,1,1,1,2,0,1,1,0,1,0,0,3,0,0,1,99,99,0,14,1,1,3,1,0,0,0.0,999999.0,999999.0,999999,99999.0,99999.0,99999.0,137.0,0,0,True,False,False,False,True,False,False,True,True,False,False,False,False,False,False,False,False,False,False,False,False,False,False,False,False,False,False,True,False,False,False,True,False,False,1
99,1,162500.0,0.0,28000.0,1,1,1,1,2,0,1,1,0,1,0,0,11,0,0,1,99,99,4,1,1,0,7,0,0,0,0.0,999999.0,999999.0,999999,99999.0,99999.0,99999.0,112.0,1,0,True,False,False,False,True,False,False,True,True,False,False,False,False,False,False,False,False,False,False,False,False,False,False,False,False,False,False,True,False,False,False,True,False,False,1
99,0,999999.0,0.0,999999.0,1,0,0,0,0,0,0,0,0,0,0,0,1,0,0,1,99,99,0,86,0,0,2,0,20,8,5364.0,0.0,0.0,0,5364.0,0.0,0.0,0.0,1,0,False,True,False,True,False,False,False,True,False,False,False,False,True,False,False,False,False,False,False,False,False,False,False,False,False,False,False,True,False,False,False,False,False,True,1
99,1,85000.0,0.0,55800.0,1,1,1,1,0,0,0,0,0,0,1,1,3,1,0,1,32,32,0,56,0,0,6,0,37,49,6800.0,6800.0,0.0,0,0.0,0.0,0.0,501.0,0,0,True,False,False,False,True,False,False,True,False,False,False,False,False,False,False,False,False,False,False,False,True,False,True,False,False,False,False,False,False,False,True,False,False,False,1
99,0,999999.0,437.0,27676.0,1,0,0,0,0,0,0,0,0,0,0,0,1,0,0,1,99,99,0,46,1,1,8,2,25,48,27676.0,27676.0,0.0,0,0.0,0.0,0.0,429.0,1,2,True,False,False,False,True,False,False,True,False,False,False,True,False,False,False,False,False,False,False,False,False,False,False,False,False,True,False,False,False,False,False,True,False,False,1
99,1,225000.0,0.0,62585.0,1,1,0,0,0,0,0,0,0,0,2,1,3,0,0,1,99,99,0,73,1,0,5,0,31,33,42000.0,0.0,32000.0,0,10000.0,0.0,0.0,501.0,0,8,True,False,False,False,True,False,False,True,False,False,False,True,False,False,False,False,False,False,False,False,False,False,False,False,False,False,False,True,False,False,True,False,False,False,1
99,0,999999.0,575.0,28100.0,1,1,0,0,0,0,0,0,0,0,1,2,2,0,0,1,99,99,0,26,1,0,8,0,41,84,0.0,0.0,0.0,0,0.0,0.0,0.0,338.0,1,0,True,False,False,False,True,False,False,True,False,False,False,False,False,False,False,False,False,False,False,False,True,False,False,False,False,False,False,True,False,False,True,False,False,False,1
99,0,999999.0,212.0,13347.0,1,0,0,0,0,0,0,0,0,0,0,0,2,0,0,1,99,99,0,56,1,0,5,0,20,9,8000.0,8000.0,0.0,0,0.0,0.0,0.0,156.0,1,7,True,False,False,False,True,False,False,True,False,False,False,True,False,False,False,False,False,False,False,False,False,False,False,False,False,False,False,True,False,True,False,False,False,False,0
99,0,999999.0,625.0,12060.0,1,0,1,0,0,0,0,0,0,0,0,0,3,0,0,1,99,99,1,46,0,0,6,0,23,18,0.0,0.0,0.0,0,0.0,0.0,0.0,124.0,0,0,True,False,False,False,True,False,False,True,False,False,False,False,False,False,False,False,False,False,True,False,False,False,False,False,False,False,False,True,False,False,False,True,False,False,1
99,0,999999.0,487.0,46000.0,1,2,2,2,2,0,1,1,0,1,4,4,13,5,2,1,18,3,3,41,1,0,2,0,27,17,17000.0,17000.0,0.0,0,0.0,0.0,0.0,174.0,0,0,True,False,False,False,True,False,False,True,True,False,False,False,False,False,False,False,False,False,False,False,False,False,False,False,False,False,False,True,False,False,True,False,False,False,1
99,0,999999.0,875.0,22000.0,2,0,0,0,0,0,0,0,0,0,0,0,1,0,0,1,99,99,0,46,1,1,7,1,41,68,22000.0,22000.0,0.0,0,0.0,0.0,0.0,341.0,0,5,True,False,False,False,True,False,False,True,False,False,False,True,False,False,False,False,False,False,False,False,False,False,False,False,False,False,False,True,True,False,False,False,False,False,1
99,0,999999.0,625.0,48134.0,1,0,0,0,0,0,0,0,0,0,0,0,1,0,0,1,99,99,0,47,1,0,6,0,25,44,48134.0,48134.0,0.0,0,0.0,0.0,0.0,501.0,1,2,True,False,False,False,True,False,False,True,False,False,False,True,False,False,False,False,False,False,False,False,False,False,False,False,False,False,False,True,False,False,False,True,False,False,1
99,0,999999.0,212.0,18535.0,1,1,0,0,0,0,0,0,0,0,2,1,2,0,0,1,99,99,0,67,1,0,7,0,41,72,14719.0,0.0,0.0,0,9911.0,0.0,0.0,247.0,0,7,True,False,False,False,True,False,False,True,False,False,False,True,False,False,False,False,False,False,False,False,False,False,False,False,False,False,False,True,False,False,True,False,False,False,1
99,0,999999.0,412.0,18000.0,1,1,1,1,0,0,0,0,0,0,0,0,10,0,0,1,99,99,0,8,0,1,1,1,0,0,0.0,999999.0,999999.0,999999,99999.0,99999.0,99999.0,75.0,0,0,True,False,False,False,True,False,False,True,False,False,False,False,False,False,True,False,False,False,False,False,False,False,False,False,False,False,False,True,False,False,False,True,False,False,1
99,1,112500.0,0.0,80400.0,1,0,0,1,0,0,0,0,0,0,0,0,3,2,0,1,34,33,0,80,1,0,8,0,39,82,40400.0,0.0,40000.0,0,400.0,0.0,0.0,501.0,1,7,True,False,False,False,True,False,False,True,False,False,False,True,False,False,False,False,False,False,False,False,False,False,False,False,False,False,False,True,False,False,False,False,False,True,1
99,0,999999.0,537.0,9600.0,2,0,0,1,0,0,0,0,0,0,0,0,5,0,0,1,99,99,0,5,0,0,0,0,0,0,0.0,999999.0,999999.0,999999,99999.0,99999.0,99999.0,65.0,1,0,True,False,False,False,True,False,False,True,False,False,False,False,False,False,True,False,False,False,False,False,False,False,False,False,False,False,False,True,False,False,False,True,False,False,1
99,0,999999.0,412.0,26000.0,1,1,1,1,2,0,1,1,0,1,0,0,5,0,0,1,99,99,1,0,0,0,7,0,0,0,0.0,999999.0,999999.0,999999,99999.0,99999.0,99999.0,171.0,1,0,True,False,False,False,True,False,False,True,True,False,False,False,False,False,False,False,False,False,False,False,False,False,False,False,False,False,False,True,False,False,False,True,False,False,1
99,1,225000.0,0.0,56660.0,2,0,0,0,0,0,0,0,0,0,0,0,1,0,0,1,99,99,0,34,0,0,8,0,31,65,56660.0,55920.0,0.0,0,0.0,0.0,0.0,501.0,1,2,True,False,False,False,True,False,False,True,False,False,False,True,False,False,False,False,False,False,False,False,False,False,False,True,False,False,False,False,False,False,False,True,False,False,1
99,0,999999.0,675.0,27000.0,1,1,1,1,2,0,1,1,3,1,0,0,4,0,0,1,99,99,1,15,1,1,3,1,0,0,0.0,999999.0,999999.0,999999,0.0,0.0,0.0,215.0,1,0,True,False,False,False,True,False,False,True,True,False,False,False,False,False,False,False,False,False,False,False,False,False,True,False,False,False,False,False,False,False,False,True,False,False,1
99,0,999999.0,575.0,7000.0,2,0,0,1,0,0,0,1,3,1,0,0,4,0,0,1,99,99,2,10,1,1,1,1,0,0,0.0,999999.0,999999.0,999999,99999.0,99999.0,99999.0,55.0,1,0,True,False,False,False,True,False,False,True,True,False,False,False,False,False,False,False,False,False,False,False,False,False,False,False,False,False,False,True,False,False,False,True,False,False,1
99,1,72500.0,0.0,49912.0,1,1,0,0,0,0,0,0,0,0,1,1,2,0,0,1,99,99,0,64,0,0,6,0,26,72,1000.0,1000.0,0.0,0,0.0,0.0,0.0,501.0,0,0,True,False,False,False,True,False,False,True,False,False,False,False,False,False,False,False,False,False,False,False,True,False,False,False,False,False,False,True,False,False,True,False,False,False,1
99,1,187500.0,0.0,17500.0,1,1,1,1,0,0,0,0,0,0,2,1,3,1,0,1,19,19,0,43,1,0,7,0,25,15,15000.0,15000.0,0.0,0,0.0,0.0,0.0,180.0,0,6,True,False,False,False,True,False,False,True,False,False,False,True,False,False,False,False,False,False,False,False,False,False,False,False,False,False,False,True,False,False,True,False,False,False,1
99,0,999999.0,1000.0,100320.0,1,1,1,1,2,0,1,1,0,1,0,0,4,0,0,1,99,99,1,7,1,1,0,1,0,0,0.0,999999.0,999999.0,999999,99999.0,99999.0,99999.0,501.0,1,0,True,False,False,False,True,False,False,True,True,False,False,False,False,False,False,False,False,False,False,False,False,False,False,False,True,False,False,False,False,False,False,True,False,False,1
99,0,999999.0,387.0,13853.0,1,0,1,0,0,0,0,0,0,0,0,0,2,1,0,1,22,22,0,63,0,0,6,0,24,44,9303.0,8400.0,0.0,0,0.0,0.0,0.0,167.0,0,6,True,False,False,False,True,False,False,True,False,False,False,True,False,False,False,False,False,False,False,False,False,False,False,False,True,False,False,False,False,False,False,True,False,False,1
99,1,225000.0,0.0,71000.0,1,1,0,0,0,0,0,0,0,0,1,1,2,0,0,1,99,99,0,31,0,0,7,0,0,0,0.0,0.0,0.0,0,0.0,0.0,0.0,501.0,1,0,True,False,False,False,True,False,False,True,False,False,False,False,False,False,False,False,False,False,False,False,True,False,False,False,False,False,False,True,False,False,True,False,False,False,1
99,1,187500.0,0.0,48441.0,1,1,1,1,2,0,1,1,0,1,0,0,4,0,0,1,99,99,1,1,1,0,7,0,0,0,0.0,999999.0,999999.0,999999,99999.0,99999.0,99999.0,385.0,1,0,True,False,False,False,True,False,False,True,True,False,False,False,False,False,False,False,False,False,False,False,False,False,False,False,False,False,False,True,False,False,False,True,False,False,1
99,0,999999.0,875.0,28000.0,1,0,0,1,0,0,0,0,0,0,0,0,3,1,0,1,18,18,0,48,1,0,6,0,24,19,22000.0,22000.0,0.0,0,0.0,0.0,0.0,281.0,1,2,True,False,False,False,True,False,False,True,False,False,False,True,False,False,False,False,False,False,False,False,False,False,False,False,False,False,False,True,True,False,False,False,False,False,1
99,1,77500.0,0.0,24899.0,1,1,0,0,0,0,0,0,0,0,2,1,2,0,0,1,99,99,0,67,1,0,7,0,37,78,13523.0,0.0,0.0,0,8578.0,0.0,0.0,332.0,1,2,True,False,False,False,True,False,False,True,False,False,False,True,False,False,False,False,False,False,False,False,False,False,False,False,False,False,False,True,False,False,True,False,False,False,1
99,0,999999.0,625.0,30436.0,1,0,2,0,1,7,1,0,0,0,0,0,9,1,0,1,9,9,6,38,0,0,6,0,0,0,8256.0,0.0,0.0,0,0.0,8256.0,0.0,113.0,1,0,True,False,False,False,True,False,False,True,True,False,False,False,False,False,False,False,False,False,False,False,False,False,True,False,False,False,False,False,False,False,False,False,True,False,1
99,0,999999.0,1000.0,20000.0,3,0,0,0,0,0,0,0,0,0,0,0,1,0,0,3,99,99,0,25,1,1,8,2,61,93,11200.0,11200.0,0.0,0,0.0,0.0,0.0,174.0,1,0,True,False,False,False,True,False,False,True,False,False,False,False,False,False,False,False,False,True,False,False,False,False,False,False,False,False,False,True,False,False,False,True,False,False,1
99,0,999999.0,875.0,30000.0,3,0,0,0,0,0,0,0,0,0,0,0,2,0,0,1,99,99,0,23,1,0,6,0,29,27,15000.0,15000.0,0.0,0,0.0,0.0,0.0,361.0,1,0,True,False,False,False,True,False,False,True,False,False,False,False,False,False,True,False,False,False,False,False,False,False,False,False,False,False,False,True,False,False,False,True,False,False,1
99,0,999999.0,875.0,35528.0,1,1,1,1,2,0,1,1,0,1,0,0,5,0,0,1,99,99,1,0,0,0,7,0,0,0,0.0,999999.0,999999.0,999999,99999.0,99999.0,99999.0,240.0,1,0,True,False,False,False,True,False,False,True,True,False,False,False,False,False,False,False,False,False,False,False,False,False,False,False,False,False,False,True,False,False,False,True,False,False,1
99,0,999999.0,437.0,0.0,1,1,1,1,0,0,0,0,0,0,1,1,3,1,0,1,17,17,0,60,0,0,8,0,26,72,0.0,0.0,0.0,0,0.0,0.0,0.0,1.0,1,0,True,False,False,False,True,False,False,True,False,False,False,False,False,False,False,False,False,False,False,False,True,False,False,False,False,True,False,False,False,False,True,False,False,False,0
99,0,999999.0,1000.0,26158.0,2,1,1,1,2,0,1,1,3,1,0,0,10,0,0,1,99,99,7,24,1,0,3,0,26,22,1138.0,1138.0,0.0,0,0.0,0.0,0.0,97.0,1,0,True,False,False,False,True,False,False,True,True,False,False,False,False,False,False,False,False,False,False,False,False,False,False,False,False,False,False,True,False,False,False,True,False,False,1
99,0,999999.0,575.0,36000.0,1,1,1,1,0,0,0,0,0,0,2,1,3,1,1,1,0,0,0,22,1,0,6,0,26,19,25000.0,25000.0,0.0,0,0.0,0.0,0.0,361.0,1,1,True,False,False,False,True,False,False,True,False,False,False,True,False,False,False,False,False,False,False,False,False,False,False,False,False,False,False,True,False,False,True,False,False,False,1
99,0,999999.0,675.0,47672.0,1,1,1,1,2,0,1,1,0,1,0,0,6,0,0,1,99,99,3,22,0,0,2,0,22,18,12000.0,12000.0,0.0,0,0.0,0.0,0.0,269.0,1,0,True,False,False,False,True,False,False,True,True,False,False,False,False,False,False,False,False,False,False,False,False,False,False,True,False,False,False,False,False,False,False,True,False,False,1
99,0,999999.0,875.0,68151.0,2,0,0,0,0,0,0,0,0,0,0,0,1,0,0,2,99,99,0,29,1,0,8,0,39,73,70000.0,65000.0,0.0,0,0.0,0.0,0.0,501.0,1,0,True,False,False,False,True,False,False,True,False,False,False,False,False,False,False,False,False,True,False,False,False,False,False,False,False,False,False,True,False,False,False,True,False,False,1
99,0,999999.0,575.0,10400.0,1,1,1,1,0,0,0,0,0,0,1,1,5,3,1,1,8,1,0,27,0,0,3,0,0,0,0.0,0.0,0.0,0,0.0,0.0,0.0,70.0,1,0,True,False,False,False,True,False,False,True,False,False,False,False,False,False,False,False,False,False,False,False,True,False,False,False,False,True,False,False,False,False,True,False,False,False,1
99,1,225000.0,0.0,80150.0,1,1,0,0,0,0,0,0,0,0,2,1,2,0,0,1,99,99,0,28,1,0,8,0,31,73,60100.0,60000.0,0.0,0,0.0,0.0,0.0,501.0,1,2,True,False,False,False,True,False,False,True,False,False,False,True,False,False,False,False,False,False,False,False,False,False,False,False,False,False,False,True,False,False,True,False,False,False,1
99,0,999999.0,575.0,28000.0,1,1,1,1,2,0,1,1,0,1,0,0,3,0,0,1,99,99,0,23,1,1,7,1,29,27,4000.0,4000.0,0.0,0,0.0,0.0,0.0,289.0,0,0,True,False,False,False,True,False,False,True,True,False,False,False,False,False,False,False,False,False,False,False,False,False,False,False,False,False,False,True,False,False,False,True,False,False,1
99,0,999999.0,575.0,35060.0,1,1,1,1,2,0,1,1,0,1,0,0,4,0,0,1,99,99,1,3,0,0,0,0,0,0,0.0,999999.0,999999.0,999999,99999.0,99999.0,99999.0,279.0,1,0,True,False,False,False,True,False,False,True,True,False,False,False,False,False,False,False,False,False,False,False,False,False,True,False,False,False,False,False,False,False,False,True,False,False,1
99,0,999999.0,625.0,15698.0,1,1,0,0,0,0,0,0,0,0,1,1,2,0,0,1,99,99,0,35,0,0,4,0,22,51,0.0,0.0,0.0,0,0.0,0.0,0.0,189.0,1,0,True,False,False,False,True,False,False,True,False,False,False,False,False,False,False,False,False,False,False,False,True,False,False,False,False,False,False,True,False,False,True,False,False,False,1
99,0,999999.0,212.0,8400.0,1,0,1,0,1,0,1,0,0,0,0,0,4,0,0,1,99,99,1,7,1,1,1,1,0,0,0.0,999999.0,999999.0,999999,99999.0,99999.0,99999.0,67.0,0,0,True,False,False,False,True,False,False,True,True,False,False,False,False,False,False,False,False,False,False,False,False,False,False,False,False,False,False,True,False,False,False,True,False,False,1
99,1,400000.0,0.0,83400.0,1,0,0,0,0,0,0,0,0,0,0,0,1,0,0,1,99,99,0,40,1,0,8,0,41,68,83400.0,80000.0,0.0,0,0.0,0.0,400.0,501.0,1,1,True,False,False,False,True,False,False,True,False,False,False,True,False,False,False,False,False,False,False,False,False,False,False,True,False,False,False,False,True,False,False,False,False,False,1
99,1,162500.0,0.0,4510.0,1,1,0,0,0,0,0,0,0,0,2,1,2,0,0,1,99,99,0,69,1,0,6,0,37,49,1350.0,0.0,0.0,0,900.0,0.0,0.0,60.0,0,8,True,False,False,False,True,False,False,True,False,False,False,True,False,False,False,False,False,False,False,False,False,False,False,False,False,False,False,True,False,False,True,False,False,False,1
99,0,999999.0,1000.0,199000.0,1,1,1,1,1,0,1,2,0,1,0,0,4,0,0,1,99,99,1,0,0,0,7,0,0,0,0.0,999999.0,999999.0,999999,99999.0,99999.0,99999.0,501.0,1,0,True,False,False,False,True,False,False,True,True,False,False,False,False,False,False,False,False,False,False,False,False,False,False,False,False,False,False,True,False,False,False,True,False,False,1
99,1,225000.0,0.0,81500.0,1,1,1,1,0,0,0,0,0,0,2,1,3,1,1,1,0,0,0,45,1,0,8,0,35,62,55700.0,55000.0,0.0,0,0.0,0.0,0.0,501.0,1,2,True,False,False,False,True,False,False,True,False,False,False,True,False,False,False,False,False,False,False,False,False,False,False,False,False,False,False,True,False,False,True,False,False,False,1
99,0,999999.0,1000.0,250.0,4,0,0,0,0,0,0,0,0,0,0,0,1,0,0,2,99,99,0,20,1,1,7,1,13,44,300.0,300.0,0.0,0,0.0,0.0,0.0,5.0,1,0,True,False,False,False,True,False,False,True,False,False,False,False,False,False,False,False,False,True,False,False,False,False,False,False,False,True,False,False,False,False,False,True,False,False,1
99,0,999999.0,162.0,8400.0,1,0,1,0,1,0,1,0,0,0,0,0,3,0,0,1,99,99,1,6,1,1,1,1,0,0,0.0,999999.0,999999.0,999999,99999.0,99999.0,99999.0,84.0,0,0,True,False,False,False,True,False,False,True,True,False,False,False,False,False,False,False,False,False,False,False,False,False,True,False,False,False,False,False,False,False,False,True,False,False,1
99,0,999999.0,1000.0,14800.0,1,1,2,1,2,0,1,1,0,1,0,0,9,0,0,1,99,99,2,36,1,0,7,0,0,0,0.0,0.0,0.0,0,0.0,0.0,0.0,55.0,0,0,True,False,False,False,True,False,False,True,True,False,False,False,False,False,False,False,False,False,False,False,False,False,False,False,False,True,False,False,False,False,False,True,False,False,1
99,0,999999.0,675.0,50960.0,1,1,1,1,0,0,0,0,0,0,2,1,4,2,0,1,29,17,0,59,1,0,8,0,37,78,14000.0,14000.0,0.0,0,0.0,0.0,0.0,392.0,1,1,True,False,False,False,True,False,False,True,False,False,False,True,False,False,False,False,False,False,False,False,False,False,False,False,False,True,False,False,False,False,True,False,False,False,1
99,1,400000.0,0.0,74900.0,1,1,1,1,0,0,0,0,0,0,1,1,4,1,0,1,7,7,0,34,0,0,7,0,41,68,32000.0,32000.0,0.0,0,0.0,0.0,0.0,501.0,0,0,True,False,False,False,True,False,False,True,False,False,False,False,False,False,False,False,False,False,False,False,True,False,False,False,False,False,False,True,False,False,True,False,False,False,1
99,1,162500.0,0.0,67600.0,1,0,0,0,0,0,0,0,0,0,0,0,1,0,0,1,99,99,0,36,1,1,8,2,26,72,67600.0,56000.0,0.0,0,0.0,0.0,0.0,501.0,1,2,True,False,False,False,True,False,False,True,False,False,False,True,False,False,False,False,False,False,False,False,False,False,False,False,False,False,False,True,False,False,False,True,False,False,1
99,0,999999.0,675.0,5500.0,2,0,0,0,0,0,0,0,0,0,0,0,1,0,0,2,99,99,0,45,0,0,8,0,30,44,6000.0,6000.0,0.0,0,0.0,0.0,0.0,93.0,1,0,True,False,False,False,True,False,False,True,False,False,False,False,False,False,False,False,False,True,False,False,False,False,True,False,False,False,False,False,True,False,False,False,False,False,1
99,0,999999.0,625.0,17840.0,6,2,1,1,0,0,0,0,0,0,2,1,4,2,0,1,21,21,0,37,1,0,6,0,25,15,6000.0,6000.0,0.0,0,0.0,0.0,0.0,139.0,1,1,True,False,False,False,True,False,False,True,False,False,False,True,False,False,False,False,False,False,False,False,False,False,False,False,False,False,False,True,False,False,True,False,False,False,0
99,0,999999.0,337.0,8000.0,1,0,1,0,0,0,0,0,0,0,0,0,3,2,1,1,11,3,0,29,0,1,6,1,25,44,8000.0,8000.0,0.0,0,0.0,0.0,0.0,80.0,1,2,True,False,False,False,True,False,False,True,False,False,False,True,False,False,False,False,False,False,False,False,False,False,False,False,False,False,False,True,True,False,False,False,False,False,0
99,1,225000.0,0.0,79000.0,1,1,1,1,0,0,0,0,0,0,1,1,3,1,0,1,11,11,0,52,0,1,7,2,41,68,24000.0,24000.0,0.0,0,0.0,0.0,0.0,501.0,0,0,True,False,False,False,True,False,False,True,False,False,False,False,False,False,False,False,False,False,False,False,True,False,False,False,False,False,False,True,False,False,True,False,False,False,1
99,0,999999.0,512.0,12000.0,1,1,1,1,2,0,1,1,0,1,0,0,8,0,0,1,99,99,5,0,0,0,7,0,0,0,0.0,999999.0,999999.0,999999,99999.0,99999.0,99999.0,59.0,1,0,True,False,False,False,True,False,False,True,True,False,False,False,False,False,False,False,False,False,False,False,False,False,False,False,False,False,False,True,False,False,False,True,False,False,1
99,1,225000.0,0.0,53000.0,1,1,1,1,2,0,1,1,0,1,0,0,6,0,0,1,99,99,3,18,1,1,6,1,29,27,0.0,0.0,0.0,0,0.0,0.0,0.0,304.0,0,0,True,False,False,False,True,False,False,True,True,False,False,False,False,False,False,False,False,False,False,False,False,False,True,False,False,False,False,False,False,False,False,True,False,False,1
99,1,400000.0,0.0,183815.0,1,1,1,1,2,0,1,1,0,1,0,0,3,0,0,1,99,99,0,17,0,1,5,1,24,47,300.0,300.0,0.0,0,0.0,0.0,0.0,501.0,0,0,True,False,False,False,True,False,False,True,True,False,False,False,False,False,False,False,False,False,False,False,False,False,False,False,False,False,False,True,False,False,False,True,False,False,1
99,1,400000.0,0.0,90000.0,1,1,1,1,2,0,1,1,0,1,0,0,5,0,0,1,99,99,1,6,0,1,0,1,0,0,0.0,999999.0,999999.0,999999,99999.0,99999.0,99999.0,501.0,1,0,True,False,False,False,True,False,False,True,True,False,False,False,False,False,False,False,False,False,False,False,False,False,False,False,False,True,False,False,False,False,False,True,False,False,1
99,0,999999.0,725.0,36000.0,2,0,1,0,1,0,1,0,0,0,0,0,2,0,0,1,99,99,0,17,1,1,6,1,0,0,0.0,0.0,0.0,0,0.0,0.0,0.0,421.0,0,0,True,False,False,False,True,False,False,True,True,False,False,False,False,False,False,False,False,False,False,False,False,False,True,False,False,False,False,False,False,False,False,True,False,False,1
99,0,999999.0,512.0,22474.0,2,1,1,2,2,0,1,1,0,1,0,0,7,0,0,1,99,99,2,7,1,1,1,1,0,0,0.0,999999.0,999999.0,999999,99999.0,99999.0,99999.0,117.0,1,0,True,False,False,False,True,False,False,True,True,False,False,False,False,False,False,False,False,False,False,False,False,False,False,False,False,False,False,True,False,False,False,True,False,False,1
99,1,225000.0,0.0,53910.0,1,1,1,1,0,0,0,0,0,0,1,1,3,1,0,1,19,19,0,49,0,0,6,0,0,0,0.0,0.0,0.0,0,0.0,0.0,0.0,501.0,0,0,True,False,False,False,True,False,False,True,False,False,False,False,False,False,False,False,False,False,False,False,True,False,False,False,False,False,False,True,False,False,True,False,False,False,1
99,0,999999.0,512.0,10000.0,1,1,1,1,2,0,1,1,0,1,0,0,4,0,0,1,99,99,1,8,0,1,1,2,0,0,0.0,999999.0,999999.0,999999,99999.0,99999.0,99999.0,80.0,1,0,True,False,False,False,True,False,False,True,True,False,False,False,False,False,False,False,False,False,False,False,False,False,False,False,False,False,False,True,False,False,False,True,False,False,1
99,1,95000.0,0.0,80051.0,1,1,0,0,0,0,0,0,0,0,2,2,3,0,0,1,99,99,0,77,0,0,5,0,25,44,31256.0,31256.0,0.0,0,0.0,0.0,0.0,501.0,0,2,True,False,False,False,True,False,False,True,False,False,False,True,False,False,False,False,False,False,False,False,False,False,True,False,False,False,False,False,False,False,True,False,False,False,1
99,0,999999.0,512.0,0.0,1,1,1,1,0,0,0,0,0,0,1,1,4,2,1,1,15,3,0,35,0,0,6,0,0,0,0.0,0.0,0.0,0,0.0,0.0,0.0,1.0,1,0,True,False,False,False,True,False,False,True,False,False,False,False,False,False,False,False,False,False,False,False,True,False,False,False,False,False,False,True,False,False,True,False,False,False,1
99,1,350000.0,0.0,76200.0,1,1,1,1,0,0,0,0,0,0,1,1,6,4,0,1,20,5,0,44,0,0,7,0,41,68,28000.0,0.0,28000.0,0,0.0,0.0,0.0,437.0,0,0,True,False,False,False,True,False,False,True,False,False,False,False,False,False,False,False,False,False,False,False,True,False,False,False,False,False,False,True,False,False,True,False,False,False,1
99,0,999999.0,1000.0,45000.0,2,0,0,0,0,0,0,0,0,0,0,0,1,0,0,1,99,99,0,27,1,1,8,2,24,47,45000.0,42000.0,0.0,0,0.0,0.0,0.0,501.0,1,1,True,False,False,False,True,False,False,True,False,False,False,True,False,False,False,False,False,False,False,False,False,False,False,False,False,False,False,True,False,False,False,True,False,False,1
99,1,400000.0,0.0,130600.0,1,1,1,1,2,0,1,1,0,1,0,0,4,0,0,1,99,99,1,0,1,0,7,0,0,0,0.0,999999.0,999999.0,999999,99999.0,99999.0,99999.0,501.0,1,0,True,False,False,False,True,False,False,True,True,False,False,False,False,False,False,False,False,False,False,False,False,False,False,False,False,False,False,True,False,False,False,True,False,False,1
99,1,225000.0,0.0,59000.0,1,1,0,0,0,0,0,0,0,0,2,1,2,0,0,1,99,99,0,53,1,0,6,0,41,68,40000.0,40000.0,0.0,0,0.0,0.0,0.0,501.0,0,7,True,False,False,False,True,False,False,True,False,False,False,True,False,False,False,False,False,False,False,False,False,False,False,False,False,False,False,True,False,False,True,False,False,False,1
99,0,999999.0,875.0,71000.0,1,0,0,0,0,0,0,0,0,0,0,0,2,0,0,1,99,99,1,23,1,0,7,0,26,19,25000.0,25000.0,0.0,0,0.0,0.0,0.0,501.0,1,0,True,False,False,False,True,False,False,True,False,False,False,False,False,False,False,False,False,False,True,False,False,False,False,False,False,False,False,True,False,False,False,True,False,False,1
99,1,187500.0,0.0,38000.0,3,0,0,1,0,0,0,1,0,1,0,0,7,0,0,1,99,99,3,8,0,1,1,1,0,0,0.0,999999.0,999999.0,999999,99999.0,99999.0,99999.0,198.0,0,0,True,False,False,False,True,False,False,True,True,False,False,False,False,False,False,False,False,False,False,False,False,False,False,False,False,False,False,True,False,False,False,True,False,False,1
99,1,350000.0,0.0,58000.0,1,1,0,0,0,0,0,0,0,0,1,1,2,0,0,1,99,99,0,50,0,0,6,0,26,72,8000.0,8000.0,0.0,0,0.0,0.0,0.0,501.0,0,0,True,False,False,False,True,False,False,True,False,False,False,False,False,False,False,False,False,False,False,False,True,False,False,False,False,False,False,True,False,False,True,False,False,False,1
99,1,137500.0,0.0,119046.0,1,2,2,2,0,0,0,0,0,0,6,1,10,5,0,1,32,9,0,55,1,1,2,1,23,18,34000.0,34000.0,0.0,0,0.0,0.0,0.0,463.0,1,0,True,False,False,False,True,False,False,True,False,False,False,False,False,False,False,True,False,False,False,False,False,False,False,False,False,False,False,True,False,False,True,False,False,False,1
99,0,999999.0,875.0,22200.0,6,1,2,1,0,0,0,0,0,0,9,4,3,1,1,4,0,0,0,23,1,0,1,0,16,15,9000.0,8000.0,0.0,0,0.0,1000.0,0.0,202.0,0,0,True,False,False,False,True,False,False,True,False,False,False,False,False,True,False,False,False,False,False,False,False,False,False,False,False,False,False,True,False,False,True,False,False,False,1
99,0,999999.0,725.0,74700.0,1,1,0,0,0,0,0,0,0,0,1,1,2,0,0,1,99,99,0,71,0,0,6,0,41,68,17000.0,13000.0,0.0,0,4000.0,0.0,0.0,501.0,0,0,True,False,False,False,True,False,False,True,False,False,False,False,False,False,False,False,False,False,False,False,True,False,False,False,False,False,False,True,False,False,True,False,False,False,0
99,0,999999.0,1000.0,90000.0,1,1,1,1,0,0,0,0,0,0,1,1,3,1,1,1,4,4,0,38,0,0,7,0,24,44,0.0,0.0,0.0,0,0.0,0.0,0.0,501.0,0,0,True,False,False,False,True,False,False,True,False,False,False,False,False,False,False,False,False,False,False,False,True,False,False,False,False,False,False,True,False,False,True,False,False,False,1
99,0,999999.0,337.0,16000.0,1,1,1,0,0,0,0,0,0,0,1,1,5,0,0,1,99,99,0,57,0,0,2,0,0,0,0.0,0.0,0.0,0,0.0,0.0,0.0,104.0,0,0,True,False,False,False,True,False,False,True,False,False,False,False,False,False,False,False,False,False,False,False,True,False,False,False,False,False,False,True,False,False,True,False,False,False,1
99,0,999999.0,387.0,27000.0,1,1,1,1,0,0,0,0,0,0,1,1,3,1,1,1,1,1,0,23,0,0,2,0,26,22,11000.0,11000.0,0.0,0,0.0,0.0,0.0,271.0,1,0,True,False,False,False,True,False,False,True,False,False,False,False,False,False,False,False,False,False,False,False,True,False,False,False,False,False,False,True,False,False,True,False,False,False,1
99,1,275000.0,0.0,40442.0,1,1,0,0,0,0,0,0,0,0,2,1,2,0,0,1,99,99,0,52,1,0,6,0,24,47,22917.0,22000.0,0.0,0,0.0,0.0,0.0,487.0,0,7,True,False,False,False,True,False,False,True,False,False,False,True,False,False,False,False,False,False,False,False,False,False,False,False,False,False,False,True,False,False,True,False,False,False,1
99,0,999999.0,875.0,50000.0,1,1,2,1,0,0,0,0,0,0,2,1,7,3,1,1,11,1,0,29,1,0,6,0,41,68,28000.0,28000.0,0.0,0,0.0,0.0,0.0,260.0,1,2,True,False,False,False,True,False,False,True,False,False,False,True,False,False,False,False,False,False,False,False,False,False,False,False,False,False,False,True,False,False,True,False,False,False,1
99,0,999999.0,1000.0,50000.0,1,1,0,0,0,0,0,0,0,0,2,1,2,0,0,1,99,99,0,63,1,0,7,0,24,47,20000.0,20000.0,0.0,0,0.0,0.0,0.0,501.0,0,5,True,False,False,False,True,False,False,True,False,False,False,True,False,False,False,False,False,False,False,False,False,False,False,False,False,False,False,True,False,False,True,False,False,False,1
99,0,999999.0,237.0,29950.0,1,1,0,0,0,0,0,0,0,0,1,1,3,0,0,1,99,99,0,25,0,0,7,0,30,65,20000.0,20000.0,0.0,0,0.0,0.0,0.0,309.0,0,0,True,False,False,False,True,False,False,True,False,False,False,False,False,False,False,False,False,False,False,False,True,False,False,False,False,False,False,True,False,False,True,False,False,False,1
99,1,275000.0,0.0,95000.0,1,1,0,0,0,0,0,0,0,0,1,1,4,0,0,1,99,99,0,48,0,0,4,0,35,62,50000.0,50000.0,0.0,0,0.0,0.0,0.0,501.0,0,0,True,False,False,False,True,False,False,True,False,False,False,False,False,False,False,False,False,False,False,False,True,False,False,False,False,False,False,True,False,False,True,False,False,False,1
99,1,400000.0,0.0,42817.0,1,1,1,1,2,7,1,1,0,1,0,0,4,0,0,1,99,99,1,21,1,0,6,0,11,18,8717.0,8717.0,0.0,0,0.0,0.0,0.0,329.0,0,0,True,False,False,False,True,False,False,True,True,False,False,False,False,False,False,False,False,False,False,False,False,False,False,False,False,False,False,True,False,False,False,True,False,False,1
99,1,350000.0,0.0,80246.0,1,1,0,0,0,0,0,0,0,0,2,1,2,0,0,1,99,99,0,62,1,0,8,0,41,84,63958.0,59873.0,-1569.0,0,0.0,0.0,0.0,501.0,0,8,True,False,False,False,True,False,False,True,False,False,False,True,False,False,False,False,False,False,False,False,False,False,False,False,False,False,False,True,False,False,True,False,False,False,1
99,1,85000.0,0.0,55800.0,1,1,1,1,0,0,0,0,0,0,2,1,3,1,0,1,32,32,0,53,1,0,6,0,23,18,26000.0,26000.0,0.0,0,0.0,0.0,0.0,501.0,0,5,True,False,False,False,True,False,False,True,False,False,False,True,False,False,False,False,False,False,False,False,False,False,True,False,False,False,False,False,False,False,True,False,False,False,1
99,0,999999.0,725.0,16840.0,1,1,1,1,2,0,1,1,0,1,0,0,5,0,0,1,99,99,2,0,0,0,7,0,0,0,0.0,999999.0,999999.0,999999,99999.0,99999.0,99999.0,114.0,1,0,True,False,False,False,True,False,False,True,True,False,False,False,False,False,False,False,False,False,False,False,False,False,False,False,False,False,False,True,False,False,False,True,False,False,1
99,1,162500.0,0.0,36050.0,3,0,1,1,5,0,6,0,0,0,0,0,2,0,0,2,99,99,0,15,0,1,4,1,0,0,0.0,999999.0,999999.0,999999,0.0,0.0,0.0,5.0,1,0,True,False,False,False,True,False,False,True,False,False,False,False,False,True,False,False,False,False,False,False,False,False,False,False,False,False,False,True,False,False,False,True,False,False,1
99,1,275000.0,0.0,35980.0,1,1,1,1,0,0,0,0,0,0,1,2,4,2,0,1,11,9,0,43,1,0,7,0,27,50,35980.0,29290.0,6690.0,0,0.0,0.0,0.0,286.0,0,0,True,False,False,False,True,False,False,True,False,False,False,False,False,False,False,False,False,False,False,False,True,False,False,False,False,False,False,True,False,False,True,False,False,False,1
99,1,400000.0,0.0,343618.0,1,1,1,1,0,0,0,0,0,0,1,1,5,3,0,1,25,20,0,48,0,0,8,0,41,68,126000.0,126000.0,0.0,0,0.0,0.0,0.0,501.0,1,0,True,False,False,False,True,False,False,True,False,False,False,False,False,False,False,False,False,False,False,False,True,False,False,False,False,False,False,True,False,False,True,False,False,False,1
99,1,225000.0,0.0,72932.0,1,1,1,1,0,0,0,0,0,0,1,1,10,8,1,1,15,2,0,41,0,0,8,0,0,0,0.0,0.0,0.0,0,0.0,0.0,0.0,304.0,0,0,True,False,False,False,True,False,False,True,False,False,False,False,False,False,False,False,False,False,False,False,True,False,False,False,False,False,False,True,False,False,True,False,False,False,1
99,0,999999.0,675.0,18000.0,1,1,0,0,0,0,0,0,0,0,1,1,2,0,0,1,99,99,0,19,0,1,7,1,22,61,8000.0,8000.0,0.0,0,0.0,0.0,0.0,217.0,1,0,True,False,False,False,True,False,False,True,False,False,False,False,False,False,False,False,False,False,False,False,True,False,False,False,False,False,False,True,False,False,True,False,False,False,0
99,1,187500.0,0.0,71900.0,1,1,0,0,0,0,0,0,0,0,2,1,2,0,0,1,99,99,0,54,1,0,8,0,48,87,48700.0,48000.0,0.0,0,0.0,0.0,0.0,501.0,0,6,True,False,False,False,True,False,False,True,False,False,False,True,False,False,False,False,False,False,False,False,False,False,False,False,False,False,False,True,False,False,True,False,False,False,1
99,1,225000.0,0.0,56965.0,2,0,1,0,0,0,0,0,0,0,0,0,2,1,0,1,18,18,0,47,0,0,8,0,29,72,56965.0,54000.0,0.0,0,0.0,1965.0,0.0,501.0,1,2,True,False,False,False,True,False,False,True,False,False,False,True,False,False,False,False,False,False,False,False,False,False,True,False,False,False,False,False,False,False,False,True,False,False,1
99,0,999999.0,625.0,30000.0,1,0,0,0,0,0,0,0,0,0,0,0,1,0,0,1,99,99,0,40,1,0,6,0,33,44,30000.0,0.0,30000.0,0,0.0,0.0,0.0,465.0,0,6,True,False,False,False,True,False,False,True,False,False,False,True,False,False,False,False,False,False,False,False,False,False,False,False,False,False,False,True,False,False,False,False,True,False,1
99,0,999999.0,875.0,31000.0,1,0,0,0,0,0,0,0,0,0,0,0,1,0,0,1,99,99,0,49,1,0,7,0,37,78,31000.0,31000.0,0.0,0,0.0,0.0,0.0,481.0,1,2,True,False,False,False,True,False,False,True,False,False,False,True,False,False,False,False,False,False,False,False,False,False,False,False,False,False,False,True,False,False,False,True,False,False,1
99,1,187500.0,0.0,72820.0,1,1,2,1,2,0,1,1,0,1,0,0,6,2,2,1,4,2,0,34,0,0,7,0,19,46,34130.0,34000.0,0.0,0,0.0,0.0,0.0,417.0,1,0,True,False,False,False,True,False,False,True,True,False,False,False,False,False,False,False,False,False,False,False,False,False,False,False,False,False,False,True,False,False,False,True,False,False,1
99,0,999999.0,575.0,6000.0,1,1,1,1,2,0,1,1,0,1,0,0,5,0,0,1,99,99,2,12,1,0,1,0,0,0,0.0,999999.0,999999.0,999999,99999.0,99999.0,99999.0,41.0,0,0,True,False,False,False,True,False,False,True,True,False,False,False,False,False,False,False,False,False,False,False,False,False,False,False,False,False,False,True,False,False,False,True,False,False,1
99,0,999999.0,512.0,15189.0,1,1,1,1,2,0,1,1,0,1,0,0,6,0,0,1,99,99,3,4,0,0,0,0,0,0,0.0,999999.0,999999.0,999999,99999.0,99999.0,99999.0,92.0,1,0,True,False,False,False,True,False,False,True,True,False,False,False,False,False,False,False,False,False,False,False,False,False,False,False,False,True,False,False,False,False,False,True,False,False,1
99,0,999999.0,725.0,12000.0,1,0,1,0,1,0,1,0,0,0,0,0,4,0,0,1,99,99,2,10,1,1,1,1,0,0,0.0,999999.0,999999.0,999999,99999.0,99999.0,99999.0,95.0,0,0,True,False,False,False,True,False,False,True,True,False,False,False,False,False,False,False,False,False,False,False,False,False,False,False,False,False,False,True,False,False,False,True,False,False,1
99,0,999999.0,387.0,10950.0,1,1,1,1,2,0,1,1,0,1,0,0,5,0,0,1,99,99,2,1,0,0,7,0,0,0,0.0,999999.0,999999.0,999999,99999.0,99999.0,99999.0,74.0,1,0,True,False,False,False,True,False,False,True,True,False,False,False,False,False,False,False,False,False,False,False,False,False,False,False,False,False,False,True,False,False,False,True,False,False,1
99,0,999999.0,875.0,38000.0,2,0,1,0,0,0,0,0,0,0,0,0,1,0,0,1,99,99,0,26,1,0,7,0,26,19,38000.0,38000.0,0.0,0,0.0,0.0,0.0,501.0,1,2,True,False,False,False,True,False,False,True,False,False,False,True,False,False,False,False,False,False,False,False,False,False,False,False,False,False,False,True,False,False,False,True,False,False,1
99,0,999999.0,312.0,8400.0,1,0,0,1,0,0,0,3,0,3,0,0,6,0,0,1,99,99,2,5,1,1,0,1,0,0,0.0,999999.0,999999.0,999999,99999.0,99999.0,99999.0,49.0,1,0,True,False,False,False,True,False,False,True,False,False,False,False,False,False,True,False,False,False,False,False,False,False,False,False,False,False,False,True,False,False,False,True,False,False,1
99,0,999999.0,725.0,0.0,1,0,1,0,1,0,1,0,0,0,0,0,3,0,0,1,99,99,1,2,0,0,7,0,0,0,0.0,999999.0,999999.0,999999,99999.0,99999.0,99999.0,1.0,1,0,True,False,False,False,True,False,False,True,True,False,False,False,False,False,False,False,False,False,False,False,False,False,False,False,False,False,False,True,False,False,False,True,False,False,1
99,1,225000.0,0.0,25891.0,1,1,1,1,1,0,1,2,0,1,0,0,8,0,0,1,99,99,5,4,0,0,0,0,0,0,0.0,999999.0,999999.0,999999,99999.0,99999.0,99999.0,123.0,1,0,True,False,False,False,True,False,False,True,True,False,False,False,False,False,False,False,False,False,False,False,False,False,False,False,False,False,False,True,False,False,False,True,False,False,1
99,1,225000.0,0.0,81464.0,1,2,1,1,0,0,0,0,0,0,1,1,7,1,1,1,0,0,0,31,0,0,8,0,25,48,19464.0,18000.0,0.0,0,0.0,0.0,0.0,412.0,1,0,True,False,False,False,True,False,False,True,False,False,False,False,False,False,False,False,False,False,False,False,True,False,False,False,False,True,False,False,False,False,True,False,False,False,1
99,1,112500.0,0.0,70500.0,1,0,1,0,0,0,0,0,0,0,0,0,3,2,0,1,28,22,0,57,0,0,7,0,35,66,52000.0,40000.0,0.0,0,0.0,0.0,0.0,501.0,0,7,True,False,False,False,True,False,False,True,False,False,False,True,False,False,False,False,False,False,False,False,False,False,False,False,False,False,False,True,True,False,False,False,False,False,1
99,1,400000.0,0.0,167000.0,1,1,1,1,2,0,1,1,0,1,0,0,6,0,0,1,99,99,3,24,1,0,6,0,24,44,20000.0,20000.0,0.0,0,0.0,0.0,0.0,501.0,0,0,True,False,False,False,True,False,False,True,True,False,False,False,False,False,False,False,False,False,False,False,False,False,False,False,False,False,False,True,False,False,False,True,False,False,0
99,1,162500.0,0.0,71132.0,1,0,2,0,0,0,0,0,0,0,0,0,4,2,0,1,45,40,0,67,0,0,6,0,17,13,15132.0,0.0,0.0,0,7560.0,0.0,0.0,501.0,0,8,True,False,False,False,True,False,False,True,False,False,False,True,False,False,False,False,False,False,False,False,False,False,False,False,False,False,False,True,True,False,False,False,False,False,1
99,0,999999.0,675.0,15189.0,1,1,1,1,0,0,0,0,0,0,2,1,5,3,1,1,13,1,0,40,1,0,7,0,22,18,15189.0,0.0,0.0,0,0.0,15189.0,0.0,103.0,1,1,True,False,False,False,True,False,False,True,False,False,False,True,False,False,False,False,False,False,False,False,False,False,False,False,False,False,False,True,False,False,True,False,False,False,1
99,1,162500.0,0.0,37218.0,1,1,0,0,0,0,0,0,0,0,2,1,2,0,0,1,99,99,0,64,1,0,6,0,30,44,32781.0,0.0,0.0,0,8939.0,0.0,0.0,448.0,0,7,True,False,False,False,True,False,False,True,False,False,False,True,False,False,False,False,False,False,False,False,False,False,False,False,False,False,False,True,False,False,True,False,False,False,1
99,1,400000.0,0.0,78366.0,1,1,1,1,2,0,1,1,0,1,0,0,4,0,0,1,99,99,1,24,1,0,8,0,61,93,7000.0,7000.0,0.0,0,0.0,0.0,0.0,501.0,0,0,True,False,False,False,True,False,False,True,True,False,False,False,False,False,False,False,False,False,False,False,False,False,False,False,False,False,False,True,False,False,False,True,False,False,1
99,1,400000.0,0.0,104145.0,1,1,1,1,0,0,0,0,0,0,2,1,4,2,0,1,28,27,0,63,1,0,8,0,44,81,32747.0,8529.0,0.0,0,5019.0,0.0,0.0,501.0,0,6,True,False,False,False,True,False,False,True,False,False,False,True,False,False,False,False,False,False,False,False,False,False,False,False,False,False,False,True,False,False,True,False,False,False,0
99,1,275000.0,0.0,90000.0,1,1,1,1,0,0,0,0,0,0,1,1,4,2,0,1,14,12,0,38,0,0,7,0,42,84,30000.0,30000.0,0.0,0,0.0,0.0,0.0,501.0,0,0,True,False,False,False,True,False,False,True,False,False,False,False,False,False,False,False,False,False,False,False,True,False,False,False,False,False,False,True,False,False,True,False,False,False,1
99,0,999999.0,537.0,12000.0,1,0,1,0,1,0,1,0,0,0,0,0,4,0,0,1,99,99,2,9,0,1,1,1,0,0,0.0,999999.0,999999.0,999999,99999.0,99999.0,99999.0,95.0,0,0,True,False,False,False,True,False,False,True,True,False,False,False,False,False,False,False,False,False,False,False,False,False,False,False,False,False,False,True,False,False,False,True,False,False,1
99,0,999999.0,875.0,20000.0,3,0,0,0,0,0,0,0,0,0,0,0,1,0,0,1,99,99,0,30,1,0,8,0,46,84,20000.0,20000.0,0.0,0,0.0,0.0,0.0,310.0,1,1,True,False,False,False,True,False,False,True,False,False,False,True,False,False,False,False,False,False,False,False,False,False,False,False,False,False,False,True,False,True,False,False,False,False,1
99,0,999999.0,537.0,8000.0,1,1,2,1,3,0,1,2,0,1,0,0,6,3,0,1,14,8,0,31,0,0,0,0,22,18,8000.0,8000.0,0.0,0,0.0,0.0,0.0,47.0,1,1,True,False,False,False,True,False,False,True,False,False,False,True,False,False,False,False,False,False,False,False,False,False,False,False,False,False,False,True,False,False,False,True,False,False,1
99,0,999999.0,362.0,26000.0,1,1,1,1,0,0,0,0,0,0,1,1,4,2,0,1,19,16,0,39,0,0,7,0,30,65,4000.0,4000.0,0.0,0,0.0,0.0,0.0,200.0,0,0,True,False,False,False,True,False,False,True,False,False,False,False,False,False,False,False,False,False,False,False,True,False,False,False,False,False,False,True,False,False,True,False,False,False,1
99,1,22500.0,0.0,23230.0,1,0,0,0,0,0,0,0,0,0,0,0,1,0,0,1,99,99,0,37,1,0,6,0,20,8,23230.0,23230.0,0.0,0,0.0,0.0,0.0,360.0,1,2,True,False,False,False,True,False,False,True,False,False,False,True,False,False,False,False,False,False,False,False,False,False,False,False,False,False,False,True,False,False,False,True,False,False,1
99,1,225000.0,0.0,39416.0,1,1,1,1,2,0,1,1,0,1,0,0,3,0,0,1,99,99,0,27,1,0,0,0,0,0,6014.0,0.0,0.0,0,0.0,6014.0,0.0,406.0,0,0,True,False,False,False,True,False,False,True,True,False,False,False,False,False,False,False,False,False,False,False,False,False,False,False,False,False,False,True,False,False,False,True,False,False,1
99,0,999999.0,575.0,23880.0,1,1,1,1,0,0,0,0,0,0,1,1,5,1,1,1,0,0,1,22,0,1,2,1,17,13,1800.0,0.0,1800.0,0,0.0,0.0,0.0,157.0,1,0,True,False,False,False,True,False,False,True,False,False,False,False,False,False,False,False,False,False,False,False,True,False,False,False,False,False,False,True,False,False,True,False,False,False,1
99,1,400000.0,0.0,359031.0,1,1,1,1,2,0,1,1,0,1,0,0,4,0,0,1,99,99,1,10,1,1,1,2,0,0,0.0,999999.0,999999.0,999999,99999.0,99999.0,99999.0,501.0,1,0,True,False,False,False,True,False,False,True,True,False,False,False,False,False,False,False,False,False,False,False,False,False,False,True,False,False,False,False,False,False,False,True,False,False,1
99,0,999999.0,412.0,22070.0,1,1,1,1,0,0,0,0,0,0,2,1,5,3,0,1,18,12,0,41,1,0,2,0,23,18,11000.0,11000.0,0.0,0,0.0,0.0,0.0,145.0,1,2,True,False,False,False,True,False,False,True,False,False,False,True,False,False,False,False,False,False,False,False,False,False,False,False,False,False,False,True,False,False,True,False,False,False,1
99,1,77500.0,0.0,24000.0,1,1,1,1,2,0,1,1,0,1,0,0,6,0,0,1,99,99,3,17,1,1,4,1,0,0,0.0,0.0,0.0,0,0.0,0.0,0.0,140.0,0,0,True,False,False,False,True,False,False,True,True,False,False,False,False,False,False,False,False,False,False,False,False,False,False,False,False,False,False,True,False,False,False,True,False,False,1
99,0,999999.0,312.0,29130.0,1,1,0,0,0,0,0,0,0,0,2,1,2,0,0,1,99,99,0,86,1,0,6,0,0,0,13841.0,0.0,0.0,0,6000.0,0.0,0.0,389.0,0,6,True,False,False,False,True,False,False,True,False,False,False,True,False,False,False,False,False,False,False,False,False,False,False,False,False,False,False,True,False,False,True,False,False,False,1
99,1,162500.0,0.0,61526.0,1,1,0,0,0,0,0,0,0,0,2,2,2,0,0,1,99,99,0,76,0,0,7,0,0,0,31416.0,0.0,0.0,0,2363.0,0.0,45.0,501.0,0,7,True,False,False,False,True,False,False,True,False,False,False,True,False,False,False,False,False,False,False,False,False,False,False,False,False,False,False,True,False,False,True,False,False,False,1
99,0,999999.0,725.0,37600.0,1,1,1,1,0,0,0,0,0,0,1,1,5,3,1,1,8,2,0,30,0,0,6,0,20,8,1600.0,1600.0,0.0,0,0.0,0.0,0.0,254.0,1,0,True,False,False,False,True,False,False,True,False,False,False,False,False,False,False,False,False,False,False,False,True,False,True,False,False,False,False,False,False,False,True,False,False,False,1
99,0,999999.0,537.0,28600.0,1,2,1,2,0,0,0,0,0,0,2,1,9,1,1,1,4,4,0,34,1,0,2,0,23,18,9880.0,9880.0,0.0,0,0.0,0.0,0.0,106.0,0,2,True,False,False,False,True,False,False,True,False,False,False,True,False,False,False,False,False,False,False,False,False,False,False,False,False,False,False,True,False,False,True,False,False,False,1
99,0,999999.0,437.0,22156.0,1,1,1,1,0,0,0,0,0,0,1,1,4,2,0,1,17,14,0,43,0,0,6,0,0,0,0.0,0.0,0.0,0,0.0,0.0,0.0,176.0,0,0,True,False,False,False,True,False,False,True,False,False,False,False,False,False,False,False,False,False,False,False,True,False,False,False,False,False,False,True,False,False,True,False,False,False,1
99,0,999999.0,875.0,40000.0,1,1,1,1,0,0,0,0,0,0,1,1,3,1,1,1,2,2,0,26,0,0,8,0,31,65,22000.0,22000.0,0.0,0,0.0,0.0,0.0,401.0,1,0,True,False,False,False,True,False,False,True,False,False,False,False,False,False,False,False,False,False,False,False,True,False,False,False,False,False,False,True,False,False,True,False,False,False,1
99,1,400000.0,0.0,296516.0,3,1,1,1,2,0,1,1,0,1,0,0,5,0,0,1,99,99,2,1,0,0,7,0,0,0,0.0,999999.0,999999.0,999999,99999.0,99999.0,99999.0,501.0,1,0,True,False,False,False,True,False,False,True,True,False,False,False,False,False,False,False,False,False,False,False,False,False,False,False,False,False,False,True,False,False,False,True,False,False,1
99,1,400000.0,0.0,225516.0,2,1,0,0,0,0,0,0,0,0,1,1,2,0,0,1,99,99,0,69,0,0,8,0,0,0,0.0,0.0,0.0,0,0.0,0.0,0.0,501.0,0,0,True,False,False,False,True,False,False,True,False,False,False,False,False,False,False,False,False,False,False,False,True,False,False,False,False,False,False,True,False,False,True,False,False,False,1
99,0,999999.0,412.0,13600.0,2,0,1,0,1,0,1,0,0,0,0,0,3,0,0,1,99,99,0,0,0,0,7,0,0,0,0.0,999999.0,999999.0,999999,99999.0,99999.0,99999.0,136.0,1,0,True,False,False,False,True,False,False,True,True,False,False,False,False,False,False,False,False,False,False,False,False,False,False,False,False,False,False,True,False,False,False,True,False,False,1
99,0,999999.0,675.0,90200.0,1,4,2,2,0,0,0,0,0,0,0,0,12,0,0,1,99,99,3,18,1,0,2,0,22,18,11200.0,11200.0,0.0,0,0.0,0.0,0.0,327.0,0,0,True,False,False,False,True,False,False,True,False,False,False,False,False,False,False,False,False,False,False,True,False,False,False,False,False,False,False,True,False,False,False,True,False,False,1
99,0,999999.0,1000.0,34700.0,1,1,1,1,2,0,1,1,0,1,0,0,5,0,0,1,99,99,2,4,1,1,0,2,0,0,0.0,999999.0,999999.0,999999,99999.0,99999.0,99999.0,234.0,1,0,True,False,False,False,True,False,False,True,True,False,False,False,False,False,False,False,False,False,False,False,False,False,False,False,False,False,False,True,False,False,False,True,False,False,1
99,0,999999.0,575.0,32335.0,1,0,0,0,0,0,0,0,0,0,0,0,1,0,0,1,99,99,0,70,0,0,8,0,14,26,32335.0,1640.0,1600.0,0,0.0,0.0,0.0,501.0,0,5,True,False,False,False,True,False,False,True,False,False,False,True,False,False,False,False,False,False,False,False,False,False,False,False,False,False,False,True,False,False,False,True,False,False,0
99,0,999999.0,387.0,15405.0,1,1,1,1,0,0,0,0,0,0,2,1,4,2,0,1,16,6,0,54,1,0,1,0,20,8,15000.0,15000.0,0.0,0,0.0,0.0,0.0,123.0,0,5,True,False,False,False,True,False,False,True,False,False,False,True,False,False,False,False,False,False,False,False,False,False,False,False,False,False,False,True,False,False,True,False,False,False,1
99,0,999999.0,725.0,39741.0,1,1,0,0,0,0,0,0,0,0,1,1,3,0,0,1,99,99,0,28,0,1,7,1,24,44,10000.0,0.0,0.0,0,0.0,0.0,10000.0,410.0,1,0,True,False,False,False,True,False,False,True,False,False,False,False,False,False,False,False,False,False,False,False,True,False,False,False,True,False,False,False,False,False,True,False,False,False,1
99,1,17500.0,0.0,21000.0,1,0,0,0,0,0,0,0,0,0,0,0,1,0,0,1,99,99,0,71,1,0,6,0,0,0,21000.0,0.0,0.0,0,7200.0,0.0,0.0,353.0,0,6,True,False,False,False,True,False,False,True,False,False,False,True,False,False,False,False,False,False,False,False,False,False,False,False,False,False,False,True,True,False,False,False,False,False,1
99,0,999999.0,487.0,42500.0,1,1,1,1,0,0,0,0,0,0,1,1,7,5,0,1,17,5,0,37,0,0,1,0,22,18,8800.0,8000.0,0.0,0,0.0,0.0,800.0,229.0,1,0,True,False,False,False,True,False,False,True,False,False,False,False,False,False,False,False,False,False,False,False,True,False,False,False,False,False,False,True,False,False,True,False,False,False,1
99,0,999999.0,337.0,13653.0,1,1,1,1,1,0,1,2,0,1,0,0,5,0,0,1,99,99,2,3,0,0,0,0,0,0,0.0,999999.0,999999.0,999999,99999.0,99999.0,99999.0,92.0,1,0,True,False,False,False,True,False,False,True,True,False,False,False,False,False,False,False,False,False,False,False,False,False,False,False,False,False,False,True,False,False,False,True,False,False,1
99,0,999999.0,725.0,25000.0,2,0,0,1,0,0,0,1,0,1,0,0,3,0,0,1,99,99,1,4,1,0,0,0,0,0,0.0,999999.0,999999.0,999999,99999.0,99999.0,99999.0,250.0,1,0,True,False,False,False,True,False,False,True,True,False,False,False,False,False,False,False,False,False,False,False,False,False,False,False,False,False,False,True,False,False,False,True,False,False,1
99,1,187500.0,0.0,66000.0,1,1,1,1,2,0,1,1,0,1,0,0,4,0,0,1,99,99,1,5,1,0,0,0,0,0,0.0,999999.0,999999.0,999999,99999.0,99999.0,99999.0,501.0,1,0,True,False,False,False,True,False,False,True,True,False,False,False,False,False,False,False,False,False,False,False,False,False,False,False,False,False,False,True,False,False,False,True,False,False,1
99,1,400000.0,0.0,96500.0,1,1,1,1,2,0,1,1,0,1,0,0,4,0,0,1,99,99,1,17,0,1,5,1,11,16,2000.0,2000.0,0.0,0,0.0,0.0,0.0,501.0,0,0,True,False,False,False,True,False,False,True,True,False,False,False,False,False,False,False,False,False,False,False,False,False,False,False,False,False,False,True,False,False,False,True,False,False,1
99,0,999999.0,0.0,999999.0,1,0,0,0,0,0,0,0,0,0,0,0,1,0,0,1,99,99,0,39,1,0,2,0,28,19,18800.0,18800.0,0.0,0,0.0,0.0,0.0,0.0,0,0,False,False,True,False,False,True,False,True,False,False,False,False,False,True,False,False,False,False,False,False,False,False,False,False,False,False,False,True,False,True,False,False,False,False,0
99,0,999999.0,575.0,47688.0,1,1,0,0,0,0,0,0,0,0,1,1,2,0,0,1,99,99,0,69,0,0,6,0,0,0,14170.0,0.0,0.0,0,0.0,6970.0,0.0,501.0,0,0,True,False,False,False,True,False,False,True,False,False,False,False,False,False,False,False,False,False,False,False,True,False,False,False,False,False,False,True,False,False,True,False,False,False,1
99,0,999999.0,437.0,14500.0,1,1,0,0,0,0,0,0,0,0,1,1,2,0,0,1,99,99,0,29,0,1,8,1,41,84,12000.0,12000.0,0.0,0,0.0,0.0,0.0,175.0,1,0,True,False,False,False,True,False,False,True,False,False,False,False,False,False,False,False,False,False,False,False,True,False,False,False,False,True,False,False,False,False,True,False,False,False,0
99,0,999999.0,875.0,28125.0,1,1,1,1,0,0,0,0,0,0,0,0,13,0,0,1,99,99,0,2,0,0,7,0,0,0,0.0,999999.0,999999.0,999999,99999.0,99999.0,99999.0,117.0,1,0,True,False,False,False,True,False,False,True,False,False,False,False,False,False,True,False,False,False,False,False,False,False,False,False,False,False,False,True,False,False,False,True,False,False,1
99,1,162500.0,0.0,18730.0,1,1,0,0,0,0,0,0,0,0,2,1,2,0,0,1,99,99,0,66,1,0,3,0,28,25,11530.0,0.0,6530.0,0,0.0,0.0,0.0,250.0,0,7,True,False,False,False,True,False,False,True,False,False,False,True,False,False,False,False,False,False,False,False,False,False,False,False,False,False,False,True,False,False,True,False,False,False,1
99,0,999999.0,675.0,36000.0,2,0,1,0,0,0,0,0,0,0,0,0,3,2,0,1,36,28,0,68,0,1,2,1,0,0,0.0,0.0,0.0,0,0.0,0.0,0.0,371.0,1,0,True,False,False,False,True,False,False,True,False,False,False,False,False,False,False,True,False,False,False,False,False,False,False,False,False,False,False,True,False,False,False,False,False,True,1
99,1,350000.0,0.0,26066.0,1,0,1,0,1,0,1,0,0,0,0,0,3,0,0,1,99,99,1,13,0,1,2,1,0,0,0.0,999999.0,999999.0,999999,99999.0,99999.0,99999.0,261.0,1,0,True,False,False,False,True,False,False,True,True,False,False,False,False,False,False,False,False,False,False,False,False,False,False,False,False,False,False,True,False,False,False,True,False,False,1
99,0,999999.0,625.0,6824.0,1,1,0,0,0,0,0,0,0,0,0,0,6,0,0,1,99,99,4,16,1,1,2,1,0,0,0.0,0.0,0.0,0,0.0,0.0,0.0,39.0,1,0,True,False,False,False,True,False,False,True,False,False,False,False,False,False,False,False,False,False,True,False,False,False,False,True,False,False,False,False,False,False,False,True,False,False,1
99,1,187500.0,0.0,65000.0,1,1,1,1,2,0,1,1,0,1,0,0,5,0,0,1,99,99,2,12,1,1,2,1,0,0,0.0,999999.0,999999.0,999999,99999.0,99999.0,99999.0,429.0,0,0,True,False,False,False,True,False,False,True,True,False,False,False,False,False,False,False,False,False,False,False,False,False,True,False,False,False,False,False,False,False,False,True,False,False,1
99,0,999999.0,537.0,25628.0,1,0,1,0,1,0,1,0,0,0,0,0,2,0,0,1,99,99,0,4,0,1,0,2,0,0,0.0,999999.0,999999.0,999999,99999.0,99999.0,99999.0,300.0,1,0,True,False,False,False,True,False,False,True,True,False,False,False,False,False,False,False,False,False,False,False,False,False,True,False,False,False,False,False,False,False,False,True,False,False,1
99,1,187500.0,0.0,60000.0,1,1,1,1,0,0,0,0,0,0,1,1,3,1,0,1,23,23,0,51,0,0,8,0,24,44,30000.0,30000.0,0.0,0,0.0,0.0,0.0,501.0,0,0,True,False,False,False,True,False,False,True,False,False,False,False,False,False,False,False,False,False,False,False,True,False,False,False,True,False,False,False,False,False,True,False,False,False,1
99,0,999999.0,362.0,8398.0,1,1,1,1,0,0,0,0,0,0,1,1,4,2,1,1,5,4,0,27,0,0,2,0,0,0,5998.0,0.0,0.0,0,0.0,5998.0,0.0,67.0,1,0,True,False,False,False,True,False,False,True,False,False,False,False,False,False,False,False,False,False,False,False,True,False,False,False,False,False,False,True,False,False,True,False,False,False,1
99,0,999999.0,875.0,24000.0,4,0,1,0,0,0,0,0,0,0,0,0,3,2,0,3,14,7,0,37,0,0,6,0,22,61,25620.0,24900.0,0.0,0,0.0,0.0,720.0,256.0,1,0,True,False,False,False,True,False,False,True,False,False,False,False,False,False,False,False,False,True,False,False,False,False,False,False,False,False,False,True,False,False,False,True,False,False,0
99,0,999999.0,875.0,11300.0,1,1,0,0,0,0,0,0,0,0,2,1,2,0,0,1,99,99,0,67,1,0,7,0,22,10,8600.0,1800.0,0.0,0,6200.0,0.0,0.0,151.0,0,5,True,False,False,False,True,False,False,True,False,False,False,True,False,False,False,False,False,False,False,False,False,False,False,False,False,False,False,True,False,False,True,False,False,False,1
99,1,162500.0,0.0,7080.0,2,1,2,1,3,0,2,0,0,0,0,0,6,0,0,1,99,99,2,5,0,1,0,1,0,0,0.0,999999.0,999999.0,999999,99999.0,99999.0,99999.0,41.0,1,0,True,False,False,False,True,False,False,True,False,False,True,False,False,False,False,False,False,False,False,False,False,False,False,False,False,False,False,True,False,False,False,True,False,False,1
99,1,275000.0,0.0,64200.0,1,1,1,1,0,0,0,0,0,0,2,1,4,2,0,1,15,8,0,38,1,0,6,0,41,68,64200.0,64000.0,0.0,0,0.0,0.0,0.0,501.0,1,2,True,False,False,False,True,False,False,True,False,False,False,True,False,False,False,False,False,False,False,False,False,False,False,False,False,False,False,True,False,False,True,False,False,False,1
99,1,162500.0,0.0,52600.0,1,2,1,1,0,0,0,0,0,0,1,1,6,0,0,1,99,99,0,31,0,1,2,1,25,44,13000.0,13000.0,0.0,0,0.0,0.0,0.0,302.0,0,0,True,False,False,False,True,False,False,True,False,False,False,False,False,False,False,False,False,False,False,False,True,False,False,False,False,False,False,True,False,False,True,False,False,False,1
99,1,137500.0,0.0,8400.0,1,1,0,0,0,0,0,0,0,0,1,2,2,0,0,1,99,99,0,79,1,0,7,0,0,0,8400.0,0.0,0.0,0,8400.0,0.0,0.0,112.0,0,0,True,False,False,False,True,False,False,True,False,False,False,False,False,False,False,False,False,False,False,False,True,False,False,False,False,False,False,True,False,False,True,False,False,False,1
99,1,187500.0,0.0,65000.0,1,1,1,1,0,0,0,0,0,0,2,1,3,1,1,1,1,1,0,32,1,0,7,0,48,87,25000.0,25000.0,0.0,0,0.0,0.0,0.0,501.0,1,2,True,False,False,False,True,False,False,True,False,False,False,True,False,False,False,False,False,False,False,False,False,False,False,False,False,False,False,True,False,False,True,False,False,False,1
99,0,999999.0,282.0,64973.0,1,1,0,0,0,0,0,0,0,0,1,1,2,0,0,1,99,99,0,45,0,0,8,0,35,63,34526.0,32947.0,0.0,0,0.0,0.0,0.0,501.0,0,0,True,False,False,False,True,False,False,True,False,False,False,False,False,False,False,False,False,False,False,False,True,False,False,False,False,False,False,True,False,False,True,False,False,False,1
99,1,137500.0,0.0,53060.0,1,1,1,1,0,0,0,0,0,0,1,1,5,3,0,1,10,5,0,38,0,1,7,1,36,66,26560.0,26200.0,0.0,0,0.0,0.0,0.0,359.0,1,0,True,False,False,False,True,False,False,True,False,False,False,False,False,False,False,False,False,False,False,False,True,False,True,False,False,False,False,False,False,False,True,False,False,False,1
99,1,400000.0,0.0,88363.0,4,0,1,0,1,0,1,0,0,0,0,0,2,0,0,1,99,99,0,27,1,0,8,0,22,51,5500.0,5000.0,500.0,0,0.0,0.0,0.0,501.0,0,0,True,False,False,False,True,False,False,True,True,False,False,False,False,False,False,False,False,False,False,False,False,False,False,False,False,False,False,True,False,False,False,True,False,False,0
99,0,999999.0,512.0,10400.0,1,0,1,0,1,0,1,0,0,0,0,0,3,0,0,1,99,99,0,0,1,0,7,0,0,0,0.0,999999.0,999999.0,999999,99999.0,99999.0,99999.0,104.0,1,0,True,False,False,False,True,False,False,True,True,False,False,False,False,False,False,False,False,False,False,False,False,False,False,False,False,False,False,True,False,False,False,True,False,False,1
99,1,112500.0,0.0,76000.0,1,1,1,1,2,0,1,1,0,1,0,0,4,0,0,1,99,99,1,0,1,0,7,0,0,0,0.0,999999.0,999999.0,999999,99999.0,99999.0,99999.0,501.0,1,0,True,False,False,False,True,False,False,True,True,False,False,False,False,False,False,False,False,False,False,False,False,False,False,False,False,False,False,True,False,False,False,True,False,False,1
99,1,350000.0,0.0,62000.0,1,1,1,1,2,0,1,1,0,1,0,0,5,0,0,1,99,99,2,5,0,1,0,1,0,0,0.0,999999.0,999999.0,999999,99999.0,99999.0,99999.0,419.0,1,0,True,False,False,False,True,False,False,True,True,False,False,False,False,False,False,False,False,False,False,False,False,False,False,False,False,False,False,True,False,False,False,True,False,False,1
99,1,400000.0,0.0,36701.0,1,1,0,0,0,0,0,0,0,0,1,1,2,0,0,1,99,99,0,62,0,0,7,0,0,0,9107.0,0.0,0.0,0,0.0,0.0,0.0,442.0,0,0,True,False,False,False,True,False,False,True,False,False,False,False,False,False,False,False,False,False,False,False,True,False,False,False,False,False,False,True,False,False,True,False,False,False,1
99,0,999999.0,512.0,51749.0,1,1,2,1,1,0,1,2,0,1,0,0,8,0,0,1,99,99,1,7,1,1,1,1,0,0,0.0,999999.0,999999.0,999999,99999.0,99999.0,99999.0,233.0,1,0,True,False,False,False,True,False,False,True,True,False,False,False,False,False,False,False,False,False,False,False,False,False,False,False,False,False,False,True,False,False,False,True,False,False,1
99,0,999999.0,512.0,36662.0,1,1,0,0,0,0,0,0,0,0,1,1,2,0,0,1,99,99,0,63,0,0,6,0,0,0,27772.0,0.0,0.0,0,0.0,0.0,0.0,442.0,1,0,True,False,False,False,True,False,False,True,False,False,False,False,False,False,False,False,False,False,False,False,True,False,True,False,False,False,False,False,False,False,True,False,False,False,1
99,0,999999.0,875.0,39320.0,1,1,1,1,0,0,0,0,0,0,2,1,3,1,0,1,18,18,0,45,1,0,6,0,33,44,13517.0,7941.0,0.0,0,0.0,0.0,1376.0,405.0,0,5,True,False,False,False,True,False,False,True,False,False,False,True,False,False,False,False,False,False,False,False,False,False,False,False,False,True,False,False,False,False,True,False,False,False,1
99,1,400000.0,0.0,123515.0,3,0,0,1,0,0,0,0,0,0,0,0,3,2,1,1,5,4,0,45,1,0,6,0,16,15,123515.0,0.0,123515.0,0,0.0,0.0,0.0,501.0,0,2,True,False,False,False,True,False,False,True,False,False,False,True,False,False,False,False,False,False,False,False,False,False,False,False,False,False,False,True,False,False,False,False,True,False,1
99,1,187500.0,0.0,69600.0,1,1,1,1,0,0,0,0,0,0,1,1,5,3,0,1,30,10,0,50,0,0,7,0,22,61,17000.0,17000.0,0.0,0,0.0,0.0,0.0,445.0,0,0,True,False,False,False,True,False,False,True,False,False,False,False,False,False,False,False,False,False,False,False,True,False,False,False,False,False,False,True,False,False,True,False,False,False,1
99,1,162500.0,0.0,77783.0,1,1,1,1,0,0,0,0,0,0,2,1,4,2,0,1,17,13,0,43,1,1,8,1,37,78,57341.0,52078.0,4370.0,0,0.0,0.0,0.0,501.0,0,6,True,False,False,False,True,False,False,True,False,False,False,True,False,False,False,False,False,False,False,False,False,False,False,False,False,False,False,True,False,False,True,False,False,False,1
99,1,400000.0,0.0,222839.0,1,1,1,1,2,0,1,1,3,1,0,0,4,0,0,1,99,99,1,19,0,1,7,1,17,26,2000.0,2000.0,0.0,0,0.0,0.0,0.0,501.0,0,0,True,False,False,False,True,False,False,True,True,False,False,False,False,False,False,False,False,False,False,False,False,False,False,False,False,False,False,True,False,False,False,True,False,False,1
99,1,275000.0,0.0,118674.0,1,2,1,1,2,7,1,1,0,1,0,0,9,0,0,1,99,99,3,15,0,1,3,1,0,0,150.0,999999.0,999999.0,999999,0.0,0.0,150.0,436.0,1,0,True,False,False,False,True,False,False,True,True,False,False,False,False,False,False,False,False,False,False,False,False,False,False,False,False,True,False,False,False,False,False,True,False,False,1
99,0,999999.0,387.0,7560.0,1,0,0,0,0,0,0,0,0,0,0,0,1,0,0,1,99,99,0,37,0,0,6,0,0,0,7560.0,0.0,0.0,0,0.0,7560.0,0.0,117.0,1,5,True,False,False,False,True,False,False,True,False,False,False,True,False,False,False,False,False,False,False,False,False,False,False,False,False,False,False,True,False,False,False,False,True,False,1
99,1,225000.0,0.0,15000.0,2,1,1,1,2,0,1,1,0,1,0,0,6,0,0,1,99,99,3,7,0,1,1,1,0,0,0.0,999999.0,999999.0,999999,99999.0,99999.0,99999.0,91.0,1,0,True,False,False,False,True,False,False,True,True,False,False,False,False,False,False,False,False,False,False,False,False,False,False,False,False,False,False,True,False,False,False,True,False,False,1
99,0,999999.0,462.0,25500.0,1,1,1,1,0,0,0,0,0,0,1,1,3,1,1,1,2,2,0,27,0,0,2,0,15,15,12500.0,12500.0,0.0,0,0.0,0.0,0.0,255.0,1,0,True,False,False,False,True,False,False,True,False,False,False,False,False,False,False,False,False,False,False,False,True,False,False,False,False,False,False,True,False,False,True,False,False,False,1
99,1,187500.0,0.0,82140.0,2,1,0,0,0,0,0,0,0,0,2,1,2,0,0,1,99,99,0,45,1,0,8,0,35,63,34140.0,34140.0,0.0,0,0.0,0.0,0.0,501.0,0,5,True,False,False,False,True,False,False,True,False,False,False,True,False,False,False,False,False,False,False,False,False,False,False,False,False,False,False,True,False,False,True,False,False,False,1
99,1,77500.0,0.0,14170.0,1,0,0,0,0,0,0,0,0,0,0,0,2,0,0,1,99,99,1,77,0,0,6,0,0,0,8750.0,0.0,0.0,0,5750.0,0.0,0.0,189.0,0,8,True,False,False,False,True,False,False,True,False,False,False,True,False,False,False,False,False,False,False,False,False,False,False,False,False,False,False,True,False,False,False,True,False,False,1
99,0,999999.0,875.0,29440.0,2,0,3,0,1,0,1,0,0,0,0,0,7,0,0,1,99,99,3,19,1,0,5,0,20,8,10000.0,10000.0,0.0,0,0.0,0.0,0.0,153.0,1,0,True,False,False,False,True,False,False,True,True,False,False,False,False,False,False,False,False,False,False,False,False,False,False,False,False,False,False,True,False,False,False,True,False,False,1
99,1,400000.0,0.0,198516.0,1,1,1,1,2,0,1,1,0,1,0,0,4,0,0,1,99,99,1,12,1,1,2,1,0,0,0.0,999999.0,999999.0,999999,99999.0,99999.0,99999.0,501.0,0,0,True,False,False,False,True,False,False,True,True,False,False,False,False,False,False,False,False,False,False,False,False,False,False,False,False,False,False,True,False,False,False,True,False,False,1
99,0,999999.0,875.0,32000.0,2,0,0,1,0,0,0,1,0,1,0,0,2,0,0,1,99,99,0,0,1,0,7,0,0,0,0.0,999999.0,999999.0,999999,99999.0,99999.0,99999.0,374.0,1,0,True,False,False,False,True,False,False,True,True,False,False,False,False,False,False,False,False,False,False,False,False,False,False,False,False,False,False,True,False,False,False,True,False,False,1
99,0,999999.0,875.0,13000.0,4,0,0,0,0,0,0,0,0,0,0,0,1,0,0,4,99,99,0,27,1,0,3,0,26,22,3000.0,3000.0,0.0,0,0.0,0.0,0.0,47.0,1,0,True,False,False,False,True,False,False,True,False,False,False,False,False,False,False,False,False,True,False,False,False,False,False,False,False,False,False,True,False,False,False,True,False,False,0
99,0,999999.0,625.0,20000.0,1,0,1,0,1,0,1,0,0,0,0,0,2,0,0,1,99,99,0,1,0,0,7,0,0,0,0.0,999999.0,999999.0,999999,99999.0,99999.0,99999.0,234.0,1,0,True,False,False,False,True,False,False,True,True,False,False,False,False,False,False,False,False,False,False,False,False,False,False,False,False,False,False,True,False,False,False,True,False,False,1
99,1,400000.0,0.0,53500.0,2,1,1,1,0,0,0,0,0,0,1,1,4,2,1,1,10,0,0,41,0,0,8,0,24,47,3500.0,0.0,3500.0,0,0.0,0.0,0.0,425.0,0,0,True,False,False,False,True,False,False,True,False,False,False,False,False,False,False,False,False,False,False,False,True,False,False,False,False,False,False,True,False,False,True,False,False,False,1
99,1,137500.0,0.0,31500.0,1,0,0,0,0,0,0,0,0,0,0,0,1,0,0,1,99,99,0,51,0,0,7,0,37,49,31500.0,30000.0,0.0,0,0.0,0.0,0.0,488.0,0,5,True,False,False,False,True,False,False,True,False,False,False,True,False,False,False,False,False,False,False,False,False,False,True,False,False,False,False,False,False,False,False,False,False,True,1
99,1,400000.0,0.0,77512.0,1,1,2,1,2,0,1,1,0,1,0,0,4,0,0,1,99,99,0,24,0,0,6,0,41,68,19000.0,19000.0,0.0,0,0.0,0.0,0.0,501.0,0,0,True,False,False,False,True,False,False,True,True,False,False,False,False,False,False,False,False,False,False,False,False,False,False,False,False,False,False,True,False,False,False,True,False,False,0
99,1,275000.0,0.0,75160.0,1,0,1,0,2,0,1,0,0,0,0,0,3,0,0,1,99,99,1,37,0,1,8,2,38,68,48400.0,43900.0,0.0,0,0.0,0.0,0.0,501.0,1,2,True,False,False,False,True,False,False,True,False,False,False,True,False,False,False,False,False,False,False,False,False,False,False,False,False,False,False,True,True,False,False,False,False,False,1
99,0,999999.0,625.0,56940.0,7,4,3,4,0,0,0,0,0,0,0,0,17,3,0,1,23,17,0,43,1,0,1,0,20,8,20000.0,20000.0,0.0,0,0.0,0.0,0.0,238.0,0,0,True,False,False,False,True,False,False,True,False,False,False,False,False,False,False,True,False,False,False,False,False,False,False,False,False,False,False,True,False,True,False,False,False,False,1
99,0,999999.0,162.0,8812.0,1,0,0,0,0,0,0,0,0,0,0,0,1,0,0,1,99,99,0,69,1,0,6,0,24,47,8812.0,520.0,0.0,0,8292.0,0.0,0.0,148.0,1,6,True,False,False,False,True,False,False,True,False,False,False,True,False,False,False,False,False,False,False,False,False,False,False,False,False,False,False,True,True,False,False,False,False,False,1
99,1,400000.0,0.0,260516.0,1,1,1,1,0,0,0,0,0,0,1,1,4,2,0,1,24,21,0,54,0,0,8,0,0,0,0.0,0.0,0.0,0,0.0,0.0,0.0,501.0,0,0,True,False,False,False,True,False,False,True,False,False,False,False,False,False,False,False,False,False,False,False,True,False,False,False,False,False,False,True,False,False,True,False,False,False,1
99,0,999999.0,487.0,11900.0,1,0,1,0,1,0,1,0,0,0,0,0,3,0,0,1,99,99,1,15,1,1,3,1,0,0,0.0,999999.0,999999.0,999999,0.0,0.0,0.0,119.0,0,0,True,False,False,False,True,False,False,True,True,False,False,False,False,False,False,False,False,False,False,False,False,False,True,False,False,False,False,False,False,False,False,True,False,False,1
99,1,275000.0,0.0,21000.0,1,1,0,0,0,0,0,0,0,0,1,1,2,0,0,1,99,99,0,61,0,0,2,0,0,0,0.0,0.0,0.0,0,0.0,0.0,0.0,253.0,0,0,True,False,False,False,True,False,False,True,False,False,False,False,False,False,False,False,False,False,False,False,True,False,False,False,False,False,False,True,False,False,True,False,False,False,1
99,0,999999.0,675.0,22000.0,1,1,0,0,0,0,0,0,0,0,2,1,2,0,0,1,99,99,0,22,1,0,6,0,25,15,10000.0,10000.0,0.0,0,0.0,0.0,0.0,265.0,1,2,True,False,False,False,True,False,False,True,False,False,False,True,False,False,False,False,False,False,False,False,False,False,True,False,False,False,False,False,False,False,True,False,False,False,1
99,1,225000.0,0.0,35625.0,1,1,2,1,8,0,2,0,0,0,0,0,9,0,0,1,99,99,0,1,0,0,7,0,0,0,0.0,999999.0,999999.0,999999,99999.0,99999.0,99999.0,139.0,1,0,True,False,False,False,True,False,False,True,False,False,True,False,False,False,False,False,False,False,False,False,False,False,False,False,False,False,False,True,False,False,False,True,False,False,1
99,1,400000.0,0.0,81085.0,1,2,2,2,0,0,0,0,0,0,1,1,6,1,0,1,23,23,0,48,0,0,6,0,41,68,11412.0,11412.0,0.0,0,0.0,0.0,0.0,457.0,0,0,True,False,False,False,True,False,False,True,False,False,False,False,False,False,False,False,False,False,False,False,True,False,False,False,False,False,False,True,False,False,True,False,False,False,0
99,0,999999.0,437.0,41069.0,1,1,1,1,0,0,0,0,0,0,0,0,5,0,0,1,99,99,0,25,0,1,7,1,0,0,0.0,0.0,0.0,0,0.0,0.0,0.0,262.0,1,0,True,False,False,False,True,False,False,True,False,False,False,False,False,False,True,False,False,False,False,False,False,False,False,False,False,False,False,True,False,False,False,True,False,False,1
99,0,999999.0,1000.0,37268.0,1,0,0,0,0,0,0,0,0,0,0,0,1,0,0,1,99,99,0,53,0,0,6,0,11,16,37268.0,14817.0,0.0,0,0.0,0.0,0.0,501.0,0,2,True,False,False,False,True,False,False,True,False,False,False,True,False,False,False,False,False,False,False,False,False,False,True,False,False,False,False,False,False,False,False,True,False,False,0
99,1,32500.0,0.0,50000.0,1,1,1,1,0,0,0,0,0,0,0,0,4,0,0,1,99,99,0,22,1,1,6,2,0,0,0.0,0.0,0.0,0,0.0,0.0,0.0,385.0,1,0,True,False,False,False,True,False,False,True,False,False,False,False,False,False,True,False,False,False,False,False,False,False,False,False,False,True,False,False,False,False,False,True,False,False,1
99,0,999999.0,575.0,0.0,2,0,0,0,0,0,0,0,0,0,0,0,1,0,0,2,99,99,0,32,1,0,6,0,23,18,5000.0,5000.0,0.0,0,0.0,0.0,0.0,78.0,1,0,True,False,False,False,True,False,False,True,False,False,False,False,False,False,False,False,False,True,False,False,False,False,True,False,False,False,False,False,False,False,False,True,False,False,1
99,0,999999.0,412.0,25000.0,2,1,1,1,0,0,0,0,0,0,0,0,1,0,0,2,99,99,0,22,0,0,0,0,22,18,0.0,0.0,0.0,0,0.0,0.0,0.0,1.0,1,0,True,False,False,False,True,False,False,True,False,False,False,False,False,False,False,False,False,True,False,False,False,False,False,False,False,False,False,True,False,False,False,True,False,False,1
99,1,350000.0,0.0,85000.0,1,1,1,1,0,0,0,0,0,0,1,1,4,2,0,1,13,7,0,43,0,0,8,0,24,47,23000.0,23000.0,0.0,0,0.0,0.0,0.0,501.0,1,0,True,False,False,False,True,False,False,True,False,False,False,False,False,False,False,False,False,False,False,False,True,False,False,False,False,False,False,True,False,False,True,False,False,False,1
99,0,999999.0,437.0,13000.0,1,1,1,1,2,0,1,1,0,1,0,0,3,0,0,1,99,99,0,7,0,1,1,1,0,0,0.0,999999.0,999999.0,999999,99999.0,99999.0,99999.0,130.0,1,0,True,False,False,False,True,False,False,True,True,False,False,False,False,False,False,False,False,False,False,False,False,False,False,False,False,False,False,True,False,False,False,True,False,False,1
99,0,999999.0,487.0,18097.0,2,0,1,0,0,0,0,0,0,0,0,0,2,0,0,1,99,99,1,27,1,1,2,1,18,44,16297.0,16297.0,0.0,0,0.0,0.0,0.0,218.0,1,1,True,False,False,False,True,False,False,True,False,False,False,True,False,False,False,False,False,False,False,False,False,False,False,False,False,False,False,True,False,False,False,True,False,False,1
99,1,137500.0,0.0,0.0,2,0,0,1,0,0,0,0,0,0,0,0,1,0,0,2,99,99,0,26,0,1,6,1,0,0,0.0,0.0,0.0,0,0.0,0.0,0.0,1.0,0,0,True,False,False,False,True,False,False,True,False,False,False,False,False,False,False,False,False,True,False,False,False,False,False,False,False,False,False,True,False,False,False,True,False,False,1
99,1,162500.0,0.0,73731.0,2,1,3,1,2,0,1,1,0,1,0,0,7,0,0,1,99,99,2,22,1,0,6,0,16,15,0.0,0.0,0.0,0,0.0,0.0,0.0,367.0,0,0,True,False,False,False,True,False,False,True,True,False,False,False,False,False,False,False,False,False,False,False,False,False,False,False,False,False,False,True,False,False,False,True,False,False,1
99,1,350000.0,0.0,67000.0,1,1,1,1,2,0,1,1,0,1,0,0,4,0,0,1,99,99,1,10,0,1,2,1,0,0,0.0,999999.0,999999.0,999999,99999.0,99999.0,99999.0,501.0,1,0,True,False,False,False,True,False,False,True,True,False,False,False,False,False,False,False,False,False,False,False,False,False,False,False,False,True,False,False,False,False,False,True,False,False,1
99,0,999999.0,412.0,12000.0,1,0,0,0,0,0,0,0,0,0,0,0,1,0,0,1,99,99,0,52,0,1,7,1,30,44,12000.0,12000.0,0.0,0,0.0,0.0,0.0,186.0,0,2,True,False,False,False,True,False,False,True,False,False,False,True,False,False,False,False,False,False,False,False,False,False,False,False,False,False,False,True,True,False,False,False,False,False,1
99,1,112500.0,0.0,43000.0,1,1,1,1,2,0,1,1,0,1,0,0,10,0,0,1,99,99,7,11,1,1,2,1,0,0,0.0,999999.0,999999.0,999999,99999.0,99999.0,99999.0,172.0,0,0,True,False,False,False,True,False,False,True,True,False,False,False,False,False,False,False,False,False,False,False,False,False,False,False,False,False,False,True,False,False,False,True,False,False,1
99,1,162500.0,0.0,30000.0,1,1,0,0,0,0,0,0,0,0,1,1,4,0,0,1,99,99,0,37,0,0,2,0,20,8,13000.0,13000.0,0.0,0,0.0,0.0,0.0,239.0,0,0,True,False,False,False,True,False,False,True,False,False,False,False,False,False,False,False,False,False,False,False,True,False,False,False,False,False,True,False,False,False,True,False,False,False,1
99,1,112500.0,0.0,400.0,2,0,0,0,0,0,0,0,0,0,0,0,1,0,0,2,99,99,0,59,0,0,2,0,25,18,13000.0,13000.0,0.0,0,0.0,0.0,0.0,202.0,1,0,True,False,False,False,True,False,False,True,False,False,False,False,False,True,False,False,False,False,False,False,False,False,True,False,False,False,False,False,True,False,False,False,False,False,1
99,1,275000.0,0.0,37240.0,1,1,2,1,0,0,0,0,0,0,1,1,5,1,0,1,40,40,0,63,0,0,5,0,0,0,0.0,0.0,0.0,0,0.0,0.0,0.0,246.0,0,0,True,False,False,False,True,False,False,True,False,False,False,False,False,False,False,False,False,False,False,False,True,False,False,False,False,False,False,True,False,False,True,False,False,False,1
99,0,999999.0,312.0,2845.0,1,0,1,0,1,0,1,0,0,0,0,0,6,0,0,1,99,99,4,15,1,1,2,1,0,0,0.0,999999.0,999999.0,999999,0.0,0.0,0.0,17.0,1,0,True,False,False,False,True,False,False,True,True,False,False,False,False,False,False,False,False,False,False,False,False,False,False,False,False,False,False,True,False,False,False,True,False,False,1
99,1,225000.0,0.0,52000.0,1,1,1,1,2,0,1,1,0,1,0,0,3,0,0,1,99,99,0,7,1,1,1,2,0,0,0.0,999999.0,999999.0,999999,99999.0,99999.0,99999.0,501.0,0,0,True,False,False,False,True,False,False,True,True,False,False,False,False,False,False,False,False,False,False,False,False,False,False,False,False,False,False,True,False,False,False,True,False,False,1
99,1,350000.0,0.0,241516.0,1,1,1,1,2,0,1,1,0,1,0,0,4,0,0,1,99,99,1,16,1,1,5,2,24,47,1000.0,1000.0,0.0,0,0.0,0.0,0.0,501.0,1,0,True,False,False,False,True,False,False,True,True,False,False,False,False,False,False,False,False,False,False,False,False,False,False,False,False,False,False,True,False,False,False,True,False,False,1
99,0,999999.0,537.0,35078.0,2,0,0,0,0,0,0,0,0,0,0,0,1,0,0,2,99,99,0,35,1,1,7,1,25,18,800.0,800.0,0.0,0,0.0,0.0,0.0,12.0,1,0,True,False,False,False,True,False,False,True,False,False,False,False,False,False,False,False,False,True,False,False,False,False,True,False,False,False,False,False,False,False,False,True,False,False,1
99,1,275000.0,0.0,52000.0,1,1,1,1,0,0,0,0,0,0,2,1,4,2,0,1,16,13,0,54,1,0,7,0,33,48,28000.0,28000.0,0.0,0,0.0,0.0,0.0,414.0,1,2,True,False,False,False,True,False,False,True,False,False,False,True,False,False,False,False,False,False,False,False,False,False,True,False,False,False,False,False,False,False,True,False,False,False,1
99,1,400000.0,0.0,42200.0,1,1,1,1,0,0,0,0,0,0,2,1,5,3,0,1,14,7,0,44,1,0,0,0,37,49,34500.0,33000.0,0.0,0,0.0,0.0,0.0,285.0,0,6,True,False,False,False,True,False,False,True,False,False,False,True,False,False,False,False,False,False,False,False,False,False,False,False,True,False,False,False,False,False,True,False,False,False,1
99,1,400000.0,0.0,84544.0,1,2,2,2,0,0,0,0,0,0,6,1,6,1,0,1,46,46,0,82,1,0,1,0,0,0,2544.0,0.0,0.0,0,2544.0,0.0,0.0,475.0,0,0,True,False,False,False,True,False,False,True,False,False,False,False,False,False,False,False,True,False,False,False,False,False,False,False,False,False,False,True,False,False,True,False,False,False,1
99,1,187500.0,0.0,28400.0,1,1,1,1,0,0,0,0,0,0,1,2,7,1,0,1,16,16,1,65,1,0,2,0,0,0,6000.0,0.0,0.0,0,6000.0,0.0,0.0,143.0,0,0,True,False,False,False,True,False,False,True,False,False,False,False,False,False,False,False,False,False,False,False,True,False,False,False,False,False,False,True,False,False,True,False,False,False,1
99,1,187500.0,0.0,64085.0,1,1,1,1,0,0,0,0,0,0,1,1,4,2,0,1,21,19,0,47,0,0,7,0,24,44,4560.0,4560.0,0.0,0,0.0,0.0,0.0,501.0,1,0,True,False,False,False,True,False,False,True,False,False,False,False,False,False,False,False,False,False,False,False,True,False,False,False,False,False,False,True,False,False,True,False,False,False,1
99,0,999999.0,462.0,10860.0,2,0,0,1,0,0,0,0,0,0,0,0,1,0,0,2,99,99,0,41,0,0,8,0,79,92,900.0,900.0,0.0,0,0.0,0.0,0.0,14.0,1,0,True,False,False,False,True,False,False,True,False,False,False,False,False,False,False,False,False,True,False,False,False,False,False,False,False,False,False,True,True,False,False,False,False,False,1
99,1,187500.0,0.0,25065.0,1,1,0,0,0,0,0,0,0,0,2,1,2,0,0,1,99,99,0,61,1,0,7,0,30,24,25065.0,24880.0,0.0,0,0.0,0.0,0.0,302.0,0,6,True,False,False,False,True,False,False,True,False,False,False,True,False,False,False,False,False,False,False,False,False,False,False,False,False,False,False,True,False,False,True,False,False,False,1
99,0,999999.0,512.0,6000.0,1,1,1,1,0,0,0,0,0,0,1,1,7,5,1,1,15,4,0,35,0,0,2,0,0,0,6000.0,0.0,0.0,0,0.0,6000.0,0.0,32.0,1,0,True,False,False,False,True,False,False,True,False,False,False,False,False,False,False,False,False,False,False,False,True,False,False,False,False,False,False,True,False,False,True,False,False,False,1
99,0,999999.0,675.0,99100.0,1,1,0,0,0,0,0,0,0,0,1,1,2,0,0,1,99,99,0,31,0,0,7,0,19,46,50000.0,40000.0,10000.0,0,0.0,0.0,0.0,501.0,1,0,True,False,False,False,True,False,False,True,False,False,False,False,False,False,False,False,False,False,False,False,True,False,False,False,False,False,False,True,False,False,True,False,False,False,1
99,0,999999.0,625.0,32401.0,1,2,1,1,0,0,0,0,0,0,5,1,7,0,0,1,99,99,0,36,1,0,2,0,23,18,10401.0,10401.0,0.0,0,0.0,0.0,0.0,161.0,0,0,True,False,False,False,True,False,False,True,False,False,False,False,False,False,True,False,False,False,False,False,False,False,False,True,False,False,False,False,False,False,True,False,False,False,1
99,0,999999.0,675.0,50000.0,1,1,1,1,0,0,0,0,0,0,2,1,4,2,0,1,18,7,0,58,1,0,5,0,23,18,18000.0,18000.0,0.0,0,0.0,0.0,0.0,385.0,1,1,True,False,False,False,True,False,False,True,False,False,False,True,False,False,False,False,False,False,False,False,False,False,False,False,False,False,False,True,False,False,True,False,False,False,1
99,0,999999.0,725.0,19500.0,2,0,0,0,0,0,0,0,0,0,0,0,1,0,0,2,99,99,0,26,1,0,8,0,41,68,34000.0,32000.0,0.0,0,0.0,0.0,0.0,501.0,1,0,True,False,False,False,True,False,False,True,False,False,False,False,False,True,False,False,False,False,False,False,False,False,False,False,False,False,False,True,False,False,False,True,False,False,1
99,0,999999.0,625.0,7944.0,2,0,0,0,0,0,0,0,0,0,0,0,1,0,0,1,99,99,0,79,0,0,6,0,22,61,7944.0,0.0,355.0,0,5087.0,0.0,0.0,134.0,1,2,True,False,False,False,True,False,False,True,False,False,False,True,False,False,False,False,False,False,False,False,False,False,False,False,False,False,False,True,False,False,False,False,False,True,1
99,0,999999.0,625.0,27000.0,1,1,1,2,2,0,1,1,0,1,0,0,6,0,0,1,99,99,2,18,1,0,6,0,0,0,0.0,0.0,0.0,0,0.0,0.0,0.0,152.0,0,0,True,False,False,False,True,False,False,True,True,False,False,False,False,False,False,False,False,False,False,False,False,False,False,False,False,False,False,True,False,False,False,True,False,False,1
99,0,999999.0,487.0,40700.0,1,1,1,1,2,0,1,1,0,1,0,0,7,0,0,1,99,99,3,11,1,1,2,1,0,0,0.0,999999.0,999999.0,999999,99999.0,99999.0,99999.0,212.0,1,0,True,False,False,False,True,False,False,True,True,False,False,False,False,False,False,False,False,False,False,False,False,False,False,False,False,False,False,True,False,False,False,True,False,False,1
99,0,999999.0,575.0,14000.0,2,0,0,0,0,0,0,0,0,0,0,0,1,0,0,1,99,99,0,25,1,0,6,0,23,18,14000.0,14000.0,0.0,0,0.0,0.0,0.0,217.0,1,1,True,False,False,False,True,False,False,True,False,False,False,True,False,False,False,False,False,False,False,False,False,False,False,False,False,False,False,True,False,False,False,True,False,False,1
99,1,400000.0,0.0,235603.0,1,1,0,0,0,0,0,0,0,0,2,1,2,0,0,1,99,99,0,71,1,0,8,0,37,78,132000.0,100000.0,0.0,0,11000.0,0.0,0.0,501.0,1,2,True,False,False,False,True,False,False,True,False,False,False,True,False,False,False,False,False,False,False,False,False,False,False,False,False,False,False,True,False,False,True,False,False,False,1
99,1,350000.0,0.0,67897.0,1,1,1,1,0,0,0,0,0,0,1,1,3,1,0,1,29,29,0,55,0,0,7,0,33,60,8000.0,8000.0,0.0,0,0.0,0.0,0.0,501.0,0,0,True,False,False,False,True,False,False,True,False,False,False,False,False,False,False,False,False,False,False,False,True,False,False,False,False,False,False,True,False,False,True,False,False,False,1
99,0,999999.0,112.0,34800.0,1,1,1,1,2,0,1,1,0,1,0,0,6,0,0,1,99,99,3,13,0,1,2,1,0,0,0.0,999999.0,999999.0,999999,99999.0,99999.0,99999.0,210.0,0,0,True,False,False,False,True,False,False,True,True,False,False,False,False,False,False,False,False,False,False,False,False,False,True,False,False,False,False,False,False,False,False,True,False,False,1
99,1,400000.0,0.0,188000.0,1,1,0,0,0,0,0,0,0,0,1,1,2,0,0,1,99,99,0,24,0,0,8,0,37,78,52000.0,50000.0,0.0,0,0.0,0.0,0.0,501.0,1,0,True,False,False,False,True,False,False,True,False,False,False,False,False,False,False,False,False,False,False,False,True,False,False,False,False,False,False,True,False,False,True,False,False,False,1
99,1,350000.0,0.0,135715.0,1,1,1,1,2,0,1,1,0,1,0,0,6,0,0,1,99,99,2,19,1,1,6,1,0,0,0.0,0.0,0.0,0,0.0,0.0,0.0,501.0,1,0,True,False,False,False,True,False,False,True,True,False,False,False,False,False,False,False,False,False,False,False,False,False,False,False,False,True,False,False,False,False,False,True,False,False,1
99,1,112500.0,0.0,41000.0,1,1,1,1,2,0,1,1,0,1,0,0,3,0,0,1,99,99,0,4,0,0,0,0,0,0,0.0,999999.0,999999.0,999999,99999.0,99999.0,99999.0,411.0,1,0,True,False,False,False,True,False,False,True,True,False,False,False,False,False,False,False,False,False,False,False,False,False,False,False,True,False,False,False,False,False,False,True,False,False,1
99,1,350000.0,0.0,77076.0,1,2,2,2,0,0,0,0,0,0,2,1,6,1,0,1,29,29,0,61,1,0,6,0,41,68,55876.0,55000.0,0.0,0,0.0,0.0,876.0,442.0,1,6,True,False,False,False,True,False,False,True,False,False,False,True,False,False,False,False,False,False,False,False,False,False,False,False,False,False,False,True,False,False,True,False,False,False,1
99,1,400000.0,0.0,198516.0,1,1,1,1,2,0,1,1,0,1,0,0,7,0,0,1,99,99,4,10,0,1,1,1,0,0,0.0,999999.0,999999.0,999999,99999.0,99999.0,99999.0,501.0,0,0,True,False,False,False,True,False,False,True,True,False,False,False,False,False,False,False,False,False,False,False,False,False,False,False,False,False,False,True,False,False,False,True,False,False,1
99,0,999999.0,1000.0,80600.0,2,0,0,0,0,0,0,0,0,0,0,0,1,0,0,1,99,99,0,40,1,0,8,0,41,68,80600.0,80000.0,0.0,0,0.0,0.0,0.0,501.0,1,2,True,False,False,False,True,False,False,True,False,False,False,True,False,False,False,False,False,False,False,False,False,False,False,False,False,False,False,True,False,False,False,True,False,False,1
99,0,999999.0,725.0,16860.0,1,1,0,0,0,0,0,0,0,0,2,1,2,0,0,1,99,99,0,81,1,0,4,0,0,0,8436.0,0.0,0.0,0,8436.0,0.0,0.0,225.0,1,2,True,False,False,False,True,False,False,True,False,False,False,True,False,False,False,False,False,False,False,False,False,False,False,False,False,False,False,True,False,False,True,False,False,False,1
99,1,400000.0,0.0,81000.0,1,0,2,0,0,0,0,0,0,0,0,0,4,1,0,1,36,36,0,64,0,0,7,0,24,47,31000.0,5000.0,0.0,0,6000.0,0.0,0.0,501.0,0,8,True,False,False,False,True,False,False,True,False,False,False,True,False,False,False,False,False,False,False,False,False,False,False,False,False,False,False,True,False,False,False,False,False,True,1
99,0,999999.0,312.0,20200.0,1,1,1,1,2,0,1,1,0,1,0,0,5,0,0,1,99,99,2,6,1,1,0,1,0,0,0.0,999999.0,999999.0,999999,99999.0,99999.0,99999.0,137.0,0,0,True,False,False,False,True,False,False,True,True,False,False,False,False,False,False,False,False,False,False,False,False,False,False,False,False,False,False,True,False,False,False,True,False,False,1
99,0,999999.0,875.0,24480.0,3,1,0,1,0,0,0,0,0,0,0,0,1,0,0,3,99,99,0,56,1,0,0,0,25,18,11800.0,10000.0,0.0,0,1800.0,0.0,0.0,183.0,1,0,True,False,False,False,True,False,False,True,False,False,False,False,False,True,False,False,False,False,False,False,False,False,False,False,False,False,False,True,False,True,False,False,False,False,1
99,0,999999.0,412.0,13500.0,1,1,1,1,2,0,1,1,0,1,0,0,6,0,0,1,99,99,2,10,0,1,1,1,0,0,0.0,999999.0,999999.0,999999,99999.0,99999.0,99999.0,79.0,1,0,True,False,False,False,True,False,False,True,True,False,False,False,False,False,False,False,False,False,False,False,False,False,False,False,False,False,False,True,False,False,False,True,False,False,1
99,0,999999.0,875.0,55960.0,1,1,1,1,0,0,0,0,0,0,1,1,5,3,0,1,25,14,0,50,0,1,7,1,26,72,5400.0,4400.0,0.0,0,0.0,0.0,1000.0,369.0,0,0,True,False,False,False,True,False,False,True,False,False,False,False,False,False,False,False,False,False,False,False,True,False,False,False,False,False,False,True,False,False,True,False,False,False,1
99,0,999999.0,725.0,46050.0,1,0,1,0,1,0,1,0,0,0,0,0,4,0,0,1,99,99,2,21,1,0,6,0,29,48,11000.0,11000.0,0.0,0,0.0,0.0,0.0,360.0,1,0,True,False,False,False,True,False,False,True,True,False,False,False,False,False,False,False,False,False,False,False,False,False,False,False,False,False,False,True,False,False,False,True,False,False,1
99,1,162500.0,0.0,4507.0,1,0,1,0,0,0,0,0,0,0,0,0,2,1,0,1,17,17,0,47,0,0,7,0,0,0,4000.0,0.0,0.0,0,0.0,0.0,0.0,53.0,1,2,True,False,False,False,True,False,False,True,False,False,False,True,False,False,False,False,False,False,False,False,False,False,False,False,False,False,False,True,True,False,False,False,False,False,1
99,0,999999.0,875.0,4000.0,2,0,0,0,0,0,0,0,0,0,0,0,1,0,0,2,99,99,0,45,0,0,8,0,26,44,-650.0,0.0,-650.0,0,0.0,0.0,0.0,1.0,1,0,True,False,False,False,True,False,False,True,False,False,False,False,False,False,False,False,False,True,False,False,False,False,False,False,False,False,False,True,True,False,False,False,False,False,1
99,1,275000.0,0.0,42063.0,1,1,0,0,0,0,0,0,0,0,2,1,2,0,0,1,99,99,0,71,1,0,7,0,0,0,31043.0,0.0,0.0,0,8422.0,0.0,0.0,501.0,0,7,True,False,False,False,True,False,False,True,False,False,False,True,False,False,False,False,False,False,False,False,False,False,False,False,False,False,False,True,False,False,True,False,False,False,1
99,1,112500.0,0.0,33288.0,1,1,0,0,0,0,0,0,0,0,1,1,2,0,0,1,99,99,0,70,0,0,2,0,0,0,0.0,0.0,0.0,0,0.0,0.0,0.0,444.0,0,0,True,False,False,False,True,False,False,True,False,False,False,False,False,False,False,False,False,False,False,False,True,False,False,False,False,False,False,True,False,False,True,False,False,False,1
99,1,275000.0,0.0,65500.0,1,1,1,1,2,0,1,1,0,1,0,0,3,0,0,1,99,99,0,5,1,1,0,1,0,0,0.0,999999.0,999999.0,999999,99999.0,99999.0,99999.0,501.0,0,0,True,False,False,False,True,False,False,True,True,False,False,False,False,False,False,False,False,False,False,False,False,False,False,False,False,False,False,True,False,False,False,True,False,False,1
99,0,999999.0,625.0,12000.0,2,0,0,0,0,0,0,0,0,0,0,0,1,0,0,2,99,99,0,31,1,0,6,0,24,19,20000.0,20000.0,0.0,0,0.0,0.0,0.0,310.0,1,0,True,False,False,False,True,False,False,True,False,False,False,False,False,False,False,False,False,True,False,False,False,False,False,False,False,False,False,True,False,False,False,True,False,False,1
99,0,999999.0,675.0,14200.0,1,0,0,0,0,0,0,0,0,0,0,0,1,0,0,1,99,99,0,40,0,0,7,0,35,66,14200.0,7200.0,0.0,0,0.0,7000.0,0.0,220.0,0,6,True,False,False,False,True,False,False,True,False,False,False,True,False,False,False,False,False,False,False,False,False,False,True,False,False,False,False,False,False,False,False,True,False,False,1
99,1,187500.0,0.0,6386.0,1,0,0,0,0,0,0,0,0,0,0,0,1,0,0,1,99,99,0,74,0,0,8,0,0,0,6386.0,0.0,0.0,0,3986.0,0.0,0.0,107.0,0,6,True,False,False,False,True,False,False,True,False,False,False,True,False,False,False,False,False,False,False,False,False,False,False,False,False,False,False,True,False,False,False,False,False,True,1
99,0,999999.0,512.0,3360.0,4,0,2,0,0,0,0,0,0,0,0,0,1,0,0,2,99,99,0,27,1,0,0,0,23,16,9000.0,9000.0,0.0,0,0.0,0.0,0.0,140.0,1,0,True,False,False,False,True,False,False,True,False,False,False,False,False,False,False,False,False,True,False,False,False,False,False,False,False,False,False,True,False,False,False,True,False,False,0
99,0,999999.0,1000.0,86000.0,1,1,0,0,0,0,0,0,0,0,2,2,2,0,0,1,99,99,0,30,0,1,7,2,20,8,26000.0,26000.0,0.0,0,0.0,0.0,0.0,501.0,1,2,True,False,False,False,True,False,False,True,False,False,False,True,False,False,False,False,False,False,False,False,False,False,False,False,False,False,False,True,False,False,True,False,False,False,1
99,0,999999.0,875.0,45500.0,1,1,1,1,2,0,1,1,3,1,0,0,4,0,0,1,99,99,1,15,1,1,3,1,0,0,4500.0,999999.0,999999.0,999999,0.0,0.0,4500.0,362.0,1,0,True,False,False,False,True,False,False,True,True,False,False,False,False,False,False,False,False,False,False,False,False,False,False,False,False,False,False,True,False,False,False,True,False,False,1
99,0,999999.0,437.0,20000.0,2,0,1,1,0,0,0,0,0,0,0,0,2,1,0,1,6,6,0,37,1,0,1,0,23,18,20000.0,20000.0,0.0,0,0.0,0.0,0.0,234.0,0,5,True,False,False,False,True,False,False,True,False,False,False,True,False,False,False,False,False,False,False,False,False,False,False,False,False,False,False,True,False,False,False,True,False,False,1
99,1,400000.0,0.0,100000.0,1,1,1,1,2,0,1,1,0,1,0,0,4,0,0,1,99,99,1,13,0,1,2,2,0,0,0.0,999999.0,999999.0,999999,99999.0,99999.0,99999.0,501.0,1,0,True,False,False,False,True,False,False,True,True,False,False,False,False,False,False,False,False,False,False,False,False,False,False,False,False,False,False,True,False,False,False,True,False,False,1
99,0,999999.0,282.0,5864.0,4,0,0,0,0,0,0,0,0,0,0,0,2,0,0,1,99,99,1,63,1,0,1,0,20,9,4200.0,0.0,0.0,0,4200.0,0.0,0.0,71.0,0,0,True,False,False,False,True,False,False,True,False,False,False,False,False,False,False,False,False,False,True,False,False,False,False,False,False,False,False,True,True,False,False,False,False,False,1
99,0,999999.0,1000.0,108776.0,1,1,1,1,0,0,0,0,0,0,2,1,6,3,0,1,23,15,0,45,1,0,8,0,25,18,32500.0,30000.0,0.0,0,0.0,0.0,0.0,501.0,1,2,True,False,False,False,True,False,False,True,False,False,False,True,False,False,False,False,False,False,False,False,False,False,False,False,False,False,False,True,False,False,True,False,False,False,1
99,0,999999.0,1000.0,37500.0,1,1,1,1,2,0,1,1,3,1,0,0,5,0,0,1,99,99,2,10,0,1,2,1,0,0,0.0,999999.0,999999.0,999999,99999.0,99999.0,99999.0,253.0,1,0,True,False,False,False,True,False,False,True,True,False,False,False,False,False,False,False,False,False,False,False,False,False,False,False,False,False,False,True,False,False,False,True,False,False,1
99,1,77500.0,0.0,22000.0,1,1,1,1,0,0,0,0,0,0,1,2,3,1,0,1,37,37,0,60,1,0,6,0,0,0,9000.0,0.0,0.0,0,9000.0,0.0,0.0,227.0,0,0,True,False,False,False,True,False,False,True,False,False,False,False,False,False,False,False,False,False,False,False,True,False,True,False,False,False,False,False,False,False,True,False,False,False,1
99,1,225000.0,0.0,40000.0,1,1,1,1,0,0,0,0,0,0,2,1,3,1,1,1,0,0,0,28,1,0,7,0,24,44,40000.0,40000.0,0.0,0,0.0,0.0,0.0,401.0,1,1,True,False,False,False,True,False,False,True,False,False,False,True,False,False,False,False,False,False,False,False,False,False,False,False,False,True,False,False,False,False,True,False,False,False,1
99,1,275000.0,0.0,120800.0,1,0,0,0,0,0,0,0,0,0,0,0,2,0,0,1,99,99,0,43,0,0,7,0,41,68,120800.0,93400.0,0.0,0,0.0,0.0,2400.0,501.0,1,2,True,False,False,False,True,False,False,True,False,False,False,True,False,False,False,False,False,False,False,False,False,False,False,False,False,False,False,True,False,False,False,True,False,False,0
99,1,137500.0,0.0,69316.0,1,1,2,1,0,0,0,0,0,0,0,0,5,1,0,1,55,55,0,78,0,0,2,0,0,0,5184.0,0.0,0.0,0,5184.0,0.0,0.0,443.0,0,0,True,False,False,False,True,False,False,True,False,False,False,False,False,False,False,True,False,False,False,False,False,False,False,False,False,False,False,True,False,False,False,False,False,True,1
99,1,85000.0,0.0,31100.0,1,1,1,1,0,0,0,0,0,0,1,1,4,2,0,1,30,19,0,58,0,0,6,0,25,44,15000.0,15000.0,0.0,0,0.0,0.0,0.0,243.0,0,0,True,False,False,False,True,False,False,True,False,False,False,False,False,False,False,False,False,False,False,False,True,False,False,False,False,False,False,True,False,False,True,False,False,False,1
99,1,187500.0,0.0,1500.0,2,0,0,1,0,0,0,0,0,0,0,0,2,1,1,1,1,1,0,22,1,0,0,0,24,47,1500.0,0.0,1500.0,0,0.0,0.0,0.0,18.0,1,1,True,False,False,False,True,False,False,True,False,False,False,True,False,False,False,False,False,False,False,False,False,False,False,False,False,False,False,True,False,False,False,True,False,False,1
99,1,400000.0,0.0,257516.0,1,1,1,1,0,0,0,0,0,0,1,1,4,2,2,1,2,0,0,38,0,0,8,0,35,68,195516.0,195516.0,0.0,0,0.0,0.0,0.0,501.0,1,0,True,False,False,False,True,False,False,True,False,False,False,False,False,False,False,False,False,False,False,False,True,False,False,False,False,False,False,True,False,False,True,False,False,False,0
99,0,999999.0,725.0,44000.0,1,1,1,1,0,0,0,0,0,0,1,1,3,1,1,1,0,0,0,30,0,0,8,0,19,46,28000.0,28000.0,0.0,0,0.0,0.0,0.0,441.0,1,0,True,False,False,False,True,False,False,True,False,False,False,False,False,False,False,False,False,False,False,False,True,False,False,False,False,True,False,False,False,False,True,False,False,False,1
99,1,162500.0,0.0,33100.0,1,1,1,1,2,0,1,1,0,1,0,0,6,0,0,1,99,99,3,8,1,1,1,2,0,0,0.0,999999.0,999999.0,999999,99999.0,99999.0,99999.0,194.0,0,0,True,False,False,False,True,False,False,True,True,False,False,False,False,False,False,False,False,False,False,False,False,False,True,False,False,False,False,False,False,False,False,True,False,False,1
99,0,999999.0,1000.0,25800.0,2,0,1,0,0,0,0,0,0,0,0,0,1,0,0,2,99,99,0,40,1,0,6,0,24,47,25000.0,25000.0,0.0,0,0.0,0.0,0.0,388.0,0,0,True,False,False,False,True,False,False,True,False,False,False,False,False,True,False,False,False,False,False,False,False,False,False,False,False,False,False,True,True,False,False,False,False,False,1
99,1,162500.0,0.0,22000.0,1,1,1,1,0,0,0,0,0,0,2,1,8,5,0,1,17,9,0,45,1,0,2,0,23,18,22000.0,22000.0,0.0,0,0.0,0.0,0.0,104.0,0,6,True,False,False,False,True,False,False,True,False,False,False,True,False,False,False,False,False,False,False,False,False,False,False,False,False,False,False,True,False,False,True,False,False,False,1
99,0,999999.0,362.0,29000.0,1,1,1,1,0,0,0,0,0,0,1,1,4,2,2,1,3,0,0,26,0,1,2,1,22,18,0.0,0.0,0.0,0,0.0,0.0,0.0,231.0,1,0,True,False,False,False,True,False,False,True,False,False,False,False,False,False,False,False,False,False,False,False,True,False,False,False,False,False,False,True,False,False,True,False,False,False,1
99,0,999999.0,875.0,89096.0,1,1,2,1,0,0,0,0,0,0,2,1,6,2,0,1,11,9,0,36,1,0,6,0,41,68,45738.0,0.0,43358.0,0,2380.0,0.0,0.0,501.0,1,1,True,False,False,False,True,False,False,True,False,False,False,True,False,False,False,False,False,False,False,False,False,False,False,False,False,False,False,True,False,False,True,False,False,False,1
99,1,17500.0,0.0,61569.0,1,1,1,1,2,0,1,1,0,1,0,0,4,0,0,1,99,99,1,8,1,1,1,1,0,0,0.0,999999.0,999999.0,999999,99999.0,99999.0,99999.0,490.0,0,0,True,False,False,False,True,False,False,True,True,False,False,False,False,False,False,False,False,False,False,False,False,False,False,False,False,False,False,True,False,False,False,True,False,False,1
99,1,400000.0,0.0,55500.0,1,1,1,1,1,7,1,2,0,1,0,0,4,0,0,1,99,99,1,11,1,1,1,1,0,0,0.0,999999.0,999999.0,999999,99999.0,99999.0,99999.0,441.0,1,0,True,False,False,False,True,False,False,True,True,False,False,False,False,False,False,False,False,False,False,False,False,False,False,False,False,False,False,True,False,False,False,True,False,False,1
99,0,999999.0,412.0,13000.0,2,0,0,1,0,0,0,1,0,1,0,0,5,0,0,1,99,99,3,19,1,0,6,0,17,11,3000.0,3000.0,0.0,0,0.0,0.0,0.0,88.0,0,0,True,False,False,False,True,False,False,True,True,False,False,False,False,False,False,False,False,False,False,False,False,False,False,False,False,False,False,True,False,False,False,True,False,False,0
99,0,999999.0,575.0,47269.0,1,1,0,0,0,0,0,0,0,0,1,1,2,0,0,1,99,99,0,48,0,0,7,0,22,45,12618.0,12618.0,0.0,0,0.0,0.0,0.0,501.0,0,0,True,False,False,False,True,False,False,True,False,False,False,False,False,False,False,False,False,False,False,False,True,False,False,False,False,True,False,False,False,False,True,False,False,False,1
99,1,350000.0,0.0,163000.0,1,1,1,1,2,0,1,1,0,1,0,0,5,0,0,1,99,99,2,26,0,0,7,0,42,84,21000.0,21000.0,0.0,0,0.0,0.0,0.0,501.0,0,0,True,False,False,False,True,False,False,True,True,False,False,False,False,False,False,False,False,False,False,False,False,False,False,False,True,False,False,False,False,False,False,True,False,False,1
99,1,350000.0,0.0,46000.0,1,1,1,1,0,0,0,0,0,0,2,1,3,1,0,1,19,19,0,41,1,0,8,0,24,52,40000.0,36000.0,0.0,0,0.0,0.0,0.0,474.0,0,2,True,False,False,False,True,False,False,True,False,False,False,True,False,False,False,False,False,False,False,False,False,False,False,False,False,False,False,True,False,False,True,False,False,False,1
99,1,162500.0,0.0,27960.0,1,1,0,0,0,0,0,0,0,0,2,1,2,0,0,1,99,99,0,69,1,0,3,0,0,0,21768.0,0.0,0.0,0,1716.0,0.0,7200.0,373.0,0,8,True,False,False,False,True,False,False,True,False,False,False,True,False,False,False,False,False,False,False,False,False,False,False,False,False,False,False,True,False,False,True,False,False,False,1
99,0,999999.0,437.0,7000.0,1,1,1,1,0,0,0,0,0,0,2,2,4,2,1,1,5,2,0,28,0,0,3,0,0,0,0.0,0.0,0.0,0,0.0,0.0,0.0,56.0,0,6,True,False,False,False,True,False,False,True,False,False,False,True,False,False,False,False,False,False,False,False,False,False,False,False,False,False,False,True,False,False,True,False,False,False,1
99,1,85000.0,0.0,44446.0,1,1,1,1,1,3,1,2,0,1,0,0,6,0,0,1,99,99,3,24,0,1,5,1,0,0,0.0,0.0,0.0,0,0.0,0.0,0.0,260.0,1,0,True,False,False,False,True,False,False,True,True,False,False,False,False,False,False,False,False,False,False,False,False,False,False,False,False,False,False,True,False,False,False,True,False,False,1
99,1,22500.0,0.0,50000.0,1,1,1,1,2,0,1,1,0,1,0,0,4,0,0,1,99,99,1,6,0,1,0,1,0,0,0.0,999999.0,999999.0,999999,99999.0,99999.0,99999.0,398.0,1,0,True,False,False,False,True,False,False,True,True,False,False,False,False,False,False,False,False,False,False,False,False,False,False,True,False,False,False,False,False,False,False,True,False,False,1
99,0,999999.0,462.0,8000.0,2,0,0,0,0,0,0,0,0,0,0,0,1,0,0,1,99,99,0,21,1,0,5,0,20,8,8000.0,8000.0,0.0,0,0.0,0.0,0.0,124.0,1,1,True,False,False,False,True,False,False,True,False,False,False,True,False,False,False,False,False,False,False,False,False,False,False,False,False,False,False,True,False,False,False,True,False,False,1
99,1,162500.0,0.0,35720.0,2,0,0,0,0,0,0,0,0,0,0,0,3,0,0,1,99,99,0,20,1,1,6,2,25,15,18400.0,16000.0,0.0,0,0.0,0.0,0.0,358.0,0,0,True,False,False,False,True,False,False,True,False,False,True,False,False,False,False,False,False,False,False,False,False,False,False,False,False,False,False,True,False,False,False,True,False,False,1
99,1,162500.0,0.0,26100.0,1,1,0,0,0,0,0,0,0,0,1,1,2,0,0,1,99,99,0,64,0,0,7,0,0,0,3600.0,0.0,0.0,0,3600.0,0.0,0.0,314.0,1,0,True,False,False,False,True,False,False,True,False,False,False,False,False,False,False,False,False,False,False,False,True,False,False,False,False,False,False,True,False,False,True,False,False,False,1
99,0,999999.0,437.0,33800.0,1,1,1,1,2,0,1,1,0,1,0,0,4,0,0,1,99,99,1,13,1,1,2,2,0,0,0.0,999999.0,999999.0,999999,99999.0,99999.0,99999.0,269.0,1,0,True,False,False,False,True,False,False,True,True,False,False,False,False,False,False,False,False,False,False,False,False,False,False,False,False,False,False,True,False,False,False,True,False,False,1
99,0,999999.0,137.0,5040.0,1,0,1,0,0,0,0,0,0,0,0,0,2,1,0,1,13,13,0,32,0,0,2,0,6,7,5040.0,2040.0,0.0,0,0.0,0.0,3000.0,59.0,1,1,True,False,False,False,True,False,False,True,False,False,False,True,False,False,False,False,False,False,False,False,False,False,False,False,False,False,False,True,True,False,False,False,False,False,1
99,1,137500.0,0.0,21147.0,1,1,0,0,0,0,0,0,0,0,1,1,2,0,0,1,99,99,0,76,0,0,2,0,0,0,3276.0,0.0,0.0,0,3276.0,0.0,0.0,282.0,0,0,True,False,False,False,True,False,False,True,False,False,False,False,False,False,False,False,False,False,False,False,True,False,False,False,False,False,False,True,False,False,True,False,False,False,1
99,0,999999.0,625.0,8400.0,2,0,1,0,0,0,0,0,0,0,0,0,10,0,0,1,99,99,0,8,1,1,1,1,0,0,0.0,999999.0,999999.0,999999,99999.0,99999.0,99999.0,33.0,1,0,True,False,False,False,True,False,False,True,False,False,False,False,False,False,True,False,False,False,False,False,False,False,False,False,False,False,False,True,False,False,False,True,False,False,1
99,1,350000.0,0.0,81500.0,1,1,0,0,0,0,0,0,0,0,2,1,2,0,0,1,99,99,0,61,1,0,6,0,32,33,45500.0,0.0,0.0,0,0.0,0.0,0.0,501.0,1,2,True,False,False,False,True,False,False,True,False,False,False,True,False,False,False,False,False,False,False,False,False,False,False,False,False,False,False,True,False,False,True,False,False,False,1
99,1,187500.0,0.0,15619.0,1,1,0,0,0,0,0,0,0,0,1,1,2,0,0,1,99,99,0,65,0,0,6,0,23,18,6822.0,2110.0,0.0,0,2712.0,2000.0,0.0,208.0,1,0,True,False,False,False,True,False,False,True,False,False,False,False,False,False,False,False,False,False,False,False,True,False,False,False,False,False,False,True,False,False,True,False,False,False,1
99,0,999999.0,675.0,17630.0,1,1,0,0,0,0,0,0,0,0,1,1,2,0,0,1,99,99,0,22,0,0,6,0,18,44,3200.0,3200.0,0.0,0,0.0,0.0,0.0,212.0,1,0,True,False,False,False,True,False,False,True,False,False,False,False,False,False,False,False,False,False,False,False,True,False,False,False,False,False,False,True,False,False,True,False,False,False,1
99,0,999999.0,0.0,999999.0,1,0,0,0,0,0,0,0,0,0,0,0,1,0,0,1,99,99,0,75,1,0,2,0,0,0,2700.0,0.0,0.0,0,2700.0,0.0,0.0,0.0,0,0,False,True,False,True,False,False,False,True,False,False,False,False,True,False,False,False,False,False,False,False,False,False,False,False,False,False,False,True,False,False,False,False,False,True,1
99,0,999999.0,412.0,30000.0,1,1,1,1,0,0,0,0,0,0,2,2,5,3,1,1,8,2,0,35,0,0,1,0,22,18,0.0,0.0,0.0,0,0.0,0.0,0.0,203.0,0,6,True,False,False,False,True,False,False,True,False,False,False,True,False,False,False,False,False,False,False,False,False,False,False,False,False,False,False,True,False,False,True,False,False,False,1
99,0,999999.0,625.0,37048.0,1,0,0,0,0,0,0,0,0,0,0,0,1,0,0,1,99,99,0,47,1,0,6,0,22,61,37048.0,37000.0,0.0,0,0.0,0.0,0.0,501.0,1,2,True,False,False,False,True,False,False,True,False,False,False,True,False,False,False,False,False,False,False,False,False,False,False,False,False,False,False,True,False,False,False,True,False,False,0
99,1,95000.0,0.0,8391.0,1,1,1,1,0,0,0,0,0,0,1,1,4,2,0,1,16,13,0,40,0,0,7,0,25,52,1391.0,1391.0,0.0,0,0.0,0.0,0.0,67.0,0,0,True,False,False,False,True,False,False,True,False,False,False,False,False,False,False,False,False,False,False,False,True,False,True,False,False,False,False,False,False,False,True,False,False,False,1
99,1,95000.0,0.0,17184.0,2,0,0,0,0,0,0,0,0,0,0,0,1,0,0,2,99,99,0,49,0,0,6,0,27,39,24000.0,24000.0,0.0,0,0.0,0.0,0.0,372.0,1,0,True,False,False,False,True,False,False,True,False,False,False,False,False,False,False,False,False,True,False,False,False,False,False,False,False,False,False,True,True,False,False,False,False,False,1
99,0,999999.0,625.0,27000.0,1,1,0,0,0,0,0,0,0,0,2,1,2,0,0,1,99,99,0,30,1,0,7,0,18,44,15000.0,15000.0,0.0,0,0.0,0.0,0.0,325.0,1,1,True,False,False,False,True,False,False,True,False,False,False,True,False,False,False,False,False,False,False,False,False,False,False,False,False,True,False,False,False,False,True,False,False,False,1
99,0,999999.0,875.0,40000.0,1,1,1,1,2,7,1,1,0,1,0,0,5,0,0,1,99,99,2,14,1,1,2,1,0,0,0.0,999999.0,999999.0,999999,99999.0,99999.0,99999.0,270.0,1,0,True,False,False,False,True,False,False,True,True,False,False,False,False,False,False,False,False,False,False,False,False,False,False,False,False,True,False,False,False,False,False,True,False,False,1
99,1,112500.0,0.0,23876.0,1,1,1,1,0,0,0,0,0,0,0,0,4,0,0,1,99,99,0,34,1,0,7,0,25,52,7000.0,0.0,7000.0,0,0.0,0.0,0.0,187.0,0,0,True,False,False,False,True,False,False,True,False,False,False,False,False,False,True,False,False,False,False,False,False,False,False,False,False,False,False,True,False,True,False,False,False,False,1
99,1,187500.0,0.0,58948.0,1,0,2,0,0,0,0,0,0,0,0,0,4,1,0,1,45,45,0,70,0,1,6,1,0,0,6948.0,0.0,0.0,0,2148.0,0.0,0.0,461.0,0,0,True,False,False,False,True,False,False,True,False,False,False,False,False,False,False,True,False,False,False,False,False,False,True,False,False,False,False,False,False,False,False,False,True,False,1
99,1,162500.0,0.0,82000.0,1,1,1,1,0,0,0,0,0,0,1,1,6,3,0,1,7,6,0,32,0,0,7,0,24,44,25000.0,25000.0,0.0,0,0.0,0.0,0.0,480.0,0,0,True,False,False,False,True,False,False,True,False,False,False,False,False,False,False,False,False,False,False,False,True,False,False,False,True,False,False,False,False,False,True,False,False,False,1
99,1,162500.0,0.0,79400.0,2,1,1,1,0,0,0,0,0,0,2,1,4,2,2,1,3,2,0,43,1,0,7,0,33,76,75000.0,75000.0,0.0,0,0.0,0.0,0.0,501.0,1,2,True,False,False,False,True,False,False,True,False,False,False,True,False,False,False,False,False,False,False,False,False,False,False,False,False,False,False,True,False,False,True,False,False,False,0
99,1,350000.0,0.0,20030.0,1,0,0,0,0,0,0,0,0,0,0,0,1,0,0,1,99,99,0,37,0,0,8,0,26,58,20030.0,0.0,20000.0,0,0.0,0.0,0.0,310.0,0,2,True,False,False,False,True,False,False,True,False,False,False,True,False,False,False,False,False,False,False,False,False,False,False,False,False,False,False,True,False,False,False,True,False,False,1
99,0,999999.0,512.0,40000.0,1,1,0,0,0,0,0,0,0,0,1,2,2,0,0,1,99,99,0,24,1,1,8,1,35,62,10000.0,0.0,10000.0,0,0.0,0.0,0.0,482.0,1,0,True,False,False,False,True,False,False,True,False,False,False,False,False,False,False,False,False,False,False,False,True,True,False,False,False,False,False,False,False,False,True,False,False,False,1
99,0,999999.0,512.0,26000.0,1,1,1,1,2,0,1,1,0,1,0,0,3,0,0,1,99,99,0,11,0,1,2,1,0,0,0.0,999999.0,999999.0,999999,99999.0,99999.0,99999.0,260.0,1,0,True,False,False,False,True,False,False,True,True,False,False,False,False,False,False,False,False,False,False,False,False,False,False,False,False,False,False,True,False,False,False,True,False,False,1
99,0,999999.0,312.0,13332.0,1,1,1,1,0,0,0,0,0,0,2,1,3,1,0,1,34,34,0,78,1,0,1,0,0,0,8244.0,0.0,0.0,0,5472.0,2772.0,0.0,137.0,0,7,True,False,False,False,True,False,False,True,False,False,False,True,False,False,False,False,False,False,False,False,False,False,False,False,False,False,False,True,False,False,True,False,False,False,1
99,0,999999.0,575.0,29616.0,1,1,1,1,0,0,0,0,0,0,2,1,5,3,1,1,8,1,0,31,1,1,8,1,23,18,15600.0,15600.0,0.0,0,0.0,0.0,0.0,200.0,1,2,True,False,False,False,True,False,False,True,False,False,False,True,False,False,False,False,False,False,False,False,False,False,False,False,False,False,False,True,False,False,True,False,False,False,1
99,1,137500.0,0.0,53000.0,1,1,1,1,0,0,0,0,0,0,1,1,4,2,0,1,13,10,0,33,0,0,7,0,24,44,19000.0,19000.0,0.0,0,0.0,0.0,0.0,421.0,1,0,True,False,False,False,True,False,False,True,False,False,False,False,False,False,False,False,False,False,False,False,True,False,False,False,False,False,False,True,False,False,True,False,False,False,1
99,1,350000.0,0.0,90430.0,1,1,1,1,0,0,0,0,0,0,2,2,3,1,0,1,18,18,0,45,0,0,7,0,38,68,38700.0,33000.0,0.0,0,0.0,0.0,2700.0,501.0,0,6,True,False,False,False,True,False,False,True,False,False,False,True,False,False,False,False,False,False,False,False,False,False,False,False,False,False,False,True,False,False,True,False,False,False,1
99,0,999999.0,162.0,7650.0,1,0,0,0,0,0,0,0,0,0,0,0,1,0,0,1,99,99,0,67,0,0,8,0,0,0,7650.0,0.0,0.0,0,7650.0,0.0,0.0,129.0,1,2,True,False,False,False,True,False,False,True,False,False,False,True,False,False,False,False,False,False,False,False,False,False,False,False,False,True,False,False,False,False,False,False,True,False,1
99,0,999999.0,875.0,32000.0,5,0,0,0,0,0,0,0,0,0,0,0,1,0,0,3,99,99,0,19,1,0,6,0,24,44,3400.0,3400.0,0.0,0,0.0,0.0,0.0,53.0,1,0,True,False,False,False,True,False,False,True,False,False,False,False,False,True,False,False,False,False,False,False,False,False,False,False,False,False,False,True,False,False,False,True,False,False,1
99,0,999999.0,187.0,1635.0,1,0,1,0,1,0,1,0,0,0,0,0,3,0,0,1,99,99,1,0,0,0,7,0,0,0,0.0,999999.0,999999.0,999999,99999.0,99999.0,99999.0,16.0,1,0,True,False,False,False,True,False,False,True,True,False,False,False,False,False,False,False,False,False,False,False,False,False,False,False,False,False,False,True,False,False,False,True,False,False,1
99,1,137500.0,0.0,47000.0,1,1,1,1,2,0,1,1,3,1,0,0,7,0,0,1,99,99,4,16,0,1,4,1,0,0,0.0,0.0,0.0,0,0.0,0.0,0.0,237.0,0,0,True,False,False,False,True,False,False,True,True,False,False,False,False,False,False,False,False,False,False,False,False,False,False,False,False,False,False,True,False,False,False,True,False,False,1
99,1,400000.0,0.0,101600.0,2,0,0,1,0,0,0,0,0,0,0,0,3,2,0,1,20,19,0,58,1,0,8,0,58,93,95000.0,95000.0,0.0,0,0.0,0.0,0.0,501.0,0,7,True,False,False,False,True,False,False,True,False,False,False,True,False,False,False,False,False,False,False,False,False,False,False,False,False,False,False,True,True,False,False,False,False,False,1
99,1,162500.0,0.0,63262.0,1,1,1,1,2,0,1,1,0,1,0,0,3,0,0,1,99,99,0,22,0,1,7,1,22,61,4312.0,4312.0,0.0,0,0.0,0.0,0.0,501.0,0,0,True,False,False,False,True,False,False,True,True,False,False,False,False,False,False,False,False,False,False,False,False,False,False,False,False,False,False,True,False,False,False,True,False,False,1
99,1,187500.0,0.0,43000.0,1,1,1,1,0,0,0,0,0,0,2,1,4,2,1,1,7,3,0,28,1,0,1,0,23,18,23000.0,23000.0,0.0,0,0.0,0.0,0.0,342.0,1,2,True,False,False,False,True,False,False,True,False,False,False,True,False,False,False,False,False,False,False,False,False,False,False,False,False,False,False,True,False,False,True,False,False,False,1
99,1,162500.0,0.0,14300.0,1,1,0,0,0,0,0,0,0,0,2,1,2,0,0,1,99,99,0,87,1,1,8,1,0,0,4800.0,0.0,0.0,0,4400.0,0.0,0.0,191.0,0,7,True,False,False,False,True,False,False,True,False,False,False,True,False,False,False,False,False,False,False,False,False,False,False,False,False,False,False,True,False,False,True,False,False,False,1
99,1,137500.0,0.0,46800.0,1,1,1,1,2,0,1,1,0,1,0,0,5,0,0,1,99,99,2,0,0,0,7,0,0,0,0.0,999999.0,999999.0,999999,99999.0,99999.0,99999.0,316.0,1,0,True,False,False,False,True,False,False,True,True,False,False,False,False,False,False,False,False,False,False,False,False,False,False,False,True,False,False,False,False,False,False,True,False,False,1
99,0,999999.0,725.0,30800.0,1,1,1,1,2,0,1,1,0,1,0,0,5,0,0,1,99,99,2,37,1,0,6,0,20,8,9500.0,9500.0,0.0,0,0.0,0.0,0.0,200.0,1,0,True,False,False,False,True,False,False,True,True,False,False,False,False,False,False,False,False,False,False,False,False,False,False,False,False,False,False,True,True,False,False,False,False,False,1
99,1,225000.0,0.0,23685.0,2,2,1,1,0,0,0,0,0,0,2,2,2,0,0,1,99,99,0,60,0,0,1,0,23,18,15000.0,15000.0,0.0,0,0.0,0.0,0.0,285.0,0,6,True,False,False,False,True,False,False,True,False,False,False,True,False,False,False,False,False,False,False,False,False,False,False,False,False,False,False,True,False,False,True,False,False,False,1
99,1,400000.0,0.0,133515.0,1,1,1,1,2,0,1,1,0,1,0,0,3,0,0,1,99,99,0,14,0,1,2,1,0,0,0.0,999999.0,999999.0,999999,99999.0,99999.0,99999.0,501.0,1,0,True,False,False,False,True,False,False,True,True,False,False,False,False,False,False,False,False,False,False,False,False,False,False,False,False,False,False,True,False,False,False,True,False,False,1
99,1,225000.0,0.0,45000.0,1,1,1,1,2,0,1,1,0,1,0,0,4,0,0,1,99,99,1,7,0,1,0,2,0,0,0.0,999999.0,999999.0,999999,99999.0,99999.0,99999.0,358.0,1,0,True,False,False,False,True,False,False,True,True,False,False,False,False,False,False,False,False,False,False,False,False,False,False,False,False,False,False,True,False,False,False,True,False,False,1
99,0,999999.0,725.0,9888.0,1,0,1,0,1,0,1,0,0,0,0,0,4,0,0,1,99,99,2,14,0,1,3,1,0,0,0.0,999999.0,999999.0,999999,99999.0,99999.0,99999.0,78.0,0,0,True,False,False,False,True,False,False,True,True,False,False,False,False,False,False,False,False,False,False,False,False,False,True,False,False,False,False,False,False,False,False,True,False,False,1
99,0,999999.0,212.0,940.0,1,0,1,0,1,0,1,0,0,0,0,0,5,0,0,1,99,99,3,8,0,1,1,1,0,0,0.0,999999.0,999999.0,999999,99999.0,99999.0,99999.0,6.0,1,0,True,False,False,False,True,False,False,True,True,False,False,False,False,False,False,False,False,False,False,False,False,False,False,False,False,True,False,False,False,False,False,True,False,False,1
99,0,999999.0,725.0,25000.0,1,0,0,1,0,0,0,1,0,1,0,0,2,0,0,1,99,99,0,18,0,1,7,1,24,44,0.0,0.0,0.0,0,0.0,0.0,0.0,301.0,1,0,True,False,False,False,True,False,False,True,True,False,False,False,False,False,False,False,False,False,False,False,False,False,False,False,False,False,False,True,False,False,False,True,False,False,1
99,0,999999.0,625.0,212016.0,2,0,0,0,0,0,0,0,0,0,0,0,1,0,0,1,99,99,0,46,1,0,8,0,35,62,212016.0,195516.0,0.0,0,0.0,0.0,0.0,501.0,0,2,True,False,False,False,True,False,False,True,False,False,False,True,False,False,False,False,False,False,False,False,False,False,False,False,False,False,False,True,True,False,False,False,False,False,1
99,0,999999.0,875.0,0.0,1,1,0,0,0,0,0,0,0,0,2,1,2,0,0,1,99,99,0,75,1,0,6,0,0,0,0.0,0.0,0.0,0,0.0,0.0,0.0,1.0,1,2,True,False,False,False,True,False,False,True,False,False,False,True,False,False,False,False,False,False,False,False,False,False,False,False,False,False,False,True,False,False,True,False,False,False,1
99,0,999999.0,675.0,2000.0,2,0,0,1,0,0,0,0,0,0,0,0,2,1,1,1,0,0,0,25,1,0,6,0,18,19,2000.0,2000.0,0.0,0,0.0,0.0,0.0,23.0,1,1,True,False,False,False,True,False,False,True,False,False,False,True,False,False,False,False,False,False,False,False,False,False,False,False,False,False,False,True,False,False,False,True,False,False,1
99,1,95000.0,0.0,79000.0,1,1,1,1,2,0,1,1,0,1,0,0,6,0,0,1,99,99,3,2,0,0,7,0,0,0,0.0,999999.0,999999.0,999999,99999.0,99999.0,99999.0,477.0,1,0,True,False,False,False,True,False,False,True,True,False,False,False,False,False,False,False,False,False,False,False,False,False,True,False,False,False,False,False,False,False,False,True,False,False,1
99,0,999999.0,462.0,19000.0,1,0,0,0,0,0,0,0,0,0,0,0,1,0,0,1,99,99,0,32,1,0,3,0,28,22,19000.0,19000.0,0.0,0,0.0,0.0,0.0,295.0,0,1,True,False,False,False,True,False,False,True,False,False,False,True,False,False,False,False,False,False,False,False,False,False,False,False,False,False,False,True,False,False,False,True,False,False,1
99,0,999999.0,462.0,15132.0,2,1,0,0,0,0,0,0,0,0,0,0,1,0,0,2,99,99,0,27,0,1,6,1,22,18,14788.0,14788.0,0.0,0,0.0,0.0,0.0,229.0,1,0,True,False,False,False,True,False,False,True,False,False,False,False,False,True,False,False,False,False,False,False,False,False,False,False,False,False,False,True,False,False,False,True,False,False,1
99,0,999999.0,487.0,30476.0,1,1,1,1,2,0,1,1,0,1,0,0,5,0,0,1,99,99,2,16,0,1,4,1,0,0,0.0,0.0,0.0,0,0.0,0.0,0.0,206.0,0,0,True,False,False,False,True,False,False,True,True,False,False,False,False,False,False,False,False,False,False,False,False,False,False,False,False,False,False,True,False,False,False,True,False,False,1
99,1,400000.0,0.0,265000.0,1,1,0,0,0,0,0,0,0,0,2,1,2,0,0,1,99,99,0,48,1,0,6,0,39,73,132500.0,125000.0,0.0,0,0.0,0.0,0.0,501.0,1,2,True,False,False,False,True,False,False,True,False,False,False,True,False,False,False,False,False,False,False,False,False,False,False,False,False,False,False,True,False,False,True,False,False,False,1
99,0,999999.0,437.0,34000.0,1,1,1,1,2,0,1,1,0,1,0,0,9,0,0,1,99,99,5,12,1,1,2,2,0,0,0.0,999999.0,999999.0,999999,99999.0,99999.0,99999.0,136.0,1,0,True,False,False,False,True,False,False,True,True,False,False,False,False,False,False,False,False,False,False,False,False,False,False,False,False,False,False,True,False,False,False,True,False,False,1
99,1,162500.0,0.0,66000.0,1,1,1,1,0,0,0,0,0,0,1,1,3,1,1,1,0,0,0,29,0,0,8,0,24,47,27000.0,27000.0,0.0,0,0.0,0.0,0.0,501.0,1,0,True,False,False,False,True,False,False,True,False,False,False,False,False,False,False,False,False,False,False,False,True,False,False,False,False,False,False,True,False,False,True,False,False,False,1
99,0,999999.0,625.0,35000.0,1,1,0,0,0,0,0,0,0,0,1,1,2,0,0,1,99,99,0,29,0,0,6,0,18,44,0.0,0.0,0.0,0,0.0,0.0,0.0,422.0,0,0,True,False,False,False,True,False,False,True,False,False,False,False,False,False,False,False,False,False,False,False,True,False,False,False,False,False,False,True,False,False,True,False,False,False,1
99,0,999999.0,437.0,13523.0,1,0,1,0,1,0,1,0,0,0,0,0,2,0,0,1,99,99,0,19,0,1,7,1,11,16,6000.0,6000.0,0.0,0,0.0,0.0,0.0,163.0,1,0,True,False,False,False,True,False,False,True,True,False,False,False,False,False,False,False,False,False,False,False,False,False,False,False,False,False,False,True,False,False,False,True,False,False,1
99,0,999999.0,1000.0,34700.0,1,1,1,1,0,0,0,0,0,0,2,1,5,3,2,1,6,2,0,30,1,1,7,1,41,68,32000.0,32000.0,0.0,0,0.0,0.0,0.0,234.0,1,2,True,False,False,False,True,False,False,True,False,False,False,True,False,False,False,False,False,False,False,False,False,False,False,False,False,False,False,True,False,False,True,False,False,False,1
99,0,999999.0,625.0,15200.0,1,1,0,0,0,0,0,0,0,0,2,1,3,0,0,1,99,99,1,72,1,0,5,0,0,0,9200.0,0.0,0.0,0,8000.0,0.0,0.0,157.0,0,1,True,False,False,False,True,False,False,True,False,False,False,True,False,False,False,False,False,False,False,False,False,False,False,False,False,False,False,True,False,False,True,False,False,False,1
99,1,162500.0,0.0,88405.0,1,1,1,1,2,0,1,1,0,1,0,0,4,0,0,1,99,99,1,30,0,0,8,0,48,87,22100.0,22000.0,0.0,0,0.0,0.0,0.0,501.0,0,0,True,False,False,False,True,False,False,True,True,False,False,False,False,False,False,False,False,False,False,False,False,False,False,False,True,False,False,False,False,False,False,True,False,False,1
99,0,999999.0,112.0,699.0,1,0,0,0,0,0,0,0,0,0,0,0,1,0,0,1,99,99,0,73,0,0,4,0,0,0,699.0,0.0,0.0,0,699.0,0.0,0.0,12.0,0,7,True,False,False,False,True,False,False,True,False,False,False,True,False,False,False,False,False,False,False,False,False,False,True,False,False,False,False,False,False,False,False,False,False,True,1
99,1,162500.0,0.0,40000.0,2,1,1,1,2,0,1,1,0,1,0,0,5,0,0,1,99,99,2,1,1,0,7,0,0,0,0.0,999999.0,999999.0,999999,99999.0,99999.0,99999.0,270.0,1,0,True,False,False,False,True,False,False,True,True,False,False,False,False,False,False,False,False,False,False,False,False,False,False,False,False,False,False,True,False,False,False,True,False,False,1
99,1,400000.0,0.0,120031.0,1,1,2,1,0,0,0,0,0,0,0,0,4,1,0,1,31,31,0,53,0,0,7,0,0,0,39731.0,0.0,0.0,0,0.0,0.0,0.0,501.0,0,0,True,False,False,False,True,False,False,True,False,False,False,False,False,False,False,True,False,False,False,False,False,False,False,False,False,False,False,True,False,False,False,False,False,True,1
99,1,162500.0,0.0,45102.0,1,0,1,0,0,0,0,0,0,0,0,0,2,1,0,1,25,25,0,61,0,0,7,0,22,51,17802.0,17802.0,0.0,0,0.0,0.0,0.0,501.0,0,7,True,False,False,False,True,False,False,True,False,False,False,True,False,False,False,False,False,False,False,False,False,False,False,False,False,False,False,True,True,False,False,False,False,False,0
99,0,999999.0,675.0,22800.0,1,0,1,0,1,0,1,0,0,0,0,0,2,0,0,1,99,99,0,46,0,1,6,1,22,61,10000.0,10000.0,0.0,0,0.0,0.0,0.0,275.0,1,0,True,False,False,False,True,False,False,True,True,False,False,False,False,False,False,False,False,False,False,False,False,False,False,False,False,False,False,True,False,False,False,True,False,False,1
99,1,137500.0,0.0,40000.0,1,1,0,0,0,0,0,0,0,0,1,1,2,0,0,1,99,99,0,64,0,0,7,0,22,60,10000.0,10000.0,0.0,0,0.0,0.0,0.0,482.0,0,0,True,False,False,False,True,False,False,True,False,False,False,False,False,False,False,False,False,False,False,False,True,False,False,False,False,False,False,True,False,False,True,False,False,False,1
99,0,999999.0,875.0,88186.0,1,1,1,1,2,7,1,1,0,1,0,0,7,0,0,1,99,99,3,19,0,0,6,0,0,0,0.0,0.0,0.0,0,0.0,0.0,0.0,439.0,1,0,True,False,False,False,True,False,False,True,True,False,False,False,False,False,False,False,False,False,False,False,False,False,False,False,False,False,False,True,False,False,False,True,False,False,1
99,0,999999.0,625.0,26000.0,1,0,2,0,0,0,0,0,0,0,0,0,4,2,0,1,21,13,0,37,0,0,6,0,37,78,24000.0,24000.0,0.0,0,0.0,0.0,0.0,207.0,1,2,True,False,False,False,True,False,False,True,False,False,False,True,False,False,False,False,False,False,False,False,False,False,True,False,False,False,False,False,True,False,False,False,False,False,0
99,0,999999.0,625.0,52744.0,1,1,1,1,0,0,0,0,0,0,1,1,4,2,1,1,12,2,0,30,0,0,7,0,41,68,28850.0,26930.0,0.0,0,0.0,0.0,1920.0,419.0,1,0,True,False,False,False,True,False,False,True,False,False,False,False,False,False,False,False,False,False,False,False,True,False,False,False,False,False,False,True,False,False,True,False,False,False,1
99,0,999999.0,1000.0,18000.0,2,1,1,1,0,0,0,0,0,0,0,0,5,0,0,1,99,99,1,4,0,1,0,1,0,0,0.0,999999.0,999999.0,999999,99999.0,99999.0,99999.0,119.0,1,0,True,False,False,False,True,False,False,True,False,False,False,False,False,False,False,False,False,False,True,False,False,False,False,False,False,False,False,True,False,False,False,True,False,False,1
99,1,350000.0,0.0,76500.0,2,2,2,2,0,0,0,0,0,0,0,0,1,0,0,2,99,99,0,24,0,0,6,0,6,7,3500.0,3500.0,0.0,0,0.0,0.0,0.0,54.0,1,0,True,False,False,False,True,False,False,True,False,False,False,False,False,True,False,False,False,False,False,False,False,False,False,False,False,False,False,True,False,False,False,True,False,False,0
99,0,999999.0,675.0,38000.0,1,0,0,0,0,0,0,0,0,0,0,0,1,0,0,1,99,99,0,72,1,0,7,0,25,19,38000.0,14000.0,0.0,0,9000.0,0.0,15000.0,501.0,1,1,True,False,False,False,True,False,False,True,False,False,False,True,False,False,False,False,False,False,False,False,False,False,False,False,False,False,False,True,True,False,False,False,False,False,1
99,0,999999.0,1000.0,2005.0,1,2,2,2,0,0,0,0,0,0,4,1,7,1,0,1,41,41,0,62,1,0,6,0,20,8,0.0,0.0,0.0,0,0.0,0.0,0.0,10.0,1,0,True,False,False,False,True,False,False,True,False,False,False,False,False,False,False,True,False,False,False,False,False,False,False,False,False,True,False,False,False,False,True,False,False,False,1
99,1,275000.0,0.0,88200.0,1,1,1,1,2,0,1,1,0,1,0,0,3,0,0,1,99,99,0,4,0,1,0,1,0,0,0.0,999999.0,999999.0,999999,99999.0,99999.0,99999.0,501.0,1,0,True,False,False,False,True,False,False,True,True,False,False,False,False,False,False,False,False,False,False,False,False,False,False,False,False,False,False,True,False,False,False,True,False,False,1
99,1,400000.0,0.0,109600.0,1,1,1,1,0,0,0,0,0,0,2,1,4,2,0,1,22,17,0,45,1,0,8,0,41,68,100000.0,100000.0,0.0,0,0.0,0.0,0.0,501.0,1,2,True,False,False,False,True,False,False,True,False,False,False,True,False,False,False,False,False,False,False,False,False,False,False,False,False,False,False,True,False,False,True,False,False,False,1
99,0,999999.0,875.0,48400.0,1,1,1,1,2,0,1,1,0,1,0,0,6,0,0,1,99,99,3,15,0,1,3,1,0,0,400.0,999999.0,999999.0,999999,0.0,0.0,400.0,292.0,1,0,True,False,False,False,True,False,False,True,True,False,False,False,False,False,False,False,False,False,False,False,False,False,False,False,False,False,False,True,False,False,False,True,False,False,1
99,0,999999.0,537.0,11785.0,1,0,1,0,1,0,1,0,0,0,0,0,2,0,0,1,99,99,0,18,0,1,6,1,18,44,2571.0,2571.0,0.0,0,0.0,0.0,0.0,142.0,0,0,True,False,False,False,True,False,False,True,True,False,False,False,False,False,False,False,False,False,False,False,False,False,False,False,False,False,False,True,False,False,False,True,False,False,1
99,1,350000.0,0.0,22200.0,1,1,0,0,0,0,0,0,0,0,1,1,2,0,0,1,99,99,0,70,0,0,3,0,0,0,7200.0,0.0,0.0,0,7200.0,0.0,0.0,296.0,1,0,True,False,False,False,True,False,False,True,False,False,False,False,False,False,False,False,False,False,False,False,True,False,False,False,False,False,False,True,False,False,True,False,False,False,1
99,0,999999.0,725.0,25000.0,1,0,0,1,0,0,0,0,0,0,0,0,2,1,0,1,18,18,0,38,1,0,8,0,37,81,25000.0,25000.0,0.0,0,0.0,0.0,0.0,301.0,1,1,True,False,False,False,True,False,False,True,False,False,False,True,False,False,False,False,False,False,False,False,False,False,False,False,False,False,False,True,True,False,False,False,False,False,1
99,0,999999.0,1000.0,20000.0,3,0,0,0,0,0,0,0,0,0,0,0,1,0,0,1,99,99,0,25,1,0,8,0,11,18,20000.0,20000.0,0.0,0,0.0,0.0,0.0,310.0,1,1,True,False,False,False,True,False,False,True,False,False,False,True,False,False,False,False,False,False,False,False,False,False,False,False,False,False,False,True,False,False,False,True,False,False,1
99,1,42499.0,0.0,16990.0,1,1,0,0,0,0,0,0,0,0,2,1,2,0,0,1,99,99,0,75,1,0,2,0,0,0,13711.0,0.0,0.0,0,6478.0,0.0,0.0,227.0,1,1,True,False,False,False,True,False,False,True,False,False,False,True,False,False,False,False,False,False,False,False,False,False,False,False,False,False,False,True,False,False,True,False,False,False,1
99,1,95000.0,0.0,19700.0,1,0,0,0,0,0,0,0,0,0,0,0,2,0,0,1,99,99,1,62,1,0,6,0,0,0,12200.0,0.0,0.0,0,0.0,0.0,0.0,237.0,0,8,True,False,False,False,True,False,False,True,False,False,False,True,False,False,False,False,False,False,False,False,False,False,False,False,False,False,False,True,False,False,False,True,False,False,1
99,0,999999.0,1000.0,65863.0,1,1,1,1,0,0,0,0,0,0,1,1,3,1,0,1,22,22,0,43,0,0,7,0,31,73,3000.0,3000.0,0.0,0,0.0,0.0,0.0,501.0,0,0,True,False,False,False,True,False,False,True,False,False,False,False,False,False,False,False,False,False,False,False,True,False,False,False,False,False,False,True,False,False,True,False,False,False,1
99,0,999999.0,312.0,7500.0,1,1,1,1,2,0,1,1,0,1,0,0,8,0,0,1,99,99,5,3,0,0,0,0,0,0,0.0,999999.0,999999.0,999999,99999.0,99999.0,99999.0,37.0,1,0,True,False,False,False,True,False,False,True,True,False,False,False,False,False,False,False,False,False,False,False,False,False,False,False,False,False,False,True,False,False,False,True,False,False,1
99,1,112500.0,0.0,46160.0,2,1,1,1,0,0,0,0,0,0,0,0,1,0,0,2,99,99,0,18,0,0,2,0,21,18,2956.0,2956.0,0.0,0,0.0,0.0,0.0,46.0,1,0,True,False,False,False,True,False,False,True,False,False,False,False,False,False,False,False,False,True,False,False,False,False,False,False,False,False,False,True,False,False,False,True,False,False,1
99,0,999999.0,387.0,3400.0,1,1,1,1,0,0,0,0,0,0,1,1,5,3,1,1,15,2,0,36,0,0,6,0,19,46,1700.0,1700.0,0.0,0,0.0,0.0,0.0,23.0,0,0,True,False,False,False,True,False,False,True,False,False,False,False,False,False,False,False,False,False,False,False,True,False,False,False,False,False,False,True,False,False,True,False,False,False,1
99,1,275000.0,0.0,87146.0,1,1,1,1,2,0,1,1,0,1,0,0,4,0,0,1,99,99,1,17,0,1,5,1,6,7,2030.0,2000.0,0.0,0,0.0,0.0,0.0,501.0,0,0,True,False,False,False,True,False,False,True,True,False,False,False,False,False,False,False,False,False,False,False,False,False,False,False,False,False,False,True,False,False,False,True,False,False,1
99,0,999999.0,875.0,26100.0,1,1,1,1,0,0,0,0,0,0,0,0,8,0,0,1,99,99,0,0,1,0,7,0,0,0,0.0,999999.0,999999.0,999999,99999.0,99999.0,99999.0,124.0,1,0,True,False,False,False,True,False,False,True,False,False,False,False,False,False,True,False,False,False,False,False,False,False,False,False,False,False,False,True,False,False,False,True,False,False,1
99,1,400000.0,0.0,58135.0,1,1,1,1,0,0,0,0,0,0,2,1,4,2,0,1,31,21,0,51,1,1,8,2,21,66,42785.0,16985.0,15000.0,0,0.0,0.0,0.0,455.0,0,6,True,False,False,False,True,False,False,True,False,False,False,True,False,False,False,False,False,False,False,False,False,False,False,False,False,False,False,True,False,False,True,False,False,False,1
99,0,999999.0,437.0,33000.0,1,1,1,1,2,0,1,1,0,1,0,0,4,0,0,1,99,99,1,0,1,0,7,0,0,0,0.0,999999.0,999999.0,999999,99999.0,99999.0,99999.0,262.0,1,0,True,False,False,False,True,False,False,True,True,False,False,False,False,False,False,False,False,False,False,False,False,False,False,False,False,False,False,True,False,False,False,True,False,False,1
99,0,999999.0,675.0,26000.0,1,0,1,0,1,0,1,0,0,0,0,0,3,0,0,1,99,99,1,10,0,1,1,1,0,0,0.0,999999.0,999999.0,999999,99999.0,99999.0,99999.0,260.0,1,0,True,False,False,False,True,False,False,True,True,False,False,False,False,False,False,False,False,False,False,False,False,False,True,False,False,False,False,False,False,False,False,True,False,False,1
99,1,225000.0,0.0,50000.0,1,1,1,1,0,0,0,0,0,0,2,1,6,3,1,1,9,1,1,32,1,0,6,0,30,27,39000.0,39000.0,0.0,0,0.0,0.0,0.0,293.0,1,2,True,False,False,False,True,False,False,True,False,False,False,True,False,False,False,False,False,False,False,False,False,False,False,False,False,False,False,True,False,False,True,False,False,False,1
99,0,999999.0,875.0,23000.0,1,0,1,0,1,0,1,0,0,0,0,0,3,0,0,1,99,99,1,13,1,1,2,1,0,0,0.0,999999.0,999999.0,999999,99999.0,99999.0,99999.0,230.0,0,0,True,False,False,False,True,False,False,True,True,False,False,False,False,False,False,False,False,False,False,False,False,False,True,False,False,False,False,False,False,False,False,True,False,False,1
99,0,999999.0,312.0,29500.0,1,1,1,1,2,0,1,1,0,1,0,0,6,0,0,1,99,99,3,14,1,1,2,1,0,0,0.0,999999.0,999999.0,999999,99999.0,99999.0,99999.0,166.0,0,0,True,False,False,False,True,False,False,True,True,False,False,False,False,False,False,False,False,False,False,False,False,False,False,False,False,False,False,True,False,False,False,True,False,False,1
99,0,999999.0,462.0,15846.0,1,1,1,1,0,0,0,0,0,0,1,1,5,3,3,1,2,0,0,26,0,0,6,0,0,0,0.0,0.0,0.0,0,0.0,0.0,0.0,107.0,1,0,True,False,False,False,True,False,False,True,False,False,False,False,False,False,False,False,False,False,False,False,True,False,False,False,False,False,False,True,False,False,True,False,False,False,1
99,1,112500.0,0.0,23000.0,1,0,1,0,1,7,1,0,0,0,0,0,3,0,0,1,99,99,1,21,0,0,5,0,25,15,4000.0,4000.0,0.0,0,0.0,0.0,0.0,230.0,0,0,True,False,False,False,True,False,False,True,True,False,False,False,False,False,False,False,False,False,False,False,False,False,True,False,False,False,False,False,False,False,False,True,False,False,1
99,1,400000.0,0.0,77029.0,1,1,1,1,2,0,1,1,0,1,0,0,4,0,0,1,99,99,1,17,0,1,4,2,14,17,1029.0,1029.0,0.0,0,0.0,0.0,0.0,501.0,0,0,True,False,False,False,True,False,False,True,True,False,False,False,False,False,False,False,False,False,False,False,False,False,False,False,False,False,False,True,False,False,False,True,False,False,1
99,1,350000.0,0.0,57012.0,1,1,2,1,2,0,1,1,0,1,0,0,6,0,0,1,99,99,2,17,1,1,5,2,0,0,0.0,0.0,0.0,0,0.0,0.0,0.0,327.0,0,0,True,False,False,False,True,False,False,True,True,False,False,False,False,False,False,False,False,False,False,False,False,False,False,False,False,True,False,False,False,False,False,True,False,False,1
99,1,225000.0,0.0,69300.0,1,1,1,1,0,0,0,0,0,0,1,1,5,3,0,1,19,11,0,42,0,0,7,0,37,78,25400.0,25000.0,0.0,0,0.0,0.0,0.0,457.0,0,0,True,False,False,False,True,False,False,True,False,False,False,False,False,False,False,False,False,False,False,False,True,False,False,False,False,False,False,True,False,False,True,False,False,False,1
99,1,95000.0,0.0,8400.0,1,1,0,0,0,0,0,0,0,0,1,1,2,0,0,1,99,99,0,78,0,0,2,0,0,0,2400.0,0.0,0.0,0,2400.0,0.0,0.0,112.0,1,0,True,False,False,False,True,False,False,True,False,False,False,False,False,False,False,False,False,False,False,False,True,False,False,False,False,False,False,True,False,False,True,False,False,False,1
99,1,400000.0,0.0,68400.0,1,1,0,0,0,0,0,0,0,0,2,1,2,0,0,1,99,99,0,51,1,0,6,0,20,52,68400.0,0.0,60000.0,0,0.0,0.0,0.0,501.0,0,6,True,False,False,False,True,False,False,True,False,False,False,True,False,False,False,False,False,False,False,False,False,False,False,False,False,False,False,True,False,False,True,False,False,False,1
99,0,999999.0,675.0,0.0,2,0,0,0,0,0,0,0,0,0,0,0,1,0,0,1,99,99,0,28,1,0,8,0,40,79,0.0,0.0,0.0,0,0.0,0.0,0.0,1.0,1,1,True,False,False,False,True,False,False,True,False,False,False,True,False,False,False,False,False,False,False,False,False,False,False,False,False,False,False,True,False,False,False,True,False,False,0
99,1,350000.0,0.0,39500.0,1,0,1,0,0,0,0,0,0,0,0,0,3,2,0,1,20,17,0,58,0,0,7,0,30,44,25000.0,25000.0,0.0,0,0.0,0.0,0.0,396.0,1,6,True,False,False,False,True,False,False,True,False,False,False,True,False,False,False,False,False,False,False,False,False,False,False,False,False,False,False,True,True,False,False,False,False,False,1
99,0,999999.0,362.0,68764.0,1,1,1,1,2,0,1,1,0,1,0,0,7,0,0,1,99,99,2,6,0,1,0,1,0,0,0.0,999999.0,999999.0,999999,99999.0,99999.0,99999.0,347.0,0,0,True,False,False,False,True,False,False,True,True,False,False,False,False,False,False,False,False,False,False,False,False,False,False,False,False,False,False,True,False,False,False,True,False,False,1
99,0,999999.0,487.0,36946.0,1,0,1,0,1,0,1,0,0,0,0,0,3,0,0,1,99,99,1,23,0,1,7,1,31,65,3200.0,3200.0,0.0,0,0.0,0.0,0.0,381.0,0,0,True,False,False,False,True,False,False,True,True,False,False,False,False,False,False,False,False,False,False,False,False,False,False,False,False,False,False,True,False,False,False,True,False,False,1
99,1,95000.0,0.0,38687.0,1,1,0,0,0,0,0,0,0,0,1,1,2,0,0,1,99,99,0,62,0,0,6,0,22,61,4311.0,0.0,0.0,0,4311.0,0.0,0.0,466.0,1,0,True,False,False,False,True,False,False,True,False,False,False,False,False,False,False,False,False,False,False,False,True,False,False,False,False,False,False,True,False,False,True,False,False,False,1
99,1,400000.0,0.0,80000.0,1,1,1,1,2,0,1,1,0,1,0,0,6,0,0,1,99,99,3,2,1,0,7,0,0,0,0.0,999999.0,999999.0,999999,99999.0,99999.0,99999.0,483.0,1,0,True,False,False,False,True,False,False,True,True,False,False,False,False,False,False,False,False,False,False,False,False,False,False,False,False,False,False,True,False,False,False,True,False,False,1
99,1,137500.0,0.0,48000.0,1,0,0,0,0,0,0,0,0,0,0,0,1,0,0,1,99,99,0,57,0,0,8,0,19,46,48000.0,48000.0,0.0,0,0.0,0.0,0.0,501.0,1,2,True,False,False,False,True,False,False,True,False,False,False,True,False,False,False,False,False,False,False,False,False,False,False,False,False,False,False,True,True,False,False,False,False,False,1
99,0,999999.0,337.0,9986.0,1,0,0,0,0,0,0,0,0,0,0,0,1,0,0,1,99,99,0,83,0,0,6,0,0,0,9986.0,0.0,0.0,0,4440.0,0.0,0.0,168.0,0,6,True,False,False,False,True,False,False,True,False,False,False,True,False,False,False,False,False,False,False,False,False,False,False,False,False,False,False,True,False,False,False,False,False,True,1
99,1,225000.0,0.0,5000.0,2,0,0,0,0,0,0,0,0,0,0,0,1,0,0,1,99,99,0,54,1,0,2,0,20,8,5000.0,5000.0,0.0,0,0.0,0.0,0.0,78.0,0,7,True,False,False,False,True,False,False,True,False,False,False,True,False,False,False,False,False,False,False,False,False,False,False,False,False,False,False,True,False,False,False,True,False,False,1
99,1,400000.0,0.0,85390.0,1,1,1,1,2,0,1,1,0,1,0,0,3,0,0,1,99,99,0,23,0,0,7,0,25,44,17240.0,17220.0,0.0,0,0.0,0.0,0.0,501.0,0,0,True,False,False,False,True,False,False,True,True,False,False,False,False,False,False,False,False,False,False,False,False,False,False,False,False,False,False,True,False,False,False,True,False,False,1
99,0,999999.0,1000.0,7000.0,2,0,0,0,0,0,0,0,0,0,0,0,1,0,0,2,99,99,0,31,1,0,8,0,39,73,10000.0,10000.0,0.0,0,0.0,0.0,0.0,155.0,1,0,True,False,False,False,True,False,False,True,False,False,False,False,False,False,False,False,False,True,False,False,False,False,False,False,False,False,False,True,False,False,False,True,False,False,1
99,0,999999.0,437.0,30000.0,1,1,2,1,2,0,1,1,0,1,0,0,7,0,0,1,99,99,3,9,1,1,1,1,0,0,0.0,999999.0,999999.0,999999,99999.0,99999.0,99999.0,156.0,1,0,True,False,False,False,True,False,False,True,True,False,False,False,False,False,False,False,False,False,False,False,False,False,False,False,False,False,False,True,False,False,False,True,False,False,1
99,0,999999.0,537.0,15000.0,2,0,0,0,0,0,0,0,0,0,0,0,1,0,0,2,99,99,0,39,0,1,7,2,0,0,7500.0,0.0,0.0,0,0.0,7500.0,0.0,116.0,1,0,True,False,False,False,True,False,False,True,False,False,False,False,False,False,False,False,False,True,False,False,False,False,True,False,False,False,False,False,True,False,False,False,False,False,1
99,0,999999.0,875.0,15000.0,2,0,1,0,1,0,1,0,0,0,0,0,3,0,0,1,99,99,1,17,0,1,5,1,14,17,0.0,0.0,0.0,0,0.0,0.0,0.0,150.0,1,0,True,False,False,False,True,False,False,True,True,False,False,False,False,False,False,False,False,False,False,False,False,False,True,False,False,False,False,False,False,False,False,True,False,False,1
99,0,999999.0,875.0,197395.0,2,2,2,1,6,0,2,5,0,2,0,0,11,0,0,1,99,99,3,6,0,1,1,1,0,0,0.0,999999.0,999999.0,999999,99999.0,99999.0,99999.0,501.0,1,0,True,False,False,False,True,False,False,True,False,False,True,False,False,False,False,False,False,False,False,False,False,False,False,False,False,False,False,True,False,False,False,True,False,False,1
99,0,999999.0,212.0,22882.0,1,0,2,0,2,7,5,0,0,0,0,0,6,0,0,1,99,99,3,7,0,1,1,1,0,0,0.0,999999.0,999999.0,999999,99999.0,99999.0,99999.0,138.0,1,0,True,False,False,False,True,False,False,True,False,False,True,False,False,False,False,False,False,False,False,False,False,False,True,False,False,False,False,False,False,False,False,True,False,False,1
99,1,400000.0,0.0,65500.0,1,1,1,1,2,0,1,1,0,1,0,0,4,0,0,1,99,99,1,0,0,0,7,0,0,0,0.0,999999.0,999999.0,999999,99999.0,99999.0,99999.0,501.0,1,0,True,False,False,False,True,False,False,True,True,False,False,False,False,False,False,False,False,False,False,False,False,False,False,False,False,False,False,True,False,False,False,True,False,False,1
99,1,112500.0,0.0,36000.0,1,0,0,0,0,0,0,0,0,0,0,0,1,0,0,1,99,99,0,48,0,0,7,0,37,78,36000.0,36000.0,0.0,0,0.0,0.0,0.0,501.0,0,6,True,False,False,False,True,False,False,True,False,False,False,True,False,False,False,False,False,False,False,False,False,False,False,False,False,False,False,True,False,False,False,False,False,True,1
99,0,999999.0,875.0,130603.0,1,1,1,1,0,0,0,0,0,0,2,1,5,3,0,1,15,9,0,47,1,0,8,0,41,68,130603.0,72000.0,0.0,0,0.0,0.0,0.0,501.0,1,1,True,False,False,False,True,False,False,True,False,False,False,True,False,False,False,False,False,False,False,False,False,False,False,False,False,True,False,False,False,False,True,False,False,False,1
99,0,999999.0,675.0,52000.0,1,1,0,0,0,0,0,0,0,0,1,1,2,0,0,1,99,99,0,28,0,0,7,0,22,61,18000.0,18000.0,0.0,0,0.0,0.0,0.0,501.0,1,0,True,False,False,False,True,False,False,True,False,False,False,False,False,False,False,False,False,False,False,False,True,False,False,False,False,False,False,True,False,False,True,False,False,False,1
99,1,400000.0,0.0,127974.0,1,1,1,1,0,0,0,0,0,0,1,1,3,1,0,1,16,16,0,48,0,0,5,0,0,0,0.0,0.0,0.0,0,0.0,0.0,0.0,501.0,0,0,True,False,False,False,True,False,False,True,False,False,False,False,False,False,False,False,False,False,False,False,True,False,False,False,False,False,False,True,False,False,True,False,False,False,1
99,1,187500.0,0.0,81000.0,1,1,2,1,0,0,0,0,0,0,0,0,6,3,0,1,34,30,0,63,0,1,6,2,0,0,0.0,0.0,0.0,0,0.0,0.0,0.0,455.0,1,0,True,False,False,False,True,False,False,True,False,False,False,False,False,False,False,False,True,False,False,False,False,False,False,True,False,False,False,False,False,True,False,False,False,False,1
99,1,187500.0,0.0,35400.0,1,1,1,1,0,0,0,0,0,0,2,1,4,2,2,1,4,2,0,35,1,1,7,1,29,34,25400.0,25000.0,0.0,0,0.0,0.0,0.0,282.0,1,2,True,False,False,False,True,False,False,True,False,False,False,True,False,False,False,False,False,False,False,False,False,False,False,False,False,False,False,True,False,False,True,False,False,False,1
99,0,999999.0,575.0,24920.0,2,1,1,1,0,0,0,0,0,0,0,0,1,0,0,2,99,99,0,17,0,0,6,0,22,18,0.0,0.0,0.0,0,0.0,0.0,0.0,1.0,1,0,True,False,False,False,True,False,False,True,False,False,False,False,False,True,False,False,False,False,False,False,False,False,False,False,False,False,False,True,False,False,False,True,False,False,1
99,0,999999.0,462.0,31544.0,1,1,1,1,2,0,1,1,0,1,0,0,5,0,0,1,99,99,2,5,0,1,0,1,0,0,0.0,999999.0,999999.0,999999,99999.0,99999.0,99999.0,213.0,1,0,True,False,False,False,True,False,False,True,True,False,False,False,False,False,False,False,False,False,False,False,False,False,False,False,False,False,False,True,False,False,False,True,False,False,1
99,0,999999.0,487.0,20700.0,1,0,1,0,1,0,1,0,0,0,0,0,5,0,0,1,99,99,3,5,1,0,0,0,0,0,0.0,999999.0,999999.0,999999,99999.0,99999.0,99999.0,142.0,1,0,True,False,False,False,True,False,False,True,True,False,False,False,False,False,False,False,False,False,False,False,False,False,False,False,False,False,False,True,False,False,False,True,False,False,1
99,0,999999.0,0.0,999999.0,1,0,0,0,0,0,0,0,0,0,0,0,1,0,0,1,99,99,0,22,1,1,7,2,30,44,5500.0,4000.0,0.0,0,0.0,0.0,0.0,0.0,1,0,False,False,True,False,False,True,False,True,False,False,False,False,False,True,False,False,False,False,False,False,False,False,False,False,False,False,False,True,False,False,False,True,False,False,1
99,1,137500.0,0.0,42000.0,1,1,1,1,0,0,0,0,0,0,2,1,3,1,0,1,11,11,0,51,1,0,8,0,31,53,39000.0,35000.0,0.0,0,0.0,0.0,0.0,421.0,0,5,True,False,False,False,True,False,False,True,False,False,False,True,False,False,False,False,False,False,False,False,False,False,False,False,False,False,False,True,False,False,True,False,False,False,1
99,1,400000.0,0.0,80000.0,1,1,1,1,2,0,1,1,0,1,0,0,4,0,0,1,99,99,1,8,1,1,1,1,0,0,0.0,999999.0,999999.0,999999,99999.0,99999.0,99999.0,501.0,1,0,True,False,False,False,True,False,False,True,True,False,False,False,False,False,False,False,False,False,False,False,False,False,False,False,False,False,False,True,False,False,False,True,False,False,1
99,1,112500.0,0.0,65173.0,1,1,1,1,0,0,0,0,0,0,2,1,7,5,0,1,24,15,0,50,1,0,2,0,25,44,14000.0,14000.0,0.0,0,0.0,0.0,0.0,324.0,0,6,True,False,False,False,True,False,False,True,False,False,False,True,False,False,False,False,False,False,False,False,False,False,False,False,False,False,False,True,False,False,True,False,False,False,1
99,1,187500.0,0.0,60300.0,2,1,1,1,0,0,0,0,0,0,0,0,1,0,0,2,99,99,0,43,1,0,6,0,18,44,25000.0,25000.0,0.0,0,0.0,0.0,0.0,388.0,0,0,True,False,False,False,True,False,False,True,False,False,False,False,False,False,False,False,False,True,False,False,False,False,False,False,False,True,False,False,False,False,False,True,False,False,1
99,0,999999.0,1.0,15189.0,1,0,0,0,0,0,0,0,0,0,0,0,2,0,0,1,99,99,0,45,0,0,2,0,0,0,15189.0,0.0,0.0,0,0.0,15189.0,0.0,178.0,1,1,True,False,False,False,True,False,False,True,False,False,False,True,False,False,False,False,False,False,False,False,False,False,False,False,False,False,False,True,True,False,False,False,False,False,1
99,1,350000.0,0.0,80000.0,1,1,1,1,0,0,0,0,0,0,2,1,5,3,1,1,9,4,0,35,1,0,6,0,25,15,40000.0,0.0,40000.0,0,0.0,0.0,0.0,501.0,0,5,True,False,False,False,True,False,False,True,False,False,False,True,False,False,False,False,False,False,False,False,False,False,False,False,False,False,False,True,False,False,True,False,False,False,1
99,1,400000.0,0.0,124615.0,1,1,1,1,2,0,1,1,0,1,0,0,6,0,0,1,99,99,3,7,1,1,0,1,0,0,0.0,999999.0,999999.0,999999,99999.0,99999.0,99999.0,501.0,1,0,True,False,False,False,True,False,False,True,True,False,False,False,False,False,False,False,False,False,False,False,False,False,False,False,False,True,False,False,False,False,False,True,False,False,1
99,1,52500.0,0.0,38000.0,1,1,0,0,0,0,0,0,0,0,2,1,2,0,0,1,99,99,0,29,1,0,7,0,25,19,16000.0,16000.0,0.0,0,0.0,0.0,0.0,458.0,1,1,True,False,False,False,True,False,False,True,False,False,False,True,False,False,False,False,False,False,False,False,False,False,False,False,False,False,False,True,False,False,True,False,False,False,1
99,1,162500.0,0.0,43800.0,1,1,1,1,2,0,1,1,0,1,0,0,4,0,0,1,99,99,1,6,1,1,0,1,0,0,0.0,999999.0,999999.0,999999,99999.0,99999.0,99999.0,348.0,0,0,True,False,False,False,True,False,False,True,True,False,False,False,False,False,False,False,False,False,False,False,False,False,False,False,False,True,False,False,False,False,False,True,False,False,1
99,0,999999.0,575.0,32500.0,1,0,1,0,0,0,0,0,0,0,0,0,2,1,0,1,16,16,0,34,0,1,6,1,22,61,32500.0,32500.0,0.0,0,0.0,0.0,0.0,380.0,1,2,True,False,False,False,True,False,False,True,False,False,False,True,False,False,False,False,False,False,False,False,False,False,False,False,False,False,False,True,False,False,False,True,False,False,1
99,0,999999.0,512.0,22824.0,1,0,1,0,0,0,0,0,0,0,0,0,2,1,0,1,30,30,0,48,0,0,6,0,23,18,22324.0,22324.0,0.0,0,0.0,0.0,0.0,275.0,1,2,True,False,False,False,True,False,False,True,False,False,False,True,False,False,False,False,False,False,False,False,False,False,False,False,False,False,False,True,True,False,False,False,False,False,1
99,1,350000.0,0.0,55600.0,1,1,0,0,0,0,0,0,0,0,1,1,2,0,0,1,99,99,0,26,0,0,8,0,26,72,27700.0,27500.0,0.0,0,0.0,0.0,0.0,501.0,1,0,True,False,False,False,True,False,False,True,False,False,False,False,False,False,False,False,False,False,False,False,True,False,False,False,False,True,False,False,False,False,True,False,False,False,1
99,0,999999.0,337.0,43000.0,1,1,0,0,0,0,0,0,0,0,2,1,2,0,0,1,99,99,0,32,1,0,6,0,35,52,22000.0,22000.0,0.0,0,0.0,0.0,0.0,501.0,1,2,True,False,False,False,True,False,False,True,False,False,False,True,False,False,False,False,False,False,False,False,False,False,False,False,False,False,False,True,False,False,True,False,False,False,1
99,0,999999.0,625.0,27800.0,1,1,1,1,0,0,0,0,0,0,2,1,4,2,0,1,24,12,0,50,1,0,6,0,23,16,15000.0,15000.0,0.0,0,0.0,0.0,0.0,214.0,1,1,True,False,False,False,True,False,False,True,False,False,False,True,False,False,False,False,False,False,False,False,False,False,False,False,False,True,False,False,False,False,True,False,False,False,1
99,1,162500.0,0.0,47800.0,1,0,1,0,1,0,1,0,0,0,0,0,3,0,0,1,99,99,1,42,1,0,6,0,41,68,40000.0,40000.0,0.0,0,0.0,0.0,0.0,493.0,1,0,True,False,False,False,True,False,False,True,True,False,False,False,False,False,False,False,False,False,False,False,False,False,False,False,False,False,False,True,False,False,False,False,True,False,1
99,0,999999.0,675.0,19590.0,1,1,1,1,2,0,1,1,0,1,0,0,3,0,0,1,99,99,0,1,1,0,7,0,0,0,0.0,999999.0,999999.0,999999,99999.0,99999.0,99999.0,196.0,1,0,True,False,False,False,True,False,False,True,True,False,False,False,False,False,False,False,False,False,False,False,False,False,False,False,False,False,False,True,False,False,False,True,False,False,1
99,0,999999.0,282.0,6720.0,1,1,1,1,2,0,1,1,0,1,0,0,7,0,0,1,99,99,4,10,1,1,2,1,0,0,0.0,999999.0,999999.0,999999,99999.0,99999.0,99999.0,36.0,0,0,True,False,False,False,True,False,False,True,True,False,False,False,False,False,False,False,False,False,False,False,False,False,False,False,False,False,False,True,False,False,False,True,False,False,1
99,0,999999.0,1000.0,13200.0,1,1,0,0,0,0,0,0,0,0,2,1,2,0,0,1,99,99,0,46,1,1,8,1,79,92,13200.0,0.0,0.0,0,0.0,0.0,0.0,159.0,1,1,True,False,False,False,True,False,False,True,False,False,False,True,False,False,False,False,False,False,False,False,False,False,False,False,False,False,False,True,False,False,True,False,False,False,1
99,1,275000.0,0.0,52086.0,1,1,0,0,0,0,0,0,0,0,0,0,4,0,0,1,99,99,0,12,0,1,2,1,0,0,0.0,999999.0,999999.0,999999,99999.0,99999.0,99999.0,414.0,0,0,True,False,False,False,True,False,False,True,False,False,False,False,False,False,True,False,False,False,False,False,False,False,False,False,False,True,False,False,False,False,False,True,False,False,1
99,0,999999.0,1000.0,22000.0,1,1,1,1,2,0,1,1,0,1,0,0,4,0,0,1,99,99,1,12,1,1,2,1,0,0,0.0,999999.0,999999.0,999999,99999.0,99999.0,99999.0,175.0,1,0,True,False,False,False,True,False,False,True,True,False,False,False,False,False,False,False,False,False,False,False,False,False,False,False,False,False,False,True,False,False,False,True,False,False,1
99,0,999999.0,512.0,19000.0,2,0,0,1,0,0,0,1,0,1,0,0,3,0,0,1,99,99,1,7,0,1,1,1,0,0,0.0,999999.0,999999.0,999999,99999.0,99999.0,99999.0,190.0,0,0,True,False,False,False,True,False,False,True,True,False,False,False,False,False,False,False,False,False,False,False,False,False,False,False,False,False,False,True,False,False,False,True,False,False,1
99,1,112500.0,0.0,28478.0,1,1,1,1,0,0,0,0,0,0,1,1,4,2,0,1,19,13,0,48,0,0,2,0,0,0,0.0,0.0,0.0,0,0.0,0.0,0.0,219.0,0,0,True,False,False,False,True,False,False,True,False,False,False,False,False,False,False,False,False,False,False,False,True,False,False,False,False,False,False,True,False,False,True,False,False,False,1
99,1,350000.0,0.0,13000.0,1,1,1,1,2,0,1,1,0,1,0,0,3,0,0,1,99,99,0,26,1,0,7,0,26,19,0.0,0.0,0.0,0,0.0,0.0,0.0,134.0,0,0,True,False,False,False,True,False,False,True,True,False,False,False,False,False,False,False,False,False,False,False,False,False,False,True,False,False,False,False,False,False,False,True,False,False,1
99,1,225000.0,0.0,30600.0,1,1,1,1,2,0,1,1,0,1,0,0,8,0,0,1,99,99,5,25,0,0,6,0,22,51,6000.0,6000.0,0.0,0,0.0,0.0,0.0,141.0,0,0,True,False,False,False,True,False,False,True,True,False,False,False,False,False,False,False,False,False,False,False,False,False,False,False,False,False,False,True,True,False,False,False,False,False,1
99,0,999999.0,625.0,17000.0,3,0,1,1,0,0,0,0,0,0,0,0,1,0,0,2,99,99,0,37,0,0,6,0,6,7,5250.0,5250.0,0.0,0,0.0,0.0,0.0,81.0,1,0,True,False,False,False,True,False,False,True,False,False,False,False,False,False,False,False,False,True,False,False,False,False,False,False,False,False,False,True,False,False,False,True,False,False,1
99,1,275000.0,0.0,35128.0,1,0,0,1,0,0,0,1,0,1,0,0,2,0,0,1,99,99,0,46,0,0,6,0,22,61,18940.0,10177.0,5852.0,0,0.0,0.0,0.0,423.0,1,0,True,False,False,False,True,False,False,True,True,False,False,False,False,False,False,False,False,False,False,False,False,False,False,False,False,False,False,True,False,False,False,False,True,False,1
99,0,999999.0,412.0,20000.0,2,1,0,0,0,0,0,0,0,0,0,0,1,0,0,2,99,99,0,24,1,0,6,0,30,27,13000.0,13000.0,0.0,0,0.0,0.0,0.0,202.0,1,0,True,False,False,False,True,False,False,True,False,False,False,False,False,False,False,False,False,True,False,False,False,False,False,False,False,True,False,False,False,False,False,True,False,False,1
99,1,112500.0,0.0,9189.0,1,0,0,0,0,0,0,0,0,0,0,0,1,0,0,1,99,99,0,80,0,0,2,0,0,0,9189.0,0.0,0.0,0,0.0,0.0,0.0,155.0,0,8,True,False,False,False,True,False,False,True,False,False,False,True,False,False,False,False,False,False,False,False,False,False,True,False,False,False,False,False,False,False,False,False,True,False,1
99,1,275000.0,0.0,81200.0,2,1,1,1,2,0,1,1,0,1,0,0,8,0,0,1,99,99,3,10,1,1,1,1,0,0,0.0,999999.0,999999.0,999999,99999.0,99999.0,99999.0,374.0,1,0,True,False,False,False,True,False,False,True,True,False,False,False,False,False,False,False,False,False,False,False,False,False,False,False,False,False,False,True,False,False,False,True,False,False,1
99,0,999999.0,675.0,51000.0,1,1,1,1,0,0,0,0,0,0,1,1,7,4,3,1,8,0,0,35,0,0,2,0,0,0,0.0,0.0,0.0,0,0.0,0.0,0.0,265.0,1,0,True,False,False,False,True,False,False,True,False,False,False,False,False,False,False,False,False,False,False,False,True,False,False,False,False,False,False,True,False,False,True,False,False,False,1
99,0,999999.0,0.0,999999.0,1,0,0,0,0,0,0,0,0,0,0,0,1,0,0,1,99,99,0,20,0,1,6,1,32,39,600.0,500.0,0.0,0,0.0,0.0,0.0,0.0,1,0,False,False,True,False,False,True,False,True,False,False,False,False,False,True,False,False,False,False,False,False,False,False,False,False,False,False,False,True,False,False,False,True,False,False,1
99,1,137500.0,0.0,17781.0,1,2,3,2,2,0,1,1,0,1,0,0,8,0,0,1,99,99,2,19,1,0,4,0,35,49,7000.0,7000.0,0.0,0,0.0,0.0,0.0,79.0,1,0,True,False,False,False,True,False,False,True,True,False,False,False,False,False,False,False,False,False,False,False,False,False,False,False,False,False,False,True,False,False,False,True,False,False,1
99,1,112500.0,0.0,30292.0,1,0,2,0,3,0,6,0,0,0,0,0,4,0,0,1,99,99,0,0,1,0,7,0,0,0,0.0,999999.0,999999.0,999999,99999.0,99999.0,99999.0,233.0,1,0,True,False,False,False,True,False,False,True,False,False,False,False,False,False,True,False,False,False,False,False,False,False,False,False,False,False,False,True,False,False,False,True,False,False,1
99,1,400000.0,0.0,254119.0,2,0,0,0,0,0,0,0,0,0,0,0,1,0,0,2,99,99,0,45,0,0,6,0,36,66,220516.0,195516.0,0.0,0,0.0,0.0,0.0,501.0,0,0,True,False,False,False,True,False,False,True,False,False,False,False,False,False,False,False,False,True,False,False,False,False,False,False,False,False,False,True,True,False,False,False,False,False,1
99,1,112500.0,0.0,86398.0,1,1,0,0,0,0,0,0,0,0,1,1,2,0,0,1,99,99,0,65,0,0,7,0,0,0,8362.0,0.0,0.0,0,3718.0,0.0,0.0,501.0,0,0,True,False,False,False,True,False,False,True,False,False,False,False,False,False,False,False,False,False,False,False,True,False,True,False,False,False,False,False,False,False,True,False,False,False,1
99,1,137500.0,0.0,7200.0,1,1,0,0,0,0,0,0,0,0,1,1,2,0,0,1,99,99,0,81,0,0,6,0,0,0,3600.0,0.0,0.0,0,0.0,3600.0,0.0,96.0,0,0,True,False,False,False,True,False,False,True,False,False,False,False,False,False,False,False,False,False,False,False,True,False,True,False,False,False,False,False,False,False,True,False,False,False,1
99,0,999999.0,725.0,22253.0,1,1,1,1,0,0,0,0,0,0,1,1,4,2,0,1,17,13,0,38,0,0,2,0,20,9,12000.0,12000.0,0.0,0,0.0,0.0,0.0,177.0,1,0,True,False,False,False,True,False,False,True,False,False,False,False,False,False,False,False,False,False,False,False,True,False,False,False,False,True,False,False,False,False,True,False,False,False,1
99,0,999999.0,725.0,21900.0,2,1,1,2,0,0,0,0,0,0,0,0,6,1,1,1,0,0,0,20,1,0,2,0,20,8,1500.0,1500.0,0.0,0,0.0,0.0,0.0,128.0,1,0,True,False,False,False,True,False,False,True,False,False,False,False,False,False,True,False,False,False,False,False,False,False,False,False,False,False,False,True,False,True,False,False,False,False,1
99,0,999999.0,875.0,44000.0,1,1,0,0,0,0,0,0,0,0,2,1,4,0,0,1,99,99,2,25,1,1,6,1,23,18,15000.0,15000.0,0.0,0,0.0,0.0,0.0,344.0,1,1,True,False,False,False,True,False,False,True,False,False,False,True,False,False,False,False,False,False,False,False,False,False,False,False,False,False,False,True,False,False,True,False,False,False,1
99,1,112500.0,0.0,31000.0,2,0,0,0,0,0,0,0,0,0,0,0,1,0,0,1,99,99,0,33,1,0,7,0,35,46,31000.0,31000.0,0.0,0,0.0,0.0,0.0,481.0,1,2,True,False,False,False,True,False,False,True,False,False,False,True,False,False,False,False,False,False,False,False,False,False,False,False,False,False,False,True,False,False,False,False,True,False,1
99,1,225000.0,0.0,38000.0,1,1,1,1,0,0,0,0,0,0,2,1,4,2,1,1,6,3,0,33,1,0,8,0,48,87,38000.0,38000.0,0.0,0,0.0,0.0,0.0,302.0,1,2,True,False,False,False,True,False,False,True,False,False,False,True,False,False,False,False,False,False,False,False,False,False,False,False,False,False,False,True,False,False,True,False,False,False,1
99,1,350000.0,0.0,57090.0,1,1,0,0,0,0,0,0,0,0,2,1,2,0,0,1,99,99,0,65,1,0,7,0,24,47,52830.0,6000.0,0.0,0,8660.0,0.0,0.0,501.0,0,6,True,False,False,False,True,False,False,True,False,False,False,True,False,False,False,False,False,False,False,False,False,False,False,False,False,False,False,True,False,False,True,False,False,False,1
99,0,999999.0,875.0,17000.0,2,0,0,0,0,0,0,0,0,0,0,0,1,0,0,2,99,99,0,33,1,1,7,1,30,44,21000.0,21000.0,0.0,0,0.0,0.0,0.0,326.0,1,0,True,False,False,False,True,False,False,True,False,False,False,False,False,False,False,False,False,True,False,False,False,False,True,False,False,False,False,False,False,False,False,True,False,False,1
99,0,999999.0,575.0,25000.0,1,1,1,0,0,0,0,0,0,0,0,0,3,1,0,1,28,28,0,58,0,0,0,0,0,0,0.0,0.0,0.0,0,0.0,0.0,0.0,258.0,0,0,True,False,False,False,True,False,False,True,False,False,False,False,False,False,False,True,False,False,False,False,False,False,False,False,False,False,False,True,False,False,False,False,False,True,1
99,0,999999.0,675.0,34711.0,1,0,0,0,0,0,0,0,0,0,0,0,1,0,0,1,99,99,0,34,0,0,8,0,24,44,34711.0,34578.0,0.0,0,0.0,0.0,0.0,501.0,1,1,True,False,False,False,True,False,False,True,False,False,False,True,False,False,False,False,False,False,False,False,False,False,False,False,False,False,False,True,True,False,False,False,False,False,1
99,1,400000.0,0.0,105000.0,1,1,0,0,0,0,0,0,0,0,0,0,3,0,0,1,99,99,0,33,0,1,8,1,25,48,38000.0,38000.0,0.0,0,0.0,0.0,0.0,501.0,1,0,True,False,False,False,True,False,False,True,False,False,False,False,False,False,True,False,False,False,False,False,False,False,False,False,False,True,False,False,False,False,False,True,False,False,1
99,0,999999.0,362.0,6720.0,1,0,1,0,1,0,1,0,0,0,0,0,3,0,0,1,99,99,1,2,0,0,7,0,0,0,0.0,999999.0,999999.0,999999,99999.0,99999.0,99999.0,67.0,1,0,True,False,False,False,True,False,False,True,True,False,False,False,False,False,False,False,False,False,False,False,False,False,False,False,False,False,False,True,False,False,False,True,False,False,1
99,0,999999.0,312.0,27908.0,3,0,3,0,4,0,5,0,0,0,0,0,6,0,0,1,99,99,1,3,1,0,0,0,0,0,0.0,999999.0,999999.0,999999,99999.0,99999.0,99999.0,160.0,1,0,True,False,False,False,True,False,False,True,False,False,True,False,False,False,False,False,False,False,False,False,False,False,True,False,False,False,False,False,False,False,False,True,False,False,1
99,1,350000.0,0.0,42000.0,1,1,1,1,0,0,0,0,0,0,2,1,3,1,1,1,0,0,0,32,1,0,7,0,41,72,36000.0,0.0,36000.0,0,0.0,0.0,0.0,421.0,1,2,True,False,False,False,True,False,False,True,False,False,False,True,False,False,False,False,False,False,False,False,False,False,False,False,False,False,False,True,False,False,True,False,False,False,1
99,1,137500.0,0.0,24893.0,1,0,0,0,0,0,0,0,0,0,0,0,1,0,0,1,99,99,0,31,0,0,7,0,22,45,24893.0,23741.0,288.0,0,0.0,0.0,0.0,386.0,1,2,True,False,False,False,True,False,False,True,False,False,False,True,False,False,False,False,False,False,False,False,False,False,False,False,False,False,False,True,False,False,False,True,False,False,1
99,0,999999.0,875.0,22200.0,6,1,2,1,1,0,1,0,0,0,0,0,5,0,0,1,99,99,3,13,0,1,2,1,0,0,0.0,999999.0,999999.0,999999,99999.0,99999.0,99999.0,150.0,1,0,True,False,False,False,True,False,False,True,True,False,False,False,False,False,False,False,False,False,False,False,False,False,False,False,False,False,False,True,False,False,False,True,False,False,1
99,1,12500.0,0.0,3780.0,1,0,0,0,0,0,0,0,0,0,0,0,1,0,0,1,99,99,0,53,0,0,6,0,23,18,3780.0,900.0,0.0,0,0.0,0.0,2880.0,59.0,1,1,True,False,False,False,True,False,False,True,False,False,False,True,False,False,False,False,False,False,False,False,False,False,False,False,False,False,False,True,False,False,False,False,False,True,1
99,1,275000.0,0.0,109500.0,3,1,1,1,0,0,0,0,0,0,0,0,1,0,0,3,99,99,0,23,1,0,8,0,11,18,22000.0,22000.0,0.0,0,0.0,0.0,0.0,341.0,1,0,True,False,False,False,True,False,False,True,False,False,False,False,False,True,False,False,False,False,False,False,False,False,False,False,False,False,False,True,False,False,False,True,False,False,1
99,1,400000.0,0.0,112500.0,1,1,0,0,0,0,0,0,0,0,1,1,2,0,0,1,99,99,0,44,0,0,8,0,35,62,12500.0,12500.0,0.0,0,0.0,0.0,0.0,501.0,1,0,True,False,False,False,True,False,False,True,False,False,False,False,False,False,False,False,False,False,False,False,True,False,False,False,False,False,False,True,False,False,True,False,False,False,1
99,1,137500.0,0.0,17000.0,1,1,1,1,2,0,1,1,0,1,0,0,6,0,0,1,99,99,3,15,1,1,3,1,0,0,0.0,999999.0,999999.0,999999,0.0,0.0,0.0,103.0,1,0,True,False,False,False,True,False,False,True,True,False,False,False,False,False,False,False,False,False,False,False,False,False,False,False,False,False,False,True,False,False,False,True,False,False,1
99,0,999999.0,875.0,25600.0,1,0,0,0,0,0,0,0,0,0,0,0,1,0,0,1,99,99,0,39,0,0,8,0,33,76,25600.0,0.0,25000.0,0,0.0,0.0,0.0,397.0,1,1,True,False,False,False,True,False,False,True,False,False,False,True,False,False,False,False,False,False,False,False,False,False,False,False,False,False,False,True,True,False,False,False,False,False,1
99,0,999999.0,725.0,33630.0,1,1,1,1,0,0,0,0,0,0,1,1,3,1,1,1,2,2,0,26,0,0,6,0,22,61,14630.0,14630.0,0.0,0,0.0,0.0,0.0,337.0,1,0,True,False,False,False,True,False,False,True,False,False,False,False,False,False,False,False,False,False,False,False,True,False,False,False,False,False,False,True,False,False,True,False,False,False,1
99,0,999999.0,462.0,4500.0,1,1,1,1,2,0,1,1,0,1,0,0,5,0,0,1,99,99,1,10,0,1,1,1,0,0,0.0,999999.0,999999.0,999999,99999.0,99999.0,99999.0,30.0,0,0,True,False,False,False,True,False,False,True,True,False,False,False,False,False,False,False,False,False,False,False,False,False,False,False,False,False,False,True,False,False,False,True,False,False,1
99,0,999999.0,875.0,26700.0,1,0,0,0,0,0,0,0,0,0,0,0,1,0,0,1,99,99,0,25,0,0,7,0,41,68,26700.0,26000.0,700.0,0,0.0,0.0,0.0,414.0,1,2,True,False,False,False,True,False,False,True,False,False,False,True,False,False,False,False,False,False,False,False,False,False,False,False,False,False,False,True,False,False,False,True,False,False,1
99,1,225000.0,0.0,47653.0,2,0,0,1,0,0,0,1,3,1,0,0,3,0,0,1,99,99,1,21,1,1,7,1,42,84,3151.0,3151.0,0.0,0,0.0,0.0,0.0,491.0,1,0,True,False,False,False,True,False,False,True,True,False,False,False,False,False,False,False,False,False,False,False,False,False,False,False,False,False,False,True,False,False,False,True,False,False,1
99,0,999999.0,462.0,40000.0,1,1,1,1,2,0,1,1,0,1,0,0,3,0,0,1,99,99,0,2,1,0,7,0,0,0,0.0,999999.0,999999.0,999999,99999.0,99999.0,99999.0,401.0,1,0,True,False,False,False,True,False,False,True,True,False,False,False,False,False,False,False,False,False,False,False,False,False,False,False,False,True,False,False,False,False,False,True,False,False,1
99,0,999999.0,282.0,7764.0,1,0,1,0,0,0,0,0,0,0,0,0,3,2,1,1,9,1,0,27,0,0,5,0,0,0,7764.0,0.0,0.0,0,0.0,7764.0,0.0,78.0,1,1,True,False,False,False,True,False,False,True,False,False,False,True,False,False,False,False,False,False,False,False,False,False,False,False,False,False,False,True,False,False,False,False,True,False,1
99,0,999999.0,875.0,65000.0,1,1,1,1,0,0,0,0,0,0,2,1,4,2,1,1,11,0,0,24,1,1,7,1,24,19,30000.0,30000.0,0.0,0,0.0,0.0,0.0,501.0,1,2,True,False,False,False,True,False,False,True,False,False,False,True,False,False,False,False,False,False,False,False,False,False,False,False,False,False,False,True,False,False,True,False,False,False,1
99,1,112500.0,0.0,32000.0,1,1,1,1,2,0,1,1,0,1,0,0,6,0,0,1,99,99,3,16,1,1,5,1,0,0,0.0,0.0,0.0,0,0.0,0.0,0.0,187.0,0,0,True,False,False,False,True,False,False,True,True,False,False,False,False,False,False,False,False,False,False,False,False,False,False,False,False,False,False,True,False,False,False,True,False,False,1
99,0,999999.0,0.0,999999.0,1,0,0,0,0,0,0,0,0,0,0,0,1,0,0,1,99,99,0,30,1,1,6,1,0,0,0.0,0.0,0.0,0,0.0,0.0,0.0,0.0,0,0,False,True,False,True,False,False,False,True,False,False,False,False,True,False,False,False,False,False,False,False,False,False,False,False,False,False,False,True,False,True,False,False,False,False,1
99,1,112500.0,0.0,13568.0,1,0,0,0,0,0,0,0,0,0,0,0,1,0,0,1,99,99,0,84,0,0,8,0,0,0,13568.0,0.0,0.0,0,7919.0,0.0,0.0,228.0,0,7,True,False,False,False,True,False,False,True,False,False,False,True,False,False,False,False,False,False,False,False,False,False,False,False,False,False,False,True,False,False,False,False,False,True,1
99,0,999999.0,725.0,20000.0,2,0,0,0,0,0,0,0,0,0,0,0,1,0,0,1,99,99,0,29,0,0,7,0,24,47,20000.0,20000.0,0.0,0,0.0,0.0,0.0,310.0,0,5,True,False,False,False,True,False,False,True,False,False,False,True,False,False,False,False,False,False,False,False,False,False,True,False,False,False,False,False,False,False,False,True,False,False,1
99,1,225000.0,0.0,50202.0,2,1,1,2,2,0,1,1,0,1,0,0,6,0,0,1,99,99,1,6,0,1,0,2,0,0,0.0,999999.0,999999.0,999999,99999.0,99999.0,99999.0,294.0,0,0,True,False,False,False,True,False,False,True,True,False,False,False,False,False,False,False,False,False,False,False,False,False,False,False,False,False,False,True,False,False,False,True,False,False,1
99,1,187500.0,0.0,75600.0,1,1,0,0,0,0,0,0,0,0,1,1,2,0,0,1,99,99,0,26,0,0,8,0,46,84,37600.0,37500.0,0.0,0,0.0,0.0,0.0,501.0,1,0,True,False,False,False,True,False,False,True,False,False,False,False,False,False,False,False,False,False,False,False,True,False,False,False,False,False,False,True,False,False,True,False,False,False,1
99,1,112500.0,0.0,44900.0,1,1,2,1,0,0,0,0,0,0,1,1,9,5,0,1,22,12,0,44,0,0,1,0,20,8,3500.0,3500.0,0.0,0,0.0,0.0,0.0,175.0,0,0,True,False,False,False,True,False,False,True,False,False,False,False,False,False,False,False,False,False,False,False,True,False,False,False,False,False,False,True,False,False,True,False,False,False,1
99,1,275000.0,0.0,15000.0,1,1,1,1,0,0,0,0,0,0,2,1,3,1,1,1,0,0,0,46,1,0,3,0,27,50,15000.0,15000.0,0.0,0,0.0,0.0,0.0,150.0,1,1,True,False,False,False,True,False,False,True,False,False,False,True,False,False,False,False,False,False,False,False,False,False,False,False,False,False,False,True,False,False,True,False,False,False,1
99,1,400000.0,0.0,137000.0,1,1,0,0,0,0,0,0,0,0,2,1,2,0,0,1,99,99,0,42,1,0,8,0,35,66,112000.0,110000.0,0.0,0,0.0,0.0,0.0,501.0,0,5,True,False,False,False,True,False,False,True,False,False,False,True,False,False,False,False,False,False,False,False,False,False,False,False,False,False,False,True,False,False,True,False,False,False,1
99,1,187500.0,0.0,47103.0,1,2,2,2,6,0,3,5,0,3,0,0,10,0,0,1,99,99,3,17,1,1,4,1,0,0,0.0,0.0,0.0,0,0.0,0.0,0.0,188.0,1,0,True,False,False,False,True,False,False,True,False,False,False,False,False,False,True,False,False,False,False,False,False,False,False,False,False,True,False,False,False,False,False,True,False,False,1
99,1,187500.0,0.0,59000.0,1,1,1,1,0,0,0,0,0,0,1,1,3,1,1,1,3,3,0,36,0,0,6,0,22,61,14000.0,14000.0,0.0,0,0.0,0.0,0.0,501.0,1,0,True,False,False,False,True,False,False,True,False,False,False,False,False,False,False,False,False,False,False,False,True,False,False,False,False,False,False,True,False,False,True,False,False,False,1
99,0,999999.0,1000.0,36000.0,1,1,1,1,0,0,0,0,0,0,2,1,5,3,0,1,17,12,0,43,1,0,7,0,37,49,36000.0,36000.0,0.0,0,0.0,0.0,0.0,243.0,1,1,True,False,False,False,True,False,False,True,False,False,False,True,False,False,False,False,False,False,False,False,False,False,False,False,False,True,False,False,False,False,True,False,False,False,1
99,1,112500.0,0.0,32592.0,1,1,1,1,0,0,0,0,0,0,2,1,3,1,0,1,43,43,0,78,0,0,7,0,0,0,4680.0,0.0,0.0,0,4680.0,0.0,0.0,336.0,0,0,True,False,False,False,True,False,False,True,False,False,False,False,False,False,False,True,False,False,False,False,False,False,True,False,False,False,False,False,False,False,True,False,False,False,1
99,1,137500.0,0.0,34502.0,1,1,1,1,2,0,1,1,0,1,0,0,6,0,0,1,99,99,3,8,1,1,1,1,0,0,0.0,999999.0,999999.0,999999,99999.0,99999.0,99999.0,202.0,0,0,True,False,False,False,True,False,False,True,True,False,False,False,False,False,False,False,False,False,False,False,False,False,True,False,False,False,False,False,False,False,False,True,False,False,1
99,1,137500.0,0.0,52286.0,2,1,1,1,2,0,1,1,0,1,0,0,7,0,0,1,99,99,2,5,1,1,1,1,0,0,0.0,999999.0,999999.0,999999,99999.0,99999.0,99999.0,272.0,0,0,True,False,False,False,True,False,False,True,True,False,False,False,False,False,False,False,False,False,False,False,False,False,False,False,False,False,False,True,False,False,False,True,False,False,1
99,1,187500.0,0.0,100000.0,1,1,1,1,2,0,1,1,0,1,0,0,4,0,0,1,99,99,1,13,1,1,2,1,0,0,0.0,999999.0,999999.0,999999,99999.0,99999.0,99999.0,501.0,0,0,True,False,False,False,True,False,False,True,True,False,False,False,False,False,False,False,False,False,False,False,False,False,False,False,False,False,False,True,False,False,False,True,False,False,1
99,1,77500.0,0.0,20300.0,1,0,1,0,1,0,1,0,0,0,0,0,2,0,0,1,99,99,0,19,0,1,6,1,11,11,300.0,300.0,0.0,0,0.0,0.0,0.0,244.0,0,0,True,False,False,False,True,False,False,True,True,False,False,False,False,False,False,False,False,False,False,False,False,False,False,False,False,False,False,True,False,False,False,True,False,False,1
99,0,999999.0,487.0,24425.0,1,0,0,0,0,0,0,0,0,0,0,0,1,0,0,1,99,99,0,23,1,0,6,0,24,19,24425.0,9425.0,0.0,0,0.0,0.0,0.0,379.0,1,1,True,False,False,False,True,False,False,True,False,False,False,True,False,False,False,False,False,False,False,False,False,False,False,False,False,False,False,True,False,False,False,True,False,False,1
99,0,999999.0,575.0,29000.0,8,0,0,0,0,0,0,0,0,0,0,0,1,0,0,8,99,99,0,27,1,0,2,0,23,16,0.0,0.0,0.0,0,0.0,0.0,0.0,1.0,0,0,True,False,False,False,True,False,False,True,False,False,False,False,False,True,False,False,False,False,False,False,False,False,False,False,False,False,False,True,False,True,False,False,False,False,1
99,1,137500.0,0.0,126300.0,1,1,1,1,0,0,0,0,0,0,2,1,3,1,0,1,28,28,0,52,1,0,5,0,38,69,87300.0,75000.0,0.0,0,0.0,0.0,12000.0,501.0,0,7,True,False,False,False,True,False,False,True,False,False,False,True,False,False,False,False,False,False,False,False,False,False,True,False,False,False,False,False,False,False,True,False,False,False,1
99,1,112500.0,0.0,48000.0,1,1,1,1,2,0,1,1,0,1,0,0,4,0,0,1,99,99,1,21,0,0,7,0,36,66,8000.0,8000.0,0.0,0,0.0,0.0,0.0,369.0,0,0,True,False,False,False,True,False,False,True,True,False,False,False,False,False,False,False,False,False,False,False,False,False,False,False,False,False,False,True,False,False,False,True,False,False,1
99,1,95000.0,0.0,66000.0,1,1,0,0,0,0,0,0,0,0,2,2,2,0,0,1,99,99,0,49,0,0,5,0,23,18,26000.0,26000.0,0.0,0,0.0,0.0,0.0,501.0,0,6,True,False,False,False,True,False,False,True,False,False,False,True,False,False,False,False,False,False,False,False,False,False,False,False,False,False,False,True,False,False,True,False,False,False,1
99,1,77500.0,0.0,55152.0,1,1,1,2,2,0,1,1,0,1,0,0,7,0,0,1,99,99,2,2,0,0,7,0,0,0,0.0,999999.0,999999.0,999999,99999.0,99999.0,99999.0,279.0,1,0,True,False,False,False,True,False,False,True,True,False,False,False,False,False,False,False,False,False,False,False,False,False,False,False,False,False,False,True,False,False,False,True,False,False,1
99,1,112500.0,0.0,48000.0,3,1,2,1,0,0,0,0,0,0,1,1,9,3,0,1,17,10,0,35,0,0,2,0,22,18,11000.0,11000.0,0.0,0,0.0,0.0,0.0,187.0,0,0,True,False,False,False,True,False,False,True,False,False,False,False,False,False,False,False,False,False,False,False,True,False,False,False,False,False,False,True,False,False,True,False,False,False,1
99,1,400000.0,0.0,97000.0,1,1,0,0,0,0,0,0,0,0,2,1,2,0,0,1,99,99,0,31,1,0,8,0,41,68,52000.0,50000.0,0.0,0,0.0,0.0,0.0,501.0,1,2,True,False,False,False,True,False,False,True,False,False,False,True,False,False,False,False,False,False,False,False,False,False,False,False,False,False,False,True,False,False,True,False,False,False,1
99,1,350000.0,0.0,61403.0,1,1,0,0,0,0,0,0,0,0,2,1,2,0,0,1,99,99,0,71,1,0,7,0,31,53,43353.0,42000.0,0.0,0,1053.0,0.0,0.0,501.0,0,7,True,False,False,False,True,False,False,True,False,False,False,True,False,False,False,False,False,False,False,False,False,False,False,False,False,False,False,True,False,False,True,False,False,False,1
99,0,999999.0,512.0,15700.0,1,1,1,1,1,0,1,2,0,1,0,0,4,0,0,1,99,99,1,5,1,1,0,1,0,0,0.0,999999.0,999999.0,999999,99999.0,99999.0,99999.0,125.0,0,0,True,False,False,False,True,False,False,True,True,False,False,False,False,False,False,False,False,False,False,False,False,False,False,False,False,False,False,True,False,False,False,True,False,False,1
99,0,999999.0,462.0,9800.0,1,0,1,0,1,0,1,0,0,0,0,0,4,0,0,1,99,99,2,8,0,1,1,1,0,0,0.0,999999.0,999999.0,999999,99999.0,99999.0,99999.0,78.0,0,0,True,False,False,False,True,False,False,True,True,False,False,False,False,False,False,False,False,False,False,False,False,True,False,False,False,False,False,False,False,False,False,True,False,False,1
99,0,999999.0,675.0,52400.0,1,0,1,0,0,0,0,0,0,0,0,0,5,0,0,1,99,99,3,29,1,0,8,0,41,68,22400.0,20000.0,0.0,0,0.0,0.0,0.0,335.0,1,1,True,False,False,False,True,False,False,True,False,False,False,True,False,False,False,False,False,False,False,False,False,False,False,False,False,True,False,False,False,False,False,True,False,False,1
99,1,17500.0,0.0,24800.0,1,0,0,0,0,0,0,0,0,0,0,0,1,0,0,1,99,99,0,61,0,0,7,0,31,65,24800.0,23000.0,0.0,0,0.0,0.0,1800.0,384.0,0,8,True,False,False,False,True,False,False,True,False,False,False,True,False,False,False,False,False,False,False,False,False,False,False,False,False,False,False,True,True,False,False,False,False,False,1
99,0,999999.0,875.0,46400.0,1,1,1,1,2,0,1,1,3,1,0,0,6,0,0,1,99,99,3,17,0,1,3,1,0,0,0.0,0.0,0.0,0,0.0,0.0,0.0,266.0,1,0,True,False,False,False,True,False,False,True,True,False,False,False,False,False,False,False,False,False,False,False,False,False,True,False,False,False,False,False,False,False,False,True,False,False,1
99,1,400000.0,0.0,42250.0,1,1,1,1,2,0,1,1,0,1,0,0,4,0,0,1,99,99,1,16,1,1,3,1,0,0,0.0,0.0,0.0,0,0.0,0.0,0.0,336.0,1,0,True,False,False,False,True,False,False,True,True,False,False,False,False,False,False,False,False,False,False,False,False,False,False,False,False,True,False,False,False,False,False,True,False,False,1
99,0,999999.0,575.0,31000.0,2,1,1,1,0,0,0,0,0,0,1,1,4,1,1,1,4,4,1,37,0,1,7,1,25,44,6000.0,6000.0,0.0,0,0.0,0.0,0.0,238.0,1,0,True,False,False,False,True,False,False,True,False,False,False,False,False,False,False,False,False,False,False,False,True,False,False,False,False,False,False,True,False,False,True,False,False,False,0
99,1,225000.0,0.0,17717.0,2,0,0,0,0,0,0,0,0,0,0,0,1,0,0,2,99,99,0,70,0,0,7,0,0,0,16928.0,0.0,0.0,0,9408.0,0.0,0.0,285.0,0,0,True,False,False,False,True,False,False,True,False,False,False,False,False,False,False,False,False,True,False,False,False,False,False,False,False,False,False,True,False,False,False,True,False,False,1
99,0,999999.0,537.0,56000.0,1,0,0,1,0,0,0,0,0,0,0,0,2,1,0,1,17,17,0,58,1,0,8,0,41,68,56000.0,56000.0,0.0,0,0.0,0.0,0.0,501.0,0,5,True,False,False,False,True,False,False,True,False,False,False,True,False,False,False,False,False,False,False,False,False,False,False,False,False,False,False,True,False,False,False,False,True,False,1
99,0,999999.0,412.0,25536.0,1,1,0,0,0,0,0,0,0,0,2,1,2,0,0,1,99,99,0,30,1,1,8,2,31,53,14400.0,13000.0,0.0,0,0.0,0.0,0.0,308.0,1,1,True,False,False,False,True,False,False,True,False,False,False,True,False,False,False,False,False,False,False,False,False,False,False,True,False,False,False,False,False,False,True,False,False,False,0
99,1,225000.0,0.0,36000.0,1,1,1,1,2,0,1,1,0,1,0,0,5,0,0,1,99,99,2,12,0,1,2,2,0,0,0.0,999999.0,999999.0,999999,99999.0,99999.0,99999.0,243.0,1,0,True,False,False,False,True,False,False,True,True,False,False,False,False,False,False,False,False,False,False,False,False,False,False,False,False,False,False,True,False,False,False,True,False,False,1
99,0,999999.0,537.0,35000.0,1,1,1,1,2,0,1,1,0,1,0,0,6,0,0,1,99,99,3,8,1,1,1,1,0,0,0.0,999999.0,999999.0,999999,99999.0,99999.0,99999.0,211.0,0,0,True,False,False,False,True,False,False,True,True,False,False,False,False,False,False,False,False,False,False,False,False,False,False,False,False,False,False,True,False,False,False,True,False,False,1
99,1,350000.0,0.0,57650.0,1,1,0,0,0,0,0,0,0,0,2,1,2,0,0,1,99,99,0,47,1,0,6,0,25,31,57650.0,49700.0,0.0,0,0.0,0.0,0.0,501.0,0,6,True,False,False,False,True,False,False,True,False,False,False,True,False,False,False,False,False,False,False,False,False,False,False,False,False,False,False,True,False,False,True,False,False,False,1
99,1,95000.0,0.0,34000.0,1,1,1,1,0,0,0,0,0,0,1,1,3,1,0,1,21,21,0,49,0,0,6,0,24,44,15600.0,0.0,0.0,0,0.0,0.0,15600.0,351.0,0,0,True,False,False,False,True,False,False,True,False,False,False,False,False,False,False,False,False,False,False,False,True,False,True,False,False,False,False,False,False,False,True,False,False,False,1
99,1,225000.0,0.0,217000.0,1,1,1,1,2,0,1,1,0,1,0,0,5,0,0,1,99,99,2,21,1,1,7,1,22,51,19000.0,19000.0,0.0,0,0.0,0.0,0.0,501.0,0,0,True,False,False,False,True,False,False,True,True,False,False,False,False,False,False,False,False,False,False,False,False,False,False,False,False,False,False,True,False,False,False,True,False,False,1
99,1,112500.0,0.0,40000.0,1,1,1,1,0,0,0,0,0,0,2,1,5,3,1,1,14,4,0,41,1,0,8,0,26,19,25000.0,25000.0,0.0,0,0.0,0.0,0.0,270.0,0,2,True,False,False,False,True,False,False,True,False,False,False,True,False,False,False,False,False,False,False,False,False,False,False,False,False,True,False,False,False,False,True,False,False,False,1
99,0,999999.0,362.0,19000.0,1,0,0,0,0,0,0,0,0,0,0,0,2,0,0,1,99,99,1,61,0,0,6,0,0,0,13000.0,0.0,0.0,0,7000.0,0.0,0.0,229.0,0,0,True,False,False,False,True,False,False,True,False,False,False,False,False,False,False,False,False,False,True,False,False,False,False,False,False,False,False,True,True,False,False,False,False,False,1
99,0,999999.0,1000.0,27600.0,1,0,1,0,1,0,1,0,0,0,0,0,5,0,0,1,99,99,1,10,0,1,1,2,0,0,0.0,999999.0,999999.0,999999,99999.0,99999.0,99999.0,187.0,0,0,True,False,False,False,True,False,False,True,True,False,False,False,False,False,False,False,False,False,False,False,False,False,True,False,False,False,False,False,False,False,False,True,False,False,1
99,0,999999.0,512.0,12000.0,2,0,0,0,0,0,0,0,0,0,0,0,1,0,0,2,99,99,0,24,1,0,6,0,17,11,12000.0,12000.0,0.0,0,0.0,0.0,0.0,186.0,1,0,True,False,False,False,True,False,False,True,False,False,False,False,False,True,False,False,False,False,False,False,False,False,False,False,False,False,False,True,False,False,False,False,True,False,1
99,0,999999.0,412.0,18000.0,1,0,1,0,0,0,0,0,0,0,0,0,3,0,0,1,99,99,0,45,0,0,1,0,20,9,15000.0,15000.0,0.0,0,0.0,0.0,0.0,180.0,1,1,True,False,False,False,True,False,False,True,False,False,False,True,False,False,False,False,False,False,False,False,False,False,False,False,False,False,False,True,True,False,False,False,False,False,1
99,1,187500.0,0.0,49000.0,1,1,1,1,0,0,0,0,0,0,1,1,3,1,1,1,1,1,0,30,0,0,7,0,22,61,26000.0,26000.0,0.0,0,0.0,0.0,0.0,491.0,1,0,True,False,False,False,True,False,False,True,False,False,False,False,False,False,False,False,False,False,False,False,True,False,False,False,False,True,False,False,False,False,True,False,False,False,1
99,1,162500.0,0.0,73966.0,1,1,1,0,0,0,0,0,0,0,6,1,6,0,0,1,99,99,0,53,1,0,4,0,25,15,13915.0,13915.0,0.0,0,0.0,0.0,0.0,415.0,0,0,True,False,False,False,True,False,False,True,False,False,False,False,False,False,False,False,False,False,False,True,False,False,False,False,False,True,False,False,False,False,True,False,False,False,1
99,0,999999.0,1.0,8200.0,1,0,0,0,0,0,0,0,0,0,0,0,1,0,0,1,99,99,0,86,0,0,7,0,0,0,8200.0,0.0,0.0,0,6600.0,0.0,0.0,138.0,0,5,True,False,False,False,True,False,False,True,False,False,False,True,False,False,False,False,False,False,False,False,False,False,False,False,False,False,False,True,False,False,False,False,False,True,1
99,0,999999.0,1000.0,64000.0,1,1,2,1,0,0,0,0,0,0,0,0,8,0,0,1,99,99,1,28,1,1,7,1,35,52,43000.0,43000.0,0.0,0,0.0,0.0,0.0,278.0,1,0,True,False,False,False,True,False,False,True,False,False,False,False,False,False,False,False,False,False,False,True,False,False,False,False,False,False,False,True,False,True,False,False,False,False,1
99,0,999999.0,1000.0,31500.0,1,1,1,1,0,0,0,0,0,0,2,1,4,2,0,1,18,16,0,57,1,0,3,0,23,16,12800.0,12000.0,0.0,0,0.0,0.0,0.0,242.0,1,2,True,False,False,False,True,False,False,True,False,False,False,True,False,False,False,False,False,False,False,False,False,False,False,False,False,False,False,True,False,False,True,False,False,False,1
99,1,225000.0,0.0,37370.0,1,1,1,1,2,0,1,1,0,1,0,0,4,0,0,1,99,99,1,7,0,1,0,2,0,0,0.0,999999.0,999999.0,999999,99999.0,99999.0,99999.0,297.0,1,0,True,False,False,False,True,False,False,True,True,False,False,False,False,False,False,False,False,False,False,False,False,False,False,False,False,False,False,True,False,False,False,True,False,False,1
99,0,999999.0,412.0,11000.0,1,1,2,1,2,0,1,1,0,1,0,0,6,0,0,1,99,99,2,1,1,0,7,0,0,0,0.0,999999.0,999999.0,999999,99999.0,99999.0,99999.0,64.0,1,0,True,False,False,False,True,False,False,True,True,False,False,False,False,False,False,False,False,False,False,False,False,False,False,False,False,False,False,True,False,False,False,True,False,False,1
99,0,999999.0,875.0,25000.0,1,1,1,2,0,0,0,5,0,1,2,1,5,2,2,1,3,1,0,23,1,0,6,0,25,15,12000.0,12000.0,0.0,0,0.0,0.0,0.0,165.0,1,1,True,False,False,False,True,False,False,True,False,False,False,True,False,False,False,False,False,False,False,False,False,False,False,False,False,False,False,True,False,False,True,False,False,False,1
99,0,999999.0,575.0,22500.0,1,0,0,0,0,0,0,0,0,0,0,0,1,0,0,1,99,99,0,53,0,0,6,0,42,86,22500.0,10000.0,0.0,0,0.0,0.0,6000.0,349.0,1,1,True,False,False,False,True,False,False,True,False,False,False,True,False,False,False,False,False,False,False,False,False,False,False,False,False,False,False,True,True,False,False,False,False,False,1
99,0,999999.0,387.0,35300.0,1,1,1,1,0,0,0,0,0,0,1,1,4,2,2,1,2,0,0,31,0,0,7,0,24,47,4600.0,4000.0,0.0,0,0.0,0.0,600.0,281.0,1,0,True,False,False,False,True,False,False,True,False,False,False,False,False,False,False,False,False,False,False,False,True,False,False,False,False,False,False,True,False,False,True,False,False,False,1
99,1,225000.0,0.0,36000.0,1,1,1,1,0,0,0,0,0,0,2,1,5,3,0,1,12,7,0,51,1,0,8,0,31,33,36000.0,36000.0,0.0,0,0.0,0.0,0.0,243.0,1,2,True,False,False,False,True,False,False,True,False,False,False,True,False,False,False,False,False,False,False,False,False,False,False,False,False,False,False,True,False,False,True,False,False,False,1
99,0,999999.0,625.0,7735.0,2,2,2,2,2,0,1,1,0,1,0,0,5,0,0,1,99,99,2,4,0,0,0,0,0,0,0.0,999999.0,999999.0,999999,99999.0,99999.0,99999.0,52.0,1,0,True,False,False,False,True,False,False,True,True,False,False,False,False,False,False,False,False,False,False,False,False,False,False,False,False,False,False,True,False,False,False,True,False,False,1
99,0,999999.0,0.0,999999.0,1,0,0,0,0,0,0,0,0,0,0,0,1,0,0,1,99,99,0,79,0,0,5,0,0,0,3540.0,0.0,0.0,0,3540.0,0.0,0.0,0.0,0,0,False,True,False,True,False,False,False,True,False,False,False,False,True,False,False,False,False,False,False,False,False,False,False,False,False,False,False,True,False,False,False,False,False,True,1
99,0,999999.0,412.0,0.0,2,0,0,1,0,0,0,0,0,0,0,0,1,0,0,2,99,99,0,26,0,1,4,1,0,0,560.0,0.0,0.0,0,0.0,0.0,560.0,9.0,1,0,True,False,False,False,True,False,False,True,False,False,False,False,False,False,False,False,False,True,False,False,False,False,False,False,False,False,False,True,True,False,False,False,False,False,1
99,1,22500.0,0.0,24580.0,1,1,2,1,0,0,0,0,0,0,0,0,5,1,0,1,28,28,0,74,0,0,6,0,0,0,12280.0,0.0,0.0,0,2680.0,0.0,0.0,162.0,0,6,True,False,False,False,True,False,False,True,False,False,False,True,False,False,False,False,False,False,False,False,False,False,False,False,False,False,False,True,False,False,False,False,False,True,1
99,1,275000.0,0.0,19800.0,1,1,0,0,0,0,0,0,0,0,2,1,2,0,0,1,99,99,0,72,1,0,6,0,0,0,11800.0,0.0,0.0,0,7000.0,0.0,0.0,264.0,1,6,True,False,False,False,True,False,False,True,False,False,False,True,False,False,False,False,False,False,False,False,False,False,False,False,False,False,False,True,False,False,True,False,False,False,1
99,1,400000.0,0.0,139120.0,1,1,1,1,0,0,0,0,0,0,2,1,6,4,0,1,12,8,0,38,1,0,8,0,24,47,135500.0,135000.0,0.0,0,0.0,0.0,0.0,501.0,0,5,True,False,False,False,True,False,False,True,False,False,False,True,False,False,False,False,False,False,False,False,False,False,False,False,False,False,False,True,False,False,True,False,False,False,1
99,0,999999.0,137.0,9888.0,1,0,1,0,1,0,1,0,0,0,0,0,4,0,0,1,99,99,2,6,0,1,0,1,0,0,0.0,999999.0,999999.0,999999,99999.0,99999.0,99999.0,78.0,1,0,True,False,False,False,True,False,False,True,True,False,False,False,False,False,False,False,False,False,False,False,False,False,False,False,False,False,False,True,False,False,False,True,False,False,1
99,1,400000.0,0.0,58000.0,1,1,1,1,2,0,1,1,0,1,0,0,4,0,0,1,99,99,1,15,0,1,3,1,0,0,0.0,999999.0,999999.0,999999,0.0,0.0,0.0,461.0,0,0,True,False,False,False,True,False,False,True,True,False,False,False,False,False,False,False,False,False,False,False,False,False,False,False,False,False,False,True,False,False,False,True,False,False,1
99,1,62500.0,0.0,29698.0,1,0,1,0,0,0,0,0,0,0,0,0,2,1,0,1,27,27,0,48,0,0,7,0,22,18,1700.0,1700.0,0.0,0,0.0,0.0,0.0,358.0,1,1,True,False,False,False,True,False,False,True,False,False,False,True,False,False,False,False,False,False,False,False,False,False,False,False,False,False,False,True,True,False,False,False,False,False,1
99,0,999999.0,875.0,37000.0,1,0,1,0,0,0,0,0,0,0,0,0,7,0,0,1,99,99,0,7,1,1,1,2,0,0,0.0,999999.0,999999.0,999999,99999.0,99999.0,99999.0,184.0,1,0,True,False,False,False,True,False,False,True,False,False,True,False,False,False,False,False,False,False,False,False,False,False,False,False,False,False,False,True,False,False,False,True,False,False,1
99,0,999999.0,875.0,30000.0,1,0,1,0,1,7,1,0,0,0,0,0,3,0,0,1,99,99,1,13,1,1,2,1,0,0,0.0,999999.0,999999.0,999999,99999.0,99999.0,99999.0,300.0,0,0,True,False,False,False,True,False,False,True,True,False,False,False,False,False,False,False,False,False,False,False,False,False,True,False,False,False,False,False,False,False,False,True,False,False,1
99,1,350000.0,0.0,18393.0,1,0,1,0,1,0,1,0,0,0,0,0,2,0,0,1,99,99,0,51,0,0,8,0,24,44,1000.0,0.0,1000.0,0,0.0,0.0,0.0,222.0,0,0,True,False,False,False,True,False,False,True,True,False,False,False,False,False,False,False,False,False,False,False,False,False,False,False,False,False,False,True,True,False,False,False,False,False,1
99,1,85000.0,0.0,13000.0,1,1,1,1,0,0,0,0,0,0,2,1,4,2,0,1,13,8,0,30,1,0,6,0,33,44,13000.0,13000.0,0.0,0,0.0,0.0,0.0,103.0,0,5,True,False,False,False,True,False,False,True,False,False,False,True,False,False,False,False,False,False,False,False,False,False,False,False,False,False,False,True,False,False,True,False,False,False,1
99,0,999999.0,625.0,20000.0,1,1,0,0,0,0,0,0,0,0,2,1,2,0,0,1,99,99,0,32,1,0,6,0,26,19,20000.0,20000.0,0.0,0,0.0,0.0,0.0,241.0,1,2,True,False,False,False,True,False,False,True,False,False,False,True,False,False,False,False,False,False,False,False,False,False,False,False,False,False,False,True,False,False,True,False,False,False,1
99,1,275000.0,0.0,42701.0,2,0,2,0,1,0,1,0,0,0,0,0,4,0,0,1,99,99,1,17,1,1,5,1,0,0,7035.0,0.0,0.0,0,0.0,7000.0,0.0,328.0,0,0,True,False,False,False,True,False,False,True,True,False,False,False,False,False,False,False,False,False,False,False,False,False,False,False,False,False,False,True,False,False,False,True,False,False,1
99,0,999999.0,575.0,15189.0,1,1,1,1,1,0,1,2,0,1,0,0,7,0,0,1,99,99,4,14,0,1,2,1,0,0,0.0,999999.0,999999.0,999999,99999.0,99999.0,99999.0,82.0,1,0,True,False,False,False,True,False,False,True,True,False,False,False,False,False,False,False,False,False,False,False,False,False,False,True,False,False,False,False,False,False,False,True,False,False,1
99,0,999999.0,675.0,24000.0,1,0,1,0,0,0,0,0,0,0,0,0,4,0,0,1,99,99,0,18,0,1,6,1,0,0,0.0,0.0,0.0,0,0.0,0.0,0.0,185.0,1,0,True,False,False,False,True,False,False,True,False,False,False,False,False,False,True,False,False,False,False,False,False,False,False,False,False,False,False,True,False,False,False,True,False,False,1
99,0,999999.0,875.0,32000.0,1,1,1,1,2,0,1,1,0,1,0,0,6,0,0,1,99,99,3,13,0,1,2,1,0,0,0.0,999999.0,999999.0,999999,99999.0,99999.0,99999.0,193.0,1,0,True,False,False,False,True,False,False,True,True,False,False,False,False,False,False,False,False,False,False,False,False,False,False,False,False,False,False,True,False,False,False,True,False,False,1
99,1,137500.0,0.0,47000.0,1,1,1,1,0,0,0,0,0,0,2,1,4,2,1,1,8,4,0,45,1,0,6,0,25,15,20000.0,20000.0,0.0,0,0.0,0.0,0.0,374.0,0,5,True,False,False,False,True,False,False,True,False,False,False,True,False,False,False,False,False,False,False,False,False,False,False,False,False,False,False,True,False,False,True,False,False,False,1
99,1,350000.0,0.0,71670.0,1,1,0,0,0,0,0,0,0,0,1,2,2,0,0,1,99,99,0,35,1,0,7,0,32,49,36590.0,34000.0,2500.0,0,0.0,0.0,0.0,501.0,0,0,True,False,False,False,True,False,False,True,False,False,False,False,False,False,False,False,False,False,False,False,True,False,False,False,False,False,False,True,False,False,True,False,False,False,1
99,0,999999.0,875.0,62000.0,1,0,0,0,0,0,0,0,0,0,0,0,1,0,0,1,99,99,0,31,1,0,8,0,79,92,62000.0,35000.0,27000.0,0,0.0,0.0,0.0,501.0,0,1,True,False,False,False,True,False,False,True,False,False,False,True,False,False,False,False,False,False,False,False,False,False,False,False,False,False,False,True,False,False,False,True,False,False,1
99,0,999999.0,437.0,41542.0,1,1,1,1,0,0,0,0,0,0,2,1,4,2,1,1,7,0,0,29,1,1,7,1,33,44,1542.0,1542.0,0.0,0,0.0,0.0,0.0,330.0,1,2,True,False,False,False,True,False,False,True,False,False,False,True,False,False,False,False,False,False,False,False,False,False,True,False,False,False,False,False,False,False,True,False,False,False,1
99,0,999999.0,875.0,18800.0,4,1,1,1,0,0,0,0,0,0,1,2,5,2,2,1,2,0,0,23,1,1,7,2,20,12,7200.0,7200.0,0.0,0,0.0,0.0,0.0,124.0,1,0,True,False,False,False,True,False,False,True,False,False,False,False,False,False,False,False,False,False,False,False,True,False,False,False,False,False,False,True,False,False,True,False,False,False,1
99,0,999999.0,512.0,19570.0,1,1,1,1,2,0,1,1,0,1,0,0,5,0,0,1,99,99,2,23,0,0,8,0,37,78,3777.0,3761.0,0.0,0,0.0,0.0,0.0,125.0,0,0,True,False,False,False,True,False,False,True,True,False,False,False,False,False,False,False,False,False,False,False,False,False,False,True,False,False,False,False,False,False,False,True,False,False,1
99,1,275000.0,0.0,85000.0,1,1,1,1,2,0,1,1,0,1,0,0,3,0,0,1,99,99,0,1,0,0,7,0,0,0,0.0,999999.0,999999.0,999999,99999.0,99999.0,99999.0,501.0,1,0,True,False,False,False,True,False,False,True,True,False,False,False,False,False,False,False,False,False,False,False,False,False,False,False,False,False,False,True,False,False,False,True,False,False,1
99,0,999999.0,1.0,42240.0,1,1,1,1,2,0,1,1,0,1,0,0,4,0,0,1,99,99,1,1,1,0,7,0,0,0,0.0,999999.0,999999.0,999999,99999.0,99999.0,99999.0,336.0,1,0,True,False,False,False,True,False,False,True,True,False,False,False,False,False,False,False,False,False,False,False,False,False,False,False,False,False,False,True,False,False,False,True,False,False,1
99,0,999999.0,675.0,17876.0,1,0,1,0,1,0,1,0,0,0,0,0,4,0,0,1,99,99,2,15,0,1,4,1,0,0,0.0,999999.0,999999.0,999999,0.0,0.0,0.0,142.0,1,0,True,False,False,False,True,False,False,True,True,False,False,False,False,False,False,False,False,False,False,False,False,False,False,False,False,False,False,True,False,False,False,True,False,False,1
99,1,400000.0,0.0,136753.0,2,1,0,0,0,0,0,0,0,0,0,0,4,0,0,1,99,99,0,40,1,0,2,0,25,15,22000.0,22000.0,0.0,0,0.0,0.0,0.0,501.0,1,0,True,False,False,False,True,False,False,True,False,False,False,False,False,False,True,False,False,False,False,False,False,False,False,False,False,False,False,True,False,False,False,True,False,False,0
99,0,999999.0,0.0,999999.0,1,0,0,0,0,0,0,0,0,0,0,0,1,0,0,1,99,99,0,67,0,0,6,0,0,0,5664.0,0.0,0.0,0,5664.0,0.0,0.0,0.0,1,0,False,True,False,True,False,False,False,True,False,False,False,False,True,False,False,False,False,False,False,False,False,False,False,False,False,False,False,True,False,False,False,False,False,True,1
99,0,999999.0,512.0,23100.0,1,1,1,1,0,0,0,0,0,0,1,1,6,4,0,1,20,11,0,40,0,1,4,1,22,18,10570.0,7500.0,0.0,0,0.0,3070.0,0.0,132.0,0,0,True,False,False,False,True,False,False,True,False,False,False,False,False,False,False,False,False,False,False,False,True,False,False,False,False,False,False,True,False,False,True,False,False,False,1
99,0,999999.0,412.0,25211.0,1,2,2,2,2,0,1,1,0,1,0,0,7,0,0,1,99,99,1,6,1,1,0,1,0,0,0.0,999999.0,999999.0,999999,99999.0,99999.0,99999.0,127.0,1,0,True,False,False,False,True,False,False,True,True,False,False,False,False,False,False,False,False,False,False,False,False,False,False,False,False,False,False,True,False,False,False,True,False,False,1
99,0,999999.0,725.0,8800.0,1,0,0,0,0,0,0,0,0,0,0,0,3,0,0,1,99,99,2,25,1,1,7,1,0,0,0.0,0.0,0.0,0,0.0,0.0,0.0,91.0,1,0,True,False,False,False,True,False,False,True,False,False,False,False,False,False,False,False,False,False,True,False,False,False,False,False,False,True,False,False,False,False,False,True,False,False,1
99,0,999999.0,387.0,27899.0,1,0,0,0,0,0,0,0,0,0,0,0,1,0,0,1,99,99,0,71,1,0,3,0,0,0,27899.0,0.0,0.0,0,0.0,0.0,900.0,469.0,0,6,True,False,False,False,True,False,False,True,False,False,False,True,False,False,False,False,False,False,False,False,False,False,False,False,False,False,False,True,False,False,False,True,False,False,1
99,0,999999.0,875.0,15000.0,1,0,0,0,0,0,0,0,0,0,0,0,1,0,0,1,99,99,0,26,0,1,8,2,61,93,15000.0,15000.0,0.0,0,0.0,0.0,0.0,233.0,1,2,True,False,False,False,True,False,False,True,False,False,False,True,False,False,False,False,False,False,False,False,False,False,False,False,False,False,False,True,False,False,False,True,False,False,1
99,0,999999.0,462.0,18000.0,2,0,0,1,0,0,0,0,0,0,0,0,3,2,0,1,22,19,0,39,1,0,1,0,22,18,18000.0,18000.0,0.0,0,0.0,0.0,0.0,186.0,1,2,True,False,False,False,True,False,False,True,False,False,False,True,False,False,False,False,False,False,False,False,False,False,False,False,False,False,False,True,False,False,False,True,False,False,1
99,0,999999.0,462.0,23760.0,1,1,1,1,2,0,1,1,0,1,0,0,5,0,0,1,99,99,2,10,0,1,2,1,0,0,0.0,999999.0,999999.0,999999,99999.0,99999.0,99999.0,157.0,1,0,True,False,False,False,True,False,False,True,True,False,False,False,False,False,False,False,False,False,False,False,False,False,False,False,False,False,False,True,False,False,False,True,False,False,1
99,1,95000.0,0.0,42200.0,1,1,1,1,0,0,0,0,0,0,2,1,4,2,0,1,14,12,0,63,1,0,3,0,37,49,31200.0,5400.0,0.0,0,7800.0,0.0,0.0,336.0,0,6,True,False,False,False,True,False,False,True,False,False,False,True,False,False,False,False,False,False,False,False,False,False,False,False,False,False,False,True,False,False,True,False,False,False,1
99,0,999999.0,537.0,10000.0,1,0,1,0,1,0,1,0,0,0,0,0,3,0,0,1,99,99,1,22,1,1,7,1,0,0,0.0,0.0,0.0,0,0.0,0.0,0.0,103.0,1,0,True,False,False,False,True,False,False,True,True,False,False,False,False,False,False,False,False,False,False,False,False,False,False,False,False,False,False,True,False,False,False,True,False,False,1
99,0,999999.0,875.0,43400.0,1,1,1,1,2,1,1,1,0,1,0,0,7,0,0,1,99,99,2,10,1,1,1,1,0,0,0.0,999999.0,999999.0,999999,99999.0,99999.0,99999.0,219.0,1,0,True,False,False,False,True,False,False,True,True,False,False,False,False,False,False,False,False,False,False,False,False,False,False,False,False,False,False,True,False,False,False,True,False,False,1
99,0,999999.0,512.0,19700.0,1,1,1,1,0,0,0,0,0,0,1,1,3,1,1,1,1,1,0,32,0,0,7,0,18,44,0.0,0.0,0.0,0,0.0,0.0,0.0,197.0,1,0,True,False,False,False,True,False,False,True,False,False,False,False,False,False,False,False,False,False,False,False,True,False,False,False,False,True,False,False,False,False,True,False,False,False,1
99,0,999999.0,625.0,14100.0,1,1,0,0,0,0,0,0,0,0,1,1,2,0,0,1,99,99,0,78,0,0,6,0,0,0,3600.0,0.0,0.0,0,3600.0,0.0,0.0,188.0,1,0,True,False,False,False,True,False,False,True,False,False,False,False,False,False,False,False,False,False,False,False,True,False,False,False,False,False,False,True,False,False,True,False,False,False,1
99,0,999999.0,412.0,20000.0,1,1,1,1,0,0,0,0,0,0,1,2,5,3,1,1,15,2,0,46,1,0,6,0,26,47,20000.0,20000.0,0.0,0,0.0,0.0,0.0,135.0,1,0,True,False,False,False,True,False,False,True,False,False,False,False,False,False,False,False,False,False,False,False,True,False,False,False,False,False,False,True,False,False,True,False,False,False,1
99,1,225000.0,0.0,45900.0,1,1,2,1,6,0,3,0,0,0,0,0,7,0,0,1,99,99,0,4,1,1,0,1,0,0,0.0,999999.0,999999.0,999999,99999.0,99999.0,99999.0,239.0,1,0,True,False,False,False,True,False,False,True,False,False,False,False,False,False,True,False,False,False,False,False,False,False,False,False,False,False,False,True,False,False,False,True,False,False,1
99,0,999999.0,462.0,26600.0,1,1,1,1,2,0,1,1,0,1,0,0,7,0,0,1,99,99,3,8,1,1,1,1,0,0,0.0,999999.0,999999.0,999999,99999.0,99999.0,99999.0,138.0,0,0,True,False,False,False,True,False,False,True,True,False,False,False,False,False,False,False,False,False,False,False,False,False,False,False,False,False,False,True,False,False,False,True,False,False,1
99,1,400000.0,0.0,227716.0,2,1,1,1,0,0,0,0,0,0,1,1,5,3,0,1,21,11,0,45,0,0,8,0,31,65,29000.0,29000.0,0.0,0,0.0,0.0,0.0,501.0,1,0,True,False,False,False,True,False,False,True,False,False,False,False,False,False,False,False,False,False,False,False,True,False,False,False,False,False,False,True,False,False,True,False,False,False,1
99,1,162500.0,0.0,48000.0,1,1,1,1,2,0,1,1,0,1,0,0,4,0,0,1,99,99,1,1,1,0,7,0,0,0,0.0,999999.0,999999.0,999999,99999.0,99999.0,99999.0,382.0,1,0,True,False,False,False,True,False,False,True,True,False,False,False,False,False,False,False,False,False,False,False,False,False,False,False,False,False,False,True,False,False,False,True,False,False,1
99,0,999999.0,512.0,40381.0,3,1,1,1,2,0,1,1,0,1,0,0,7,0,0,1,99,99,2,13,0,1,2,1,0,0,0.0,999999.0,999999.0,999999,99999.0,99999.0,99999.0,204.0,1,0,True,False,False,False,True,False,False,True,True,False,False,False,False,False,False,False,False,False,False,False,False,False,False,False,False,False,False,True,False,False,False,True,False,False,1
99,0,999999.0,675.0,6170.0,2,1,0,0,0,0,0,0,0,0,1,1,3,0,0,1,99,99,1,23,0,0,6,0,16,15,400.0,400.0,0.0,0,0.0,0.0,0.0,64.0,1,0,True,False,False,False,True,False,False,True,False,False,False,False,False,False,False,False,False,False,False,False,True,False,False,False,False,False,False,True,False,False,True,False,False,False,1
99,1,350000.0,0.0,50000.0,1,1,1,1,0,0,0,0,0,0,1,1,3,1,0,1,15,15,0,41,0,0,7,0,41,68,25000.0,25000.0,0.0,0,0.0,0.0,0.0,501.0,1,0,True,False,False,False,True,False,False,True,False,False,False,False,False,False,False,False,False,False,False,False,True,False,False,False,False,False,False,True,False,False,True,False,False,False,1
99,0,999999.0,0.0,999999.0,1,0,0,0,0,0,0,0,0,0,0,0,1,0,0,1,99,99,0,41,1,0,8,0,24,44,1406.0,1406.0,0.0,0,0.0,0.0,0.0,0.0,1,0,False,False,True,False,False,True,False,True,False,False,False,False,False,True,False,False,False,False,False,False,False,False,False,False,False,False,False,True,False,True,False,False,False,False,0
99,0,999999.0,537.0,23000.0,1,0,0,0,0,0,0,0,0,0,0,0,1,0,0,1,99,99,0,37,1,0,6,0,30,24,23000.0,23000.0,0.0,0,0.0,0.0,0.0,357.0,0,5,True,False,False,False,True,False,False,True,False,False,False,True,False,False,False,False,False,False,False,False,False,False,True,False,False,False,False,False,False,False,False,True,False,False,1
99,0,999999.0,412.0,24500.0,1,1,1,1,2,0,1,1,0,1,0,0,5,0,0,1,99,99,2,2,0,0,7,0,0,0,0.0,999999.0,999999.0,999999,99999.0,99999.0,99999.0,166.0,1,0,True,False,False,False,True,False,False,True,True,False,False,False,False,False,False,False,False,False,False,False,False,False,False,False,False,False,False,True,False,False,False,True,False,False,1
99,0,999999.0,675.0,55000.0,2,0,2,0,0,0,0,0,0,0,0,0,6,1,0,1,16,16,1,45,0,0,1,0,13,10,7000.0,0.0,7000.0,0,0.0,0.0,0.0,309.0,0,0,True,False,False,False,True,False,False,True,False,False,False,False,False,False,False,False,False,False,True,False,False,False,False,False,False,False,False,True,False,True,False,False,False,False,0
99,1,95000.0,0.0,35230.0,2,1,1,1,0,0,0,0,0,0,2,1,5,3,0,1,14,11,0,36,1,0,4,0,20,9,28641.0,0.0,0.0,0,0.0,0.0,28641.0,238.0,0,7,True,False,False,False,True,False,False,True,False,False,False,True,False,False,False,False,False,False,False,False,False,False,False,False,False,False,False,True,False,False,True,False,False,False,1
99,1,137500.0,0.0,47000.0,1,1,1,1,2,7,1,1,0,1,0,0,4,0,0,1,99,99,1,13,0,1,2,2,0,0,0.0,999999.0,999999.0,999999,99999.0,99999.0,99999.0,374.0,0,0,True,False,False,False,True,False,False,True,True,False,False,False,False,False,False,False,False,False,False,False,False,False,False,False,False,False,False,True,False,False,False,True,False,False,1
99,0,999999.0,512.0,18600.0,3,0,1,0,0,0,0,0,0,0,0,0,1,0,0,2,99,99,0,25,1,0,3,0,22,15,6180.0,6180.0,0.0,0,0.0,0.0,0.0,96.0,1,0,True,False,False,False,True,False,False,True,False,False,False,False,False,False,False,False,False,True,False,False,False,False,False,False,False,False,False,True,False,False,False,True,False,False,1
99,0,999999.0,675.0,30189.0,1,1,1,1,0,0,0,0,0,0,2,2,6,4,2,1,8,2,0,27,0,1,6,1,23,18,15000.0,15000.0,0.0,0,0.0,0.0,0.0,182.0,0,1,True,False,False,False,True,False,False,True,False,False,False,True,False,False,False,False,False,False,False,False,False,False,False,False,False,True,False,False,False,False,True,False,False,False,1
99,1,400000.0,0.0,118450.0,1,1,1,1,0,0,0,0,0,0,1,1,3,1,0,1,20,20,0,60,0,0,7,0,17,13,42000.0,42000.0,0.0,0,0.0,0.0,0.0,501.0,0,0,True,False,False,False,True,False,False,True,False,False,False,False,False,False,False,False,False,False,False,False,True,False,False,False,False,False,False,True,False,False,True,False,False,False,1
99,1,112500.0,0.0,50062.0,1,2,1,2,0,0,0,0,0,0,1,1,10,3,0,1,22,16,0,49,0,0,6,0,30,65,6362.0,6362.0,0.0,0,0.0,0.0,0.0,195.0,1,0,True,False,False,False,True,False,False,True,False,False,False,False,False,False,False,False,False,False,False,False,True,False,False,False,False,False,False,True,False,False,True,False,False,False,1
99,0,999999.0,625.0,5700.0,1,1,1,1,0,0,0,0,0,0,1,1,4,2,1,1,6,0,0,31,0,0,2,0,19,17,4000.0,0.0,4000.0,0,0.0,0.0,0.0,45.0,1,0,True,False,False,False,True,False,False,True,False,False,False,False,False,False,False,False,False,False,False,False,True,False,False,False,False,True,False,False,False,False,True,False,False,False,1
99,0,999999.0,675.0,13700.0,1,0,1,0,0,0,0,0,0,0,0,0,2,1,0,1,6,6,0,32,0,0,7,0,17,13,13700.0,10000.0,0.0,0,0.0,0.0,3700.0,160.0,1,1,True,False,False,False,True,False,False,True,False,False,False,True,False,False,False,False,False,False,False,False,False,False,False,False,False,True,False,False,False,False,False,True,False,False,0
99,0,999999.0,537.0,12600.0,1,1,1,1,0,0,0,0,0,0,2,1,5,3,1,1,7,2,0,33,1,0,2,0,26,22,11000.0,11000.0,0.0,0,0.0,0.0,0.0,85.0,1,1,True,False,False,False,True,False,False,True,False,False,False,True,False,False,False,False,False,False,False,False,False,False,False,False,False,False,False,True,False,False,True,False,False,False,1
99,0,999999.0,412.0,11000.0,1,1,1,1,0,0,0,0,0,0,1,1,3,1,1,1,0,0,0,27,0,0,0,0,0,0,0.0,0.0,0.0,0,0.0,0.0,0.0,110.0,1,0,True,False,False,False,True,False,False,True,False,False,False,False,False,False,False,False,False,False,False,False,True,False,False,False,False,False,False,True,False,False,True,False,False,False,1
99,0,999999.0,1000.0,42000.0,2,0,0,0,0,0,0,0,0,0,0,0,1,0,0,2,99,99,0,30,0,1,7,1,20,31,31000.0,31000.0,0.0,0,0.0,0.0,0.0,481.0,0,0,True,False,False,False,True,False,False,True,False,False,False,False,False,False,False,False,False,True,False,False,False,False,False,False,False,False,False,True,False,False,False,True,False,False,1
99,0,999999.0,487.0,29000.0,1,1,1,1,2,0,1,1,0,1,0,0,3,0,0,1,99,99,0,1,0,0,7,0,0,0,0.0,999999.0,999999.0,999999,99999.0,99999.0,99999.0,291.0,1,0,True,False,False,False,True,False,False,True,True,False,False,False,False,False,False,False,False,False,False,False,False,False,True,False,False,False,False,False,False,False,False,True,False,False,1
99,1,162500.0,0.0,76191.0,1,0,0,0,0,0,0,0,0,0,0,0,1,0,0,1,99,99,0,42,0,0,8,0,24,47,76191.0,73947.0,0.0,0,0.0,0.0,0.0,501.0,1,2,True,False,False,False,True,False,False,True,False,False,False,True,False,False,False,False,False,False,False,False,False,False,False,False,False,False,False,True,False,False,False,True,False,False,1
99,1,275000.0,0.0,14970.0,1,1,1,1,2,0,1,1,0,1,0,0,3,0,0,1,99,99,0,18,0,0,6,0,26,52,90.0,90.0,0.0,0,0.0,0.0,0.0,154.0,0,0,True,False,False,False,True,False,False,True,True,False,False,False,False,False,False,False,False,False,False,False,False,False,False,False,False,False,False,True,False,False,False,True,False,False,1
99,1,400000.0,0.0,95092.0,1,1,1,1,2,0,1,1,0,1,0,0,5,0,0,1,99,99,2,24,1,0,8,0,31,73,7900.0,7900.0,0.0,0,0.0,0.0,0.0,501.0,1,0,True,False,False,False,True,False,False,True,True,False,False,False,False,False,False,False,False,False,False,False,False,False,False,False,False,False,False,True,False,False,False,True,False,False,1
99,0,999999.0,875.0,55899.0,1,1,0,0,0,0,0,0,0,0,2,1,2,0,0,1,99,99,0,29,1,0,6,0,26,10,30219.0,30147.0,0.0,0,0.0,0.0,0.0,501.0,1,2,True,False,False,False,True,False,False,True,False,False,False,True,False,False,False,False,False,False,False,False,False,False,False,False,False,False,False,True,False,False,True,False,False,False,1
99,0,999999.0,875.0,7000.0,1,0,0,0,0,0,0,0,0,0,0,0,1,0,0,1,99,99,0,21,0,1,7,1,23,45,7000.0,7000.0,0.0,0,0.0,0.0,0.0,109.0,1,1,True,False,False,False,True,False,False,True,False,False,False,True,False,False,False,False,False,False,False,False,False,False,True,False,False,False,False,False,False,False,False,True,False,False,1
99,0,999999.0,725.0,6720.0,1,0,1,0,0,0,0,0,0,0,0,0,3,1,1,1,2,2,0,37,0,0,6,0,17,13,6720.0,0.0,0.0,0,0.0,6720.0,0.0,67.0,1,1,True,False,False,False,True,False,False,True,False,False,False,True,False,False,False,False,False,False,False,False,False,False,False,False,False,False,False,True,False,False,False,False,True,False,1
99,1,400000.0,0.0,59240.0,2,0,1,1,0,0,0,0,0,0,0,0,4,1,0,1,35,35,0,69,0,0,6,0,0,0,7240.0,0.0,0.0,0,0.0,7200.0,0.0,471.0,0,0,True,False,False,False,True,False,False,True,False,False,False,False,False,False,False,True,False,False,False,False,False,False,False,False,False,False,False,True,False,False,False,False,False,True,1
99,0,999999.0,387.0,27000.0,1,0,0,0,0,0,0,0,0,0,0,0,1,0,0,1,99,99,0,35,0,0,7,0,22,61,27000.0,27000.0,0.0,0,0.0,0.0,0.0,419.0,1,2,True,False,False,False,True,False,False,True,False,False,False,True,False,False,False,False,False,False,False,False,False,False,False,False,False,False,False,True,False,False,False,True,False,False,1
99,0,999999.0,0.0,999999.0,1,0,0,0,0,0,0,0,0,0,0,0,1,0,0,1,99,99,0,18,1,1,7,2,20,9,0.0,0.0,0.0,0,0.0,0.0,0.0,0.0,0,0,False,False,True,False,False,True,False,True,False,False,False,False,False,True,False,False,False,False,False,False,False,False,False,False,False,False,False,True,False,False,False,True,False,False,1
99,1,400000.0,0.0,26594.0,1,1,0,0,0,0,0,0,0,0,1,1,2,0,0,1,99,99,0,72,0,0,6,0,0,0,9107.0,0.0,0.0,0,5207.0,0.0,0.0,355.0,0,0,True,False,False,False,True,False,False,True,False,False,False,False,False,False,False,False,False,False,False,False,True,False,False,False,False,False,False,True,False,False,True,False,False,False,1
99,0,999999.0,875.0,28051.0,1,1,1,1,2,0,1,1,0,1,0,0,5,0,0,1,99,99,2,7,0,1,1,1,0,0,0.0,999999.0,999999.0,999999,99999.0,99999.0,99999.0,190.0,1,0,True,False,False,False,True,False,False,True,True,False,False,False,False,False,False,False,False,False,False,False,False,False,False,False,False,True,False,False,False,False,False,True,False,False,1
99,0,999999.0,537.0,23200.0,5,0,0,0,0,0,0,0,0,0,0,0,1,0,0,4,99,99,0,19,1,0,0,0,20,8,0.0,0.0,0.0,0,0.0,0.0,0.0,1.0,1,0,True,False,False,False,True,False,False,True,False,False,False,False,False,False,False,False,False,True,False,False,False,False,False,False,False,False,False,True,False,False,False,True,False,False,0
99,0,999999.0,575.0,25000.0,1,0,0,0,0,0,0,0,0,0,0,0,1,0,0,1,99,99,0,37,1,0,7,0,25,15,25000.0,25000.0,0.0,0,0.0,0.0,0.0,388.0,1,1,True,False,False,False,True,False,False,True,False,False,False,True,False,False,False,False,False,False,False,False,False,False,False,False,False,False,False,True,False,False,False,False,True,False,1
99,0,999999.0,625.0,20000.0,5,0,1,0,0,0,0,0,0,0,0,0,1,0,0,2,99,99,0,23,1,0,2,0,11,11,3500.0,3500.0,0.0,0,0.0,0.0,0.0,54.0,1,0,True,False,False,False,True,False,False,True,False,False,False,False,False,False,False,False,False,True,False,False,False,False,False,False,False,False,False,True,False,False,False,True,False,False,1
99,1,225000.0,0.0,67502.0,1,1,1,1,2,0,1,1,0,1,0,0,4,0,0,1,99,99,1,10,0,1,2,1,0,0,0.0,999999.0,999999.0,999999,99999.0,99999.0,99999.0,501.0,0,0,True,False,False,False,True,False,False,True,True,False,False,False,False,False,False,False,False,False,False,False,False,False,False,True,False,False,False,False,False,False,False,True,False,False,1
99,0,999999.0,487.0,9864.0,1,1,1,1,2,0,1,1,0,1,0,0,3,0,0,1,99,99,0,0,0,0,7,0,0,0,0.0,999999.0,999999.0,999999,99999.0,99999.0,99999.0,99.0,1,0,True,False,False,False,True,False,False,True,True,False,False,False,False,False,False,False,False,False,False,False,False,False,False,False,False,False,False,True,False,False,False,True,False,False,1
99,0,999999.0,675.0,5500.0,2,0,0,0,0,0,0,0,0,0,0,0,1,0,0,1,99,99,0,57,1,0,7,0,18,19,5500.0,0.0,5500.0,0,0.0,0.0,0.0,85.0,0,2,True,False,False,False,True,False,False,True,False,False,False,True,False,False,False,False,False,False,False,False,False,False,True,False,False,False,False,False,True,False,False,False,False,False,1
99,1,400000.0,0.0,360748.0,1,1,1,1,0,0,0,0,0,0,2,1,3,1,0,1,15,15,0,43,1,0,8,0,41,68,254119.0,195516.0,0.0,0,0.0,0.0,0.0,501.0,0,6,True,False,False,False,True,False,False,True,False,False,False,True,False,False,False,False,False,False,False,False,False,False,False,False,False,False,False,True,False,False,True,False,False,False,1
99,1,275000.0,0.0,9500.0,1,1,1,1,0,0,0,0,0,0,2,1,5,3,0,1,15,11,0,36,1,0,7,0,41,68,-2500.0,0.0,-2500.0,0,0.0,0.0,0.0,64.0,0,5,True,False,False,False,True,False,False,True,False,False,False,True,False,False,False,False,False,False,False,False,False,False,False,False,False,False,False,True,False,False,True,False,False,False,0
99,1,400000.0,0.0,100000.0,1,1,2,1,0,0,0,0,0,0,1,1,4,1,0,1,8,8,0,37,0,0,6,0,41,68,50000.0,0.0,50000.0,0,0.0,0.0,0.0,501.0,0,0,True,False,False,False,True,False,False,True,False,False,False,False,False,False,False,False,False,False,False,False,True,False,False,False,False,True,False,False,False,False,True,False,False,False,1
99,0,999999.0,537.0,10400.0,1,1,1,1,2,0,1,1,0,1,0,0,9,0,0,1,99,99,6,12,1,1,2,1,0,0,0.0,999999.0,999999.0,999999,99999.0,99999.0,99999.0,42.0,1,0,True,False,False,False,True,False,False,True,True,False,False,False,False,False,False,False,False,False,False,False,False,False,False,False,False,False,False,True,False,False,False,True,False,False,1
99,0,999999.0,262.0,16000.0,1,1,1,1,2,0,1,1,0,1,0,0,7,0,0,1,99,99,3,9,0,1,1,1,0,0,0.0,999999.0,999999.0,999999,99999.0,99999.0,99999.0,83.0,1,0,True,False,False,False,True,False,False,True,True,False,False,False,False,False,False,False,False,False,False,False,False,False,False,False,False,False,False,True,False,False,False,True,False,False,1
99,0,999999.0,725.0,50360.0,1,1,1,1,0,0,0,0,0,0,0,0,8,0,0,1,99,99,0,19,1,0,5,0,0,0,0.0,0.0,0.0,0,0.0,0.0,0.0,223.0,1,0,True,False,False,False,True,False,False,True,False,False,False,False,False,False,True,False,False,False,False,False,False,False,False,False,False,False,False,True,False,False,False,True,False,False,1
99,0,999999.0,387.0,0.0,1,1,2,1,1,0,1,2,0,1,0,0,5,0,0,1,99,99,1,9,1,1,1,1,0,0,0.0,999999.0,999999.0,999999,99999.0,99999.0,99999.0,1.0,1,0,True,False,False,False,True,False,False,True,True,False,False,False,False,False,False,False,False,False,False,False,False,False,False,False,False,False,False,True,False,False,False,True,False,False,1
99,0,999999.0,875.0,30000.0,2,0,0,0,0,0,0,0,0,0,0,0,1,0,0,2,99,99,0,21,0,0,6,0,22,61,9500.0,9500.0,0.0,0,0.0,0.0,0.0,147.0,1,0,True,False,False,False,True,False,False,True,False,False,False,False,False,False,False,False,False,True,False,False,False,False,False,False,False,False,False,True,False,False,False,True,False,False,1
99,0,999999.0,875.0,48800.0,1,1,0,0,0,0,0,0,0,0,2,1,2,0,0,1,99,99,0,29,1,0,0,0,39,73,48800.0,48000.0,0.0,0,0.0,0.0,0.0,501.0,1,1,True,False,False,False,True,False,False,True,False,False,False,True,False,False,False,False,False,False,False,False,False,False,False,True,False,False,False,False,False,False,True,False,False,False,1
99,1,137500.0,0.0,63511.0,1,1,2,1,0,0,0,0,0,0,0,0,5,1,0,1,40,40,0,59,0,0,1,0,22,18,12000.0,12000.0,0.0,0,0.0,0.0,0.0,419.0,1,0,True,False,False,False,True,False,False,True,False,False,False,False,False,False,False,False,True,False,False,False,False,False,False,False,False,True,False,False,False,False,False,False,True,False,1
99,0,999999.0,625.0,36200.0,3,0,1,0,1,0,1,0,0,0,0,0,4,0,0,1,99,99,2,20,1,0,7,0,0,0,8016.0,0.0,0.0,0,0.0,8016.0,0.0,278.0,0,0,True,False,False,False,True,False,False,True,True,False,False,False,False,False,False,False,False,False,False,False,False,False,True,False,False,False,False,False,False,False,False,True,False,False,1
99,1,187500.0,0.0,78200.0,1,1,0,0,0,0,0,0,0,0,1,1,2,0,0,1,99,99,0,59,0,0,6,0,0,0,0.0,0.0,0.0,0,0.0,0.0,0.0,501.0,0,0,True,False,False,False,True,False,False,True,False,False,False,False,False,False,False,False,False,False,False,False,True,False,False,False,False,False,False,True,False,False,True,False,False,False,1
99,1,225000.0,0.0,39400.0,1,1,1,1,0,0,0,0,0,0,2,1,3,1,0,1,41,41,0,78,1,0,7,0,0,0,10400.0,0.0,0.0,0,6000.0,0.0,2400.0,406.0,0,7,True,False,False,False,True,False,False,True,False,False,False,True,False,False,False,False,False,False,False,False,False,False,False,False,False,False,False,True,False,False,True,False,False,False,1
99,0,999999.0,362.0,13000.0,1,0,1,0,0,0,0,0,0,0,0,0,4,3,0,1,19,9,0,44,0,0,7,0,15,56,13000.0,10500.0,0.0,0,0.0,1800.0,700.0,103.0,0,6,True,False,False,False,True,False,False,True,False,False,False,True,False,False,False,False,False,False,False,False,False,False,False,False,False,False,False,True,True,False,False,False,False,False,1
99,0,999999.0,675.0,52512.0,1,1,2,1,3,0,5,0,0,0,0,0,4,0,0,1,99,99,0,15,1,1,2,1,0,0,0.0,999999.0,999999.0,999999,0.0,0.0,0.0,404.0,0,0,True,False,False,False,True,False,False,True,False,False,True,False,False,False,False,False,False,False,False,False,False,False,False,False,False,False,False,True,False,False,False,True,False,False,1
99,1,187500.0,0.0,119000.0,1,1,1,1,2,0,1,1,0,1,0,0,6,0,0,1,99,99,3,10,0,1,2,1,0,0,0.0,999999.0,999999.0,999999,99999.0,99999.0,99999.0,501.0,1,0,True,False,False,False,True,False,False,True,True,False,False,False,False,False,False,False,False,False,False,False,False,False,False,False,False,False,False,True,False,False,False,True,False,False,1
99,0,999999.0,625.0,50000.0,1,0,0,0,0,0,0,0,0,0,0,0,1,0,0,1,99,99,0,30,0,0,8,0,26,58,50000.0,50000.0,0.0,0,0.0,0.0,0.0,501.0,1,1,True,False,False,False,True,False,False,True,False,False,False,True,False,False,False,False,False,False,False,False,False,False,False,False,False,False,False,True,False,False,False,True,False,False,0
99,0,999999.0,625.0,23400.0,1,0,1,0,1,0,1,0,0,0,0,0,2,0,0,1,99,99,0,15,0,1,4,1,0,0,0.0,999999.0,999999.0,999999,0.0,0.0,0.0,274.0,0,0,True,False,False,False,True,False,False,True,True,False,False,False,False,False,False,False,False,False,False,False,False,False,False,False,False,False,False,True,False,False,False,True,False,False,1
99,1,225000.0,0.0,61264.0,1,1,1,1,0,0,0,0,0,0,2,1,3,1,1,1,0,0,0,27,1,0,8,0,48,87,36132.0,36000.0,0.0,0,0.0,0.0,0.0,501.0,1,2,True,False,False,False,True,False,False,True,False,False,False,True,False,False,False,False,False,False,False,False,False,False,False,False,False,False,False,True,False,False,True,False,False,False,1
99,1,137500.0,0.0,69000.0,1,2,1,1,0,0,0,0,0,0,4,3,7,0,0,1,99,99,0,20,0,1,7,2,18,44,9000.0,9000.0,0.0,0,0.0,0.0,0.0,343.0,1,0,True,False,False,False,True,False,False,True,False,True,False,False,False,False,False,False,False,False,False,False,False,False,False,False,False,True,False,False,False,False,True,False,False,False,1
99,1,225000.0,0.0,21271.0,1,1,0,0,0,0,0,0,0,0,1,1,2,0,0,1,99,99,0,60,0,0,7,0,29,72,0.0,0.0,0.0,0,0.0,0.0,0.0,256.0,0,0,True,False,False,False,True,False,False,True,False,False,False,False,False,False,False,False,False,False,False,False,True,False,False,False,False,False,False,True,False,False,True,False,False,False,1
99,1,350000.0,0.0,84986.0,1,1,1,1,2,0,1,1,0,1,0,0,4,0,0,1,99,99,1,10,0,1,1,1,0,0,0.0,999999.0,999999.0,999999,99999.0,99999.0,99999.0,501.0,1,0,True,False,False,False,True,False,False,True,True,False,False,False,False,False,False,False,False,False,False,False,False,False,False,False,False,True,False,False,False,False,False,True,False,False,1
99,0,999999.0,875.0,13500.0,1,1,1,1,0,0,0,0,0,0,2,1,7,4,2,1,10,2,1,30,1,0,0,0,16,15,13500.0,13500.0,0.0,0,0.0,0.0,0.0,70.0,1,1,True,False,False,False,True,False,False,True,False,False,False,True,False,False,False,False,False,False,False,False,False,False,False,False,False,False,False,True,False,False,True,False,False,False,1
99,0,999999.0,512.0,6000.0,1,1,1,1,0,0,0,0,0,0,2,2,3,1,1,1,2,2,0,21,0,0,6,0,25,44,0.0,0.0,0.0,0,0.0,0.0,0.0,60.0,1,1,True,False,False,False,True,False,False,True,False,False,False,True,False,False,False,False,False,False,False,False,False,False,False,False,False,False,False,True,False,False,True,False,False,False,1
99,1,275000.0,0.0,74000.0,1,1,1,1,2,0,1,1,0,1,0,0,3,0,0,1,99,99,0,11,0,1,2,1,0,0,0.0,999999.0,999999.0,999999,99999.0,99999.0,99999.0,501.0,0,0,True,False,False,False,True,False,False,True,True,False,False,False,False,False,False,False,False,False,False,False,False,False,False,False,False,True,False,False,False,False,False,True,False,False,1
99,0,999999.0,512.0,43000.0,1,1,1,1,2,0,1,1,0,1,0,0,5,0,0,1,99,99,2,11,1,1,1,1,0,0,0.0,999999.0,999999.0,999999,99999.0,99999.0,99999.0,291.0,0,0,True,False,False,False,True,False,False,True,True,False,False,False,False,False,False,False,False,False,False,False,False,False,False,False,False,False,False,True,False,False,False,True,False,False,1
99,0,999999.0,875.0,77400.0,1,1,1,1,0,0,0,0,0,0,2,1,3,1,1,1,1,1,0,37,1,0,8,0,61,93,77400.0,77000.0,0.0,0,0.0,0.0,0.0,501.0,1,1,True,False,False,False,True,False,False,True,False,False,False,True,False,False,False,False,False,False,False,False,False,False,False,False,False,False,False,True,False,False,True,False,False,False,1
99,0,999999.0,312.0,86851.0,1,0,0,0,0,0,0,0,0,0,0,0,4,0,0,1,99,99,0,2,1,0,7,0,0,0,0.0,999999.0,999999.0,999999,99999.0,99999.0,99999.0,501.0,1,0,True,False,False,False,True,False,False,True,False,False,False,False,False,False,True,False,False,False,False,False,False,False,False,False,False,False,False,True,False,False,False,True,False,False,1
99,1,400000.0,0.0,203000.0,1,1,0,0,0,0,0,0,0,0,2,1,2,0,0,1,99,99,0,38,1,0,8,0,38,68,103000.0,100000.0,3000.0,0,0.0,0.0,0.0,501.0,1,2,True,False,False,False,True,False,False,True,False,False,False,True,False,False,False,False,False,False,False,False,False,False,False,False,False,False,False,True,False,False,True,False,False,False,1
99,0,999999.0,412.0,9135.0,4,1,0,0,0,0,0,0,0,0,0,0,1,0,0,4,99,99,0,36,1,1,6,1,30,24,16401.0,16401.0,0.0,0,0.0,0.0,0.0,254.0,0,0,True,False,False,False,True,False,False,True,False,False,False,False,False,False,False,False,False,True,False,False,False,False,False,False,False,False,False,True,False,True,False,False,False,False,1
99,1,275000.0,0.0,29808.0,1,2,2,2,0,0,0,0,0,0,6,1,7,1,0,1,14,14,0,37,1,1,6,1,21,9,20000.0,20000.0,0.0,0,0.0,0.0,0.0,148.0,1,0,True,False,False,False,True,False,False,True,False,True,False,False,False,False,False,False,False,False,False,False,False,False,False,False,False,False,False,True,False,False,True,False,False,False,1
99,0,999999.0,1000.0,260516.0,1,1,0,0,0,0,0,0,0,0,2,2,2,0,0,1,99,99,0,32,0,0,8,0,79,92,65000.0,65000.0,0.0,0,0.0,0.0,0.0,501.0,1,1,True,False,False,False,True,False,False,True,False,False,False,True,False,False,False,False,False,False,False,False,False,False,False,False,False,False,False,True,False,False,True,False,False,False,1
99,0,999999.0,875.0,42000.0,1,1,1,1,0,0,0,0,0,0,2,1,3,1,0,1,17,17,0,50,1,0,8,0,40,79,24000.0,24000.0,0.0,0,0.0,0.0,0.0,421.0,1,1,True,False,False,False,True,False,False,True,False,False,False,True,False,False,False,False,False,False,False,False,False,False,False,False,False,False,False,True,False,False,True,False,False,False,1
99,0,999999.0,625.0,18000.0,3,0,0,0,0,0,0,0,0,0,0,0,1,0,0,3,99,99,0,31,1,0,2,0,31,33,10000.0,10000.0,0.0,0,0.0,0.0,0.0,155.0,1,0,True,False,False,False,True,False,False,True,False,False,False,False,False,False,False,False,False,True,False,False,False,False,False,False,False,False,False,True,False,False,False,True,False,False,1
99,0,999999.0,337.0,14450.0,1,1,1,1,2,0,1,1,0,1,0,0,4,0,0,1,99,99,1,8,0,1,1,1,0,0,0.0,999999.0,999999.0,999999,99999.0,99999.0,99999.0,115.0,1,0,True,False,False,False,True,False,False,True,True,False,False,False,False,False,False,False,False,False,False,False,False,False,False,False,False,False,False,True,False,False,False,True,False,False,1
99,0,999999.0,625.0,40000.0,1,1,1,1,2,0,1,1,0,1,0,0,5,0,0,1,99,99,2,10,0,1,1,2,0,0,0.0,999999.0,999999.0,999999,99999.0,99999.0,99999.0,270.0,1,0,True,False,False,False,True,False,False,True,True,False,False,False,False,False,False,False,False,False,False,False,False,False,False,False,False,False,False,True,False,False,False,True,False,False,1
99,1,187500.0,0.0,40000.0,1,1,1,1,0,0,0,0,0,0,2,1,5,3,1,1,12,3,0,34,1,0,7,0,24,47,40000.0,40000.0,0.0,0,0.0,0.0,0.0,270.0,1,2,True,False,False,False,True,False,False,True,False,False,False,True,False,False,False,False,False,False,False,False,False,False,False,False,False,False,False,True,False,False,True,False,False,False,1
99,0,999999.0,725.0,46000.0,1,1,1,1,0,0,0,0,0,0,1,1,3,1,0,1,10,10,0,34,0,0,7,0,41,68,24000.0,24000.0,0.0,0,0.0,0.0,0.0,461.0,1,0,True,False,False,False,True,False,False,True,False,False,False,False,False,False,False,False,False,False,False,False,True,False,False,False,False,False,False,True,False,False,True,False,False,False,1
99,1,67500.0,0.0,9000.0,1,1,1,1,2,0,1,1,0,1,0,0,5,0,0,1,99,99,1,38,1,1,6,1,25,44,0.0,0.0,0.0,0,0.0,0.0,0.0,58.0,0,0,True,False,False,False,True,False,False,True,True,False,False,False,False,False,False,False,False,False,False,False,False,False,True,False,False,False,False,False,False,False,False,True,False,False,1
99,0,999999.0,675.0,31000.0,1,1,1,1,0,0,0,0,0,0,1,1,7,5,1,1,16,0,0,37,0,0,1,0,30,24,12000.0,12000.0,0.0,0,0.0,0.0,0.0,167.0,0,0,True,False,False,False,True,False,False,True,False,False,False,False,False,False,False,False,False,False,False,False,True,False,False,False,False,False,False,True,False,False,True,False,False,False,1
99,0,999999.0,462.0,0.0,2,0,1,0,1,0,1,0,0,0,0,0,3,0,0,1,99,99,1,1,0,0,7,0,0,0,0.0,999999.0,999999.0,999999,99999.0,99999.0,99999.0,1.0,1,0,True,False,False,False,True,False,False,True,True,False,False,False,False,False,False,False,False,False,False,False,False,False,True,False,False,False,False,False,False,False,False,True,False,False,1
99,0,999999.0,575.0,20800.0,1,1,1,1,2,0,1,1,0,1,0,0,6,0,0,1,99,99,3,13,1,1,2,1,0,0,0.0,999999.0,999999.0,999999,99999.0,99999.0,99999.0,126.0,0,0,True,False,False,False,True,False,False,True,True,False,False,False,False,False,False,False,False,False,False,False,False,False,True,False,False,False,False,False,False,False,False,True,False,False,1
99,1,137500.0,0.0,6744.0,2,0,0,0,0,0,0,0,0,0,0,0,1,0,0,2,99,99,0,61,1,0,4,0,22,18,39600.0,39600.0,0.0,0,0.0,0.0,0.0,501.0,0,0,True,False,False,False,True,False,False,True,False,False,False,False,False,True,False,False,False,False,False,False,False,False,False,False,False,False,False,True,False,False,False,True,False,False,1
99,0,999999.0,537.0,16500.0,2,1,1,1,0,0,0,0,0,0,2,1,3,1,1,1,2,2,0,24,1,1,6,1,20,8,9000.0,9000.0,0.0,0,0.0,0.0,0.0,165.0,1,2,True,False,False,False,True,False,False,True,False,False,False,True,False,False,False,False,False,False,False,False,False,False,False,False,False,False,False,True,False,False,True,False,False,False,1
99,0,999999.0,875.0,40000.0,2,0,0,0,0,0,0,0,0,0,0,0,1,0,0,1,99,99,0,31,1,0,6,0,20,8,40000.0,40000.0,0.0,0,0.0,0.0,0.0,501.0,1,1,True,False,False,False,True,False,False,True,False,False,False,True,False,False,False,False,False,False,False,False,False,False,False,False,False,False,False,True,False,False,False,True,False,False,1
99,0,999999.0,625.0,57000.0,1,1,1,1,0,0,0,0,0,0,2,2,4,2,0,1,12,6,0,31,0,0,2,0,24,47,42000.0,17000.0,0.0,0,0.0,0.0,0.0,453.0,1,1,True,False,False,False,True,False,False,True,False,False,False,True,False,False,False,False,False,False,False,False,False,False,False,False,False,False,False,True,False,False,True,False,False,False,1
99,0,999999.0,675.0,18500.0,2,0,0,1,0,0,0,1,0,1,0,0,3,0,0,1,99,99,1,2,1,0,7,0,0,0,0.0,999999.0,999999.0,999999,99999.0,99999.0,99999.0,185.0,1,0,True,False,False,False,True,False,False,True,True,False,False,False,False,False,False,False,False,False,False,False,False,False,False,False,False,False,False,True,False,False,False,True,False,False,1
99,1,400000.0,0.0,117000.0,1,1,1,1,0,0,0,0,0,0,2,1,5,3,0,1,16,8,0,41,1,0,8,0,41,68,90000.0,90000.0,0.0,0,0.0,0.0,0.0,501.0,1,2,True,False,False,False,True,False,False,True,False,False,False,True,False,False,False,False,False,False,False,False,False,False,False,False,False,False,False,True,False,False,True,False,False,False,0
99,0,999999.0,875.0,45000.0,1,0,1,0,0,0,0,0,0,0,0,0,5,4,0,1,28,14,0,50,0,1,7,1,24,44,6000.0,6000.0,0.0,0,0.0,0.0,0.0,297.0,1,0,True,False,False,False,True,False,False,True,False,False,False,False,False,False,False,True,False,False,False,False,False,False,False,False,False,True,False,False,False,True,False,False,False,False,1
99,0,999999.0,675.0,0.0,1,1,1,1,0,0,0,0,0,0,1,1,4,2,0,1,14,13,0,40,0,1,8,1,0,0,0.0,0.0,0.0,0,0.0,0.0,0.0,1.0,1,0,True,False,False,False,True,False,False,True,False,False,False,False,False,False,False,False,False,False,False,False,True,False,False,False,False,False,False,True,False,False,True,False,False,False,1
99,0,999999.0,875.0,54000.0,1,1,1,1,0,0,0,0,0,0,1,1,5,3,2,1,5,0,0,31,0,0,7,0,34,67,2000.0,2000.0,0.0,0,0.0,0.0,0.0,365.0,1,0,True,False,False,False,True,False,False,True,False,False,False,False,False,False,False,False,False,False,False,False,True,False,False,False,False,False,False,True,False,False,True,False,False,False,1
99,1,72500.0,0.0,39611.0,1,1,2,1,2,0,1,1,0,1,0,0,9,5,1,1,10,3,1,30,0,0,6,0,0,0,15189.0,0.0,0.0,0,0.0,15189.0,0.0,154.0,0,0,True,False,False,False,True,False,False,True,True,False,False,False,False,False,False,False,False,False,False,False,False,False,True,False,False,False,False,False,False,False,False,True,False,False,1
99,1,112500.0,0.0,31400.0,1,1,1,1,0,0,0,0,0,0,1,1,3,1,1,1,1,1,0,31,0,0,8,0,14,26,2400.0,0.0,2400.0,0,0.0,0.0,0.0,315.0,1,0,True,False,False,False,True,False,False,True,False,False,False,False,False,False,False,False,False,False,False,False,True,False,False,False,False,False,False,True,False,False,True,False,False,False,0
99,1,112500.0,0.0,48200.0,1,1,1,1,0,0,0,0,0,0,0,0,4,0,0,1,99,99,0,76,0,0,7,0,0,0,6000.0,0.0,0.0,0,6000.0,0.0,0.0,371.0,0,0,True,False,False,False,True,False,False,True,False,False,False,False,False,False,True,False,False,False,False,False,False,False,False,False,False,False,False,True,False,True,False,False,False,False,1
99,0,999999.0,575.0,39700.0,1,1,1,1,2,0,1,1,0,1,0,0,6,0,0,1,99,99,0,2,0,0,7,0,0,0,0.0,999999.0,999999.0,999999,99999.0,99999.0,99999.0,223.0,1,0,True,False,False,False,True,False,False,True,True,False,False,False,False,False,False,False,False,False,False,False,False,False,False,False,False,False,False,True,False,False,False,True,False,False,1
99,1,400000.0,0.0,74405.0,1,1,2,1,0,0,0,0,0,0,0,0,5,1,0,1,48,48,0,83,0,0,1,0,0,0,3155.0,0.0,0.0,0,755.0,0.0,0.0,491.0,0,0,True,False,False,False,True,False,False,True,False,False,False,False,False,False,False,True,False,False,False,False,False,False,False,False,False,False,False,True,False,False,False,False,False,True,1
99,0,999999.0,537.0,13000.0,1,0,1,0,1,0,1,0,0,0,0,0,4,0,0,1,99,99,2,5,0,1,0,1,0,0,0.0,999999.0,999999.0,999999,99999.0,99999.0,99999.0,103.0,0,0,True,False,False,False,True,False,False,True,True,False,False,False,False,False,False,False,False,False,False,False,False,False,False,False,False,False,False,True,False,False,False,True,False,False,1
99,1,400000.0,0.0,195516.0,1,1,0,0,0,0,0,0,0,0,1,1,2,0,0,1,99,99,0,83,0,0,5,0,0,0,0.0,0.0,0.0,0,0.0,0.0,0.0,501.0,0,0,True,False,False,False,True,False,False,True,False,False,False,False,False,False,False,False,False,False,False,False,True,False,False,False,False,False,False,True,False,False,True,False,False,False,1
99,0,999999.0,575.0,36100.0,2,0,1,1,0,0,0,0,0,0,0,0,4,0,0,1,99,99,0,23,1,0,3,0,0,0,0.0,0.0,0.0,0,0.0,0.0,0.0,278.0,1,0,True,False,False,False,True,False,False,True,True,False,False,False,False,False,False,False,False,False,False,False,False,False,False,False,False,False,False,True,False,False,False,True,False,False,1
99,0,999999.0,875.0,28641.0,1,1,0,0,0,0,0,0,0,0,1,1,2,0,0,1,99,99,0,30,0,1,8,2,24,44,0.0,0.0,0.0,0,0.0,0.0,0.0,345.0,0,0,True,False,False,False,True,False,False,True,False,False,False,False,False,False,False,False,False,False,False,False,True,False,False,False,False,True,False,False,False,False,True,False,False,False,1
99,1,400000.0,0.0,266516.0,1,1,0,0,0,0,0,0,0,0,1,1,2,0,0,1,99,99,0,38,0,0,8,0,35,68,56000.0,50000.0,0.0,0,0.0,0.0,0.0,501.0,1,0,True,False,False,False,True,False,False,True,False,False,False,False,False,False,False,False,False,False,False,False,True,False,False,False,False,False,False,True,False,False,True,False,False,False,1
99,1,77500.0,0.0,56992.0,1,2,1,1,2,7,1,1,0,1,0,0,13,0,0,1,99,99,6,18,0,0,5,0,0,0,0.0,0.0,0.0,0,0.0,0.0,0.0,227.0,0,0,True,False,False,False,True,False,False,True,True,False,False,False,False,False,False,False,False,False,False,False,False,False,False,False,False,False,False,True,False,False,False,True,False,False,1
99,1,162500.0,0.0,54320.0,1,1,1,1,0,0,0,0,0,0,2,1,3,1,0,1,28,28,0,68,1,0,2,0,25,15,7320.0,0.0,0.0,0,7320.0,0.0,0.0,501.0,0,8,True,False,False,False,True,False,False,True,False,False,False,True,False,False,False,False,False,False,False,False,False,False,True,False,False,False,False,False,False,False,True,False,False,False,1
99,0,999999.0,487.0,8300.0,3,1,3,1,2,0,1,1,0,1,0,0,6,0,0,1,99,99,2,7,0,0,0,0,0,0,0.0,999999.0,999999.0,999999,99999.0,99999.0,99999.0,49.0,1,0,True,False,False,False,True,False,False,True,True,False,False,False,False,False,False,False,False,False,False,False,False,False,False,False,False,False,False,True,False,False,False,True,False,False,1
99,0,999999.0,487.0,9000.0,1,1,1,1,0,0,0,0,0,0,1,1,5,3,1,1,14,1,0,30,0,0,2,0,0,0,0.0,0.0,0.0,0,0.0,0.0,0.0,61.0,0,0,True,False,False,False,True,False,False,True,False,False,False,False,False,False,False,False,False,False,False,False,True,False,False,False,False,False,False,True,False,False,True,False,False,False,1
99,0,999999.0,675.0,62742.0,1,1,0,0,0,0,0,0,0,0,2,2,2,0,0,1,99,99,0,44,0,0,8,0,25,31,26742.0,26742.0,0.0,0,0.0,0.0,0.0,501.0,1,2,True,False,False,False,True,False,False,True,False,False,False,True,False,False,False,False,False,False,False,False,False,False,False,False,False,False,False,True,False,False,True,False,False,False,1
99,0,999999.0,0.0,999999.0,1,0,0,0,0,0,0,0,0,0,0,0,1,0,0,1,99,99,0,21,0,1,8,1,24,47,6000.0,5000.0,0.0,0,0.0,0.0,0.0,0.0,1,0,False,False,True,False,False,True,False,True,False,False,False,False,False,True,False,False,False,False,False,False,False,False,False,False,False,False,False,True,False,False,False,True,False,False,1
99,0,999999.0,512.0,16000.0,3,0,0,0,0,0,0,0,0,0,0,0,1,0,0,3,99,99,0,4,1,0,0,0,0,0,0.0,999999.0,999999.0,999999,99999.0,99999.0,99999.0,1.0,1,0,True,False,False,False,True,False,False,True,False,False,False,False,False,False,False,False,False,True,False,False,False,False,False,False,False,False,False,True,False,False,False,True,False,False,1
99,1,275000.0,0.0,36600.0,1,1,0,0,0,0,0,0,0,0,2,1,2,0,0,1,99,99,0,65,1,0,8,0,48,87,28200.0,0.0,0.0,0,8200.0,0.0,0.0,488.0,0,6,True,False,False,False,True,False,False,True,False,False,False,True,False,False,False,False,False,False,False,False,False,False,False,False,True,False,False,False,False,False,True,False,False,False,1
99,1,225000.0,0.0,26233.0,1,1,1,1,2,0,1,1,0,1,0,0,4,0,0,1,99,99,1,10,0,1,2,2,0,0,0.0,999999.0,999999.0,999999,99999.0,99999.0,99999.0,209.0,0,0,True,False,False,False,True,False,False,True,True,False,False,False,False,False,False,False,False,False,False,False,False,False,False,False,False,True,False,False,False,False,False,True,False,False,1
99,1,187500.0,0.0,53000.0,1,1,0,0,0,0,0,0,0,0,0,0,3,0,0,1,99,99,0,10,0,0,1,0,0,0,0.0,999999.0,999999.0,999999,99999.0,99999.0,99999.0,501.0,1,0,True,False,False,False,True,False,False,True,False,False,True,False,False,False,False,False,False,False,False,False,False,False,False,False,False,False,False,True,False,False,False,True,False,False,1
99,1,275000.0,0.0,57000.0,2,0,0,1,0,0,0,1,0,1,0,0,3,0,0,1,99,99,1,19,1,1,7,1,26,52,7000.0,7000.0,0.0,0,0.0,0.0,0.0,501.0,1,0,True,False,False,False,True,False,False,True,True,False,False,False,False,False,False,False,False,False,False,False,False,False,False,False,False,False,False,True,False,False,False,True,False,False,1
99,0,999999.0,512.0,17022.0,2,0,1,0,0,0,0,0,0,0,0,0,8,3,2,1,5,0,0,30,0,0,6,0,0,0,8000.0,0.0,0.0,0,0.0,8000.0,0.0,83.0,1,1,True,False,False,False,True,False,False,True,False,False,False,True,False,False,False,False,False,False,False,False,False,False,True,False,False,False,False,False,False,False,False,True,False,False,1
99,0,999999.0,575.0,50505.0,1,0,0,0,0,0,0,0,0,0,0,0,1,0,0,1,99,99,0,38,0,0,8,0,41,68,50505.0,50000.0,500.0,0,0.0,0.0,0.0,501.0,0,6,True,False,False,False,True,False,False,True,False,False,False,True,False,False,False,False,False,False,False,False,False,False,False,False,False,False,False,True,False,False,False,True,False,False,1
99,1,275000.0,0.0,98000.0,1,1,1,1,2,0,1,1,0,1,0,0,4,0,0,1,99,99,1,10,1,1,1,2,0,0,0.0,999999.0,999999.0,999999,99999.0,99999.0,99999.0,501.0,1,0,True,False,False,False,True,False,False,True,True,False,False,False,False,False,False,False,False,False,False,False,False,False,False,False,False,False,False,True,False,False,False,True,False,False,1
99,0,999999.0,625.0,32930.0,1,1,1,1,2,0,1,1,0,1,0,0,5,0,0,1,99,99,2,15,1,1,2,1,0,0,0.0,999999.0,999999.0,999999,0.0,0.0,0.0,223.0,1,0,True,False,False,False,True,False,False,True,True,False,False,False,False,False,False,False,False,False,False,False,False,False,False,False,False,False,False,True,False,False,False,True,False,False,1
99,0,999999.0,537.0,9170.0,3,0,0,1,0,0,0,1,0,1,0,0,4,0,0,1,99,99,2,21,1,0,2,0,20,8,4320.0,4320.0,0.0,0,0.0,0.0,0.0,72.0,1,0,True,False,False,False,True,False,False,True,True,False,False,False,False,False,False,False,False,False,False,False,False,False,False,False,False,False,False,True,False,False,False,True,False,False,1
99,1,400000.0,0.0,150000.0,2,1,1,1,2,7,1,1,0,1,0,0,5,0,0,1,99,99,2,10,1,1,1,2,0,0,0.0,999999.0,999999.0,999999,99999.0,99999.0,99999.0,501.0,1,0,True,False,False,False,True,False,False,True,True,False,False,False,False,False,False,False,False,False,False,False,False,False,False,False,False,False,False,True,False,False,False,True,False,False,1
99,1,275000.0,0.0,40020.0,1,1,1,1,0,0,0,0,0,0,1,1,5,3,0,1,22,13,0,47,0,0,5,0,21,18,16000.0,16000.0,0.0,0,0.0,0.0,0.0,256.0,0,0,True,False,False,False,True,False,False,True,False,False,False,False,False,False,False,False,False,False,False,False,True,False,False,False,False,True,False,False,False,False,True,False,False,False,1
99,0,999999.0,575.0,30160.0,1,1,2,1,5,0,1,0,0,0,0,0,8,0,0,1,99,99,3,19,0,0,2,0,25,18,8640.0,8640.0,0.0,0,0.0,0.0,0.0,139.0,1,0,True,False,False,False,True,False,False,True,False,False,False,False,False,False,False,False,False,False,True,False,False,False,False,False,False,False,False,True,False,False,False,True,False,False,1
99,0,999999.0,725.0,45000.0,1,1,1,1,0,0,0,0,0,0,2,1,3,1,1,1,1,1,0,28,1,1,7,2,24,47,20000.0,20000.0,0.0,0,0.0,0.0,0.0,451.0,1,1,True,False,False,False,True,False,False,True,False,False,False,True,False,False,False,False,False,False,False,False,False,False,False,False,False,False,False,True,False,False,True,False,False,False,1
99,0,999999.0,387.0,25325.0,3,0,0,0,0,0,0,0,0,0,0,0,5,0,0,1,99,99,2,23,0,0,0,0,22,18,6225.0,6225.0,0.0,0,0.0,0.0,0.0,162.0,1,2,True,False,False,False,True,False,False,True,False,False,False,True,False,False,False,False,False,False,False,False,False,False,False,False,False,False,False,True,False,False,False,True,False,False,0
99,0,999999.0,537.0,30000.0,1,1,1,1,0,0,0,0,0,0,1,1,7,5,0,1,19,6,0,39,0,0,0,0,23,18,10000.0,10000.0,0.0,0,0.0,0.0,0.0,152.0,1,0,True,False,False,False,True,False,False,True,False,False,False,False,False,False,False,False,False,False,False,False,True,False,False,False,False,False,False,True,False,False,True,False,False,False,1
99,0,999999.0,625.0,30220.0,1,1,2,1,3,0,5,0,0,0,0,0,4,0,0,1,99,99,0,7,0,1,1,1,0,0,0.0,999999.0,999999.0,999999,99999.0,99999.0,99999.0,232.0,1,0,True,False,False,False,True,False,False,True,False,False,True,False,False,False,False,False,False,False,False,False,False,False,False,False,False,False,False,True,False,False,False,True,False,False,1
99,0,999999.0,1000.0,30000.0,1,0,1,0,1,0,1,0,0,0,0,0,3,0,0,1,99,99,1,16,1,1,5,1,0,0,0.0,0.0,0.0,0,0.0,0.0,0.0,300.0,0,0,True,False,False,False,True,False,False,True,True,False,False,False,False,False,False,False,False,False,False,False,False,False,False,False,False,False,False,True,False,False,False,True,False,False,1
99,1,400000.0,0.0,227125.0,1,1,1,1,0,0,0,0,0,0,1,1,4,2,0,1,13,8,0,46,0,0,7,0,0,0,0.0,0.0,0.0,0,0.0,0.0,0.0,501.0,0,0,True,False,False,False,True,False,False,True,False,False,False,False,False,False,False,False,False,False,False,False,True,False,False,False,False,False,False,True,False,False,True,False,False,False,1
99,1,112500.0,0.0,86398.0,1,1,0,0,0,0,0,0,0,0,2,1,2,0,0,1,99,99,0,74,1,0,6,0,41,68,78036.0,64000.0,6000.0,0,7436.0,0.0,0.0,501.0,0,8,True,False,False,False,True,False,False,True,False,False,False,True,False,False,False,False,False,False,False,False,False,False,True,False,False,False,False,False,False,False,True,False,False,False,1
99,1,225000.0,0.0,45000.0,1,1,1,1,0,0,0,0,0,0,2,1,5,3,1,1,9,4,0,32,1,0,6,0,34,47,45000.0,45000.0,0.0,0,0.0,0.0,0.0,304.0,0,5,True,False,False,False,True,False,False,True,False,False,False,True,False,False,False,False,False,False,False,False,False,False,False,False,False,False,False,True,False,False,True,False,False,False,1
99,0,999999.0,725.0,50000.0,1,2,2,2,2,0,1,1,0,1,0,0,9,0,0,1,99,99,4,11,0,1,2,1,0,0,0.0,999999.0,999999.0,999999,99999.0,99999.0,99999.0,194.0,1,0,True,False,False,False,True,False,False,True,True,False,False,False,False,False,False,False,False,False,False,False,False,False,False,False,False,False,False,True,False,False,False,True,False,False,1
99,1,137500.0,0.0,26608.0,1,1,0,0,0,0,0,0,0,0,2,1,2,0,0,1,99,99,0,73,1,0,7,0,0,0,25000.0,0.0,0.0,0,0.0,0.0,0.0,355.0,1,6,True,False,False,False,True,False,False,True,False,False,False,True,False,False,False,False,False,False,False,False,False,False,False,False,False,False,False,True,False,False,True,False,False,False,1
99,0,999999.0,512.0,28200.0,1,1,1,1,0,0,0,0,0,0,2,1,5,2,2,1,4,0,0,42,1,0,1,0,20,9,7200.0,7200.0,0.0,0,0.0,0.0,0.0,186.0,1,5,True,False,False,False,True,False,False,True,False,False,False,True,False,False,False,False,False,False,False,False,False,False,False,False,False,False,False,True,False,False,True,False,False,False,0
99,0,999999.0,675.0,59100.0,1,1,1,1,0,0,0,0,0,0,1,1,3,1,0,1,7,7,0,35,0,0,8,0,19,46,14100.0,14100.0,0.0,0,0.0,0.0,0.0,501.0,1,0,True,False,False,False,True,False,False,True,False,False,False,False,False,False,False,False,False,False,False,False,True,False,False,False,False,False,False,True,False,False,True,False,False,False,1
99,0,999999.0,337.0,9550.0,1,0,0,0,0,0,0,0,0,0,0,0,1,0,0,1,99,99,0,52,1,0,6,0,23,18,9550.0,8430.0,0.0,0,0.0,0.0,1120.0,148.0,1,2,True,False,False,False,True,False,False,True,False,False,False,True,False,False,False,False,False,False,False,False,False,False,True,False,False,False,False,False,True,False,False,False,False,False,1
99,1,187500.0,0.0,75121.0,1,1,1,1,0,0,0,0,0,0,1,1,3,1,0,1,38,38,0,66,0,0,6,0,19,17,3752.0,3752.0,0.0,0,0.0,0.0,0.0,501.0,0,0,True,False,False,False,True,False,False,True,False,False,False,False,False,False,False,False,False,False,False,False,True,False,False,False,False,False,False,True,False,False,True,False,False,False,1
99,1,400000.0,0.0,30000.0,1,1,1,1,2,0,1,1,0,1,0,0,5,0,0,1,99,99,2,11,1,1,2,1,0,0,0.0,999999.0,999999.0,999999,99999.0,99999.0,99999.0,203.0,1,0,True,False,False,False,True,False,False,True,True,False,False,False,False,False,False,False,False,False,False,False,False,False,True,False,False,False,False,False,False,False,False,True,False,False,1
99,0,999999.0,1000.0,104000.0,1,1,1,1,2,0,1,1,0,1,0,0,6,0,0,1,99,99,2,1,0,0,7,0,0,0,0.0,999999.0,999999.0,999999,99999.0,99999.0,99999.0,501.0,1,0,True,False,False,False,True,False,False,True,True,False,False,False,False,False,False,False,False,False,False,False,False,False,False,False,False,False,False,True,False,False,False,True,False,False,1
99,0,999999.0,362.0,40165.0,2,1,1,1,0,0,0,0,0,0,2,1,4,2,0,1,23,21,0,41,1,0,7,0,24,44,3165.0,3165.0,0.0,0,0.0,0.0,0.0,314.0,1,2,True,False,False,False,True,False,False,True,False,False,False,True,False,False,False,False,False,False,False,False,False,False,True,False,False,False,False,False,False,False,True,False,False,False,1
99,0,999999.0,625.0,25965.0,1,1,1,2,0,0,0,0,0,0,2,1,6,1,0,1,49,49,0,75,0,0,2,0,0,0,5904.0,0.0,0.0,0,0.0,5904.0,0.0,146.0,1,0,True,False,False,False,True,False,False,True,False,False,False,False,False,False,False,True,False,False,False,False,False,False,False,True,False,False,False,False,False,False,True,False,False,False,1
99,0,999999.0,1000.0,70950.0,1,1,1,1,2,0,1,1,0,1,0,0,3,0,0,1,99,99,0,0,0,0,7,0,0,0,0.0,999999.0,999999.0,999999,99999.0,99999.0,99999.0,501.0,1,0,True,False,False,False,True,False,False,True,True,False,False,False,False,False,False,False,False,False,False,False,False,False,False,False,False,False,False,True,False,False,False,True,False,False,1
99,1,350000.0,0.0,146800.0,1,1,1,1,2,0,1,1,0,1,0,0,3,0,0,1,99,99,0,22,0,0,7,0,11,16,7000.0,7000.0,0.0,0,0.0,0.0,0.0,501.0,1,0,True,False,False,False,True,False,False,True,True,False,False,False,False,False,False,False,False,False,False,False,False,False,False,False,False,False,False,True,False,False,False,True,False,False,1
99,0,999999.0,625.0,6314.0,1,1,0,0,0,0,0,0,0,0,1,1,2,0,0,1,99,99,0,67,0,0,2,0,23,23,3000.0,0.0,0.0,0,0.0,3000.0,0.0,84.0,1,0,True,False,False,False,True,False,False,True,False,False,False,False,False,False,False,False,False,False,False,False,True,False,False,False,False,False,False,True,False,False,True,False,False,False,1
99,0,999999.0,625.0,14300.0,1,1,0,0,0,0,0,0,0,0,2,1,3,0,0,1,99,99,1,24,1,1,7,1,28,25,8800.0,8800.0,0.0,0,0.0,0.0,0.0,147.0,1,1,True,False,False,False,True,False,False,True,False,False,False,True,False,False,False,False,False,False,False,False,False,False,False,False,False,False,False,True,False,False,True,False,False,False,1
99,0,999999.0,362.0,35000.0,1,1,1,1,0,0,0,0,0,0,1,1,4,2,0,1,10,8,0,32,0,0,6,0,22,18,10000.0,10000.0,0.0,0,0.0,0.0,0.0,278.0,1,0,True,False,False,False,True,False,False,True,False,False,False,False,False,False,False,False,False,False,False,False,True,False,False,False,False,False,False,True,False,False,True,False,False,False,0
99,0,999999.0,0.0,999999.0,1,0,0,0,0,0,0,0,0,0,0,0,1,0,0,1,99,99,0,37,1,0,3,0,16,15,4020.0,4020.0,0.0,0,0.0,0.0,0.0,0.0,1,0,False,False,True,False,False,True,False,True,False,False,False,False,False,True,False,False,False,False,False,False,False,False,False,False,False,False,False,True,False,False,False,True,False,False,1
99,1,225000.0,0.0,51532.0,1,1,1,1,2,0,1,1,0,1,0,0,4,0,0,1,99,99,1,14,1,1,3,1,0,0,0.0,999999.0,999999.0,999999,99999.0,99999.0,99999.0,396.0,0,0,True,False,False,False,True,False,False,True,True,False,False,False,False,False,False,False,False,False,False,False,False,False,False,False,False,False,False,True,False,False,False,True,False,False,1
99,1,400000.0,0.0,120000.0,1,1,1,1,2,0,1,1,0,1,0,0,3,0,0,1,99,99,0,19,0,1,7,1,0,0,0.0,0.0,0.0,0,0.0,0.0,0.0,501.0,1,0,True,False,False,False,True,False,False,True,True,False,False,False,False,False,False,False,False,False,False,False,False,False,False,False,True,False,False,False,False,False,False,True,False,False,1
99,1,225000.0,0.0,65428.0,1,1,0,0,0,0,0,0,0,0,2,2,3,0,0,1,99,99,0,60,0,0,2,0,0,0,0.0,0.0,0.0,0,0.0,0.0,0.0,501.0,0,7,True,False,False,False,True,False,False,True,False,False,False,True,False,False,False,False,False,False,False,False,False,False,True,False,False,False,False,False,False,False,True,False,False,False,1
99,1,275000.0,0.0,19000.0,1,1,1,1,2,0,1,1,0,1,0,0,7,0,0,1,99,99,3,9,1,1,1,1,0,0,0.0,999999.0,999999.0,999999,99999.0,99999.0,99999.0,99.0,1,0,True,False,False,False,True,False,False,True,True,False,False,False,False,False,False,False,False,False,False,False,False,False,False,False,False,False,False,True,False,False,False,True,False,False,1
99,0,999999.0,487.0,6100.0,1,0,0,0,0,0,0,0,0,0,0,0,1,0,0,1,99,99,0,28,0,0,7,0,11,16,6100.0,6100.0,0.0,0,0.0,0.0,0.0,95.0,0,2,True,False,False,False,True,False,False,True,False,False,False,True,False,False,False,False,False,False,False,False,False,False,False,False,False,False,False,True,False,False,False,True,False,False,1
99,0,999999.0,362.0,23000.0,1,0,1,0,1,0,1,0,0,0,0,0,2,0,0,1,99,99,0,4,1,1,0,2,0,0,0.0,999999.0,999999.0,999999,99999.0,99999.0,99999.0,269.0,1,0,True,False,False,False,True,False,False,True,True,False,False,False,False,False,False,False,False,False,False,False,False,False,False,False,False,False,False,True,False,False,False,True,False,False,1
99,1,162500.0,0.0,55069.0,1,1,1,1,0,0,0,0,0,0,2,1,7,3,0,1,17,14,2,38,1,0,6,0,23,18,21000.0,21000.0,0.0,0,0.0,0.0,0.0,278.0,1,2,True,False,False,False,True,False,False,True,False,False,False,True,False,False,False,False,False,False,False,False,False,False,False,True,False,False,False,False,False,False,True,False,False,False,1
99,0,999999.0,462.0,3200.0,1,0,1,0,0,0,0,0,0,0,0,0,2,1,1,1,0,0,0,20,0,0,6,0,21,45,3200.0,2000.0,0.0,0,0.0,1200.0,0.0,37.0,1,1,True,False,False,False,True,False,False,True,False,False,False,True,False,False,False,False,False,False,False,False,False,False,False,False,False,False,False,True,False,False,False,True,False,False,1
99,1,187500.0,0.0,55876.0,1,0,3,0,1,0,1,0,0,0,0,0,9,0,0,1,99,99,5,25,0,0,7,0,33,60,6000.0,6000.0,0.0,0,0.0,0.0,0.0,208.0,1,0,True,False,False,False,True,False,False,True,True,False,False,False,False,False,False,False,False,False,False,False,False,False,False,False,False,False,False,True,False,False,False,True,False,False,1
99,1,112500.0,0.0,32000.0,1,1,1,1,2,0,1,1,0,1,0,0,6,0,0,1,99,99,3,6,1,1,1,1,0,0,0.0,999999.0,999999.0,999999,99999.0,99999.0,99999.0,187.0,0,0,True,False,False,False,True,False,False,True,True,False,False,False,False,False,False,False,False,False,False,False,False,False,False,False,False,False,False,True,False,False,False,True,False,False,1
99,1,400000.0,0.0,40000.0,1,1,1,1,0,0,0,0,0,0,1,1,4,2,0,1,14,11,0,48,0,0,6,0,0,0,0.0,0.0,0.0,0,0.0,0.0,0.0,318.0,1,0,True,False,False,False,True,False,False,True,False,False,False,False,False,False,False,False,False,False,False,False,True,False,False,False,False,False,False,True,False,False,True,False,False,False,1
99,1,400000.0,0.0,89000.0,1,1,1,1,1,0,1,2,0,1,0,0,4,0,0,1,99,99,1,5,1,1,0,2,0,0,0.0,999999.0,999999.0,999999,99999.0,99999.0,99999.0,501.0,1,0,True,False,False,False,True,False,False,True,True,False,False,False,False,False,False,False,False,False,False,False,False,False,False,False,False,False,False,True,False,False,False,True,False,False,1
99,0,999999.0,575.0,51780.0,1,1,1,1,0,0,0,0,0,0,0,0,5,0,0,1,99,99,1,24,0,0,2,0,22,18,0.0,0.0,0.0,0,0.0,0.0,0.0,341.0,1,0,True,False,False,False,True,False,False,True,False,False,False,False,False,False,False,False,False,False,True,False,False,False,False,False,False,False,False,True,False,False,False,True,False,False,1
99,1,137500.0,0.0,196184.0,1,0,2,0,0,0,0,0,0,0,0,0,3,1,0,1,46,46,0,79,0,0,8,0,17,13,195516.0,195516.0,0.0,0,0.0,0.0,0.0,501.0,1,2,True,False,False,False,True,False,False,True,False,False,False,True,False,False,False,False,False,False,False,False,False,False,True,False,False,False,False,False,False,False,False,False,False,True,1
99,0,999999.0,625.0,32000.0,1,1,1,1,0,0,0,0,0,0,1,1,4,2,2,1,1,1,0,25,0,0,6,0,26,72,15000.0,15000.0,0.0,0,0.0,0.0,0.0,254.0,1,0,True,False,False,False,True,False,False,True,False,False,False,False,False,False,False,False,False,False,False,False,True,False,False,False,False,False,False,True,False,False,True,False,False,False,1
99,1,350000.0,0.0,20145.0,2,1,1,1,0,0,0,0,0,0,2,1,7,5,1,1,16,4,0,39,1,0,2,0,20,8,18560.0,18560.0,0.0,0,0.0,0.0,0.0,109.0,0,6,True,False,False,False,True,False,False,True,False,False,False,True,False,False,False,False,False,False,False,False,False,False,False,False,False,False,False,True,False,False,True,False,False,False,1
99,1,225000.0,0.0,37600.0,1,1,1,1,2,1,1,1,0,1,0,0,4,0,0,1,99,99,1,11,1,1,2,2,0,0,0.0,999999.0,999999.0,999999,99999.0,99999.0,99999.0,299.0,0,0,True,False,False,False,True,False,False,True,True,False,False,False,False,False,False,False,False,False,False,False,False,False,False,False,False,False,False,True,False,False,False,True,False,False,1
99,0,999999.0,725.0,36000.0,1,2,1,1,2,0,1,1,0,1,0,0,9,0,0,1,99,99,2,14,0,1,2,1,0,0,0.0,999999.0,999999.0,999999,99999.0,99999.0,99999.0,140.0,1,0,True,False,False,False,True,False,False,True,True,False,False,False,False,False,False,False,False,False,False,False,False,False,False,False,False,False,False,True,False,False,False,True,False,False,1
99,0,999999.0,387.0,25180.0,1,1,1,1,2,0,1,1,0,1,0,0,5,0,0,1,99,99,2,13,0,1,2,1,0,0,0.0,999999.0,999999.0,999999,99999.0,99999.0,99999.0,170.0,0,0,True,False,False,False,True,False,False,True,True,False,False,False,False,False,False,False,False,False,False,False,False,False,False,False,False,False,False,True,False,False,False,True,False,False,1
99,0,999999.0,675.0,30378.0,1,1,1,1,2,0,1,1,0,1,0,0,6,0,0,1,99,99,3,5,0,1,0,1,0,0,0.0,999999.0,999999.0,999999,99999.0,99999.0,99999.0,183.0,1,0,True,False,False,False,True,False,False,True,True,False,False,False,False,False,False,False,False,False,False,False,False,False,False,False,False,False,False,True,False,False,False,True,False,False,1
99,1,225000.0,0.0,32000.0,1,0,0,1,0,0,0,0,0,0,0,0,3,0,0,1,99,99,0,79,0,0,6,0,0,0,9000.0,0.0,0.0,0,6000.0,3000.0,0.0,330.0,1,0,True,False,False,False,True,False,False,True,False,False,False,False,False,False,True,False,False,False,False,False,False,False,True,False,False,False,False,False,True,False,False,False,False,False,1
99,1,162500.0,0.0,19543.0,1,1,0,0,0,0,0,0,0,0,2,1,2,0,0,1,99,99,0,70,1,0,6,0,24,44,14985.0,7220.0,0.0,0,7402.0,0.0,0.0,261.0,0,5,True,False,False,False,True,False,False,True,False,False,False,True,False,False,False,False,False,False,False,False,False,False,False,False,False,False,False,True,False,False,True,False,False,False,1
99,1,275000.0,0.0,19000.0,1,1,1,1,0,0,0,0,0,0,1,1,7,4,0,1,15,5,0,34,0,0,2,0,0,0,0.0,0.0,0.0,0,0.0,0.0,0.0,99.0,1,0,True,False,False,False,True,False,False,True,False,False,False,False,False,False,False,False,False,False,False,False,True,False,False,False,False,False,False,True,False,False,True,False,False,False,1
99,1,112500.0,0.0,5588.0,1,1,1,1,2,7,1,1,0,1,0,0,7,0,0,1,99,99,4,17,0,1,5,1,0,0,0.0,0.0,0.0,0,0.0,0.0,0.0,30.0,0,0,True,False,False,False,True,False,False,True,True,False,False,False,False,False,False,False,False,False,False,False,False,False,False,False,False,False,False,True,False,False,False,True,False,False,1
99,1,400000.0,0.0,275719.0,2,1,1,1,0,0,0,0,0,0,0,0,1,0,0,2,99,99,0,26,0,0,7,0,6,7,10000.0,10000.0,0.0,0,0.0,0.0,0.0,155.0,1,0,True,False,False,False,True,False,False,True,False,False,False,False,False,True,False,False,False,False,False,False,False,False,False,False,False,False,False,True,False,False,False,True,False,False,0
99,1,162500.0,0.0,81430.0,1,1,1,1,2,0,1,1,0,1,0,0,3,0,0,1,99,99,0,32,1,0,6,0,23,18,20800.0,20000.0,0.0,0,0.0,0.0,0.0,501.0,1,0,True,False,False,False,True,False,False,True,True,False,False,False,False,False,False,False,False,False,False,False,False,False,False,False,False,False,False,True,False,False,False,True,False,False,1
99,0,999999.0,1000.0,26000.0,1,1,1,1,2,0,1,1,0,1,0,0,3,0,0,1,99,99,0,2,0,0,7,0,0,0,0.0,999999.0,999999.0,999999,99999.0,99999.0,99999.0,260.0,1,0,True,False,False,False,True,False,False,True,True,False,False,False,False,False,False,False,False,False,False,False,False,False,False,False,False,False,False,True,False,False,False,True,False,False,1
99,0,999999.0,875.0,25000.0,2,0,0,0,0,0,0,0,0,0,0,0,1,0,0,1,99,99,0,33,1,0,6,0,26,19,25000.0,25000.0,0.0,0,0.0,0.0,0.0,388.0,1,5,True,False,False,False,True,False,False,True,False,False,False,True,False,False,False,False,False,False,False,False,False,False,False,False,False,True,False,False,False,False,False,True,False,False,1
99,1,112500.0,0.0,0.0,1,0,0,0,0,0,0,0,0,0,0,0,1,0,0,1,99,99,0,90,0,0,8,0,0,0,0.0,0.0,0.0,0,0.0,0.0,0.0,1.0,0,8,True,False,False,False,True,False,False,True,False,False,False,True,False,False,False,False,False,False,False,False,False,False,False,False,False,False,False,True,False,False,False,False,False,True,1
99,1,85000.0,0.0,47000.0,1,1,0,0,0,0,0,0,0,0,1,2,2,0,0,1,99,99,0,63,1,0,6,0,37,49,21000.0,21000.0,0.0,0,0.0,0.0,0.0,501.0,0,0,True,False,False,False,True,False,False,True,False,False,False,False,False,False,False,False,False,False,False,False,True,False,True,False,False,False,False,False,False,False,True,False,False,False,1
99,1,162500.0,0.0,27000.0,1,1,1,1,0,0,0,0,0,0,2,1,5,3,1,1,17,4,0,45,1,0,4,0,25,15,12000.0,12000.0,0.0,0,0.0,0.0,0.0,182.0,1,2,True,False,False,False,True,False,False,True,False,False,False,True,False,False,False,False,False,False,False,False,False,False,False,False,False,False,False,True,False,False,True,False,False,False,1
99,0,999999.0,362.0,23000.0,1,1,1,1,1,0,1,2,0,1,0,0,5,0,0,1,99,99,2,3,1,1,0,2,0,0,0.0,999999.0,999999.0,999999,99999.0,99999.0,99999.0,155.0,1,0,True,False,False,False,True,False,False,True,True,False,False,False,False,False,False,False,False,False,False,False,False,False,False,False,False,False,False,True,False,False,False,True,False,False,1
99,0,999999.0,512.0,15266.0,1,0,1,0,0,0,0,0,0,0,0,0,2,1,1,1,2,2,0,26,0,0,7,0,27,39,15266.0,14500.0,0.0,0,0.0,700.0,0.0,179.0,1,1,True,False,False,False,True,False,False,True,False,False,False,True,False,False,False,False,False,False,False,False,False,False,False,False,False,False,False,True,False,False,False,True,False,False,1
99,1,400000.0,0.0,72000.0,1,1,1,1,0,0,0,0,0,0,1,1,3,1,0,1,19,19,0,43,0,0,6,0,0,0,0.0,0.0,0.0,0,0.0,0.0,0.0,501.0,1,0,True,False,False,False,True,False,False,True,False,False,False,False,False,False,False,False,False,False,False,False,True,False,False,True,False,False,False,False,False,False,True,False,False,False,1
99,1,225000.0,0.0,34400.0,1,0,0,0,0,0,0,0,0,0,0,0,1,0,0,1,99,99,0,54,0,0,8,0,22,45,34400.0,34400.0,0.0,0,0.0,0.0,0.0,501.0,0,6,True,False,False,False,True,False,False,True,False,False,False,True,False,False,False,False,False,False,False,False,False,False,False,False,False,True,False,False,True,False,False,False,False,False,1
99,0,999999.0,362.0,30000.0,2,0,0,1,0,0,0,1,0,1,0,0,5,0,0,1,99,99,3,13,0,1,2,1,0,0,0.0,999999.0,999999.0,999999,99999.0,99999.0,99999.0,198.0,0,0,True,False,False,False,True,False,False,True,True,False,False,False,False,False,False,False,False,False,False,False,False,False,False,False,False,False,False,True,False,False,False,True,False,False,1
99,1,400000.0,0.0,109100.0,2,1,1,1,0,0,0,0,0,0,0,0,1,0,0,2,99,99,0,23,0,0,1,0,6,7,8000.0,8000.0,0.0,0,0.0,0.0,0.0,124.0,1,0,True,False,False,False,True,False,False,True,False,False,False,False,False,True,False,False,False,False,False,False,False,False,False,False,False,False,False,True,False,False,False,False,True,False,1
99,1,350000.0,0.0,42600.0,1,1,0,0,0,0,0,0,0,0,2,1,2,0,0,1,99,99,0,52,1,0,6,0,21,18,42600.0,32000.0,10000.0,0,0.0,0.0,0.0,501.0,0,6,True,False,False,False,True,False,False,True,False,False,False,True,False,False,False,False,False,False,False,False,False,False,False,False,False,False,False,True,False,False,True,False,False,False,1
99,1,350000.0,0.0,90168.0,1,0,1,1,2,0,1,0,0,0,0,0,5,0,0,1,99,99,1,29,0,0,6,0,15,15,8328.0,0.0,0.0,0,0.0,8328.0,0.0,501.0,1,0,True,False,False,False,True,False,False,True,False,False,False,False,False,False,False,False,False,False,True,False,False,False,False,False,False,False,False,True,True,False,False,False,False,False,1
99,0,999999.0,625.0,28500.0,2,1,1,1,0,0,0,0,0,0,2,1,5,2,2,1,3,1,0,33,1,0,6,0,23,23,19000.0,19000.0,0.0,0,0.0,0.0,0.0,188.0,1,2,True,False,False,False,True,False,False,True,False,False,False,True,False,False,False,False,False,False,False,False,False,False,False,False,False,False,False,True,False,False,True,False,False,False,1
99,0,999999.0,725.0,35600.0,1,1,2,1,2,0,1,1,0,1,0,0,6,0,0,1,99,99,2,11,0,1,2,1,0,0,0.0,999999.0,999999.0,999999,99999.0,99999.0,99999.0,208.0,1,0,True,False,False,False,True,False,False,True,True,False,False,False,False,False,False,False,False,False,False,False,False,False,False,False,False,True,False,False,False,False,False,True,False,False,1
99,1,400000.0,0.0,30000.0,2,1,1,1,0,0,0,0,0,0,0,0,1,0,0,2,99,99,0,39,0,0,1,0,0,0,0.0,0.0,0.0,0,0.0,0.0,0.0,1.0,1,0,True,False,False,False,True,False,False,True,False,False,False,False,False,False,False,False,False,True,False,False,False,False,False,False,False,False,False,True,False,False,False,True,False,False,1
99,1,77500.0,0.0,35273.0,1,1,1,1,2,0,1,1,0,1,0,0,6,0,0,1,99,99,3,10,1,1,1,1,0,0,0.0,999999.0,999999.0,999999,99999.0,99999.0,99999.0,206.0,0,0,True,False,False,False,True,False,False,True,True,False,False,False,False,False,False,False,False,False,False,False,False,False,False,False,False,False,False,True,False,False,False,True,False,False,1
99,1,400000.0,0.0,135000.0,1,2,2,2,0,0,0,0,0,0,1,1,7,2,2,1,3,1,0,35,0,0,8,0,19,46,25000.0,25000.0,0.0,0,0.0,0.0,0.0,501.0,1,0,True,False,False,False,True,False,False,True,False,False,False,False,False,False,False,False,False,False,False,False,True,False,False,False,False,True,False,False,False,False,True,False,False,False,1
99,1,187500.0,0.0,49000.0,1,1,1,1,0,0,0,0,0,0,1,1,3,1,0,1,14,14,0,42,0,0,7,0,31,73,27000.0,27000.0,0.0,0,0.0,0.0,0.0,491.0,1,0,True,False,False,False,True,False,False,True,False,False,False,False,False,False,False,False,False,False,False,False,True,False,False,False,False,False,False,True,False,False,True,False,False,False,1
99,0,999999.0,262.0,16693.0,1,1,0,0,0,0,0,0,0,0,1,1,2,0,0,1,99,99,0,74,0,0,6,0,0,0,2278.0,0.0,0.0,0,2278.0,0.0,0.0,223.0,0,0,True,False,False,False,True,False,False,True,False,False,False,False,False,False,False,False,False,False,False,False,True,False,False,False,False,False,False,True,False,False,True,False,False,False,1
99,1,137500.0,0.0,35034.0,1,1,1,1,0,0,0,0,0,0,2,1,5,3,0,1,10,6,0,37,1,0,7,0,32,49,35000.0,35000.0,0.0,0,0.0,0.0,0.0,237.0,1,2,True,False,False,False,True,False,False,True,False,False,False,True,False,False,False,False,False,False,False,False,False,False,False,False,False,False,False,True,False,False,True,False,False,False,1
99,1,85000.0,0.0,34714.0,1,0,1,0,1,0,1,0,0,0,0,0,6,0,0,1,99,99,3,13,1,1,2,1,0,0,0.0,999999.0,999999.0,999999,99999.0,99999.0,99999.0,203.0,0,0,True,False,False,False,True,False,False,True,True,False,False,False,False,False,False,False,False,False,False,False,False,False,False,False,False,False,False,True,False,False,False,True,False,False,1
99,1,137500.0,0.0,18250.0,2,0,0,0,0,0,0,0,0,0,0,0,2,0,0,1,99,99,0,19,1,1,7,1,26,22,9000.0,9000.0,0.0,0,0.0,0.0,0.0,220.0,1,0,True,False,False,False,True,False,False,True,False,False,True,False,False,False,False,False,False,False,False,False,False,False,False,False,False,False,False,True,False,False,False,True,False,False,1
99,1,225000.0,0.0,51825.0,1,1,1,1,0,0,0,0,0,0,1,1,3,1,1,1,2,2,0,34,0,0,7,0,24,47,12775.0,12775.0,0.0,0,0.0,0.0,0.0,501.0,1,0,True,False,False,False,True,False,False,True,False,False,False,False,False,False,False,False,False,False,False,False,True,False,False,False,False,False,False,True,False,False,True,False,False,False,1
99,0,999999.0,412.0,15000.0,2,0,0,1,0,0,0,0,0,0,0,0,4,3,1,1,6,0,0,34,1,0,2,0,20,8,15000.0,15000.0,0.0,0,0.0,0.0,0.0,119.0,0,1,True,False,False,False,True,False,False,True,False,False,False,True,False,False,False,False,False,False,False,False,False,False,False,False,False,False,False,True,False,False,False,False,True,False,1
99,1,137500.0,0.0,22510.0,2,0,1,1,0,0,0,0,0,0,0,0,6,1,0,1,51,51,0,86,0,0,0,0,0,0,0.0,0.0,0.0,0,0.0,0.0,0.0,129.0,1,0,True,False,False,False,True,False,False,True,False,False,False,False,False,False,False,True,False,False,False,False,False,False,False,False,False,False,False,True,False,False,False,True,False,False,1
99,1,112500.0,0.0,34000.0,2,1,1,1,2,0,1,1,0,1,0,0,8,0,0,1,99,99,5,15,1,1,3,1,0,0,0.0,999999.0,999999.0,999999,0.0,0.0,0.0,167.0,1,0,True,False,False,False,True,False,False,True,True,False,False,False,False,False,False,False,False,False,False,False,False,False,False,False,False,False,False,True,False,False,False,True,False,False,1
99,1,275000.0,0.0,150415.0,1,1,1,1,0,0,0,0,0,0,1,1,4,2,0,1,11,7,0,46,0,0,7,0,37,78,26900.0,26900.0,0.0,0,0.0,0.0,0.0,501.0,0,0,True,False,False,False,True,False,False,True,False,False,False,False,False,False,False,False,False,False,False,False,True,False,False,True,False,False,False,False,False,False,True,False,False,False,1
99,1,400000.0,0.0,31220.0,1,1,0,0,0,0,0,0,0,0,2,1,2,0,0,1,99,99,0,64,1,0,8,0,48,87,9620.0,0.0,0.0,0,8620.0,0.0,0.0,376.0,0,7,True,False,False,False,True,False,False,True,False,False,False,True,False,False,False,False,False,False,False,False,False,False,False,False,False,False,False,True,False,False,True,False,False,False,1
99,0,999999.0,675.0,16800.0,1,1,2,1,0,0,0,0,0,0,0,0,5,1,0,1,41,41,0,80,0,0,2,0,0,0,7200.0,0.0,0.0,0,0.0,7200.0,0.0,111.0,1,0,True,False,False,False,True,False,False,True,False,False,False,False,False,False,False,True,False,False,False,False,False,False,False,False,False,False,False,True,False,False,False,False,False,True,1
99,1,275000.0,0.0,53000.0,1,1,1,1,2,0,1,1,0,1,0,0,4,0,0,1,99,99,1,2,0,0,7,0,0,0,0.0,999999.0,999999.0,999999,99999.0,99999.0,99999.0,421.0,1,0,True,False,False,False,True,False,False,True,True,False,False,False,False,False,False,False,False,False,False,False,False,False,False,False,False,True,False,False,False,False,False,True,False,False,1
99,0,999999.0,875.0,7200.0,2,0,0,0,0,0,0,0,0,0,0,0,1,0,0,1,99,99,0,33,1,1,7,2,29,48,7200.0,0.0,0.0,0,0.0,0.0,0.0,112.0,1,1,True,False,False,False,True,False,False,True,False,False,False,True,False,False,False,False,False,False,False,False,False,False,False,False,False,False,False,True,True,False,False,False,False,False,1
99,1,225000.0,0.0,55000.0,1,1,1,1,2,0,1,1,0,1,0,0,3,0,0,1,99,99,0,12,1,1,2,1,0,0,0.0,999999.0,999999.0,999999,99999.0,99999.0,99999.0,501.0,0,0,True,False,False,False,True,False,False,True,True,False,False,False,False,False,False,False,False,False,False,False,False,False,False,False,False,False,False,True,False,False,False,True,False,False,1
99,0,999999.0,1000.0,50000.0,1,1,1,1,0,0,0,0,0,0,2,1,4,2,0,1,14,11,0,44,1,0,8,0,61,93,50000.0,0.0,50000.0,0,0.0,0.0,0.0,398.0,1,1,True,False,False,False,True,False,False,True,False,False,False,True,False,False,False,False,False,False,False,False,False,False,False,False,False,False,False,True,False,False,True,False,False,False,1
99,1,275000.0,0.0,130000.0,1,1,2,1,2,0,1,1,3,1,0,0,7,3,1,1,11,3,0,34,0,0,8,0,37,78,31000.0,25000.0,0.0,0,0.0,0.0,0.0,501.0,0,0,True,False,False,False,True,False,False,True,True,False,False,False,False,False,False,False,False,False,False,False,False,False,False,False,False,True,False,False,False,True,False,False,False,False,1
99,1,95000.0,0.0,97000.0,1,2,2,2,2,0,1,1,0,1,4,1,7,3,2,1,8,0,0,27,1,0,5,0,33,44,19000.0,19000.0,0.0,0,0.0,0.0,0.0,490.0,0,0,True,False,False,False,True,False,False,True,True,False,False,False,False,False,False,False,False,False,False,False,False,False,False,False,False,False,False,True,False,False,True,False,False,False,1
99,0,999999.0,625.0,25000.0,2,0,0,0,0,0,0,0,0,0,0,0,1,0,0,1,99,99,0,25,0,1,8,1,26,72,25000.0,25000.0,0.0,0,0.0,0.0,0.0,388.0,1,1,True,False,False,False,True,False,False,True,False,False,False,True,False,False,False,False,False,False,False,False,False,False,False,False,True,False,False,False,False,False,False,True,False,False,1
99,0,999999.0,625.0,14000.0,1,1,1,1,2,0,1,1,0,1,0,0,6,0,0,1,99,99,3,10,0,1,2,1,0,0,0.0,999999.0,999999.0,999999,99999.0,99999.0,99999.0,84.0,1,0,True,False,False,False,True,False,False,True,True,False,False,False,False,False,False,False,False,False,False,False,False,False,False,False,False,False,False,True,False,False,False,True,False,False,1
99,1,400000.0,0.0,82000.0,1,1,1,1,2,0,1,1,0,1,0,0,3,0,0,1,99,99,0,2,0,0,7,0,0,0,0.0,999999.0,999999.0,999999,99999.0,99999.0,99999.0,501.0,1,0,True,False,False,False,True,False,False,True,True,False,False,False,False,False,False,False,False,False,False,False,False,False,False,False,False,True,False,False,False,False,False,True,False,False,1
99,0,999999.0,675.0,47672.0,1,1,1,1,2,0,1,1,0,1,0,0,6,0,0,1,99,99,3,18,1,1,6,1,0,0,0.0,0.0,0.0,0,0.0,0.0,0.0,269.0,1,0,True,False,False,False,True,False,False,True,True,False,False,False,False,False,False,False,False,False,False,False,False,False,False,True,False,False,False,False,False,False,False,True,False,False,1
99,1,187500.0,0.0,62850.0,1,1,1,1,2,0,1,1,0,1,0,0,3,0,0,1,99,99,0,10,1,1,1,1,0,0,0.0,999999.0,999999.0,999999,99999.0,99999.0,99999.0,501.0,0,0,True,False,False,False,True,False,False,True,True,False,False,False,False,False,False,False,False,False,False,False,False,False,False,False,False,False,False,True,False,False,False,True,False,False,1
99,1,225000.0,0.0,48700.0,1,1,1,1,2,0,1,1,0,1,0,0,5,0,0,1,99,99,2,16,1,1,4,1,14,17,700.0,700.0,0.0,0,0.0,0.0,0.0,321.0,0,0,True,False,False,False,True,False,False,True,True,False,False,False,False,False,False,False,False,False,False,False,False,False,False,False,False,False,False,True,False,False,False,True,False,False,1
99,0,999999.0,537.0,44929.0,1,1,1,2,0,0,0,0,0,0,0,0,5,1,0,1,36,36,0,62,1,0,2,0,23,18,15929.0,8273.0,0.0,0,5900.0,0.0,1756.0,296.0,1,0,True,False,False,False,True,False,False,True,False,False,False,False,False,False,False,False,True,False,False,False,False,False,False,False,False,False,False,True,False,False,False,False,True,False,1
99,0,999999.0,462.0,11150.0,2,0,1,0,0,0,0,0,0,0,0,0,3,0,0,1,99,99,0,18,1,0,6,0,20,8,100.0,100.0,0.0,0,0.0,0.0,0.0,115.0,0,0,True,False,False,False,True,False,False,True,False,False,True,False,False,False,False,False,False,False,False,False,False,False,True,False,False,False,False,False,False,False,False,True,False,False,1
99,1,225000.0,0.0,101200.0,2,1,1,1,0,0,0,0,0,0,1,1,5,3,0,1,21,17,0,43,0,0,8,0,0,0,0.0,0.0,0.0,0,0.0,0.0,0.0,501.0,1,0,True,False,False,False,True,False,False,True,False,False,False,False,False,False,False,False,False,False,False,False,True,False,False,False,False,False,False,True,False,False,True,False,False,False,1
99,1,162500.0,0.0,56765.0,1,1,2,1,0,0,0,0,0,0,0,0,5,1,0,1,45,45,0,76,0,0,2,0,0,0,6016.0,0.0,0.0,0,0.0,6016.0,0.0,374.0,1,0,True,False,False,False,True,False,False,True,False,False,False,False,False,False,False,False,True,False,False,False,False,False,False,False,False,False,False,True,False,False,False,False,False,True,1
99,1,400000.0,0.0,59903.0,1,1,0,0,0,0,0,0,0,0,2,1,2,0,0,1,99,99,0,79,1,0,6,0,35,62,59903.0,300.0,0.0,0,0.0,0.0,0.0,501.0,0,6,True,False,False,False,True,False,False,True,False,False,False,True,False,False,False,False,False,False,False,False,False,False,False,False,False,False,False,True,False,False,True,False,False,False,1
99,1,137500.0,0.0,50000.0,1,1,1,1,2,0,1,1,0,1,0,0,4,0,0,1,99,99,1,16,1,1,2,1,0,0,0.0,0.0,0.0,0,0.0,0.0,0.0,398.0,0,0,True,False,False,False,True,False,False,True,True,False,False,False,False,False,False,False,False,False,False,False,False,False,False,False,False,False,False,True,False,False,False,True,False,False,1
99,1,137500.0,0.0,60000.0,1,1,0,0,0,0,0,0,0,0,2,1,2,0,0,1,99,99,0,59,1,0,6,0,18,8,60000.0,60000.0,0.0,0,0.0,0.0,0.0,501.0,0,2,True,False,False,False,True,False,False,True,False,False,False,True,False,False,False,False,False,False,False,False,False,False,True,False,False,False,False,False,False,False,True,False,False,False,1
99,1,187500.0,0.0,10000.0,1,1,0,0,0,0,0,0,0,0,1,1,3,0,0,1,99,99,0,47,0,0,2,0,0,0,0.0,0.0,0.0,0,0.0,0.0,0.0,100.0,1,0,True,False,False,False,True,False,False,True,False,False,False,False,False,False,False,False,False,False,False,False,True,False,False,False,False,False,False,True,False,False,True,False,False,False,1
99,0,999999.0,675.0,42686.0,1,1,1,1,0,0,0,0,0,0,1,1,3,1,1,1,0,0,0,22,0,0,7,0,22,61,18310.0,18310.0,0.0,0,0.0,0.0,0.0,428.0,1,0,True,False,False,False,True,False,False,True,False,False,False,False,False,False,False,False,False,False,False,False,True,False,False,False,False,False,False,True,False,False,True,False,False,False,1
99,0,999999.0,575.0,20000.0,1,1,1,1,0,0,0,0,0,0,2,1,5,3,2,1,6,1,0,34,1,0,7,0,37,78,20000.0,20000.0,0.0,0,0.0,0.0,0.0,135.0,0,5,True,False,False,False,True,False,False,True,False,False,False,True,False,False,False,False,False,False,False,False,False,False,False,False,False,False,False,True,False,False,True,False,False,False,1
99,0,999999.0,437.0,30500.0,1,1,0,0,0,0,0,0,0,0,1,1,2,0,0,1,99,99,0,76,0,0,6,0,0,0,5000.0,0.0,0.0,0,4000.0,0.0,0.0,407.0,0,0,True,False,False,False,True,False,False,True,False,False,False,False,False,False,False,False,False,False,False,False,True,False,False,False,False,False,False,True,False,False,True,False,False,False,1
99,1,162500.0,0.0,80213.0,1,1,1,1,2,0,1,1,0,1,0,0,6,0,0,1,99,99,2,27,1,0,4,0,20,8,13932.0,13932.0,0.0,0,0.0,0.0,0.0,450.0,0,0,True,False,False,False,True,False,False,True,True,False,False,False,False,False,False,False,False,False,False,False,False,False,False,False,False,False,False,True,False,False,False,True,False,False,1
99,1,400000.0,0.0,16000.0,1,1,1,1,2,0,1,1,0,1,0,0,5,0,0,1,99,99,2,6,1,0,1,0,0,0,0.0,999999.0,999999.0,999999,99999.0,99999.0,99999.0,108.0,1,0,True,False,False,False,True,False,False,True,True,False,False,False,False,False,False,False,False,False,False,False,False,False,False,False,False,False,False,True,False,False,False,True,False,False,1
99,0,999999.0,212.0,41700.0,1,1,0,0,0,0,0,0,0,0,2,2,2,0,0,1,99,99,0,62,0,0,7,0,27,64,16500.0,14000.0,0.0,0,0.0,0.0,0.0,501.0,0,6,True,False,False,False,True,False,False,True,False,False,False,True,False,False,False,False,False,False,False,False,False,False,False,False,False,False,False,True,False,False,True,False,False,False,1
99,1,162500.0,0.0,58750.0,1,1,1,1,2,0,1,1,3,1,0,0,4,0,0,1,99,99,1,21,0,1,7,1,30,65,7000.0,7000.0,0.0,0,0.0,0.0,0.0,459.0,0,0,True,False,False,False,True,False,False,True,True,False,False,False,False,False,False,False,False,False,False,False,False,True,False,False,False,False,False,False,False,False,False,True,False,False,1
99,0,999999.0,1000.0,200516.0,1,1,1,1,0,0,0,0,0,0,1,1,4,2,0,1,10,5,0,43,0,1,8,1,0,0,0.0,0.0,0.0,0,0.0,0.0,0.0,501.0,1,0,True,False,False,False,True,False,False,True,False,False,False,False,False,False,False,False,False,False,False,False,True,False,False,False,True,False,False,False,False,False,True,False,False,False,1
99,0,999999.0,512.0,26000.0,2,1,0,0,0,0,0,0,0,0,0,0,1,0,0,2,99,99,0,21,1,0,7,0,20,9,0.0,0.0,0.0,0,0.0,0.0,0.0,1.0,1,0,True,False,False,False,True,False,False,True,False,False,False,False,False,False,False,False,False,True,False,False,False,False,False,False,False,False,False,True,False,False,False,True,False,False,1
99,1,162500.0,0.0,42000.0,1,1,1,1,2,0,1,1,0,1,0,0,4,0,0,1,99,99,1,8,1,1,1,1,0,0,0.0,999999.0,999999.0,999999,99999.0,99999.0,99999.0,334.0,1,0,True,False,False,False,True,False,False,True,True,False,False,False,False,False,False,False,False,False,False,False,False,False,False,False,False,True,False,False,False,False,False,True,False,False,1
99,0,999999.0,875.0,50000.0,2,1,2,1,0,0,0,0,0,0,0,0,1,0,0,2,99,99,0,29,1,0,6,0,25,44,10000.0,10000.0,0.0,0,0.0,0.0,0.0,155.0,1,0,True,False,False,False,True,False,False,True,False,False,False,False,False,True,False,False,False,False,False,False,False,False,False,False,False,False,False,True,False,False,False,True,False,False,1
99,0,999999.0,675.0,36000.0,2,0,1,0,2,0,1,0,0,0,0,0,3,0,0,1,99,99,1,28,0,1,2,1,0,0,0.0,0.0,0.0,0,0.0,0.0,0.0,371.0,1,0,True,False,False,False,True,False,False,True,False,False,False,False,False,False,False,False,False,False,True,False,False,False,False,False,False,False,False,True,False,False,False,True,False,False,1
99,0,999999.0,1000.0,15150.0,4,0,0,0,0,0,0,0,0,0,0,0,1,0,0,3,99,99,0,22,1,1,7,2,16,15,7458.0,7000.0,0.0,0,0.0,0.0,0.0,116.0,1,0,True,False,False,False,True,False,False,True,False,False,False,False,False,False,False,False,False,True,False,False,False,False,False,False,False,False,False,True,False,False,False,True,False,False,0
99,1,225000.0,0.0,166822.0,1,1,1,1,2,7,1,1,0,1,0,0,3,0,0,1,99,99,0,23,1,0,7,0,41,68,32565.0,32565.0,0.0,0,0.0,0.0,0.0,501.0,0,0,True,False,False,False,True,False,False,True,True,False,False,False,False,False,False,False,False,False,False,False,False,False,False,False,False,False,False,True,False,False,False,True,False,False,1
99,1,37500.0,0.0,66775.0,2,1,1,1,0,0,0,0,0,0,1,1,4,2,0,1,27,25,0,50,0,0,6,0,0,0,0.0,0.0,0.0,0,0.0,0.0,0.0,501.0,0,0,True,False,False,False,True,False,False,True,False,False,False,False,False,False,False,False,False,False,False,False,True,False,False,False,False,True,False,False,False,False,True,False,False,False,1
99,0,999999.0,437.0,5400.0,1,0,1,0,1,0,1,0,0,0,0,0,2,0,0,1,99,99,0,2,0,0,7,0,0,0,0.0,999999.0,999999.0,999999,99999.0,99999.0,99999.0,63.0,1,0,True,False,False,False,True,False,False,True,True,False,False,False,False,False,False,False,False,False,False,False,False,False,True,False,False,False,False,False,False,False,False,True,False,False,1
99,0,999999.0,362.0,58400.0,1,1,3,1,0,0,0,0,0,0,0,0,9,0,0,1,99,99,0,53,1,0,1,0,0,0,0.0,0.0,0.0,0,0.0,0.0,0.0,214.0,1,0,True,False,False,False,True,False,False,True,False,False,False,False,False,False,False,False,True,False,False,False,False,False,False,False,False,False,False,True,False,False,False,True,False,False,1
99,1,112500.0,0.0,32200.0,1,1,0,0,0,0,0,0,0,0,2,1,2,0,0,1,99,99,0,46,1,0,7,0,31,65,32000.0,32000.0,0.0,0,0.0,0.0,0.0,388.0,1,2,True,False,False,False,True,False,False,True,False,False,False,True,False,False,False,False,False,False,False,False,False,False,False,False,False,False,False,True,False,False,True,False,False,False,1
99,1,162500.0,0.0,82000.0,1,1,1,1,0,0,0,0,0,0,2,1,6,3,0,1,7,6,1,36,1,0,8,0,41,68,40000.0,40000.0,0.0,0,0.0,0.0,0.0,480.0,0,5,True,False,False,False,True,False,False,True,False,False,False,True,False,False,False,False,False,False,False,False,False,False,False,False,False,True,False,False,False,False,True,False,False,False,1
99,1,400000.0,0.0,34900.0,1,1,2,1,5,0,1,0,0,0,2,1,5,2,0,1,24,19,0,57,1,1,7,2,0,0,0.0,0.0,0.0,0,0.0,0.0,0.0,226.0,0,6,True,False,False,False,True,False,False,True,False,False,False,True,False,False,False,False,False,False,False,False,False,False,False,False,False,False,False,True,False,False,True,False,False,False,1
99,0,999999.0,462.0,2350.0,1,0,1,0,1,0,1,0,0,0,0,0,3,0,0,1,99,99,1,17,0,1,5,1,0,0,0.0,0.0,0.0,0,0.0,0.0,0.0,24.0,0,0,True,False,False,False,True,False,False,True,True,False,False,False,False,False,False,False,False,False,False,False,False,False,False,False,False,False,False,True,False,False,False,True,False,False,1
99,1,400000.0,0.0,103000.0,1,1,1,1,0,0,0,0,0,0,2,1,4,2,1,1,16,0,0,48,1,0,7,0,38,68,100000.0,100000.0,0.0,0,0.0,0.0,0.0,501.0,1,2,True,False,False,False,True,False,False,True,False,False,False,True,False,False,False,False,False,False,False,False,False,False,False,False,False,False,False,True,False,False,True,False,False,False,1
99,0,999999.0,437.0,31750.0,1,1,1,1,2,0,1,1,0,1,0,0,11,0,0,1,99,99,6,6,0,1,1,1,0,0,0.0,999999.0,999999.0,999999,99999.0,99999.0,99999.0,127.0,1,0,True,False,False,False,True,False,False,True,True,False,False,False,False,False,False,False,False,False,False,False,False,False,False,False,False,False,False,True,False,False,False,True,False,False,1
99,1,187500.0,0.0,65772.0,1,1,1,1,2,0,1,1,0,1,0,0,4,0,0,1,99,99,1,45,1,0,6,0,24,47,7600.0,7300.0,0.0,0,0.0,0.0,0.0,501.0,0,0,True,False,False,False,True,False,False,True,True,False,False,False,False,False,False,False,False,False,False,False,False,False,False,False,False,False,False,True,False,False,False,True,False,False,1
99,1,162500.0,0.0,57500.0,1,1,0,0,0,0,0,0,0,0,1,1,2,0,0,1,99,99,0,36,0,0,8,0,42,84,27500.0,27500.0,0.0,0,0.0,0.0,0.0,501.0,1,0,True,False,False,False,True,False,False,True,False,False,False,False,False,False,False,False,False,False,False,False,True,False,True,False,False,False,False,False,False,False,True,False,False,False,1
99,0,999999.0,462.0,28400.0,1,1,1,1,0,0,0,0,0,0,1,1,3,1,1,1,3,3,0,26,0,0,7,0,22,61,14400.0,14400.0,0.0,0,0.0,0.0,0.0,285.0,0,0,True,False,False,False,True,False,False,True,False,False,False,False,False,False,False,False,False,False,False,False,True,False,True,False,False,False,False,False,False,False,True,False,False,False,1
99,0,999999.0,0.0,999999.0,1,0,0,0,0,0,0,0,0,0,0,0,1,0,0,1,99,99,0,88,0,0,6,0,0,0,6685.0,0.0,0.0,0,5710.0,0.0,0.0,0.0,1,0,False,True,False,True,False,False,False,True,False,False,False,False,True,False,False,False,False,False,False,False,False,False,False,False,False,False,False,True,False,False,False,False,False,True,1
99,1,400000.0,0.0,15090.0,1,2,2,2,0,0,0,0,0,0,6,1,6,1,0,1,46,46,0,71,1,0,2,0,0,0,0.0,0.0,0.0,0,0.0,0.0,0.0,87.0,1,0,True,False,False,False,True,False,False,True,False,False,False,False,False,False,False,True,False,False,False,False,False,False,False,True,False,False,False,False,False,False,True,False,False,False,1
99,0,999999.0,412.0,30000.0,1,1,0,0,0,0,0,0,0,0,1,1,2,0,0,1,99,99,0,26,0,0,0,0,20,9,7000.0,7000.0,0.0,0,0.0,0.0,0.0,361.0,1,0,True,False,False,False,True,False,False,True,False,False,False,False,False,False,False,False,False,False,False,False,True,False,False,False,False,False,False,True,False,False,True,False,False,False,1
99,1,137500.0,0.0,4000.0,1,1,1,1,0,0,0,0,0,0,1,1,5,3,0,1,19,15,0,43,0,0,6,0,0,0,0.0,0.0,0.0,0,0.0,0.0,0.0,26.0,0,0,True,False,False,False,True,False,False,True,False,False,False,False,False,False,False,False,False,False,False,False,True,False,False,False,False,True,False,False,False,False,True,False,False,False,1
99,0,999999.0,875.0,43100.0,2,0,0,0,0,0,0,0,0,0,0,0,1,0,0,1,99,99,0,28,1,0,8,0,46,84,43100.0,41750.0,1250.0,0,0.0,0.0,0.0,501.0,1,2,True,False,False,False,True,False,False,True,False,False,False,True,False,False,False,False,False,False,False,False,False,False,False,False,False,True,False,False,False,False,False,True,False,False,1
99,1,95000.0,0.0,51000.0,1,0,1,0,1,0,1,0,0,0,0,0,2,0,0,1,99,99,0,29,1,0,8,0,24,44,20000.0,20000.0,0.0,0,0.0,0.0,0.0,501.0,0,0,True,False,False,False,True,False,False,True,True,False,False,False,False,False,False,False,False,False,False,False,False,False,False,False,False,False,False,True,False,False,False,True,False,False,1
99,0,999999.0,625.0,11520.0,1,1,1,1,1,0,1,2,0,1,0,0,5,0,0,1,99,99,2,6,0,1,0,1,0,0,0.0,999999.0,999999.0,999999,99999.0,99999.0,99999.0,78.0,1,0,True,False,False,False,True,False,False,True,True,False,False,False,False,False,False,False,False,False,False,False,False,False,False,False,False,False,False,True,False,False,False,True,False,False,1
99,1,400000.0,0.0,44160.0,1,1,0,0,0,0,0,0,0,0,1,1,2,0,0,1,99,99,0,64,0,0,8,0,24,44,28760.0,6800.0,0.0,0,3960.0,0.0,0.0,501.0,0,0,True,False,False,False,True,False,False,True,False,False,False,False,False,False,False,False,False,False,False,False,True,False,False,False,False,False,False,True,False,False,True,False,False,False,1
99,1,400000.0,0.0,124102.0,1,1,1,1,2,0,1,1,0,1,0,0,4,0,0,1,99,99,1,23,1,1,8,2,31,53,3226.0,3143.0,0.0,0,0.0,0.0,0.0,501.0,0,0,True,False,False,False,True,False,False,True,True,False,False,False,False,False,False,False,False,False,False,False,False,False,False,False,False,True,False,False,False,False,False,True,False,False,1
99,1,275000.0,0.0,62731.0,1,0,0,0,0,0,0,0,0,0,0,0,1,0,0,1,99,99,0,61,1,0,7,0,0,0,62731.0,0.0,0.0,0,0.0,0.0,0.0,501.0,0,5,True,False,False,False,True,False,False,True,False,False,False,True,False,False,False,False,False,False,False,False,False,False,False,False,False,False,False,True,False,False,False,False,True,False,1
99,1,112500.0,0.0,30000.0,1,1,2,1,2,0,1,1,0,1,0,0,5,0,0,1,99,99,1,6,0,0,0,0,0,0,0.0,999999.0,999999.0,999999,99999.0,99999.0,99999.0,198.0,1,0,True,False,False,False,True,False,False,True,True,False,False,False,False,False,False,False,False,False,False,False,False,False,False,False,False,False,False,True,False,False,False,True,False,False,1
99,1,350000.0,0.0,64136.0,1,1,1,1,0,0,0,0,0,0,1,2,4,2,2,1,3,2,0,45,1,0,7,0,31,65,38608.0,37560.0,0.0,0,0.0,0.0,0.0,501.0,1,0,True,False,False,False,True,False,False,True,False,False,False,False,False,False,False,False,False,False,False,False,True,False,False,False,False,False,False,True,False,False,True,False,False,False,1
99,0,999999.0,575.0,22000.0,2,2,2,2,0,0,0,0,0,0,0,0,6,0,0,1,99,99,0,12,0,1,2,1,0,0,0.0,999999.0,999999.0,999999,99999.0,99999.0,99999.0,133.0,0,0,True,False,False,False,True,False,False,True,False,False,False,False,False,False,True,False,False,False,False,False,False,False,False,False,False,False,False,True,False,False,False,True,False,False,1
99,1,225000.0,0.0,31400.0,1,0,0,1,0,0,0,1,0,1,0,0,2,0,0,1,99,99,0,46,1,0,7,0,24,44,28000.0,28000.0,0.0,0,0.0,0.0,0.0,378.0,0,0,True,False,False,False,True,False,False,True,True,False,False,False,False,False,False,False,False,False,False,False,False,False,False,False,False,False,False,True,False,False,False,True,False,False,1
99,1,275000.0,0.0,42660.0,1,1,0,0,0,0,0,0,0,0,2,1,2,0,0,1,99,99,0,68,1,0,7,0,0,0,42660.0,0.0,0.0,0,2660.0,0.0,0.0,501.0,0,8,True,False,False,False,True,False,False,True,False,False,False,True,False,False,False,False,False,False,False,False,False,False,False,False,False,False,False,True,False,False,True,False,False,False,1
99,1,77500.0,0.0,9600.0,2,0,1,0,4,0,3,0,0,0,0,0,5,0,0,1,99,99,0,0,0,0,7,0,0,0,0.0,999999.0,999999.0,999999,99999.0,99999.0,99999.0,61.0,1,0,True,False,False,False,True,False,False,True,False,False,False,False,False,False,True,False,False,False,False,False,False,False,True,False,False,False,False,False,False,False,False,True,False,False,1
99,1,112500.0,0.0,37000.0,1,1,1,1,0,0,0,0,0,0,1,1,3,1,1,1,0,0,0,25,0,0,7,0,31,73,7000.0,7000.0,0.0,0,0.0,0.0,0.0,371.0,1,0,True,False,False,False,True,False,False,True,False,False,False,False,False,False,False,False,False,False,False,False,True,False,False,False,False,False,False,True,False,False,True,False,False,False,1
99,1,162500.0,0.0,62000.0,1,1,1,1,0,0,0,0,0,0,2,1,4,2,0,1,13,8,0,45,1,0,7,0,48,87,42000.0,0.0,42000.0,0,0.0,0.0,0.0,493.0,1,2,True,False,False,False,True,False,False,True,False,False,False,True,False,False,False,False,False,False,False,False,False,False,False,False,False,True,False,False,False,False,True,False,False,False,1
99,1,67500.0,0.0,52000.0,1,0,0,0,0,0,0,0,0,0,0,0,1,0,0,1,99,99,0,58,1,0,8,0,39,81,52000.0,49000.0,0.0,0,0.0,0.0,0.0,501.0,0,2,True,False,False,False,True,False,False,True,False,False,False,True,False,False,False,False,False,False,False,False,False,False,False,False,False,False,False,True,False,False,False,True,False,False,1
99,1,400000.0,0.0,273308.0,1,1,0,0,0,0,0,0,0,0,1,1,2,0,0,1,99,99,0,34,0,0,8,0,41,72,75327.0,75327.0,0.0,0,0.0,0.0,0.0,501.0,0,0,True,False,False,False,True,False,False,True,False,False,False,False,False,False,False,False,False,False,False,False,True,False,False,False,False,False,False,True,False,False,True,False,False,False,1
99,0,999999.0,875.0,53000.0,1,1,1,1,2,0,1,1,0,1,0,0,4,0,0,1,99,99,1,12,1,1,2,1,0,0,0.0,999999.0,999999.0,999999,99999.0,99999.0,99999.0,421.0,1,0,True,False,False,False,True,False,False,True,True,False,False,False,False,False,False,False,False,False,False,False,False,False,False,False,False,True,False,False,False,False,False,True,False,False,1
99,1,225000.0,0.0,32600.0,1,1,0,0,0,0,0,0,0,0,2,1,2,0,0,1,99,99,0,55,1,0,6,0,24,47,29600.0,29000.0,0.0,0,0.0,0.0,0.0,393.0,1,2,True,False,False,False,True,False,False,True,False,False,False,True,False,False,False,False,False,False,False,False,False,False,False,False,False,False,False,True,False,False,True,False,False,False,1
99,0,999999.0,875.0,40000.0,1,1,1,1,2,0,1,1,0,1,0,0,4,0,0,1,99,99,1,16,0,1,5,1,0,0,0.0,0.0,0.0,0,0.0,0.0,0.0,308.0,0,0,True,False,False,False,True,False,False,True,True,False,False,False,False,False,False,False,False,False,False,False,False,False,False,False,False,False,False,True,False,False,False,True,False,False,1
99,0,999999.0,625.0,23300.0,1,0,0,0,0,0,0,0,0,0,0,0,1,0,0,1,99,99,0,31,0,0,7,0,22,61,23300.0,23000.0,0.0,0,0.0,0.0,0.0,361.0,0,5,True,False,False,False,True,False,False,True,False,False,False,True,False,False,False,False,False,False,False,False,False,False,False,False,False,False,False,True,False,False,False,True,False,False,0
99,0,999999.0,875.0,0.0,3,0,0,0,0,0,0,0,0,0,0,0,1,0,0,2,99,99,0,34,1,1,8,2,20,52,9000.0,9000.0,0.0,0,0.0,0.0,0.0,140.0,1,0,True,False,False,False,True,False,False,True,False,False,False,False,False,False,False,False,False,True,False,False,False,False,False,True,False,False,False,False,False,True,False,False,False,False,1
99,1,187500.0,0.0,41700.0,1,2,1,1,0,0,0,0,0,0,3,1,5,0,0,1,99,99,0,30,0,0,6,0,11,11,7200.0,0.0,0.0,0,0.0,7200.0,0.0,270.0,1,0,True,False,False,False,True,False,False,True,False,True,False,False,False,False,False,False,False,False,False,False,False,False,False,False,False,False,False,True,False,False,True,False,False,False,1
99,0,999999.0,362.0,29000.0,1,1,1,1,0,0,0,0,0,0,2,1,4,2,0,1,21,17,0,44,1,0,2,0,41,68,14000.0,0.0,14000.0,0,0.0,0.0,0.0,223.0,0,2,True,False,False,False,True,False,False,True,False,False,False,True,False,False,False,False,False,False,False,False,False,False,False,False,False,False,False,True,False,False,True,False,False,False,1
99,0,999999.0,725.0,42475.0,1,1,1,1,2,0,1,1,0,1,0,0,7,0,0,1,99,99,3,6,0,1,1,1,0,0,0.0,999999.0,999999.0,999999,99999.0,99999.0,99999.0,221.0,1,0,True,False,False,False,True,False,False,True,True,False,False,False,False,False,False,False,False,False,False,False,False,False,False,False,False,False,False,True,False,False,False,True,False,False,1
99,1,162500.0,0.0,54000.0,1,1,1,1,2,0,1,1,0,1,0,0,6,0,0,1,99,99,1,11,1,1,2,1,0,0,0.0,999999.0,999999.0,999999,99999.0,99999.0,99999.0,326.0,1,0,True,False,False,False,True,False,False,True,True,False,False,False,False,False,False,False,False,False,False,False,False,False,False,False,False,False,False,True,False,False,False,True,False,False,1
99,1,350000.0,0.0,85042.0,1,1,1,1,2,0,1,1,0,1,0,0,4,0,0,1,99,99,1,21,0,1,7,1,25,52,3000.0,2000.0,1000.0,0,0.0,0.0,0.0,501.0,0,0,True,False,False,False,True,False,False,True,True,False,False,False,False,False,False,False,False,False,False,False,False,False,False,False,False,False,False,True,False,False,False,True,False,False,1
99,0,999999.0,337.0,38864.0,1,1,0,0,0,0,0,0,0,0,1,2,2,0,0,1,99,99,0,68,1,0,6,0,0,0,5159.0,0.0,0.0,0,0.0,0.0,0.0,501.0,0,0,True,False,False,False,True,False,False,True,False,False,False,False,False,False,False,False,False,False,False,False,True,False,True,False,False,False,False,False,False,False,True,False,False,False,1
99,1,162500.0,0.0,0.0,1,1,1,1,2,0,1,1,0,1,0,0,5,0,0,1,99,99,2,14,1,1,2,1,0,0,0.0,999999.0,999999.0,999999,99999.0,99999.0,99999.0,1.0,1,0,True,False,False,False,True,False,False,True,True,False,False,False,False,False,False,False,False,False,False,False,False,False,False,False,False,False,False,True,False,False,False,True,False,False,1
99,1,137500.0,0.0,32000.0,1,0,1,0,2,0,1,0,0,0,0,0,2,0,0,1,99,99,0,27,0,0,8,0,26,52,32000.0,32000.0,0.0,0,0.0,0.0,0.0,385.0,0,2,True,False,False,False,True,False,False,True,False,False,False,True,False,False,False,False,False,False,False,False,False,False,False,False,False,False,False,True,False,False,False,True,False,False,1
99,1,112500.0,0.0,50908.0,1,1,1,2,0,0,0,0,0,0,0,0,8,0,0,1,99,99,0,13,1,1,2,1,0,0,0.0,999999.0,999999.0,999999,99999.0,99999.0,99999.0,229.0,0,0,True,False,False,False,True,False,False,True,False,False,False,False,False,False,True,False,False,False,False,False,False,False,False,False,False,False,False,True,False,False,False,True,False,False,1
99,0,999999.0,362.0,12000.0,2,1,1,1,0,0,0,0,0,0,2,1,5,3,3,1,4,1,0,36,1,1,5,1,30,24,9000.0,9000.0,0.0,0,0.0,0.0,0.0,81.0,1,1,True,False,False,False,True,False,False,True,False,False,False,True,False,False,False,False,False,False,False,False,False,False,False,False,False,False,False,True,False,False,True,False,False,False,1
99,0,999999.0,90.0,3648.0,2,0,0,0,0,0,0,0,0,0,0,0,1,0,0,2,99,99,0,59,1,0,4,0,0,0,630.0,0.0,0.0,0,630.0,0.0,0.0,10.0,1,0,True,False,False,False,True,False,False,True,False,False,False,False,False,True,False,False,False,False,False,False,False,False,False,False,False,False,False,True,True,False,False,False,False,False,1
99,0,999999.0,625.0,10710.0,1,1,1,1,2,0,1,1,0,1,0,0,4,0,0,1,99,99,1,3,1,0,0,0,0,0,0.0,999999.0,999999.0,999999,99999.0,99999.0,99999.0,85.0,1,0,True,False,False,False,True,False,False,True,True,False,False,False,False,False,False,False,False,False,False,False,False,False,False,False,False,False,False,True,False,False,False,True,False,False,1
99,1,275000.0,0.0,1000.0,1,0,1,0,1,0,1,0,0,0,0,0,4,0,0,1,99,99,2,11,0,1,1,1,0,0,0.0,999999.0,999999.0,999999,99999.0,99999.0,99999.0,8.0,1,0,True,False,False,False,True,False,False,True,True,False,False,False,False,False,False,False,False,False,False,False,False,False,False,False,False,False,False,True,False,False,False,True,False,False,1
99,1,85000.0,0.0,11090.0,1,0,1,0,2,0,1,0,0,0,0,0,2,0,0,1,99,99,0,49,1,0,5,0,0,0,7560.0,0.0,0.0,0,0.0,7560.0,0.0,134.0,0,6,True,False,False,False,True,False,False,True,False,False,False,True,False,False,False,False,False,False,False,False,False,False,False,False,False,False,False,True,False,False,False,True,False,False,1
99,1,225000.0,0.0,19212.0,1,1,1,1,2,0,1,1,0,1,0,0,4,0,0,1,99,99,1,22,1,0,7,0,22,15,2200.0,2200.0,0.0,0,0.0,0.0,0.0,148.0,0,0,True,False,False,False,True,False,False,True,True,False,False,False,False,False,False,False,False,False,False,False,False,False,False,False,False,False,False,True,False,False,False,True,False,False,1
99,0,999999.0,512.0,214716.0,2,1,1,1,0,0,0,0,0,0,1,1,6,3,0,1,13,10,0,31,0,0,1,0,23,18,9600.0,9600.0,0.0,0,0.0,0.0,0.0,501.0,1,0,True,False,False,False,True,False,False,True,False,False,False,False,False,False,False,False,False,False,False,False,True,False,False,False,False,False,False,True,False,False,True,False,False,False,0
99,1,225000.0,0.0,94958.0,1,1,0,0,0,0,0,0,0,0,1,1,2,0,0,1,99,99,0,56,0,0,7,0,25,44,2200.0,1500.0,0.0,0,0.0,0.0,0.0,501.0,0,0,True,False,False,False,True,False,False,True,False,False,False,False,False,False,False,False,False,False,False,False,True,False,False,False,False,False,False,True,False,False,True,False,False,False,1
99,1,400000.0,0.0,104200.0,1,1,0,0,0,0,0,0,0,0,2,2,2,0,0,1,99,99,0,66,0,0,6,0,22,61,4200.0,4200.0,0.0,0,0.0,0.0,0.0,501.0,0,6,True,False,False,False,True,False,False,True,False,False,False,True,False,False,False,False,False,False,False,False,False,False,False,False,False,False,False,True,False,False,True,False,False,False,1
99,0,999999.0,875.0,65000.0,1,1,1,1,0,0,0,0,0,0,1,1,5,3,0,1,19,14,0,54,0,1,7,1,22,18,15000.0,15000.0,0.0,0,0.0,0.0,0.0,415.0,1,0,True,False,False,False,True,False,False,True,False,False,False,False,False,False,False,False,False,False,False,False,True,False,False,False,False,True,False,False,False,False,True,False,False,False,1
99,0,999999.0,487.0,17928.0,1,1,1,1,0,0,0,0,0,0,1,1,4,2,0,1,16,14,0,32,0,0,2,0,23,18,8240.0,0.0,0.0,0,0.0,8240.0,0.0,143.0,1,0,True,False,False,False,True,False,False,True,False,False,False,False,False,False,False,False,False,False,False,False,True,False,False,False,False,True,False,False,False,False,True,False,False,False,1
99,0,999999.0,137.0,13746.0,1,0,0,0,0,0,0,0,0,0,0,0,1,0,0,1,99,99,0,80,0,0,2,0,0,0,13746.0,0.0,0.0,0,6408.0,5760.0,0.0,231.0,0,7,True,False,False,False,True,False,False,True,False,False,False,True,False,False,False,False,False,False,False,False,False,False,True,False,False,False,False,False,False,False,False,False,False,True,1
99,1,137500.0,0.0,23756.0,1,1,0,0,0,0,0,0,0,0,1,1,2,0,0,1,99,99,0,59,0,0,4,0,19,17,11936.0,0.0,10000.0,0,0.0,0.0,0.0,286.0,0,0,True,False,False,False,True,False,False,True,False,False,False,False,False,False,False,False,False,False,False,False,True,False,False,False,False,False,False,True,False,False,True,False,False,False,1
99,0,999999.0,575.0,26560.0,2,1,1,1,0,0,0,0,0,0,2,1,4,2,0,1,9,7,0,28,1,0,2,0,24,19,14560.0,14560.0,0.0,0,0.0,0.0,0.0,211.0,1,1,True,False,False,False,True,False,False,True,False,False,False,True,False,False,False,False,False,False,False,False,False,False,False,False,False,False,False,True,False,False,True,False,False,False,1
99,1,162500.0,0.0,23601.0,1,0,0,0,0,0,0,0,0,0,0,0,1,0,0,1,99,99,0,70,1,0,6,0,0,0,23601.0,0.0,0.0,0,6694.0,0.0,0.0,397.0,0,2,True,False,False,False,True,False,False,True,False,False,False,True,False,False,False,False,False,False,False,False,False,False,False,False,False,False,False,True,False,False,False,True,False,False,1
99,1,187500.0,0.0,71900.0,1,1,0,0,0,0,0,0,0,0,1,1,2,0,0,1,99,99,0,54,0,0,6,0,22,61,23200.0,23000.0,0.0,0,0.0,0.0,0.0,501.0,0,0,True,False,False,False,True,False,False,True,False,False,False,False,False,False,False,False,False,False,False,False,True,False,False,False,False,False,False,True,False,False,True,False,False,False,1
99,0,999999.0,625.0,59000.0,1,1,0,0,0,0,0,0,0,0,1,1,2,0,0,1,99,99,0,24,0,0,7,0,16,38,25000.0,25000.0,0.0,0,0.0,0.0,0.0,501.0,1,0,True,False,False,False,True,False,False,True,False,False,False,False,False,False,False,False,False,False,False,False,True,False,False,False,False,False,False,True,False,False,True,False,False,False,1
99,0,999999.0,725.0,13500.0,1,1,1,1,2,0,1,1,0,1,0,0,4,0,0,1,99,99,1,1,0,0,7,0,0,0,0.0,999999.0,999999.0,999999,99999.0,99999.0,99999.0,107.0,1,0,True,False,False,False,True,False,False,True,True,False,False,False,False,False,False,False,False,False,False,False,False,False,False,False,False,False,False,True,False,False,False,True,False,False,1
99,0,999999.0,575.0,0.0,1,0,1,0,1,0,1,0,0,0,0,0,3,0,0,1,99,99,1,5,1,0,0,0,0,0,0.0,999999.0,999999.0,999999,99999.0,99999.0,99999.0,1.0,0,0,True,False,False,False,True,False,False,True,True,False,False,False,False,False,False,False,False,False,False,False,False,False,True,False,False,False,False,False,False,False,False,True,False,False,1
99,1,137500.0,0.0,39824.0,1,1,1,1,2,0,1,1,0,1,0,0,5,0,0,1,99,99,2,11,1,1,2,1,0,0,0.0,999999.0,999999.0,999999,99999.0,99999.0,99999.0,269.0,1,0,True,False,False,False,True,False,False,True,True,False,False,False,False,False,False,False,False,False,False,False,False,False,False,False,False,False,False,True,False,False,False,True,False,False,1
99,1,400000.0,0.0,93000.0,1,1,1,1,0,0,0,0,0,0,1,1,5,3,0,1,19,13,0,42,0,1,8,1,26,72,20000.0,20000.0,0.0,0,0.0,0.0,0.0,501.0,0,0,True,False,False,False,True,False,False,True,False,False,False,False,False,False,False,False,False,False,False,False,True,False,False,False,False,False,False,True,False,False,True,False,False,False,1
99,1,400000.0,0.0,183600.0,1,1,0,0,0,0,0,0,0,0,1,1,2,0,0,1,99,99,0,43,0,0,8,0,38,68,102000.0,101000.0,0.0,0,0.0,0.0,0.0,501.0,0,0,True,False,False,False,True,False,False,True,False,False,False,False,False,False,False,False,False,False,False,False,True,False,False,False,False,False,False,True,False,False,True,False,False,False,1
99,1,112500.0,0.0,44000.0,1,1,0,0,0,0,0,0,0,0,1,1,2,0,0,1,99,99,0,44,0,0,6,0,28,45,29000.0,29000.0,0.0,0,0.0,0.0,0.0,501.0,0,0,True,False,False,False,True,False,False,True,False,False,False,False,False,False,False,False,False,False,False,False,True,False,True,False,False,False,False,False,False,False,True,False,False,False,1
99,0,999999.0,875.0,40149.0,1,0,2,0,1,0,1,0,0,0,0,0,5,0,0,1,99,99,1,3,1,1,0,2,0,0,0.0,999999.0,999999.0,999999,99999.0,99999.0,99999.0,265.0,1,0,True,False,False,False,True,False,False,True,True,False,False,False,False,False,False,False,False,False,False,False,False,False,True,False,False,False,False,False,False,False,False,True,False,False,1
99,1,137500.0,0.0,0.0,1,2,2,2,2,0,1,1,0,1,4,1,9,2,2,1,3,0,3,23,1,0,6,0,35,49,0.0,0.0,0.0,0,0.0,0.0,0.0,1.0,0,0,True,False,False,False,True,False,False,True,True,False,False,False,False,False,False,False,False,False,False,False,False,False,False,False,False,False,False,True,False,False,True,False,False,False,1
99,1,225000.0,0.0,80400.0,1,1,0,0,0,0,0,0,0,0,1,1,2,0,0,1,99,99,0,42,0,0,7,0,22,61,30000.0,30000.0,0.0,0,0.0,0.0,0.0,501.0,0,0,True,False,False,False,True,False,False,True,False,False,False,False,False,False,False,False,False,False,False,False,True,False,False,False,False,False,False,True,False,False,True,False,False,False,1
99,1,225000.0,0.0,57000.0,1,1,0,0,0,0,0,0,0,0,2,1,2,0,0,1,99,99,0,56,1,0,6,0,37,49,43000.0,43000.0,0.0,0,0.0,0.0,0.0,501.0,1,2,True,False,False,False,True,False,False,True,False,False,False,True,False,False,False,False,False,False,False,False,False,False,False,False,False,True,False,False,False,False,True,False,False,False,1
99,1,400000.0,0.0,68095.0,1,1,0,0,0,0,0,0,0,0,1,1,2,0,0,1,99,99,0,66,0,0,7,0,0,0,2976.0,0.0,0.0,0,2976.0,0.0,0.0,501.0,0,0,True,False,False,False,True,False,False,True,False,False,False,False,False,False,False,False,False,False,False,False,True,False,False,False,False,False,False,True,False,False,True,False,False,False,1
99,0,999999.0,312.0,26650.0,1,2,1,1,0,0,0,0,0,0,3,1,4,0,0,1,99,99,0,35,0,0,7,0,22,51,18414.0,18207.0,0.0,0,0.0,0.0,0.0,208.0,1,0,True,False,False,False,True,False,False,True,False,True,False,False,False,False,False,False,False,False,False,False,False,False,False,True,False,False,False,False,False,False,True,False,False,False,1
99,1,22500.0,0.0,24109.0,1,0,1,0,0,0,0,0,0,0,0,0,2,1,0,1,38,38,0,80,0,0,6,0,0,0,7509.0,0.0,0.0,0,5724.0,0.0,0.0,322.0,0,6,True,False,False,False,True,False,False,True,False,False,False,True,False,False,False,False,False,False,False,False,False,False,False,False,False,False,False,True,False,False,False,False,False,True,1
99,0,999999.0,725.0,29343.0,2,0,1,1,1,0,1,0,0,0,0,0,6,0,0,1,99,99,1,33,0,0,6,0,22,10,8000.0,8000.0,0.0,0,0.0,0.0,0.0,172.0,1,0,True,False,False,False,True,False,False,True,True,False,False,False,False,False,False,False,False,False,False,False,False,False,True,False,False,False,False,False,False,False,False,True,False,False,1
99,1,137500.0,0.0,25000.0,1,0,1,0,0,0,0,0,0,0,0,0,2,1,0,1,9,9,0,37,0,0,7,0,22,61,25000.0,25000.0,0.0,0,0.0,0.0,0.0,293.0,1,2,True,False,False,False,True,False,False,True,False,False,False,True,False,False,False,False,False,False,False,False,False,False,False,False,False,False,False,True,True,False,False,False,False,False,1
99,0,999999.0,1.0,2456.0,1,0,0,0,0,0,0,0,0,0,0,0,1,0,0,1,99,99,0,74,0,0,2,0,0,0,2456.0,0.0,0.0,0,1884.0,0.0,0.0,41.0,0,6,True,False,False,False,True,False,False,True,False,False,False,True,False,False,False,False,False,False,False,False,False,False,True,False,False,False,False,False,True,False,False,False,False,False,1
99,0,999999.0,312.0,43046.0,1,1,2,0,0,0,0,0,0,0,3,4,5,0,0,1,99,99,0,22,0,0,6,0,18,44,18000.0,18000.0,0.0,0,0.0,0.0,0.0,275.0,1,0,True,False,False,False,True,False,False,True,False,False,False,False,False,False,True,False,False,False,False,False,False,False,False,False,False,False,False,True,False,False,True,False,False,False,1
99,1,187500.0,0.0,35648.0,1,1,1,1,0,0,0,0,0,0,1,1,5,3,2,1,6,2,0,36,0,0,7,0,22,61,7120.0,7120.0,0.0,0,0.0,0.0,0.0,241.0,0,0,True,False,False,False,True,False,False,True,False,False,False,False,False,False,False,False,False,False,False,False,True,False,False,False,False,False,False,True,False,False,True,False,False,False,1
99,1,187500.0,0.0,10800.0,1,0,0,0,0,0,0,0,0,0,0,0,3,0,0,1,99,99,0,10,1,1,2,1,0,0,0.0,999999.0,999999.0,999999,99999.0,99999.0,99999.0,108.0,0,0,True,False,False,False,True,False,False,True,False,False,True,False,False,False,False,False,False,False,False,False,False,False,False,False,False,False,False,True,False,False,False,True,False,False,1
99,1,350000.0,0.0,10159.0,1,0,0,0,0,0,0,0,0,0,0,0,2,0,0,1,99,99,1,77,1,1,7,1,0,0,368.0,0.0,0.0,0,0.0,0.0,368.0,136.0,1,0,True,False,False,False,True,False,False,True,False,False,False,False,False,False,False,False,False,False,True,False,False,False,False,False,False,True,False,False,False,True,False,False,False,False,1
99,0,999999.0,625.0,44000.0,1,1,1,1,2,0,1,1,0,1,0,0,5,0,0,1,99,99,1,0,0,0,7,0,0,0,0.0,999999.0,999999.0,999999,99999.0,99999.0,99999.0,290.0,1,0,True,False,False,False,True,False,False,True,True,False,False,False,False,False,False,False,False,False,False,False,False,False,False,False,False,False,False,True,False,False,False,True,False,False,1
99,0,999999.0,362.0,47693.0,1,1,2,1,2,0,1,1,0,1,0,0,8,0,0,1,99,99,3,1,0,0,7,0,0,0,0.0,999999.0,999999.0,999999,99999.0,99999.0,99999.0,214.0,1,0,True,False,False,False,True,False,False,True,True,False,False,False,False,False,False,False,False,False,False,False,False,False,False,False,False,False,False,True,False,False,False,True,False,False,1
99,0,999999.0,875.0,66255.0,1,1,1,1,2,7,1,1,0,1,0,0,7,0,0,1,99,99,4,18,0,1,5,2,24,44,1000.0,1000.0,0.0,0,0.0,0.0,0.0,335.0,0,0,True,False,False,False,True,False,False,True,True,False,False,False,False,False,False,False,False,False,False,False,False,False,False,False,False,False,False,True,False,False,False,True,False,False,1
99,1,225000.0,0.0,119850.0,1,1,1,1,0,0,0,0,0,0,1,1,4,2,0,1,14,10,0,35,0,0,7,0,14,35,18000.0,18000.0,0.0,0,0.0,0.0,0.0,501.0,1,0,True,False,False,False,True,False,False,True,False,False,False,False,False,False,False,False,False,False,False,False,True,False,False,False,False,False,False,True,False,False,True,False,False,False,1
99,0,999999.0,537.0,68224.0,1,2,2,2,5,2,7,4,0,2,0,0,7,0,0,1,99,99,1,3,1,0,0,0,0,0,0.0,999999.0,999999.0,999999,99999.0,99999.0,99999.0,339.0,1,0,True,False,False,False,True,False,False,True,False,False,True,False,False,False,False,False,False,False,False,False,False,False,False,False,False,False,False,True,False,False,False,True,False,False,1
99,1,162500.0,0.0,60500.0,1,1,2,1,0,0,0,0,0,0,2,1,5,2,0,1,37,35,0,64,1,0,1,0,35,44,20000.0,20000.0,0.0,0,0.0,0.0,0.0,387.0,0,6,True,False,False,False,True,False,False,True,False,False,False,True,False,False,False,False,False,False,False,False,False,False,False,False,False,False,False,True,False,False,True,False,False,False,1
99,0,999999.0,675.0,54000.0,1,0,2,0,2,0,5,0,0,0,0,0,4,0,0,1,99,99,1,10,0,1,1,2,0,0,0.0,999999.0,999999.0,999999,99999.0,99999.0,99999.0,429.0,1,0,True,False,False,False,True,False,False,True,False,False,True,False,False,False,False,False,False,False,False,False,False,False,True,False,False,False,False,False,False,False,False,True,False,False,1
99,0,999999.0,462.0,18382.0,1,1,1,1,0,0,0,0,0,0,2,1,4,2,1,1,9,1,0,39,1,0,2,0,16,15,9685.0,9600.0,0.0,0,0.0,0.0,0.0,146.0,1,2,True,False,False,False,True,False,False,True,False,False,False,True,False,False,False,False,False,False,False,False,False,False,False,True,False,False,False,False,False,False,True,False,False,False,1
99,0,999999.0,625.0,14640.0,2,0,0,0,0,0,0,0,0,0,0,0,1,0,0,2,99,99,0,35,1,0,6,0,26,19,28000.0,28000.0,0.0,0,0.0,0.0,0.0,434.0,1,0,True,False,False,False,True,False,False,True,False,False,False,False,False,False,False,False,False,True,False,False,False,False,True,False,False,False,False,False,False,False,False,True,False,False,1
99,1,350000.0,0.0,100000.0,1,1,1,1,2,7,1,1,0,1,0,0,4,0,0,1,99,99,1,6,0,1,1,1,0,0,0.0,999999.0,999999.0,999999,99999.0,99999.0,99999.0,501.0,1,0,True,False,False,False,True,False,False,True,True,False,False,False,False,False,False,False,False,False,False,False,False,False,False,False,False,False,False,True,False,False,False,True,False,False,1
99,0,999999.0,675.0,20000.0,1,0,0,0,0,0,0,0,0,0,0,0,3,0,0,1,99,99,1,25,1,1,7,1,18,44,10000.0,10000.0,0.0,0,0.0,0.0,0.0,206.0,1,0,True,False,False,False,True,False,False,True,False,False,False,False,False,False,False,False,False,False,True,False,False,False,False,False,False,False,False,True,False,False,False,True,False,False,1
99,0,999999.0,312.0,67000.0,1,1,1,1,2,0,1,1,0,1,0,0,4,0,0,1,99,99,1,8,1,1,1,1,0,0,0.0,999999.0,999999.0,999999,99999.0,99999.0,99999.0,501.0,0,0,True,False,False,False,True,False,False,True,True,False,False,False,False,False,False,False,False,False,False,False,False,False,False,False,False,False,False,True,False,False,False,True,False,False,1
99,1,350000.0,0.0,59000.0,1,1,1,0,0,0,0,0,0,0,1,1,3,0,0,1,99,99,0,55,0,0,6,0,0,0,0.0,0.0,0.0,0,0.0,0.0,0.0,501.0,0,0,True,False,False,False,True,False,False,True,False,False,False,False,False,False,False,False,False,False,False,False,True,False,False,False,False,False,False,True,False,False,True,False,False,False,1
99,0,999999.0,512.0,14500.0,1,0,1,0,1,0,1,0,0,0,0,0,4,0,0,1,99,99,1,3,0,0,0,0,0,0,0.0,999999.0,999999.0,999999,99999.0,99999.0,99999.0,115.0,1,0,True,False,False,False,True,False,False,True,True,False,False,False,False,False,False,False,False,False,False,False,False,False,False,False,False,False,False,True,False,False,False,True,False,False,1
99,0,999999.0,875.0,42000.0,1,1,1,1,2,0,1,1,0,1,0,0,4,0,0,1,99,99,1,4,1,0,0,0,0,0,0.0,999999.0,999999.0,999999,99999.0,99999.0,99999.0,334.0,1,0,True,False,False,False,True,False,False,True,True,False,False,False,False,False,False,False,False,False,False,False,False,False,False,False,False,False,False,True,False,False,False,True,False,False,1
99,1,225000.0,0.0,60000.0,1,1,0,0,0,0,0,0,0,0,2,1,2,0,0,1,99,99,0,31,1,0,7,0,25,15,40000.0,40000.0,0.0,0,0.0,0.0,0.0,501.0,1,2,True,False,False,False,True,False,False,True,False,False,False,True,False,False,False,False,False,False,False,False,False,False,False,False,False,False,False,True,False,False,True,False,False,False,1
99,0,999999.0,462.0,12683.0,1,1,1,1,0,0,0,0,0,0,2,1,4,2,0,1,11,10,0,29,1,0,2,0,16,15,11673.0,11673.0,0.0,0,0.0,0.0,0.0,101.0,1,2,True,False,False,False,True,False,False,True,False,False,False,True,False,False,False,False,False,False,False,False,False,False,False,False,False,False,False,True,False,False,True,False,False,False,1
99,0,999999.0,1000.0,73450.0,1,0,1,1,4,0,1,0,0,0,0,0,5,0,0,1,99,99,0,22,0,1,7,1,24,47,7000.0,7000.0,0.0,0,0.0,0.0,0.0,484.0,0,0,True,False,False,False,True,False,False,True,False,False,False,False,False,False,False,False,False,False,False,True,False,False,True,False,False,False,False,False,False,False,False,True,False,False,1
99,0,999999.0,437.0,4002.0,1,0,0,0,0,0,0,0,0,0,0,0,1,0,0,1,99,99,0,62,0,0,4,0,0,0,4002.0,0.0,0.0,0,0.0,4002.0,0.0,62.0,1,2,True,False,False,False,True,False,False,True,False,False,False,True,False,False,False,False,False,False,False,False,False,False,True,False,False,False,False,False,False,False,False,False,True,False,1
99,1,225000.0,0.0,64613.0,1,1,1,1,0,0,0,0,0,0,1,1,6,3,0,1,23,15,0,50,0,0,7,0,25,52,15537.0,15537.0,0.0,0,0.0,0.0,0.0,363.0,0,0,True,False,False,False,True,False,False,True,False,False,False,False,False,False,False,False,False,False,False,False,True,False,False,False,False,False,False,True,False,False,True,False,False,False,1
99,0,999999.0,875.0,75000.0,1,1,0,0,0,0,0,0,0,0,1,1,2,0,0,1,99,99,0,39,0,0,7,0,41,68,35000.0,35000.0,0.0,0,0.0,0.0,0.0,501.0,1,0,True,False,False,False,True,False,False,True,False,False,False,False,False,False,False,False,False,False,False,False,True,False,False,False,False,False,False,True,False,False,True,False,False,False,1
99,0,999999.0,625.0,32000.0,1,0,0,0,0,0,0,0,0,0,0,0,1,0,0,1,99,99,0,32,0,1,7,1,22,61,32000.0,32000.0,0.0,0,0.0,0.0,0.0,496.0,0,6,True,False,False,False,True,False,False,True,False,False,False,True,False,False,False,False,False,False,False,False,False,False,True,False,False,False,False,False,False,False,False,True,False,False,1
99,0,999999.0,625.0,52744.0,1,1,1,1,2,0,1,1,2,7,0,0,4,0,0,1,99,99,1,12,0,1,2,1,0,0,0.0,999999.0,999999.0,999999,99999.0,99999.0,99999.0,419.0,1,0,True,False,False,False,True,False,False,True,True,False,False,False,False,False,False,False,False,False,False,False,False,False,False,False,False,False,False,True,False,False,False,True,False,False,1
99,1,225000.0,0.0,94000.0,1,0,0,0,0,0,0,0,0,0,0,0,1,0,0,1,99,99,0,49,1,0,7,0,25,11,94000.0,85000.0,0.0,0,0.0,0.0,0.0,501.0,1,1,True,False,False,False,True,False,False,True,False,False,False,True,False,False,False,False,False,False,False,False,False,False,False,False,False,False,False,True,False,False,False,True,False,False,1
99,0,999999.0,625.0,14000.0,2,0,2,0,0,0,0,0,0,0,0,0,1,0,0,2,99,99,0,60,1,0,6,0,26,32,21000.0,18000.0,3000.0,0,0.0,0.0,0.0,326.0,1,0,True,False,False,False,True,False,False,True,False,False,False,False,False,False,False,False,False,True,False,False,False,False,False,False,False,False,False,True,True,False,False,False,False,False,1
99,0,999999.0,162.0,9888.0,1,0,1,0,1,0,1,0,0,0,0,0,4,0,0,1,99,99,2,13,1,1,2,1,0,0,0.0,999999.0,999999.0,999999,99999.0,99999.0,99999.0,78.0,1,0,True,False,False,False,True,False,False,True,True,False,False,False,False,False,False,False,False,False,False,False,False,False,True,False,False,False,False,False,False,False,False,True,False,False,1
99,1,162500.0,0.0,7176.0,1,1,1,1,0,0,0,0,0,0,2,1,3,1,0,1,35,35,0,69,1,0,3,0,0,0,1600.0,0.0,0.0,0,0.0,0.0,0.0,74.0,0,8,True,False,False,False,True,False,False,True,False,False,False,True,False,False,False,False,False,False,False,False,False,False,False,False,False,False,False,True,False,False,True,False,False,False,1
99,1,137500.0,0.0,13908.0,1,1,0,0,0,0,0,0,0,0,1,1,2,0,0,1,99,99,0,74,0,0,7,0,0,0,2568.0,0.0,0.0,0,2568.0,0.0,0.0,186.0,0,0,True,False,False,False,True,False,False,True,False,False,False,False,False,False,False,False,False,False,False,False,True,False,False,False,False,False,False,True,False,False,True,False,False,False,1
99,1,225000.0,0.0,27594.0,5,3,1,1,2,0,1,1,0,1,0,0,4,0,0,1,99,99,1,7,1,1,1,1,0,0,0.0,999999.0,999999.0,999999,99999.0,99999.0,99999.0,219.0,1,0,True,False,False,False,True,False,False,True,True,False,False,False,False,False,False,False,False,False,False,False,False,False,False,True,False,False,False,False,False,False,False,True,False,False,1
99,1,400000.0,0.0,168000.0,1,1,1,1,2,0,1,1,0,1,0,0,5,0,0,1,99,99,2,7,1,1,1,2,0,0,0.0,999999.0,999999.0,999999,99999.0,99999.0,99999.0,501.0,0,0,True,False,False,False,True,False,False,True,True,False,False,False,False,False,False,False,False,False,False,False,False,False,False,False,False,False,False,True,False,False,False,True,False,False,1
99,0,999999.0,462.0,17280.0,1,1,1,1,2,0,1,1,0,1,0,0,5,0,0,1,99,99,2,13,0,0,2,0,0,0,0.0,999999.0,999999.0,999999,99999.0,99999.0,99999.0,117.0,1,0,True,False,False,False,True,False,False,True,True,False,False,False,False,False,False,False,False,False,False,False,False,False,False,False,False,False,False,True,False,False,False,True,False,False,1
99,0,999999.0,675.0,31000.0,1,1,1,1,2,0,1,1,0,1,0,0,7,0,0,1,99,99,4,16,0,1,4,1,0,0,0.0,0.0,0.0,0,0.0,0.0,0.0,167.0,1,0,True,False,False,False,True,False,False,True,True,False,False,False,False,False,False,False,False,False,False,False,False,False,False,False,False,False,False,True,False,False,False,True,False,False,1
99,1,275000.0,0.0,80600.0,1,2,2,2,0,0,0,0,0,0,2,1,7,3,1,1,11,1,0,38,1,0,7,0,23,45,35000.0,35000.0,0.0,0,0.0,0.0,0.0,407.0,0,5,True,False,False,False,True,False,False,True,False,False,False,True,False,False,False,False,False,False,False,False,False,False,False,False,False,True,False,False,False,False,True,False,False,False,1
99,0,999999.0,137.0,0.0,1,0,1,0,1,0,1,0,0,0,0,0,4,0,0,1,99,99,2,18,1,1,5,1,0,0,0.0,0.0,0.0,0,0.0,0.0,0.0,1.0,0,0,True,False,False,False,True,False,False,True,True,False,False,False,False,False,False,False,False,False,False,False,False,False,True,False,False,False,False,False,False,False,False,True,False,False,1
99,1,275000.0,0.0,9600.0,1,0,0,0,0,0,0,0,0,0,0,0,1,0,0,1,99,99,0,80,0,0,6,0,20,9,9600.0,0.0,0.0,0,6000.0,0.0,0.0,161.0,0,7,True,False,False,False,True,False,False,True,False,False,False,True,False,False,False,False,False,False,False,False,False,False,False,False,False,False,False,True,False,False,False,False,False,True,0
99,1,187500.0,0.0,46700.0,1,1,1,1,0,0,0,0,0,0,1,1,3,1,0,1,22,22,0,50,0,0,8,0,0,0,0.0,0.0,0.0,0,0.0,0.0,0.0,481.0,0,0,True,False,False,False,True,False,False,True,False,False,False,False,False,False,False,False,False,False,False,False,True,False,False,False,False,False,False,True,False,False,True,False,False,False,1
99,0,999999.0,437.0,30000.0,1,1,1,1,0,0,0,0,0,0,1,1,6,4,1,1,10,2,0,33,0,1,6,1,23,18,16000.0,16000.0,0.0,0,0.0,0.0,0.0,181.0,1,0,True,False,False,False,True,False,False,True,False,False,False,False,False,False,False,False,False,False,False,False,True,False,False,False,False,False,False,True,False,False,True,False,False,False,1
99,0,999999.0,387.0,12000.0,2,0,1,0,0,0,0,0,0,0,0,0,1,0,0,2,99,99,0,45,1,0,7,0,20,9,7000.0,7000.0,0.0,0,0.0,0.0,0.0,109.0,0,0,True,False,False,False,True,False,False,True,False,False,False,False,False,False,False,False,False,True,False,False,False,False,False,False,False,False,False,True,False,False,False,True,False,False,0
99,0,999999.0,0.0,999999.0,1,0,0,0,0,0,0,0,0,0,0,0,1,0,0,1,99,99,0,15,0,1,4,2,0,0,0.0,999999.0,999999.0,999999,0.0,0.0,0.0,0.0,1,0,False,True,False,True,False,False,False,True,False,False,False,False,True,False,False,False,False,False,False,False,False,False,False,False,False,False,False,True,False,False,False,True,False,False,1
99,0,999999.0,0.0,999999.0,1,0,0,0,0,0,0,0,0,0,0,0,1,0,0,1,99,99,0,20,0,1,7,2,41,84,200.0,200.0,0.0,0,0.0,0.0,0.0,0.0,1,0,False,False,True,False,False,True,False,True,False,False,False,False,False,True,False,False,False,False,False,False,False,False,False,False,False,False,False,True,False,False,False,True,False,False,1
99,0,999999.0,337.0,0.0,1,0,1,0,1,0,1,0,0,0,0,0,4,0,0,1,99,99,2,13,0,1,2,1,0,0,0.0,999999.0,999999.0,999999,99999.0,99999.0,99999.0,1.0,1,0,True,False,False,False,True,False,False,True,True,False,False,False,False,False,False,False,False,False,False,False,False,False,False,False,False,False,False,True,False,False,False,True,False,False,1
99,1,400000.0,0.0,97200.0,1,1,1,1,0,0,0,0,0,0,1,1,5,3,0,1,11,5,0,41,0,1,7,1,0,0,0.0,0.0,0.0,0,0.0,0.0,0.0,501.0,0,0,True,False,False,False,True,False,False,True,False,False,False,False,False,False,False,False,False,False,False,False,True,False,False,False,False,False,False,True,False,False,True,False,False,False,1
99,0,999999.0,337.0,19000.0,1,1,1,1,0,0,0,0,0,0,2,2,3,1,1,1,4,4,0,36,0,0,7,0,24,44,19000.0,19000.0,0.0,0,0.0,0.0,0.0,190.0,0,2,True,False,False,False,True,False,False,True,False,False,False,True,False,False,False,False,False,False,False,False,False,False,False,False,False,False,False,True,False,False,True,False,False,False,1
99,0,999999.0,312.0,39476.0,1,1,1,1,0,0,0,0,0,0,0,0,6,0,0,1,99,99,0,0,0,0,7,0,0,0,0.0,999999.0,999999.0,999999,99999.0,99999.0,99999.0,231.0,1,0,True,False,False,False,True,False,False,True,False,False,False,False,False,False,True,False,False,False,False,False,False,False,True,False,False,False,False,False,False,False,False,True,False,False,1
99,1,85000.0,0.0,37700.0,2,1,1,1,0,0,0,0,0,0,1,1,4,2,0,1,16,12,0,44,0,0,7,0,29,22,15000.0,15000.0,0.0,0,0.0,0.0,0.0,300.0,0,0,True,False,False,False,True,False,False,True,False,False,False,False,False,False,False,False,False,False,False,False,True,False,True,False,False,False,False,False,False,False,True,False,False,False,1
99,0,999999.0,1000.0,20820.0,2,1,2,1,1,0,1,0,0,0,0,0,9,0,0,1,99,99,2,3,0,0,0,0,0,0,0.0,999999.0,999999.0,999999,99999.0,99999.0,99999.0,81.0,1,0,True,False,False,False,True,False,False,True,True,False,False,False,False,False,False,False,False,False,False,False,False,False,False,False,False,False,False,True,False,False,False,True,False,False,1
99,1,162500.0,0.0,49857.0,2,0,2,0,1,0,1,0,0,0,0,0,3,1,0,1,12,12,0,42,0,0,8,0,42,84,41000.0,41000.0,0.0,0,0.0,0.0,0.0,500.0,0,0,True,False,False,False,True,False,False,True,True,False,False,False,False,False,False,False,False,False,False,False,False,False,False,False,False,False,False,True,True,False,False,False,False,False,1
99,1,187500.0,0.0,34815.0,1,1,2,1,0,0,0,0,0,0,0,0,4,1,0,1,61,61,0,90,0,1,6,1,0,0,9015.0,0.0,0.0,0,4284.0,0.0,0.0,272.0,0,0,True,False,False,False,True,False,False,True,False,False,False,False,False,False,False,False,True,False,False,False,False,False,False,False,False,False,False,True,False,False,False,False,False,True,1
99,0,999999.0,1000.0,90000.0,1,0,0,0,0,0,0,0,0,0,0,0,1,0,0,1,99,99,0,42,1,0,8,0,41,68,90000.0,90000.0,0.0,0,0.0,0.0,0.0,501.0,1,2,True,False,False,False,True,False,False,True,False,False,False,True,False,False,False,False,False,False,False,False,False,False,False,False,False,False,False,True,True,False,False,False,False,False,1
99,1,112500.0,0.0,48000.0,1,1,0,0,0,0,0,0,0,0,2,1,2,0,0,1,99,99,0,40,1,0,8,0,27,72,32000.0,32000.0,0.0,0,0.0,0.0,0.0,501.0,1,2,True,False,False,False,True,False,False,True,False,False,False,True,False,False,False,False,False,False,False,False,False,False,False,False,False,False,False,True,False,False,True,False,False,False,1
99,0,999999.0,337.0,10000.0,2,0,0,0,0,0,0,0,0,0,0,0,1,0,0,1,99,99,0,36,0,0,7,0,21,45,10000.0,10000.0,0.0,0,0.0,0.0,0.0,155.0,0,5,True,False,False,False,True,False,False,True,False,False,False,True,False,False,False,False,False,False,False,False,False,False,True,False,False,False,False,False,False,False,False,True,False,False,1
99,0,999999.0,0.0,999999.0,1,0,0,0,0,0,0,0,0,0,0,0,1,0,0,1,99,99,0,90,0,0,0,0,0,0,0.0,0.0,0.0,0,0.0,0.0,0.0,0.0,1,0,False,True,False,True,False,False,False,True,False,False,False,False,True,False,False,False,False,False,False,False,False,False,False,False,False,False,False,True,False,False,False,False,False,True,1
99,1,187500.0,0.0,29400.0,1,0,0,0,0,0,0,0,0,0,0,0,1,0,0,1,99,99,0,42,0,0,6,0,41,68,29400.0,26000.0,0.0,0,0.0,0.0,0.0,456.0,1,2,True,False,False,False,True,False,False,True,False,False,False,True,False,False,False,False,False,False,False,False,False,False,False,True,False,False,False,False,False,False,False,True,False,False,1
99,1,350000.0,0.0,109893.0,1,1,1,1,0,0,0,0,0,0,1,1,5,3,0,1,15,8,0,38,0,0,7,0,16,38,14000.0,14000.0,0.0,0,0.0,0.0,0.0,501.0,0,0,True,False,False,False,True,False,False,True,False,False,False,False,False,False,False,False,False,False,False,False,True,False,False,False,False,False,False,True,False,False,True,False,False,False,1
99,0,999999.0,675.0,22500.0,1,1,1,1,2,0,1,1,0,1,0,0,4,0,0,1,99,99,1,6,0,1,0,1,0,0,0.0,999999.0,999999.0,999999,99999.0,99999.0,99999.0,179.0,1,0,True,False,False,False,True,False,False,True,True,False,False,False,False,False,False,False,False,False,False,False,False,False,False,False,False,False,False,True,False,False,False,True,False,False,1
99,1,275000.0,0.0,60500.0,1,1,1,1,2,0,1,1,0,1,0,0,6,0,0,1,99,99,3,18,1,1,7,1,24,47,7000.0,7000.0,0.0,0,0.0,0.0,0.0,347.0,0,0,True,False,False,False,True,False,False,True,True,False,False,False,False,False,False,False,False,False,False,False,False,False,False,False,False,True,False,False,False,False,False,True,False,False,1
99,1,350000.0,0.0,81610.0,1,1,1,0,4,0,1,0,0,0,1,1,6,0,0,1,99,99,0,33,0,0,6,0,20,9,8000.0,8000.0,0.0,0,0.0,0.0,0.0,460.0,1,0,True,False,False,False,True,False,False,True,False,False,False,False,False,False,False,False,False,False,False,False,True,False,False,False,False,False,False,True,False,False,True,False,False,False,1
99,1,350000.0,0.0,182118.0,2,0,0,0,0,0,0,0,0,0,0,0,1,0,0,2,99,99,0,32,1,0,8,0,20,52,100000.0,100000.0,0.0,0,0.0,0.0,0.0,501.0,1,0,True,False,False,False,True,False,False,True,False,False,False,False,False,False,False,False,False,True,False,False,False,False,False,False,False,False,False,True,False,False,False,True,False,False,0
99,1,400000.0,0.0,56826.0,1,1,1,1,0,0,0,0,0,0,0,0,7,0,0,1,99,99,1,24,1,0,0,0,17,11,4800.0,0.0,4800.0,0,0.0,0.0,0.0,287.0,1,0,True,False,False,False,True,False,False,True,False,False,False,False,False,False,False,False,False,False,False,True,False,False,False,False,False,False,False,True,False,False,False,True,False,False,1
99,1,275000.0,0.0,105401.0,1,1,1,1,2,0,1,1,0,1,0,0,3,0,0,1,99,99,0,23,0,0,8,0,26,72,3030.0,3000.0,0.0,0,0.0,0.0,0.0,501.0,0,0,True,False,False,False,True,False,False,True,True,False,False,False,False,False,False,False,False,False,False,False,False,False,False,False,False,False,False,True,False,False,False,True,False,False,1
99,0,999999.0,1000.0,125600.0,1,1,1,1,0,0,0,0,0,0,2,1,4,2,0,1,22,22,0,43,1,0,7,0,41,68,61000.0,61000.0,0.0,0,0.0,0.0,0.0,501.0,1,1,True,False,False,False,True,False,False,True,False,False,False,True,False,False,False,False,False,False,False,False,False,False,False,False,False,False,False,True,False,False,True,False,False,False,1
99,0,999999.0,575.0,46000.0,1,1,1,1,2,0,1,3,0,1,0,0,3,0,0,1,99,99,0,37,0,1,8,2,17,13,22000.0,22000.0,0.0,0,0.0,0.0,0.0,474.0,1,1,True,False,False,False,True,False,False,True,False,False,False,True,False,False,False,False,False,False,False,False,False,False,False,False,False,True,False,False,False,False,False,False,True,False,1
99,0,999999.0,512.0,17815.0,1,1,1,1,1,0,1,2,0,1,0,0,10,0,0,1,99,99,7,17,1,1,5,1,0,0,0.0,0.0,0.0,0,0.0,0.0,0.0,74.0,1,0,True,False,False,False,True,False,False,True,True,False,False,False,False,False,False,False,False,False,False,False,False,False,False,False,False,True,False,False,False,False,False,True,False,False,1
99,0,999999.0,387.0,12432.0,1,1,1,1,0,0,0,0,0,0,2,1,4,2,0,1,19,16,0,48,1,0,0,0,16,15,4008.0,3200.0,0.0,0,0.0,0.0,0.0,96.0,0,5,True,False,False,False,True,False,False,True,False,False,False,True,False,False,False,False,False,False,False,False,False,False,False,True,False,False,False,False,False,False,True,False,False,False,1
99,0,999999.0,675.0,8000.0,2,0,0,0,0,0,0,0,0,0,0,0,1,0,0,2,99,99,0,28,1,0,4,0,23,18,10000.0,10000.0,0.0,0,0.0,0.0,0.0,155.0,1,0,True,False,False,False,True,False,False,True,False,False,False,False,False,True,False,False,False,False,False,False,False,False,False,False,False,False,False,True,True,False,False,False,False,False,1
99,1,95000.0,0.0,61545.0,1,1,2,1,0,0,0,0,0,0,2,1,5,1,0,1,28,28,0,60,1,0,4,0,26,19,22493.0,22493.0,0.0,0,0.0,0.0,0.0,406.0,0,7,True,False,False,False,True,False,False,True,False,False,False,True,False,False,False,False,False,False,False,False,False,False,False,False,False,False,False,True,False,False,True,False,False,False,1
99,1,95000.0,0.0,45550.0,1,1,2,1,2,0,1,1,0,1,0,0,4,1,0,1,5,5,0,24,0,0,7,0,24,44,15000.0,15000.0,0.0,0,0.0,0.0,0.0,350.0,0,0,True,False,False,False,True,False,False,True,True,False,False,False,False,False,False,False,False,False,False,False,False,False,True,False,False,False,False,False,False,False,False,True,False,False,1
99,0,999999.0,1000.0,25800.0,2,0,1,0,0,0,0,0,0,0,0,0,3,2,0,1,11,7,0,37,0,0,6,0,24,44,25800.0,25000.0,0.0,0,0.0,0.0,0.0,258.0,1,2,True,False,False,False,True,False,False,True,False,False,False,True,False,False,False,False,False,False,False,False,False,False,False,False,False,False,False,True,True,False,False,False,False,False,1
99,0,999999.0,112.0,43608.0,1,1,1,1,0,0,0,0,0,0,1,1,4,2,0,1,22,13,0,72,0,0,0,0,0,0,7608.0,0.0,0.0,0,5160.0,2448.0,0.0,335.0,0,0,True,False,False,False,True,False,False,True,False,False,False,False,False,False,False,False,False,False,False,False,True,False,False,False,False,False,False,True,False,False,True,False,False,False,1
99,1,95000.0,0.0,7149.0,1,0,1,0,1,1,1,0,0,0,0,0,2,0,0,1,99,99,0,4,1,0,0,0,0,0,0.0,999999.0,999999.0,999999,99999.0,99999.0,99999.0,84.0,1,0,True,False,False,False,True,False,False,True,True,False,False,False,False,False,False,False,False,False,False,False,False,False,True,False,False,False,False,False,False,False,False,True,False,False,1
99,1,275000.0,0.0,87645.0,1,1,1,1,0,0,0,0,0,0,2,1,4,2,0,1,20,18,0,52,1,0,6,0,25,15,22741.0,22741.0,0.0,0,0.0,0.0,0.0,501.0,0,5,True,False,False,False,True,False,False,True,False,False,False,True,False,False,False,False,False,False,False,False,False,False,False,False,False,False,False,True,False,False,True,False,False,False,1
99,1,275000.0,0.0,44000.0,1,1,1,1,0,0,0,0,0,0,1,1,5,3,2,1,5,4,0,34,0,0,7,0,24,44,0.0,0.0,0.0,0,0.0,0.0,0.0,297.0,1,0,True,False,False,False,True,False,False,True,False,False,False,False,False,False,False,False,False,False,False,False,True,False,False,False,False,False,False,True,False,False,True,False,False,False,1
99,0,999999.0,675.0,0.0,6,0,0,0,0,0,0,0,0,0,0,0,1,0,0,6,99,99,0,18,1,0,2,0,11,16,7000.0,7000.0,0.0,0,0.0,0.0,0.0,109.0,1,0,True,False,False,False,True,False,False,True,False,False,False,False,False,False,False,False,False,True,False,False,False,False,False,False,False,False,False,True,False,False,False,True,False,False,0
99,1,162500.0,0.0,26000.0,1,1,1,1,1,0,1,2,0,1,0,0,3,0,0,1,99,99,0,2,0,0,7,0,0,0,0.0,999999.0,999999.0,999999,99999.0,99999.0,99999.0,260.0,1,0,True,False,False,False,True,False,False,True,True,False,False,False,False,False,False,False,False,False,False,False,False,False,False,True,False,False,False,False,False,False,False,True,False,False,1
99,0,999999.0,725.0,28400.0,1,2,2,2,2,0,1,1,0,1,8,3,8,2,1,1,7,1,2,33,0,0,6,0,0,0,0.0,0.0,0.0,0,0.0,0.0,0.0,126.0,1,0,True,False,False,False,True,False,False,True,True,False,False,False,False,False,False,False,False,False,False,False,False,False,False,False,False,True,False,False,False,False,True,False,False,False,1
99,1,350000.0,0.0,87200.0,1,1,1,1,0,0,0,0,0,0,2,2,3,1,1,1,0,0,0,35,0,0,8,0,42,84,40200.0,40000.0,0.0,0,0.0,0.0,0.0,501.0,1,2,True,False,False,False,True,False,False,True,False,False,False,True,False,False,False,False,False,False,False,False,False,False,False,False,False,False,False,True,False,False,True,False,False,False,1
99,0,999999.0,1000.0,50400.0,1,0,0,0,0,0,0,0,0,0,0,0,1,0,0,1,99,99,0,48,0,0,8,0,41,68,50400.0,50000.0,0.0,0,0.0,0.0,0.0,501.0,1,1,True,False,False,False,True,False,False,True,False,False,False,True,False,False,False,False,False,False,False,False,False,False,False,False,False,False,False,True,False,False,False,True,False,False,1
99,1,400000.0,0.0,10000.0,2,0,1,0,1,0,1,0,0,0,0,0,2,0,0,1,99,99,0,14,0,1,2,2,0,0,0.0,999999.0,999999.0,999999,99999.0,99999.0,99999.0,117.0,0,0,True,False,False,False,True,False,False,True,True,False,False,False,False,False,False,False,False,False,False,False,False,False,False,True,False,False,False,False,False,False,False,True,False,False,1
99,1,162500.0,0.0,17800.0,1,1,1,1,2,0,1,1,0,1,0,0,6,0,0,1,99,99,3,6,1,1,1,1,0,0,0.0,999999.0,999999.0,999999,99999.0,99999.0,99999.0,107.0,0,0,True,False,False,False,True,False,False,True,True,False,False,False,False,False,False,False,False,False,False,False,False,False,False,False,False,False,False,True,False,False,False,True,False,False,1
99,0,999999.0,875.0,36850.0,1,1,1,2,2,7,1,1,3,1,0,0,5,0,0,1,99,99,1,14,0,1,2,1,0,0,0.0,999999.0,999999.0,999999,99999.0,99999.0,99999.0,243.0,1,0,True,False,False,False,True,False,False,True,True,False,False,False,False,False,False,False,False,False,False,False,False,False,False,False,False,False,False,True,False,False,False,True,False,False,1
99,1,275000.0,0.0,99000.0,1,1,0,0,0,0,0,0,0,0,1,1,2,0,0,1,99,99,0,30,0,1,8,2,24,44,24000.0,24000.0,0.0,0,0.0,0.0,0.0,501.0,1,0,True,False,False,False,True,False,False,True,False,False,False,False,False,False,False,False,False,False,False,False,True,False,False,False,False,False,False,True,False,False,True,False,False,False,1
99,0,999999.0,137.0,7920.0,1,0,0,0,0,0,0,0,0,0,0,0,1,0,0,1,99,99,0,76,0,0,2,0,0,0,7920.0,0.0,0.0,0,7920.0,0.0,0.0,133.0,0,5,True,False,False,False,True,False,False,True,False,False,False,True,False,False,False,False,False,False,False,False,False,False,False,False,False,False,False,True,False,False,False,False,False,True,1
99,0,999999.0,487.0,39000.0,1,1,1,1,2,0,1,1,0,1,0,0,5,0,0,1,99,99,1,1,0,0,7,0,0,0,0.0,999999.0,999999.0,999999,99999.0,99999.0,99999.0,257.0,1,0,True,False,False,False,True,False,False,True,True,False,False,False,False,False,False,False,False,False,False,False,False,False,False,False,False,False,False,True,False,False,False,True,False,False,1
99,1,400000.0,0.0,220516.0,1,1,1,1,0,0,0,0,0,0,2,1,4,2,0,1,8,5,0,37,1,0,8,0,79,92,195516.0,195516.0,0.0,0,0.0,0.0,0.0,501.0,0,5,True,False,False,False,True,False,False,True,False,False,False,True,False,False,False,False,False,False,False,False,False,False,False,False,False,False,False,True,False,False,True,False,False,False,1
99,0,999999.0,512.0,52000.0,1,1,2,1,0,0,0,0,0,0,2,1,6,2,1,1,6,3,0,30,1,0,5,0,32,34,18000.0,18000.0,0.0,0,0.0,0.0,0.0,298.0,0,5,True,False,False,False,True,False,False,True,False,False,False,True,False,False,False,False,False,False,False,False,False,False,False,False,False,False,False,True,False,False,True,False,False,False,1
99,1,275000.0,0.0,28465.0,2,0,0,0,0,0,0,0,0,0,0,0,2,0,0,1,99,99,0,75,0,0,6,0,0,0,20465.0,0.0,0.0,0,8134.0,0.0,0.0,380.0,0,8,True,False,False,False,True,False,False,True,False,False,False,True,False,False,False,False,False,False,False,False,False,False,False,False,False,False,False,True,False,False,False,False,False,True,1
99,1,85000.0,0.0,65879.0,1,1,1,0,0,0,0,0,0,0,0,0,6,4,0,1,27,19,0,61,0,0,0,0,17,13,2916.0,0.0,0.0,0,2916.0,0.0,0.0,371.0,0,7,True,False,False,False,True,False,False,True,False,False,False,True,False,False,False,False,False,False,False,False,False,False,False,False,False,False,False,True,False,False,False,False,False,True,1
99,0,999999.0,237.0,13920.0,1,1,1,1,2,0,1,1,0,1,0,0,5,0,0,1,99,99,2,12,1,1,2,1,0,0,0.0,999999.0,999999.0,999999,99999.0,99999.0,99999.0,92.0,0,0,True,False,False,False,True,False,False,True,True,False,False,False,False,False,False,False,False,False,False,False,False,False,False,False,False,False,False,True,False,False,False,True,False,False,1
99,0,999999.0,625.0,8500.0,2,0,0,0,0,0,0,0,0,0,0,0,1,0,0,1,99,99,0,22,1,1,7,1,18,44,8500.0,8500.0,0.0,0,0.0,0.0,0.0,132.0,1,1,True,False,False,False,True,False,False,True,False,False,False,True,False,False,False,False,False,False,False,False,False,False,False,False,False,False,False,True,False,False,False,True,False,False,1
99,0,999999.0,487.0,10296.0,1,0,0,1,0,0,0,1,0,1,0,0,7,0,0,1,99,99,2,15,1,1,3,1,0,0,0.0,999999.0,999999.0,999999,0.0,0.0,0.0,54.0,1,0,True,False,False,False,True,False,False,True,True,False,False,False,False,False,False,False,False,False,False,False,False,False,False,False,False,False,False,True,False,False,False,True,False,False,1
99,1,187500.0,0.0,50763.0,1,1,1,1,2,0,1,1,0,1,0,0,3,0,0,1,99,99,0,23,1,0,6,0,25,33,6000.0,6000.0,0.0,0,0.0,0.0,0.0,501.0,0,0,True,False,False,False,True,False,False,True,True,False,False,False,False,False,False,False,False,False,False,False,False,False,False,False,False,False,False,True,False,False,False,True,False,False,1
99,0,999999.0,412.0,11000.0,1,0,1,0,1,0,1,0,0,0,0,0,6,0,0,1,99,99,3,16,0,1,4,1,0,0,0.0,0.0,0.0,0,0.0,0.0,0.0,64.0,1,0,True,False,False,False,True,False,False,True,True,False,False,False,False,False,False,False,False,False,False,False,False,False,False,False,False,False,False,True,False,False,False,True,False,False,1
99,0,999999.0,487.0,35400.0,1,0,0,0,0,0,0,0,0,0,0,0,6,0,0,1,99,99,1,30,1,0,6,0,22,18,30000.0,30000.0,0.0,0,0.0,0.0,0.0,207.0,0,5,True,False,False,False,True,False,False,True,False,False,False,True,False,False,False,False,False,False,False,False,False,False,False,False,False,False,False,True,False,False,False,True,False,False,1
99,1,137500.0,0.0,47800.0,1,1,1,1,0,0,0,0,0,0,1,1,6,2,2,1,4,1,1,26,0,0,6,0,0,0,0.0,0.0,0.0,0,0.0,0.0,0.0,274.0,1,0,True,False,False,False,True,False,False,True,False,False,False,False,False,False,False,False,False,False,False,False,True,False,False,False,False,False,False,True,False,False,True,False,False,False,1
99,0,999999.0,487.0,126816.0,1,1,1,1,2,7,1,1,0,1,0,0,5,0,0,1,99,99,2,4,1,1,0,1,0,0,0.0,999999.0,999999.0,999999,99999.0,99999.0,99999.0,501.0,1,0,True,False,False,False,True,False,False,True,True,False,False,False,False,False,False,False,False,False,False,False,False,False,False,False,False,False,False,True,False,False,False,True,False,False,1
99,0,999999.0,675.0,18318.0,1,0,1,0,1,0,1,0,0,0,0,0,3,0,0,1,99,99,1,10,0,1,1,1,0,0,0.0,999999.0,999999.0,999999,99999.0,99999.0,99999.0,184.0,1,0,True,False,False,False,True,False,False,True,True,False,False,False,False,False,False,False,False,False,False,False,False,False,False,False,False,False,False,True,False,False,False,True,False,False,1
99,0,999999.0,512.0,8380.0,1,0,1,0,0,0,0,0,0,0,0,0,9,0,0,1,99,99,1,31,1,0,1,0,42,84,0.0,0.0,0.0,0,0.0,0.0,0.0,33.0,0,0,True,False,False,False,True,False,False,True,False,False,False,False,False,False,False,False,False,False,True,False,False,False,False,False,False,False,False,True,False,False,False,False,True,False,1
99,0,999999.0,675.0,19360.0,2,0,0,0,0,0,0,0,0,0,0,0,1,0,0,1,99,99,0,28,1,0,8,0,24,44,19360.0,19300.0,0.0,0,0.0,0.0,0.0,300.0,1,1,True,False,False,False,True,False,False,True,False,False,False,True,False,False,False,False,False,False,False,False,False,False,False,False,False,False,False,True,False,False,False,True,False,False,0
99,0,999999.0,675.0,76000.0,1,1,1,1,0,0,0,0,0,0,2,1,5,3,0,1,16,13,0,38,1,0,7,0,24,47,48000.0,48000.0,0.0,0,0.0,0.0,0.0,501.0,1,1,True,False,False,False,True,False,False,True,False,False,False,True,False,False,False,False,False,False,False,False,False,False,False,False,False,False,False,True,False,False,True,False,False,False,1
99,0,999999.0,487.0,57200.0,1,0,1,0,1,0,1,0,0,0,0,0,4,0,0,1,99,99,2,32,1,1,6,1,24,44,7200.0,7200.0,0.0,0,0.0,0.0,0.0,447.0,0,0,True,False,False,False,True,False,False,True,True,False,False,False,False,False,False,False,False,False,False,False,False,False,False,False,False,True,False,False,False,False,False,True,False,False,1
99,0,999999.0,875.0,15000.0,1,0,0,0,0,0,0,0,0,0,0,0,1,0,0,1,99,99,0,27,1,0,6,0,25,19,15000.0,15000.0,0.0,0,0.0,0.0,0.0,233.0,1,1,True,False,False,False,True,False,False,True,False,False,False,True,False,False,False,False,False,False,False,False,False,False,False,False,False,False,False,True,False,False,False,True,False,False,1
99,0,999999.0,462.0,51050.0,1,0,0,2,0,0,0,1,0,1,0,0,9,0,0,1,99,99,6,1,1,0,7,0,0,0,0.0,999999.0,999999.0,999999,99999.0,99999.0,99999.0,198.0,1,0,True,False,False,False,True,False,False,True,True,False,False,False,False,False,False,False,False,False,False,False,False,False,False,False,False,False,False,True,False,False,False,True,False,False,1
99,1,400000.0,0.0,90000.0,1,1,1,1,2,0,1,1,0,1,0,0,5,0,0,1,99,99,2,21,0,1,7,1,0,0,0.0,0.0,0.0,0,0.0,0.0,0.0,501.0,0,0,True,False,False,False,True,False,False,True,True,False,False,False,False,False,False,False,False,False,False,False,False,False,False,False,False,False,False,True,False,False,False,True,False,False,1
99,1,225000.0,0.0,70000.0,1,1,1,1,0,0,0,0,0,0,2,1,7,5,0,1,24,16,0,48,1,0,7,0,35,49,38000.0,31000.0,7000.0,0,0.0,0.0,0.0,341.0,0,6,True,False,False,False,True,False,False,True,False,False,False,True,False,False,False,False,False,False,False,False,False,False,False,False,False,False,False,True,False,False,True,False,False,False,1
99,1,62500.0,0.0,56000.0,1,1,1,0,5,0,3,0,0,0,0,0,6,0,0,1,99,99,0,1,1,0,7,0,0,0,0.0,999999.0,999999.0,999999,99999.0,99999.0,99999.0,314.0,1,0,True,False,False,False,True,False,False,True,False,False,False,False,False,False,True,False,False,False,False,False,False,False,False,False,False,False,False,True,False,False,False,True,False,False,1
99,0,999999.0,875.0,58761.0,1,0,0,0,0,0,0,0,0,0,0,0,1,0,0,1,99,99,0,48,1,0,8,0,46,84,58761.0,68760.0,0.0,0,0.0,0.0,0.0,501.0,0,6,True,False,False,False,True,False,False,True,False,False,False,True,False,False,False,False,False,False,False,False,False,False,False,False,False,False,False,True,False,False,False,True,False,False,1
99,0,999999.0,875.0,60000.0,1,1,1,1,2,0,1,1,0,1,0,0,4,0,0,1,99,99,1,6,0,1,0,1,0,0,0.0,999999.0,999999.0,999999,99999.0,99999.0,99999.0,477.0,1,0,True,False,False,False,True,False,False,True,True,False,False,False,False,False,False,False,False,False,False,False,False,False,False,False,False,False,False,True,False,False,False,True,False,False,1
99,1,187500.0,0.0,19594.0,1,0,0,0,0,0,0,0,0,0,0,0,1,0,0,1,99,99,0,78,0,0,6,0,0,0,19594.0,0.0,0.0,0,8136.0,0.0,0.0,329.0,0,6,True,False,False,False,True,False,False,True,False,False,False,True,False,False,False,False,False,False,False,False,False,False,False,False,False,False,False,True,True,False,False,False,False,False,1
99,0,999999.0,575.0,58814.0,1,1,0,0,0,0,0,0,0,0,2,2,2,0,0,1,99,99,0,32,0,1,7,1,25,18,21523.0,21500.0,0.0,0,0.0,0.0,0.0,501.0,1,2,True,False,False,False,True,False,False,True,False,False,False,True,False,False,False,False,False,False,False,False,False,False,False,False,False,False,False,True,False,False,True,False,False,False,1
99,0,999999.0,675.0,50019.0,1,1,1,1,2,0,1,1,0,1,0,0,6,0,0,1,99,99,2,10,0,1,2,1,0,0,0.0,999999.0,999999.0,999999,99999.0,99999.0,99999.0,302.0,1,0,True,False,False,False,True,False,False,True,True,False,False,False,False,False,False,False,False,False,False,False,False,False,False,False,False,True,False,False,False,False,False,True,False,False,1
99,0,999999.0,875.0,106603.0,1,0,0,0,0,0,0,0,0,0,0,0,1,0,0,1,99,99,0,31,1,0,8,0,38,68,106603.0,48000.0,0.0,0,0.0,0.0,0.0,501.0,1,1,True,False,False,False,True,False,False,True,False,False,False,True,False,False,False,False,False,False,False,False,False,False,False,False,False,False,False,True,False,False,False,True,False,False,1
99,0,999999.0,412.0,23701.0,1,0,0,0,0,0,0,0,0,0,0,0,1,0,0,1,99,99,0,30,0,0,7,0,21,66,23701.0,19015.0,1200.0,0,0.0,3486.0,0.0,367.0,1,2,True,False,False,False,True,False,False,True,False,False,False,True,False,False,False,False,False,False,False,False,False,False,False,False,False,False,False,True,True,False,False,False,False,False,1
99,0,999999.0,875.0,72000.0,2,1,0,0,0,0,0,0,0,0,0,0,3,0,0,1,99,99,1,19,0,1,7,1,18,44,27000.0,27000.0,0.0,0,0.0,0.0,0.0,501.0,1,0,True,False,False,False,True,False,False,True,False,False,False,False,False,False,False,False,False,False,True,False,False,False,False,True,False,False,False,False,False,False,False,True,False,False,1
99,1,225000.0,0.0,49943.0,1,1,1,1,2,0,1,1,0,1,0,0,4,0,0,1,99,99,1,16,0,1,4,1,0,0,0.0,0.0,0.0,0,0.0,0.0,0.0,384.0,0,0,True,False,False,False,True,False,False,True,True,False,False,False,False,False,False,False,False,False,False,False,False,False,False,False,False,False,False,True,False,False,False,True,False,False,1
99,1,400000.0,0.0,18000.0,1,1,1,1,2,0,1,1,0,1,0,0,5,0,0,1,99,99,2,5,0,1,0,2,0,0,0.0,999999.0,999999.0,999999,99999.0,99999.0,99999.0,122.0,0,0,True,False,False,False,True,False,False,True,True,False,False,False,False,False,False,False,False,False,False,False,False,False,True,False,False,False,False,False,False,False,False,True,False,False,1
99,1,225000.0,0.0,55706.0,2,0,2,0,1,0,1,0,0,0,0,0,5,0,0,1,99,99,2,21,0,1,7,1,22,61,1300.0,1300.0,0.0,0,0.0,0.0,0.0,361.0,0,0,True,False,False,False,True,False,False,True,True,False,False,False,False,False,False,False,False,False,False,False,False,False,False,False,False,False,False,True,False,False,False,True,False,False,1
99,0,999999.0,462.0,38118.0,1,0,3,0,2,0,5,0,0,0,0,0,9,0,0,1,99,99,0,3,1,1,0,2,0,0,0.0,999999.0,999999.0,999999,99999.0,99999.0,99999.0,142.0,1,0,True,False,False,False,True,False,False,True,False,False,True,False,False,False,False,False,False,False,False,False,False,False,True,False,False,False,False,False,False,False,False,True,False,False,1
99,1,350000.0,0.0,107000.0,1,1,1,1,2,0,1,1,0,1,0,0,4,0,0,1,99,99,1,4,0,1,0,2,0,0,0.0,999999.0,999999.0,999999,99999.0,99999.0,99999.0,501.0,1,0,True,False,False,False,True,False,False,True,True,False,False,False,False,False,False,False,False,False,False,False,False,False,False,False,False,False,False,True,False,False,False,True,False,False,1
99,1,137500.0,0.0,30000.0,1,0,1,0,0,0,0,0,0,0,0,0,2,1,0,1,10,10,0,40,0,0,7,0,21,66,30000.0,30000.0,0.0,0,0.0,0.0,0.0,351.0,0,2,True,False,False,False,True,False,False,True,False,False,False,True,False,False,False,False,False,False,False,False,False,False,True,False,False,False,False,False,False,False,False,True,False,False,1
99,1,225000.0,0.0,31100.0,2,0,2,0,0,0,0,0,0,0,0,0,4,1,0,1,39,39,0,63,0,0,0,0,0,0,0.0,0.0,0.0,0,0.0,0.0,0.0,239.0,1,2,True,False,False,False,True,False,False,True,False,False,False,True,False,False,False,False,False,False,False,False,False,False,False,False,False,False,False,True,False,True,False,False,False,False,1
99,1,162500.0,0.0,62080.0,1,1,2,1,0,0,0,0,0,0,1,1,6,2,0,1,24,12,0,52,0,0,7,0,19,46,36400.0,36400.0,0.0,0,0.0,0.0,0.0,363.0,0,0,True,False,False,False,True,False,False,True,False,False,False,False,False,False,False,False,False,False,False,False,True,False,False,False,False,False,False,True,False,False,True,False,False,False,1
99,1,162500.0,0.0,11000.0,3,1,2,1,0,0,0,0,0,0,0,0,3,1,0,1,30,30,0,86,0,0,2,0,0,0,0.0,0.0,0.0,0,0.0,0.0,0.0,110.0,0,0,True,False,False,False,True,False,False,True,False,False,False,False,False,False,False,True,False,False,False,False,False,False,False,False,False,False,False,True,False,False,False,False,False,True,1
99,0,999999.0,512.0,31000.0,1,1,1,1,2,0,1,1,0,1,0,0,4,0,0,1,99,99,1,10,0,1,2,1,0,0,0.0,999999.0,999999.0,999999,99999.0,99999.0,99999.0,247.0,0,0,True,False,False,False,True,False,False,True,True,False,False,False,False,False,False,False,False,False,False,False,False,False,False,False,False,False,False,True,False,False,False,True,False,False,1
99,0,999999.0,875.0,35000.0,1,1,1,1,0,0,0,0,0,0,1,1,4,2,1,1,8,4,0,37,0,0,6,0,24,47,0.0,0.0,0.0,0,0.0,0.0,0.0,278.0,1,0,True,False,False,False,True,False,False,True,False,False,False,False,False,False,False,False,False,False,False,False,True,False,False,False,False,False,False,True,False,False,True,False,False,False,1
99,0,999999.0,0.0,999999.0,1,0,0,0,0,0,0,0,0,0,0,0,1,0,0,1,99,99,0,34,1,0,6,0,11,18,20000.0,20000.0,0.0,0,0.0,0.0,0.0,0.0,1,0,False,False,True,False,False,True,False,True,False,False,False,False,False,True,False,False,False,False,False,False,False,False,False,False,False,False,False,True,False,False,False,True,False,False,0
99,1,137500.0,0.0,45289.0,1,1,1,1,0,0,0,0,0,0,1,1,6,4,0,1,16,12,0,37,0,0,6,0,0,0,0.0,0.0,0.0,0,0.0,0.0,0.0,273.0,1,0,True,False,False,False,True,False,False,True,False,False,False,False,False,False,False,False,False,False,False,False,True,False,False,False,False,False,False,True,False,False,True,False,False,False,1
99,1,400000.0,0.0,138959.0,2,1,0,0,0,0,0,0,0,0,0,0,1,0,0,2,99,99,0,28,0,0,7,0,29,48,12000.0,12000.0,0.0,0,0.0,0.0,0.0,186.0,1,0,True,False,False,False,True,False,False,True,False,False,False,False,False,True,False,False,False,False,False,False,False,False,False,False,False,False,False,True,False,False,False,True,False,False,1
99,1,162500.0,0.0,51052.0,1,1,0,0,0,0,0,0,0,0,1,1,2,0,0,1,99,99,0,72,0,0,6,0,0,0,14435.0,0.0,0.0,0,3912.0,0.0,0.0,501.0,0,0,True,False,False,False,True,False,False,True,False,False,False,False,False,False,False,False,False,False,False,False,True,False,False,False,False,False,False,True,False,False,True,False,False,False,1
99,0,999999.0,875.0,17000.0,1,1,1,1,2,0,1,1,0,1,0,0,4,0,0,1,99,99,1,5,1,0,0,0,0,0,0.0,999999.0,999999.0,999999,99999.0,99999.0,99999.0,135.0,1,0,True,False,False,False,True,False,False,True,True,False,False,False,False,False,False,False,False,False,False,False,False,False,False,False,False,True,False,False,False,False,False,True,False,False,1
99,0,999999.0,112.0,9460.0,1,0,1,0,0,0,0,0,0,0,0,0,3,2,0,1,19,17,0,37,0,1,5,1,0,0,6960.0,0.0,0.0,0,0.0,6960.0,0.0,95.0,1,2,True,False,False,False,True,False,False,True,False,False,False,True,False,False,False,False,False,False,False,False,False,False,False,False,False,False,False,True,True,False,False,False,False,False,1
99,1,275000.0,0.0,47000.0,1,1,1,1,2,0,1,1,0,1,0,0,5,0,0,1,99,99,1,14,1,1,2,1,0,0,0.0,999999.0,999999.0,999999,99999.0,99999.0,99999.0,310.0,0,0,True,False,False,False,True,False,False,True,True,False,False,False,False,False,False,False,False,False,False,False,False,False,False,False,False,True,False,False,False,False,False,True,False,False,1
99,1,32500.0,0.0,80000.0,1,1,1,1,2,0,1,1,0,1,0,0,4,0,0,1,99,99,1,12,1,1,2,2,0,0,0.0,999999.0,999999.0,999999,99999.0,99999.0,99999.0,501.0,1,0,True,False,False,False,True,False,False,True,True,False,False,False,False,False,False,False,False,False,False,False,False,False,False,False,False,False,False,True,False,False,False,True,False,False,1
99,0,999999.0,1000.0,36000.0,1,1,1,1,2,0,1,1,3,1,0,0,3,0,0,1,99,99,0,13,1,1,2,1,0,0,0.0,999999.0,999999.0,999999,99999.0,99999.0,99999.0,361.0,1,0,True,False,False,False,True,False,False,True,True,False,False,False,False,False,False,False,False,False,False,False,False,False,False,False,False,False,False,True,False,False,False,True,False,False,1
99,0,999999.0,625.0,25000.0,2,0,0,1,0,0,0,1,0,1,0,0,4,0,0,1,99,99,2,7,0,0,0,0,0,0,0.0,999999.0,999999.0,999999,99999.0,99999.0,99999.0,198.0,1,0,True,False,False,False,True,False,False,True,True,False,False,False,False,False,False,False,False,False,False,False,False,False,False,False,False,False,False,True,False,False,False,True,False,False,1
99,0,999999.0,187.0,31039.0,1,0,0,0,0,0,0,0,0,0,0,0,1,0,0,1,99,99,0,44,0,0,6,0,22,32,31039.0,25839.0,0.0,0,0.0,0.0,0.0,481.0,0,5,True,False,False,False,True,False,False,True,False,False,False,True,False,False,False,False,False,False,False,False,False,False,False,False,False,False,False,True,True,False,False,False,False,False,0
99,0,999999.0,1000.0,38400.0,1,1,1,1,0,0,0,0,0,0,2,1,4,2,0,1,17,15,0,48,1,0,8,0,41,68,30000.0,0.0,30000.0,0,0.0,0.0,0.0,305.0,1,1,True,False,False,False,True,False,False,True,False,False,False,True,False,False,False,False,False,False,False,False,False,False,False,False,False,True,False,False,False,False,True,False,False,False,0
99,1,137500.0,0.0,49491.0,1,1,1,1,2,0,1,1,0,1,0,0,5,0,0,1,99,99,2,11,1,1,2,1,0,0,0.0,999999.0,999999.0,999999,99999.0,99999.0,99999.0,334.0,1,0,True,False,False,False,True,False,False,True,True,False,False,False,False,False,False,False,False,False,False,False,False,False,False,False,False,False,False,True,False,False,False,True,False,False,1
99,0,999999.0,537.0,21138.0,1,1,1,1,0,0,0,0,0,0,2,1,3,1,0,1,18,18,0,42,1,0,7,0,22,18,15826.0,15826.0,0.0,0,0.0,0.0,0.0,218.0,0,5,True,False,False,False,True,False,False,True,False,False,False,True,False,False,False,False,False,False,False,False,False,False,False,False,False,False,False,True,False,False,True,False,False,False,1
99,0,999999.0,875.0,19000.0,1,1,1,1,1,0,1,2,0,1,0,0,5,0,0,1,99,99,2,6,1,1,0,1,0,0,0.0,999999.0,999999.0,999999,99999.0,99999.0,99999.0,128.0,1,0,True,False,False,False,True,False,False,True,True,False,False,False,False,False,False,False,False,False,False,False,False,True,False,False,False,False,False,False,False,False,False,True,False,False,1
99,1,275000.0,0.0,12000.0,2,1,0,0,0,0,0,0,0,0,2,2,4,0,0,1,99,99,0,73,0,0,6,0,0,0,4000.0,0.0,0.0,0,4000.0,0.0,0.0,95.0,0,8,True,False,False,False,True,False,False,True,False,False,False,True,False,False,False,False,False,False,False,False,False,False,False,False,False,False,False,True,False,False,True,False,False,False,1
99,0,999999.0,1000.0,21000.0,1,0,1,0,1,0,1,0,0,0,0,0,3,0,0,1,99,99,1,9,1,1,1,1,0,0,0.0,999999.0,999999.0,999999,99999.0,99999.0,99999.0,210.0,1,0,True,False,False,False,True,False,False,True,True,False,False,False,False,False,False,False,False,False,False,False,False,False,False,False,False,False,False,True,False,False,False,True,False,False,1
99,0,999999.0,437.0,46500.0,1,0,0,0,0,0,0,0,0,0,0,0,1,0,0,1,99,99,0,27,1,1,8,2,31,65,46500.0,45000.0,0.0,0,0.0,0.0,0.0,501.0,1,2,True,False,False,False,True,False,False,True,False,False,False,True,False,False,False,False,False,False,False,False,False,False,False,False,False,False,False,True,False,False,False,True,False,False,1
99,0,999999.0,875.0,14000.0,2,0,0,0,0,0,0,0,0,0,0,0,1,0,0,2,99,99,0,30,0,0,8,0,61,93,24168.0,16000.0,0.0,0,7168.0,0.0,0.0,375.0,1,0,True,False,False,False,True,False,False,True,False,False,False,False,False,True,False,False,False,False,False,False,False,False,False,False,False,False,False,True,False,False,False,True,False,False,1
99,0,999999.0,625.0,11697.0,2,1,1,1,2,0,1,1,0,1,0,0,4,0,0,1,99,99,1,8,1,0,1,0,0,0,0.0,999999.0,999999.0,999999,99999.0,99999.0,99999.0,93.0,1,0,True,False,False,False,True,False,False,True,True,False,False,False,False,False,False,False,False,False,False,False,False,False,False,True,False,False,False,False,False,False,False,True,False,False,1
99,0,999999.0,412.0,22274.0,1,1,1,1,2,0,1,1,0,1,0,0,5,0,0,1,99,99,2,30,1,0,7,0,22,18,0.0,0.0,0.0,0,0.0,0.0,0.0,144.0,1,0,True,False,False,False,True,False,False,True,True,False,False,False,False,False,False,False,False,False,False,False,False,False,False,False,False,True,False,False,False,False,False,True,False,False,0
99,1,225000.0,0.0,29757.0,2,1,2,1,0,0,0,0,0,0,0,0,6,0,0,1,99,99,0,38,0,0,7,0,0,0,0.0,0.0,0.0,0,0.0,0.0,0.0,167.0,1,0,True,False,False,False,True,False,False,True,False,False,False,False,False,False,True,False,False,False,False,False,False,False,False,True,False,False,False,False,False,True,False,False,False,False,1
99,1,400000.0,0.0,67000.0,2,0,0,0,0,0,0,0,0,0,0,0,1,0,0,2,99,99,0,46,0,0,8,0,48,87,76000.0,76000.0,0.0,0,0.0,0.0,0.0,501.0,0,0,True,False,False,False,True,False,False,True,False,False,False,False,False,False,False,False,False,True,False,False,False,False,False,False,False,False,False,True,False,False,False,True,False,False,1
99,0,999999.0,412.0,0.0,2,0,0,1,0,0,0,0,0,0,0,0,2,1,0,1,7,7,0,27,1,0,6,0,23,18,0.0,0.0,0.0,0,0.0,0.0,0.0,1.0,0,7,True,False,False,False,True,False,False,True,False,False,False,True,False,False,False,False,False,False,False,False,False,False,False,False,False,False,False,True,False,False,False,True,False,False,1
99,1,275000.0,0.0,71500.0,1,1,1,1,2,0,1,1,0,1,0,0,4,0,0,1,99,99,1,10,0,1,1,1,0,0,0.0,999999.0,999999.0,999999,99999.0,99999.0,99999.0,501.0,0,0,True,False,False,False,True,False,False,True,True,False,False,False,False,False,False,False,False,False,False,False,False,False,False,False,False,False,False,True,False,False,False,True,False,False,1
99,1,57500.0,0.0,7100.0,2,0,2,0,0,0,0,0,0,0,0,0,3,2,0,1,16,13,0,38,0,0,1,0,22,18,7000.0,7000.0,0.0,0,0.0,0.0,0.0,71.0,1,1,True,False,False,False,True,False,False,True,False,False,False,True,False,False,False,False,False,False,False,False,False,False,False,False,False,False,False,True,True,False,False,False,False,False,1
99,0,999999.0,487.0,24480.0,2,0,0,1,0,0,0,0,0,0,0,0,3,0,0,1,99,99,1,29,1,0,2,0,22,18,8160.0,8160.0,0.0,0,0.0,0.0,0.0,252.0,1,2,True,False,False,False,True,False,False,True,False,False,False,True,False,False,False,False,False,False,False,False,False,False,False,False,False,False,False,True,False,True,False,False,False,False,0
99,1,112500.0,0.0,30033.0,3,2,2,2,0,0,0,0,0,0,0,0,6,0,0,1,99,99,1,28,1,0,2,0,24,44,2000.0,2000.0,0.0,0,0.0,0.0,0.0,172.0,1,0,True,False,False,False,True,False,False,True,False,False,False,False,False,False,False,False,False,False,False,True,False,False,False,False,False,False,False,True,False,False,False,False,True,False,0
99,1,162500.0,0.0,77200.0,1,1,2,1,2,0,1,1,0,1,0,0,5,0,0,1,99,99,1,9,0,1,1,1,0,0,0.0,999999.0,999999.0,999999,99999.0,99999.0,99999.0,501.0,1,0,True,False,False,False,True,False,False,True,True,False,False,False,False,False,False,False,False,False,False,False,False,False,True,False,False,False,False,False,False,False,False,True,False,False,1
99,1,187500.0,0.0,56000.0,1,1,2,1,2,0,1,1,0,1,0,0,5,1,1,1,3,3,1,33,0,0,6,0,25,44,13000.0,8000.0,0.0,0,0.0,5000.0,0.0,358.0,0,0,True,False,False,False,True,False,False,True,True,False,False,False,False,False,False,False,False,False,False,False,False,False,True,False,False,False,False,False,False,False,False,False,True,False,1
99,1,137500.0,0.0,45000.0,2,1,1,1,0,0,0,0,0,0,0,0,6,0,0,1,99,99,1,28,1,1,2,1,17,5,16000.0,16000.0,0.0,0,0.0,0.0,0.0,263.0,1,0,True,False,False,False,True,False,False,True,False,False,False,False,False,False,False,False,False,False,False,True,False,False,False,False,False,False,False,True,False,False,False,True,False,False,1
99,0,999999.0,675.0,23000.0,1,1,1,1,2,0,1,1,0,1,0,0,4,0,0,1,99,99,1,3,0,1,0,1,0,0,0.0,999999.0,999999.0,999999,99999.0,99999.0,99999.0,183.0,1,0,True,False,False,False,True,False,False,True,True,False,False,False,False,False,False,False,False,False,False,False,False,False,True,False,False,False,False,False,False,False,False,True,False,False,1
99,1,350000.0,0.0,31844.0,1,1,0,0,0,0,0,0,0,0,2,1,2,0,0,1,99,99,0,61,1,0,8,0,26,58,20904.0,0.0,0.0,0,0.0,0.0,0.0,384.0,0,7,True,False,False,False,True,False,False,True,False,False,False,True,False,False,False,False,False,False,False,False,False,False,False,False,False,False,False,True,False,False,True,False,False,False,1
99,1,85000.0,0.0,11090.0,1,0,1,0,0,0,0,0,0,0,0,0,2,1,0,1,49,49,0,76,0,0,5,0,0,0,3530.0,0.0,0.0,0,2748.0,782.0,0.0,148.0,0,0,True,False,False,False,True,False,False,True,False,False,False,False,False,False,False,True,False,False,False,False,False,False,False,False,False,False,False,True,False,False,False,False,False,True,1
99,1,137500.0,0.0,36000.0,1,1,0,0,0,0,0,0,0,0,2,1,3,0,0,1,99,99,0,61,1,0,2,0,32,33,36000.0,36000.0,0.0,0,0.0,0.0,0.0,361.0,0,7,True,False,False,False,True,False,False,True,False,False,False,True,False,False,False,False,False,False,False,False,False,False,False,False,False,False,False,True,False,False,True,False,False,False,1
99,1,95000.0,0.0,52000.0,1,1,1,1,0,0,0,0,0,0,2,1,3,1,0,1,11,11,0,49,1,0,7,0,29,48,21000.0,21000.0,0.0,0,0.0,0.0,0.0,501.0,0,6,True,False,False,False,True,False,False,True,False,False,False,True,False,False,False,False,False,False,False,False,False,False,True,False,False,False,False,False,False,False,True,False,False,False,1
99,1,400000.0,0.0,70000.0,1,1,0,0,0,0,0,0,0,0,1,1,2,0,0,1,99,99,0,58,0,0,8,0,24,39,20000.0,20000.0,0.0,0,0.0,0.0,0.0,501.0,0,0,True,False,False,False,True,False,False,True,False,False,False,False,False,False,False,False,False,False,False,False,True,False,False,False,False,False,False,True,False,False,True,False,False,False,1
99,1,187500.0,0.0,43868.0,1,1,1,1,0,0,0,0,0,0,2,1,5,3,0,1,25,19,0,58,1,0,7,0,37,49,24980.0,24936.0,0.0,0,0.0,0.0,0.0,284.0,0,6,True,False,False,False,True,False,False,True,False,False,False,True,False,False,False,False,False,False,False,False,False,False,False,False,False,False,False,True,False,False,True,False,False,False,1
99,1,112500.0,0.0,49750.0,2,0,2,0,0,0,0,0,0,0,0,0,2,1,1,2,4,4,0,23,0,0,7,0,19,17,11220.0,4500.0,0.0,0,0.0,6720.0,0.0,131.0,1,0,True,False,False,False,True,False,False,True,False,False,False,False,False,True,False,False,False,False,False,False,False,False,True,False,False,False,False,False,False,False,False,True,False,False,1
99,0,999999.0,512.0,24838.0,1,1,1,1,2,0,1,1,0,1,0,0,8,0,0,1,99,99,4,15,1,1,2,1,0,0,0.0,999999.0,999999.0,999999,0.0,0.0,0.0,108.0,1,0,True,False,False,False,True,False,False,True,True,False,False,False,False,False,False,False,False,False,False,False,False,False,False,False,False,False,False,True,False,False,False,True,False,False,1
99,0,999999.0,337.0,25800.0,1,1,1,1,2,0,1,1,3,1,0,0,4,0,0,1,99,99,0,7,0,1,1,1,0,0,0.0,999999.0,999999.0,999999,99999.0,99999.0,99999.0,198.0,0,0,True,False,False,False,True,False,False,True,True,False,False,False,False,False,False,False,False,False,False,False,False,False,False,False,False,False,False,True,False,False,False,True,False,False,1
99,0,999999.0,537.0,84892.0,1,1,1,2,0,0,0,4,0,1,2,1,7,2,2,1,2,1,1,31,1,1,2,1,27,18,23642.0,23642.0,0.0,0,0.0,0.0,0.0,422.0,1,1,True,False,False,False,True,False,False,True,False,False,False,True,False,False,False,False,False,False,False,False,False,False,False,False,False,False,False,True,False,False,True,False,False,False,1
99,0,999999.0,512.0,23000.0,3,2,0,0,0,0,0,0,0,0,2,4,2,0,0,2,99,99,0,29,0,0,8,0,22,51,19000.0,19000.0,0.0,0,0.0,0.0,0.0,501.0,1,0,True,False,False,False,True,False,False,True,False,False,False,False,False,True,False,False,False,False,False,False,False,False,False,False,False,True,False,False,False,False,True,False,False,False,1
99,0,999999.0,875.0,50100.0,1,2,1,1,0,0,0,0,0,0,0,0,13,0,0,1,99,99,0,1,1,0,7,0,0,0,0.0,999999.0,999999.0,999999,99999.0,99999.0,99999.0,184.0,1,0,True,False,False,False,True,False,False,True,False,False,True,False,False,False,False,False,False,False,False,False,False,False,False,False,False,False,False,True,False,False,False,True,False,False,1
99,0,999999.0,675.0,8000.0,3,0,2,0,0,0,0,0,0,0,0,0,1,0,0,2,99,99,0,27,1,0,6,0,30,44,22000.0,22000.0,0.0,0,0.0,0.0,0.0,341.0,1,0,True,False,False,False,True,False,False,True,False,False,False,False,False,False,False,False,False,True,False,False,False,False,False,False,False,False,False,True,False,False,False,True,False,False,1
99,0,999999.0,575.0,17500.0,1,1,1,1,0,0,0,0,0,0,1,1,6,4,0,1,13,10,0,30,0,0,5,0,20,8,500.0,500.0,0.0,0,0.0,0.0,0.0,106.0,0,0,True,False,False,False,True,False,False,True,False,False,False,False,False,False,False,False,False,False,False,False,True,False,False,False,False,False,False,True,False,False,True,False,False,False,1
99,1,187500.0,0.0,89447.0,1,1,0,0,0,0,0,0,0,0,2,1,2,0,0,1,99,99,0,36,1,1,7,1,41,68,38447.0,38447.0,0.0,0,0.0,0.0,0.0,501.0,1,2,True,False,False,False,True,False,False,True,False,False,False,True,False,False,False,False,False,False,False,False,False,False,False,False,False,False,False,True,False,False,True,False,False,False,1
99,1,350000.0,0.0,124315.0,1,1,1,1,2,7,1,1,0,1,0,0,4,0,0,1,99,99,1,13,1,1,2,1,0,0,0.0,999999.0,999999.0,999999,99999.0,99999.0,99999.0,501.0,1,0,True,False,False,False,True,False,False,True,True,False,False,False,False,False,False,False,False,False,False,False,False,False,True,False,False,False,False,False,False,False,False,True,False,False,1
99,0,999999.0,512.0,26000.0,1,1,1,1,0,0,0,0,0,0,1,1,3,1,0,1,11,11,0,49,0,0,7,0,22,61,8000.0,8000.0,0.0,0,0.0,0.0,0.0,260.0,1,0,True,False,False,False,True,False,False,True,False,False,False,False,False,False,False,False,False,False,False,False,True,False,False,False,False,False,False,True,False,False,True,False,False,False,1
99,0,999999.0,537.0,13000.0,3,0,0,1,0,0,0,0,0,0,0,0,1,0,0,2,99,99,0,39,0,0,8,0,14,26,7000.0,0.0,7000.0,0,0.0,0.0,0.0,109.0,1,0,True,False,False,False,True,False,False,True,False,False,False,False,False,False,False,False,False,True,False,False,False,False,False,False,False,False,False,True,False,False,False,True,False,False,1
99,0,999999.0,875.0,36000.0,1,0,0,0,0,0,0,0,0,0,0,0,1,0,0,1,99,99,0,39,1,0,7,0,41,72,36000.0,33000.0,3000.0,0,0.0,0.0,0.0,501.0,1,2,True,False,False,False,True,False,False,True,False,False,False,True,False,False,False,False,False,False,False,False,False,False,False,False,False,False,False,True,True,False,False,False,False,False,1
99,1,187500.0,0.0,53000.0,1,1,1,1,2,0,1,1,0,1,0,0,5,0,0,1,99,99,2,8,0,1,1,1,0,0,0.0,999999.0,999999.0,999999,99999.0,99999.0,99999.0,358.0,0,0,True,False,False,False,True,False,False,True,True,False,False,False,False,False,False,False,False,False,False,False,False,False,False,False,False,False,False,True,False,False,False,True,False,False,1
99,0,999999.0,437.0,0.0,1,1,1,1,0,0,0,0,0,0,2,1,4,2,0,1,11,8,0,31,1,0,0,0,22,18,0.0,0.0,0.0,0,0.0,0.0,0.0,1.0,1,2,True,False,False,False,True,False,False,True,False,False,False,True,False,False,False,False,False,False,False,False,False,False,False,False,False,False,False,True,False,False,True,False,False,False,0
99,1,47500.0,0.0,8300.0,1,0,0,0,0,0,0,0,0,0,0,0,1,0,0,1,99,99,0,75,0,0,6,0,0,0,8300.0,0.0,0.0,0,0.0,3120.0,0.0,140.0,0,6,True,False,False,False,True,False,False,True,False,False,False,True,False,False,False,False,False,False,False,False,False,False,False,False,False,False,False,True,False,False,False,False,False,True,1
99,1,162500.0,0.0,51052.0,1,1,0,0,0,0,0,0,0,0,2,1,2,0,0,1,99,99,0,79,1,0,6,0,0,0,36617.0,0.0,0.0,0,3720.0,0.0,0.0,501.0,0,6,True,False,False,False,True,False,False,True,False,False,False,True,False,False,False,False,False,False,False,False,False,False,False,False,False,False,False,True,False,False,True,False,False,False,1
99,1,400000.0,0.0,135500.0,1,1,0,0,0,0,0,0,0,0,1,1,2,0,0,1,99,99,0,50,0,0,2,0,22,51,10000.0,10000.0,0.0,0,0.0,0.0,0.0,501.0,1,0,True,False,False,False,True,False,False,True,False,False,False,False,False,False,False,False,False,False,False,False,True,False,False,True,False,False,False,False,False,False,True,False,False,False,1
99,0,999999.0,387.0,6000.0,1,1,1,1,2,0,1,1,0,1,0,0,5,0,0,1,99,99,2,5,0,0,0,0,0,0,0.0,999999.0,999999.0,999999,99999.0,99999.0,99999.0,41.0,1,0,True,False,False,False,True,False,False,True,True,False,False,False,False,False,False,False,False,False,False,False,False,False,False,False,False,False,False,True,False,False,False,True,False,False,1
99,1,275000.0,0.0,28680.0,1,1,0,0,0,0,0,0,0,0,2,1,2,0,0,1,99,99,0,70,1,0,7,0,32,42,23774.0,0.0,0.0,0,10114.0,0.0,0.0,383.0,0,8,True,False,False,False,True,False,False,True,False,False,False,True,False,False,False,False,False,False,False,False,False,False,False,False,False,False,False,True,False,False,True,False,False,False,1
99,0,999999.0,512.0,37200.0,1,0,0,0,0,0,0,0,0,0,0,0,1,0,0,1,99,99,0,47,1,0,7,0,25,15,37200.0,37200.0,0.0,0,0.0,0.0,0.0,501.0,1,2,True,False,False,False,True,False,False,True,False,False,False,True,False,False,False,False,False,False,False,False,False,False,False,False,False,False,False,True,True,False,False,False,False,False,1
99,1,187500.0,0.0,48441.0,1,1,1,1,0,0,0,0,0,0,2,1,4,2,1,1,10,1,0,31,1,0,6,0,31,73,29454.0,29414.0,0.0,0,0.0,0.0,0.0,385.0,0,5,True,False,False,False,True,False,False,True,False,False,False,True,False,False,False,False,False,False,False,False,False,False,False,False,False,False,False,True,False,False,True,False,False,False,0
99,0,999999.0,625.0,62000.0,1,1,1,1,0,0,0,0,0,0,2,1,4,2,0,1,8,6,0,38,1,0,6,0,23,18,30000.0,30000.0,0.0,0,0.0,0.0,0.0,493.0,0,5,True,False,False,False,True,False,False,True,False,False,False,True,False,False,False,False,False,False,False,False,False,False,False,False,False,False,False,True,False,False,True,False,False,False,1
99,1,350000.0,0.0,92000.0,1,1,1,1,0,0,0,0,0,0,1,1,3,1,0,1,10,10,0,43,0,0,7,0,38,68,7000.0,0.0,0.0,0,0.0,0.0,0.0,501.0,0,0,True,False,False,False,True,False,False,True,False,False,False,False,False,False,False,False,False,False,False,False,True,False,False,False,False,False,False,True,False,False,True,False,False,False,1
99,1,12500.0,0.0,14000.0,1,1,1,1,2,0,1,1,0,1,0,0,4,0,0,1,99,99,1,5,0,0,0,0,0,0,0.0,999999.0,999999.0,999999,99999.0,99999.0,99999.0,111.0,1,0,True,False,False,False,True,False,False,True,True,False,False,False,False,False,False,False,False,False,False,False,False,False,False,False,False,False,False,True,False,False,False,True,False,False,1
99,0,999999.0,437.0,23000.0,1,0,0,1,0,0,0,0,0,0,0,0,2,1,1,1,4,4,0,31,1,0,7,0,24,44,23000.0,23000.0,0.0,0,0.0,0.0,0.0,269.0,1,1,True,False,False,False,True,False,False,True,False,False,False,True,False,False,False,False,False,False,False,False,False,False,False,False,False,False,False,True,False,False,False,False,True,False,1
99,0,999999.0,875.0,56000.0,2,0,0,1,0,0,0,0,0,0,0,0,13,0,0,1,99,99,6,22,1,0,3,0,29,27,10000.0,10000.0,0.0,0,0.0,0.0,0.0,225.0,1,0,True,False,False,False,True,False,False,True,False,False,False,False,False,False,False,False,False,False,True,False,False,False,False,False,False,False,False,True,False,True,False,False,False,False,1
99,0,999999.0,625.0,14500.0,1,0,1,0,1,7,1,0,0,0,0,0,4,0,0,1,99,99,2,18,1,0,4,0,23,18,0.0,0.0,0.0,0,0.0,0.0,0.0,112.0,1,0,True,False,False,False,True,False,False,True,True,False,False,False,False,False,False,False,False,False,False,False,False,False,False,False,False,False,False,True,False,False,False,True,False,False,1
99,0,999999.0,675.0,23000.0,1,0,0,0,0,0,0,0,0,0,0,0,1,0,0,1,99,99,0,27,0,0,7,0,41,68,23000.0,23000.0,0.0,0,0.0,0.0,0.0,357.0,0,2,True,False,False,False,True,False,False,True,False,False,False,True,False,False,False,False,False,False,False,False,False,False,False,False,False,False,False,True,False,False,False,True,False,False,1
99,0,999999.0,625.0,45500.0,4,0,0,0,0,0,0,0,0,0,0,0,1,0,0,4,99,99,0,20,1,0,6,0,23,18,10000.0,10000.0,0.0,0,0.0,0.0,0.0,155.0,1,0,True,False,False,False,True,False,False,True,False,False,False,False,False,False,False,False,False,True,False,False,False,False,False,False,False,False,False,True,False,False,False,True,False,False,1
99,0,999999.0,1000.0,52000.0,1,0,0,0,0,0,0,0,0,0,0,0,1,0,0,1,99,99,0,59,0,0,8,0,25,48,52000.0,32000.0,0.0,0,0.0,0.0,0.0,501.0,1,2,True,False,False,False,True,False,False,True,False,False,False,True,False,False,False,False,False,False,False,False,False,False,False,False,False,False,False,True,True,False,False,False,False,False,1
99,1,350000.0,0.0,35000.0,1,1,1,1,0,0,0,0,0,0,1,1,4,2,0,1,16,11,0,46,0,0,6,0,0,0,0.0,0.0,0.0,0,0.0,0.0,0.0,278.0,1,0,True,False,False,False,True,False,False,True,False,False,False,False,False,False,False,False,False,False,False,False,True,False,False,False,False,False,False,True,False,False,True,False,False,False,1
99,0,999999.0,412.0,15000.0,1,0,0,0,0,0,0,0,0,0,0,0,1,0,0,1,99,99,0,26,1,0,6,0,31,33,15000.0,15000.0,0.0,0,0.0,0.0,0.0,233.0,1,1,True,False,False,False,True,False,False,True,False,False,False,True,False,False,False,False,False,False,False,False,False,False,False,False,False,False,False,True,False,False,False,True,False,False,1
99,0,999999.0,875.0,122780.0,1,2,2,1,2,1,1,1,0,1,0,0,20,0,0,1,99,99,4,9,0,0,0,0,0,0,0.0,999999.0,999999.0,999999,99999.0,99999.0,99999.0,501.0,0,0,True,False,False,False,True,False,False,True,True,False,False,False,False,False,False,False,False,False,False,False,False,False,False,False,False,False,False,True,False,False,False,True,False,False,1
99,0,999999.0,282.0,5864.0,4,0,0,0,0,0,0,0,0,0,0,0,2,0,0,1,99,99,1,57,0,0,2,0,6,7,1664.0,1548.0,0.0,0,116.0,0.0,0.0,71.0,0,6,True,False,False,False,True,False,False,True,False,False,False,True,False,False,False,False,False,False,False,False,False,False,False,False,False,False,False,True,True,False,False,False,False,False,1
99,0,999999.0,412.0,48140.0,1,1,0,0,0,0,0,0,0,0,2,1,2,0,0,1,99,99,0,57,1,0,6,0,25,15,27640.0,27640.0,0.0,0,0.0,0.0,0.0,501.0,0,6,True,False,False,False,True,False,False,True,False,False,False,True,False,False,False,False,False,False,False,False,False,False,False,False,False,False,False,True,False,False,True,False,False,False,1
99,0,999999.0,575.0,25000.0,1,0,0,1,0,0,0,0,0,0,0,0,4,0,0,1,99,99,1,52,0,0,5,0,0,0,0.0,0.0,0.0,0,0.0,0.0,0.0,195.0,0,0,True,False,False,False,True,False,False,True,False,False,False,False,False,False,False,False,False,False,True,False,False,False,False,False,False,False,False,True,False,True,False,False,False,False,1
99,1,187500.0,0.0,73600.0,1,1,1,1,2,0,1,1,0,1,0,0,4,0,0,1,99,99,1,21,1,0,6,0,50,79,9600.0,9600.0,0.0,0,0.0,0.0,0.0,501.0,0,0,True,False,False,False,True,False,False,True,True,False,False,False,False,False,False,False,False,False,False,False,False,False,True,False,False,False,False,False,False,False,False,True,False,False,1
99,0,999999.0,575.0,22354.0,1,1,1,1,0,0,0,0,0,0,1,1,4,2,1,1,7,3,0,29,0,0,5,0,20,9,8400.0,8400.0,0.0,0,0.0,0.0,0.0,178.0,1,0,True,False,False,False,True,False,False,True,False,False,False,False,False,False,False,False,False,False,False,False,True,False,False,False,False,False,False,True,False,False,True,False,False,False,1
99,0,999999.0,875.0,37000.0,1,1,0,0,0,0,0,0,0,0,1,1,2,0,0,1,99,99,0,25,0,0,8,0,41,68,16500.0,16500.0,0.0,0,0.0,0.0,0.0,446.0,0,0,True,False,False,False,True,False,False,True,False,False,False,False,False,False,False,False,False,False,False,False,True,False,True,False,False,False,False,False,False,False,True,False,False,False,1
99,1,187500.0,0.0,50000.0,1,1,0,0,0,0,0,0,0,0,1,1,2,0,0,1,99,99,0,52,0,0,6,0,0,0,0.0,0.0,0.0,0,0.0,0.0,0.0,501.0,0,0,True,False,False,False,True,False,False,True,False,False,False,False,False,False,False,False,False,False,False,False,True,False,False,False,False,False,False,True,False,False,True,False,False,False,1
99,0,999999.0,1000.0,61000.0,1,1,1,1,0,0,0,0,0,0,2,1,5,3,0,1,16,10,0,42,1,0,8,0,41,68,61000.0,60000.0,1000.0,0,0.0,0.0,0.0,412.0,1,2,True,False,False,False,True,False,False,True,False,False,False,True,False,False,False,False,False,False,False,False,False,False,False,False,False,False,False,True,False,False,True,False,False,False,1
99,1,275000.0,0.0,40000.0,1,0,0,0,0,0,0,0,0,0,0,0,1,0,0,1,99,99,0,40,0,0,8,0,19,46,40000.0,40000.0,0.0,0,0.0,0.0,0.0,501.0,0,2,True,False,False,False,True,False,False,True,False,False,False,True,False,False,False,False,False,False,False,False,False,False,False,False,False,True,False,False,False,False,False,True,False,False,1
99,0,999999.0,675.0,10569.0,1,0,1,0,1,0,1,0,0,0,0,0,3,0,0,1,99,99,1,17,1,1,5,1,0,0,1680.0,0.0,0.0,0,0.0,1680.0,0.0,106.0,1,0,True,False,False,False,True,False,False,True,True,False,False,False,False,False,False,False,False,False,False,False,False,False,False,False,False,False,False,True,False,False,False,True,False,False,1
99,1,187500.0,0.0,71000.0,1,1,1,1,2,0,1,1,0,1,0,0,5,0,0,1,99,99,2,18,0,0,7,0,23,45,7000.0,7000.0,0.0,0,0.0,0.0,0.0,468.0,0,0,True,False,False,False,True,False,False,True,True,False,False,False,False,False,False,False,False,False,False,False,False,False,False,False,False,False,False,True,False,False,False,True,False,False,1
99,0,999999.0,487.0,25000.0,1,1,1,1,0,0,0,0,0,0,1,1,4,2,2,1,2,1,0,22,0,0,6,0,22,18,0.0,0.0,0.0,0,0.0,0.0,0.0,199.0,1,0,True,False,False,False,True,False,False,True,False,False,False,False,False,False,False,False,False,False,False,False,True,False,False,False,False,False,False,True,False,False,True,False,False,False,1
99,0,999999.0,387.0,13900.0,1,1,1,1,2,0,1,1,0,1,0,0,6,0,0,1,99,99,3,0,0,0,7,0,0,0,0.0,999999.0,999999.0,999999,99999.0,99999.0,99999.0,84.0,1,0,True,False,False,False,True,False,False,True,True,False,False,False,False,False,False,False,False,False,False,False,False,False,False,False,False,False,False,True,False,False,False,True,False,False,1
99,0,999999.0,437.0,20000.0,1,0,0,0,0,0,0,0,0,0,0,0,1,0,0,1,99,99,0,47,0,0,6,0,23,18,20000.0,20000.0,0.0,0,0.0,0.0,0.0,310.0,0,6,True,False,False,False,True,False,False,True,False,False,False,True,False,False,False,False,False,False,False,False,False,False,False,False,False,False,False,True,True,False,False,False,False,False,1
99,1,350000.0,0.0,126617.0,1,1,1,1,2,0,1,1,0,1,0,0,4,0,0,1,99,99,1,8,1,1,1,1,0,0,0.0,999999.0,999999.0,999999,99999.0,99999.0,99999.0,501.0,1,0,True,False,False,False,True,False,False,True,True,False,False,False,False,False,False,False,False,False,False,False,False,False,False,False,False,False,False,True,False,False,False,True,False,False,1
99,0,999999.0,675.0,8840.0,5,1,1,1,4,2,7,5,0,3,0,0,5,0,0,3,99,99,2,23,1,0,3,0,22,18,9000.0,9000.0,0.0,0,0.0,0.0,0.0,98.0,1,0,True,False,False,False,True,False,False,True,False,False,False,False,False,True,False,False,False,False,False,False,False,False,False,False,False,False,False,True,False,False,False,True,False,False,0
99,0,999999.0,875.0,50000.0,1,1,2,1,0,0,0,0,0,0,1,1,7,3,1,1,11,1,1,31,0,0,5,0,14,26,3000.0,0.0,3000.0,0,0.0,0.0,0.0,260.0,1,0,True,False,False,False,True,False,False,True,False,False,False,False,False,False,False,False,False,False,False,False,True,False,False,False,False,False,False,True,False,False,True,False,False,False,0
99,1,225000.0,0.0,60200.0,1,1,1,1,0,0,0,0,0,0,2,2,3,1,0,1,23,23,0,46,0,1,7,1,26,72,8200.0,8200.0,0.0,0,0.0,0.0,0.0,501.0,0,7,True,False,False,False,True,False,False,True,False,False,False,True,False,False,False,False,False,False,False,False,False,False,False,False,False,False,False,True,False,False,True,False,False,False,1
99,1,225000.0,0.0,27977.0,1,1,1,1,0,0,0,0,0,0,1,1,5,3,1,1,9,0,0,38,0,0,7,0,25,44,12643.0,12643.0,0.0,0,0.0,0.0,0.0,189.0,0,0,True,False,False,False,True,False,False,True,False,False,False,False,False,False,False,False,False,False,False,False,True,False,False,False,False,False,False,True,False,False,True,False,False,False,1
99,0,999999.0,875.0,31445.0,1,1,1,1,0,0,0,0,0,0,1,1,6,4,0,1,19,12,0,41,0,0,5,0,20,8,7212.0,7212.0,0.0,0,0.0,0.0,0.0,184.0,1,0,True,False,False,False,True,False,False,True,False,False,False,False,False,False,False,False,False,False,False,False,True,False,False,False,False,False,False,True,False,False,True,False,False,False,0
99,0,999999.0,1000.0,2000.0,3,0,0,0,0,0,0,0,0,0,0,0,1,0,0,1,99,99,0,22,1,1,7,1,35,49,2000.0,2000.0,0.0,0,0.0,0.0,0.0,31.0,1,1,True,False,False,False,True,False,False,True,False,False,False,True,False,False,False,False,False,False,False,False,False,False,False,False,False,True,False,False,False,False,False,True,False,False,1
99,1,400000.0,0.0,127000.0,2,1,1,1,1,0,1,2,0,1,0,0,4,0,0,1,99,99,1,12,1,1,2,2,0,0,0.0,999999.0,999999.0,999999,99999.0,99999.0,99999.0,501.0,0,0,True,False,False,False,True,False,False,True,True,False,False,False,False,False,False,False,False,False,False,False,False,False,False,False,False,False,False,True,False,False,False,True,False,False,1
99,1,5000.0,0.0,32000.0,2,0,0,0,0,0,0,0,0,0,0,0,1,0,0,1,99,99,0,29,1,0,6,0,37,49,32000.0,32000.0,0.0,0,0.0,0.0,0.0,496.0,1,2,True,False,False,False,True,False,False,True,False,False,False,True,False,False,False,False,False,False,False,False,False,False,False,False,False,False,False,True,True,False,False,False,False,False,1
99,0,999999.0,512.0,30500.0,1,0,0,1,0,0,0,1,0,1,0,0,5,0,0,1,99,99,3,25,0,0,3,0,0,0,0.0,0.0,0.0,0,0.0,0.0,0.0,198.0,1,0,True,False,False,False,True,False,False,True,True,False,False,False,False,False,False,False,False,False,False,False,False,False,False,False,False,False,False,True,False,False,False,True,False,False,1
99,1,350000.0,0.0,150458.0,1,1,0,0,0,0,0,0,0,0,1,1,2,0,0,1,99,99,0,53,0,0,8,0,26,72,48842.0,36686.0,0.0,0,0.0,0.0,0.0,501.0,0,0,True,False,False,False,True,False,False,True,False,False,False,False,False,False,False,False,False,False,False,False,True,False,False,False,False,False,False,True,False,False,True,False,False,False,1
99,1,52500.0,0.0,89600.0,1,1,1,1,0,0,0,0,0,0,1,1,5,3,0,1,29,20,0,41,0,0,7,0,41,68,18000.0,18000.0,0.0,0,0.0,0.0,0.0,501.0,0,0,True,False,False,False,True,False,False,True,False,False,False,False,False,False,False,False,False,False,False,False,True,False,False,False,False,False,False,True,False,False,True,False,False,False,1
99,0,999999.0,387.0,16469.0,1,0,1,0,0,0,0,0,0,0,0,0,5,2,1,1,8,0,1,42,0,0,6,0,25,44,16469.0,1280.0,0.0,0,0.0,15189.0,0.0,109.0,0,5,True,False,False,False,True,False,False,True,False,False,False,True,False,False,False,False,False,False,False,False,False,False,False,False,False,False,False,True,False,True,False,False,False,False,0
99,0,999999.0,625.0,100000.0,1,0,1,0,0,0,0,0,0,0,0,0,4,0,0,1,99,99,2,31,1,0,7,0,38,68,35000.0,35000.0,0.0,0,0.0,0.0,0.0,501.0,1,0,True,False,False,False,True,False,False,True,False,False,False,False,False,False,False,False,False,False,True,False,False,False,False,False,False,False,False,True,False,False,False,True,False,False,1
99,0,999999.0,675.0,8412.0,2,0,1,0,0,0,0,0,0,0,0,0,2,1,1,1,3,3,0,29,0,0,7,0,0,0,8412.0,0.0,0.0,0,5232.0,3180.0,0.0,98.0,0,2,True,False,False,False,True,False,False,True,False,False,False,True,False,False,False,False,False,False,False,False,False,False,False,False,False,False,False,True,False,False,False,True,False,False,1
99,1,187500.0,0.0,52723.0,1,0,2,0,1,0,1,0,0,0,0,0,5,0,0,1,99,99,2,13,1,1,2,1,0,0,0.0,999999.0,999999.0,999999,99999.0,99999.0,99999.0,337.0,0,0,True,False,False,False,True,False,False,True,True,False,False,False,False,False,False,False,False,False,False,False,False,False,False,False,False,False,False,True,False,False,False,True,False,False,1
99,0,999999.0,362.0,16000.0,1,1,1,1,0,0,0,0,0,0,1,1,7,5,2,1,14,1,0,41,0,0,2,0,0,0,0.0,0.0,0.0,0,0.0,0.0,0.0,86.0,0,0,True,False,False,False,True,False,False,True,False,False,False,False,False,False,False,False,False,False,False,False,True,False,False,False,False,False,False,True,False,False,True,False,False,False,1
99,0,999999.0,462.0,16000.0,2,0,0,0,0,0,0,0,0,0,0,0,1,0,0,2,99,99,0,20,1,0,7,0,20,8,6000.0,6000.0,0.0,0,0.0,0.0,0.0,93.0,1,0,True,False,False,False,True,False,False,True,False,False,False,False,False,False,False,False,False,True,False,False,False,False,False,False,False,False,False,True,False,False,False,True,False,False,1
99,1,225000.0,0.0,110691.0,1,1,1,1,2,0,1,1,0,1,0,0,4,0,0,1,99,99,0,32,1,0,7,0,20,8,0.0,0.0,0.0,0,0.0,0.0,0.0,501.0,0,0,True,False,False,False,True,False,False,True,True,False,False,False,False,False,False,False,False,False,False,False,False,False,False,False,False,False,False,True,False,False,False,True,False,False,1
99,0,999999.0,462.0,19644.0,1,0,0,0,0,0,0,0,0,0,0,0,1,0,0,1,99,99,0,28,0,0,7,0,27,39,19644.0,19644.0,0.0,0,0.0,0.0,0.0,305.0,1,2,True,False,False,False,True,False,False,True,False,False,False,True,False,False,False,False,False,False,False,False,False,False,False,False,False,False,False,True,False,False,False,True,False,False,1
99,0,999999.0,512.0,17532.0,2,0,1,0,0,0,0,0,0,0,0,0,5,0,0,1,99,99,0,1,1,0,7,0,0,0,0.0,999999.0,999999.0,999999,99999.0,99999.0,99999.0,116.0,1,0,True,False,False,False,True,False,False,True,False,False,False,False,False,False,True,False,False,False,False,False,False,False,False,False,False,False,False,True,False,False,False,True,False,False,1
99,0,999999.0,875.0,48400.0,2,0,0,0,0,0,0,0,0,0,0,0,1,0,0,1,99,99,0,35,1,0,8,0,11,18,48400.0,48000.0,0.0,0,0.0,0.0,0.0,501.0,1,2,True,False,False,False,True,False,False,True,False,False,False,True,False,False,False,False,False,False,False,False,False,False,False,False,False,False,False,True,False,False,False,True,False,False,1
99,1,112500.0,0.0,55883.0,2,0,2,0,3,0,5,0,0,0,0,0,4,0,0,1,99,99,0,0,1,0,7,0,0,0,0.0,999999.0,999999.0,999999,99999.0,99999.0,99999.0,430.0,1,0,True,False,False,False,True,False,False,True,False,False,True,False,False,False,False,False,False,False,False,False,False,False,False,False,False,False,False,True,False,False,False,True,False,False,1
99,1,162500.0,0.0,33858.0,1,1,2,1,0,0,0,0,0,0,2,1,5,2,1,1,16,3,0,49,1,0,6,0,23,18,33858.0,32794.0,0.0,0,0.0,0.0,664.0,229.0,0,6,True,False,False,False,True,False,False,True,False,False,False,True,False,False,False,False,False,False,False,False,False,False,False,False,False,False,False,True,False,False,True,False,False,False,1
99,0,999999.0,575.0,11376.0,1,1,1,1,0,0,0,0,0,0,1,1,3,1,0,1,9,9,0,50,0,0,0,0,0,0,5688.0,0.0,0.0,0,0.0,5688.0,0.0,114.0,1,0,True,False,False,False,True,False,False,True,False,False,False,False,False,False,False,False,False,False,False,False,True,False,False,False,False,True,False,False,False,False,True,False,False,False,1
99,0,999999.0,487.0,12000.0,1,1,1,1,1,0,1,2,0,1,0,0,4,0,0,1,99,99,1,2,0,0,7,0,0,0,0.0,999999.0,999999.0,999999,99999.0,99999.0,99999.0,95.0,1,0,True,False,False,False,True,False,False,True,True,False,False,False,False,False,False,False,False,False,False,False,False,False,False,False,False,False,False,True,False,False,False,True,False,False,1
99,1,225000.0,0.0,42700.0,6,0,0,0,0,0,0,0,0,0,0,0,1,0,0,3,99,99,0,21,1,0,5,0,23,16,10000.0,10000.0,0.0,0,0.0,0.0,0.0,155.0,1,0,True,False,False,False,True,False,False,True,False,False,False,False,False,False,False,False,False,True,False,False,False,False,False,False,False,False,False,True,False,False,False,True,False,False,1
99,0,999999.0,412.0,0.0,2,0,1,0,0,0,0,0,0,0,0,0,2,1,1,1,3,3,0,23,0,0,0,0,0,0,0.0,0.0,0.0,0,0.0,0.0,0.0,1.0,1,2,True,False,False,False,True,False,False,True,False,False,False,True,False,False,False,False,False,False,False,False,False,False,False,False,False,False,False,True,False,False,False,False,True,False,1
99,1,275000.0,0.0,56710.0,2,1,0,0,0,0,0,0,0,0,1,1,3,0,0,1,99,99,0,73,0,0,4,0,0,0,14467.0,0.0,0.0,0,1027.0,0.0,0.0,501.0,0,0,True,False,False,False,True,False,False,True,False,False,False,False,False,False,False,False,False,False,False,False,True,False,False,False,False,False,False,True,False,False,True,False,False,False,1
99,1,400000.0,0.0,90866.0,1,1,1,1,0,0,0,0,0,0,2,1,4,2,0,1,28,24,0,60,1,0,7,0,39,82,53558.0,53558.0,0.0,0,0.0,0.0,0.0,501.0,0,6,True,False,False,False,True,False,False,True,False,False,False,True,False,False,False,False,False,False,False,False,False,False,False,False,False,False,False,True,False,False,True,False,False,False,1
99,1,350000.0,0.0,65000.0,1,1,1,1,2,0,1,1,0,1,0,0,5,0,0,1,99,99,2,7,1,1,1,1,0,0,0.0,999999.0,999999.0,999999,99999.0,99999.0,99999.0,439.0,1,0,True,False,False,False,True,False,False,True,True,False,False,False,False,False,False,False,False,False,False,False,False,False,False,False,False,False,False,True,False,False,False,True,False,False,1
99,1,400000.0,0.0,101491.0,1,1,1,1,0,0,0,0,0,0,2,1,3,1,0,1,21,21,0,60,1,0,8,0,61,93,50000.0,0.0,50000.0,0,0.0,0.0,0.0,501.0,0,7,True,False,False,False,True,False,False,True,False,False,False,True,False,False,False,False,False,False,False,False,False,False,False,False,False,False,False,True,False,False,True,False,False,False,1
99,1,225000.0,0.0,67124.0,1,0,0,0,0,0,0,0,0,0,0,0,2,0,0,1,99,99,1,36,1,0,7,0,28,22,15124.0,15000.0,0.0,0,0.0,0.0,124.0,501.0,1,0,True,False,False,False,True,False,False,True,False,False,False,False,False,False,False,False,False,False,True,False,False,False,False,False,False,False,False,True,True,False,False,False,False,False,1
99,1,350000.0,0.0,60683.0,1,1,0,0,0,0,0,0,0,0,1,1,2,0,0,1,99,99,0,69,0,0,6,0,0,0,0.0,0.0,0.0,0,0.0,0.0,0.0,501.0,1,0,True,False,False,False,True,False,False,True,False,False,False,False,False,False,False,False,False,False,False,False,True,False,False,False,False,False,False,True,False,False,True,False,False,False,1
99,0,999999.0,725.0,21900.0,2,1,1,2,2,0,1,1,0,1,0,0,6,0,0,1,99,99,1,2,1,0,7,0,0,0,0.0,999999.0,999999.0,999999,99999.0,99999.0,99999.0,128.0,1,0,True,False,False,False,True,False,False,True,True,False,False,False,False,False,False,False,False,False,False,False,False,False,False,False,False,False,False,True,False,False,False,True,False,False,1
99,1,350000.0,0.0,97400.0,1,1,1,1,0,0,0,0,0,0,1,1,3,1,0,1,35,35,0,61,0,0,7,0,22,61,27400.0,25000.0,0.0,0,0.0,0.0,0.0,501.0,0,0,True,False,False,False,True,False,False,True,False,False,False,False,False,False,False,False,False,False,False,False,True,False,False,False,False,False,False,True,False,False,True,False,False,False,1
99,0,999999.0,875.0,20000.0,2,0,0,0,0,0,0,0,0,0,0,0,1,0,0,1,99,99,0,32,1,0,7,0,35,66,20000.0,20000.0,0.0,0,0.0,0.0,0.0,310.0,1,1,True,False,False,False,True,False,False,True,False,False,False,True,False,False,False,False,False,False,False,False,False,False,False,False,False,False,False,True,False,False,False,True,False,False,1
99,0,999999.0,487.0,80950.0,1,2,2,2,0,0,0,0,0,0,1,1,6,2,2,1,1,1,0,23,0,1,6,1,23,18,5000.0,5000.0,0.0,0,0.0,0.0,0.0,464.0,1,0,True,False,False,False,True,False,False,True,False,False,False,False,False,False,False,False,False,False,False,False,True,False,False,False,False,False,False,True,False,False,True,False,False,False,1
99,0,999999.0,725.0,69228.0,1,2,1,1,0,0,0,0,0,0,7,1,11,0,0,1,99,99,0,47,1,1,6,1,0,0,15189.0,0.0,0.0,0,0.0,15189.0,0.0,269.0,1,0,True,False,False,False,True,False,False,True,False,False,False,False,False,False,False,False,False,False,False,True,False,False,False,True,False,False,False,False,False,False,True,False,False,False,1
99,0,999999.0,1000.0,130000.0,1,0,0,0,0,0,0,0,0,0,0,0,1,0,0,1,99,99,0,66,1,0,8,0,37,78,130000.0,130000.0,0.0,0,0.0,0.0,0.0,501.0,1,2,True,False,False,False,True,False,False,True,False,False,False,True,False,False,False,False,False,False,False,False,False,False,False,False,False,False,False,True,False,True,False,False,False,False,1
99,1,137500.0,0.0,24000.0,1,1,1,1,0,0,0,0,0,0,2,1,3,1,0,1,15,15,0,46,1,0,6,0,29,27,24000.0,24000.0,0.0,0,0.0,0.0,0.0,240.0,0,6,True,False,False,False,True,False,False,True,False,False,False,True,False,False,False,False,False,False,False,False,False,False,False,False,False,False,False,True,False,False,True,False,False,False,1
99,1,350000.0,0.0,175903.0,1,1,0,0,0,0,0,0,0,0,2,1,2,0,0,1,99,99,0,30,1,0,8,0,41,68,133603.0,75000.0,0.0,0,0.0,0.0,0.0,501.0,1,2,True,False,False,False,True,False,False,True,False,False,False,True,False,False,False,False,False,False,False,False,False,False,False,False,False,False,False,True,False,False,True,False,False,False,1
99,0,999999.0,0.0,999999.0,1,0,0,0,0,0,0,0,0,0,0,0,1,0,0,1,99,99,0,90,0,0,6,0,0,0,10800.0,0.0,0.0,0,0.0,0.0,0.0,0.0,0,0,False,False,True,False,False,True,False,True,False,False,False,False,False,True,False,False,False,False,False,False,False,False,False,False,False,False,False,True,False,True,False,False,False,False,1
99,0,999999.0,625.0,58000.0,1,1,1,1,2,0,1,1,0,1,0,0,8,0,0,1,99,99,1,6,1,1,1,1,0,0,0.0,999999.0,999999.0,999999,99999.0,99999.0,99999.0,261.0,1,0,True,False,False,False,True,False,False,True,True,False,False,False,False,False,False,False,False,False,False,False,False,False,False,False,False,False,False,True,False,False,False,True,False,False,1
99,1,400000.0,0.0,318309.0,2,1,1,0,0,0,0,0,0,0,0,0,2,1,0,2,10,10,0,31,0,0,0,0,6,7,8000.0,8000.0,0.0,0,0.0,0.0,0.0,94.0,1,0,True,False,False,False,True,False,False,True,False,False,False,False,False,True,False,False,False,False,False,False,False,False,False,False,False,False,False,True,False,False,False,True,False,False,0
99,0,999999.0,875.0,18200.0,1,1,0,0,0,0,0,0,0,0,2,1,2,0,0,1,99,99,0,81,1,0,2,0,0,0,12000.0,0.0,0.0,0,12000.0,0.0,0.0,243.0,0,5,True,False,False,False,True,False,False,True,False,False,False,True,False,False,False,False,False,False,False,False,False,False,False,False,False,False,False,True,False,False,True,False,False,False,1
99,0,999999.0,512.0,23100.0,1,1,1,1,2,0,1,1,0,1,0,0,6,0,0,1,99,99,3,11,0,1,1,1,0,0,0.0,999999.0,999999.0,999999,99999.0,99999.0,99999.0,132.0,0,0,True,False,False,False,True,False,False,True,True,False,False,False,False,False,False,False,False,False,False,False,False,False,False,False,False,False,False,True,False,False,False,True,False,False,1
99,1,350000.0,0.0,62900.0,1,1,0,0,0,0,0,0,0,0,2,1,2,0,0,1,99,99,0,56,1,0,7,0,31,40,37900.0,0.0,36000.0,0,0.0,0.0,0.0,501.0,0,6,True,False,False,False,True,False,False,True,False,False,False,True,False,False,False,False,False,False,False,False,False,False,False,False,False,False,False,True,False,False,True,False,False,False,1
99,1,225000.0,0.0,83034.0,1,1,0,0,0,0,0,0,0,0,1,1,2,0,0,1,99,99,0,51,0,0,7,0,23,18,24352.0,24383.0,-1530.0,0,0.0,0.0,0.0,501.0,0,0,True,False,False,False,True,False,False,True,False,False,False,False,False,False,False,False,False,False,False,False,True,False,False,False,False,False,False,True,False,False,True,False,False,False,1
99,0,999999.0,875.0,0.0,1,1,1,1,2,0,1,1,0,1,0,0,4,0,0,1,99,99,1,14,1,1,2,1,0,0,0.0,999999.0,999999.0,999999,99999.0,99999.0,99999.0,1.0,0,0,True,False,False,False,True,False,False,True,True,False,False,False,False,False,False,False,False,False,False,False,False,False,False,False,False,False,False,True,False,False,False,True,False,False,1
99,0,999999.0,675.0,9888.0,1,1,1,1,0,0,0,0,0,0,1,1,4,2,0,1,16,13,0,35,0,1,4,1,0,0,9888.0,0.0,0.0,0,0.0,9888.0,0.0,79.0,1,0,True,False,False,False,True,False,False,True,False,False,False,False,False,False,False,False,False,False,False,False,True,False,False,False,False,False,False,True,False,False,True,False,False,False,1
99,0,999999.0,162.0,7800.0,1,0,0,0,0,0,0,0,0,0,0,0,1,0,0,1,99,99,0,69,0,0,6,0,0,0,7800.0,0.0,0.0,0,5304.0,2496.0,0.0,131.0,0,5,True,False,False,False,True,False,False,True,False,False,False,True,False,False,False,False,False,False,False,False,False,False,False,False,False,False,False,True,False,False,False,False,False,True,1
99,1,162500.0,0.0,26050.0,1,1,2,1,2,0,1,1,0,1,0,0,4,0,0,1,99,99,0,19,0,1,7,1,24,47,250.0,250.0,0.0,0,0.0,0.0,0.0,204.0,1,0,True,False,False,False,True,False,False,True,True,False,False,False,False,False,False,False,False,False,False,False,False,False,False,False,False,False,False,True,False,False,False,True,False,False,1
99,1,137500.0,0.0,27200.0,1,1,1,1,2,0,1,1,0,1,0,0,5,0,0,1,99,99,2,14,1,1,2,1,0,0,0.0,999999.0,999999.0,999999,99999.0,99999.0,99999.0,184.0,0,0,True,False,False,False,True,False,False,True,True,False,False,False,False,False,False,False,False,False,False,False,False,False,False,False,False,False,False,True,False,False,False,True,False,False,1
99,0,999999.0,1000.0,3700.0,3,0,0,0,0,0,0,0,0,0,0,0,1,0,0,1,99,99,0,22,1,0,8,0,35,68,3700.0,3700.0,0.0,0,0.0,0.0,0.0,57.0,1,1,True,False,False,False,True,False,False,True,False,False,False,True,False,False,False,False,False,False,False,False,False,False,False,False,False,False,False,True,False,False,False,True,False,False,1
99,1,400000.0,0.0,108000.0,1,1,1,1,2,0,1,1,0,1,0,0,5,0,0,1,99,99,2,13,1,1,2,2,0,0,0.0,999999.0,999999.0,999999,99999.0,99999.0,99999.0,501.0,1,0,True,False,False,False,True,False,False,True,True,False,False,False,False,False,False,False,False,False,False,False,False,False,False,False,False,False,False,True,False,False,False,True,False,False,1
99,0,999999.0,537.0,33903.0,1,1,1,1,0,0,0,0,0,0,2,1,4,2,1,1,5,2,0,32,1,1,8,1,30,44,18900.0,18900.0,0.0,0,0.0,0.0,0.0,270.0,0,2,True,False,False,False,True,False,False,True,False,False,False,True,False,False,False,False,False,False,False,False,False,False,True,False,False,False,False,False,False,False,True,False,False,False,1
99,0,999999.0,625.0,25000.0,5,0,0,0,0,0,0,0,0,0,0,0,1,0,0,4,99,99,0,26,0,0,5,0,14,26,0.0,0.0,0.0,0,0.0,0.0,0.0,1.0,1,0,True,False,False,False,True,False,False,True,False,False,False,False,False,False,False,False,False,True,False,False,False,False,False,False,False,False,False,True,True,False,False,False,False,False,1
99,1,400000.0,0.0,326031.0,1,1,1,1,2,0,1,1,0,1,0,0,5,0,0,1,99,99,2,16,0,1,4,1,0,0,0.0,0.0,0.0,0,0.0,0.0,0.0,501.0,0,0,True,False,False,False,True,False,False,True,True,False,False,False,False,False,False,False,False,False,False,False,False,False,False,False,False,False,False,True,False,False,False,True,False,False,1
99,1,400000.0,0.0,100000.0,1,1,1,1,0,0,0,0,0,0,1,1,3,1,0,1,18,18,0,44,0,0,8,0,31,65,0.0,0.0,0.0,0,0.0,0.0,0.0,501.0,1,0,True,False,False,False,True,False,False,True,False,False,False,False,False,False,False,False,False,False,False,False,True,False,False,False,False,False,False,True,False,False,True,False,False,False,1
99,1,400000.0,0.0,127515.0,1,1,1,1,2,0,1,1,0,1,0,0,5,0,0,1,99,99,2,8,1,1,1,2,0,0,0.0,999999.0,999999.0,999999,99999.0,99999.0,99999.0,501.0,0,0,True,False,False,False,True,False,False,True,True,False,False,False,False,False,False,False,False,False,False,False,False,False,False,False,False,False,False,True,False,False,False,True,False,False,1
99,0,999999.0,312.0,52000.0,1,1,1,1,2,0,1,1,0,1,0,0,7,0,0,1,99,99,4,14,0,1,3,1,0,0,0.0,999999.0,999999.0,999999,99999.0,99999.0,99999.0,280.0,1,0,True,False,False,False,True,False,False,True,True,False,False,False,False,False,False,False,False,False,False,False,False,False,False,False,False,True,False,False,False,False,False,True,False,False,1
99,1,225000.0,0.0,60500.0,1,1,0,0,0,0,0,0,0,0,1,1,3,0,0,1,99,99,0,32,0,0,7,0,29,48,22000.0,22000.0,0.0,0,0.0,0.0,0.0,501.0,1,0,True,False,False,False,True,False,False,True,False,False,False,False,False,False,False,False,False,False,False,False,True,False,False,False,False,False,False,True,False,False,True,False,False,False,1
99,0,999999.0,875.0,85030.0,1,1,1,1,2,0,1,1,0,1,0,0,4,0,0,1,99,99,1,3,0,0,0,0,0,0,0.0,999999.0,999999.0,999999,99999.0,99999.0,99999.0,501.0,1,0,True,False,False,False,True,False,False,True,True,False,False,False,False,False,False,False,False,False,False,False,False,False,False,False,False,False,False,True,False,False,False,True,False,False,1
99,1,350000.0,0.0,124315.0,1,1,1,1,0,0,0,0,0,0,2,1,4,2,1,1,13,1,0,34,1,0,8,0,79,92,124315.0,0.0,123515.0,0,0.0,0.0,0.0,501.0,1,2,True,False,False,False,True,False,False,True,False,False,False,True,False,False,False,False,False,False,False,False,False,False,False,False,False,False,False,True,False,False,True,False,False,False,1
99,0,999999.0,512.0,32600.0,1,1,1,0,0,0,0,0,0,0,0,0,6,2,0,1,31,29,0,64,0,0,0,0,0,0,7600.0,0.0,0.0,0,7600.0,0.0,0.0,183.0,1,0,True,False,False,False,True,False,False,True,False,False,False,False,False,False,False,False,True,False,False,False,False,False,False,False,False,False,False,True,False,False,False,True,False,False,1
99,0,999999.0,675.0,29449.0,1,1,1,1,2,0,1,1,0,1,0,0,5,0,0,1,99,99,2,2,0,0,7,0,0,0,0.0,999999.0,999999.0,999999,99999.0,99999.0,99999.0,199.0,1,0,True,False,False,False,True,False,False,True,True,False,False,False,False,False,False,False,False,False,False,False,False,False,False,False,False,False,False,True,False,False,False,True,False,False,1
99,1,162500.0,0.0,52800.0,1,1,1,1,0,0,0,0,0,0,2,1,4,2,0,1,13,11,0,36,1,1,7,1,38,49,46000.0,46000.0,0.0,0,0.0,0.0,0.0,420.0,0,6,True,False,False,False,True,False,False,True,False,False,False,True,False,False,False,False,False,False,False,False,False,False,True,False,False,False,False,False,False,False,True,False,False,False,1
99,0,999999.0,262.0,20000.0,1,0,0,0,0,0,0,0,0,0,0,0,1,0,0,1,99,99,0,26,1,0,6,0,32,44,20000.0,20000.0,0.0,0,0.0,0.0,0.0,310.0,1,5,True,False,False,False,True,False,False,True,False,False,False,True,False,False,False,False,False,False,False,False,False,False,True,False,False,False,False,False,False,False,False,True,False,False,1
99,1,400000.0,0.0,49000.0,2,0,1,0,0,0,0,0,0,0,0,0,3,1,0,1,12,12,1,36,0,0,7,0,22,32,49000.0,47000.0,0.0,0,0.0,0.0,0.0,491.0,1,2,True,False,False,False,True,False,False,True,False,False,False,True,False,False,False,False,False,False,False,False,False,False,False,False,False,False,False,True,False,False,False,False,False,True,1
99,0,999999.0,875.0,38000.0,4,0,0,0,0,0,0,0,0,0,0,0,1,0,0,4,99,99,0,27,1,0,6,0,20,8,15600.0,15600.0,0.0,0,0.0,0.0,0.0,242.0,1,0,True,False,False,False,True,False,False,True,False,False,False,False,False,False,False,False,False,True,False,False,False,False,False,False,False,False,False,True,True,False,False,False,False,False,0
99,0,999999.0,875.0,32500.0,1,1,1,1,0,0,0,0,0,0,2,1,4,2,0,1,19,15,0,45,1,0,8,0,14,14,20000.0,0.0,0.0,20000,0.0,0.0,0.0,250.0,0,6,True,False,False,False,True,False,False,True,False,False,False,True,False,False,False,False,False,False,False,False,False,False,False,False,False,False,False,True,False,False,True,False,False,False,1
99,1,275000.0,0.0,65624.0,1,1,1,1,2,0,1,1,0,1,0,0,6,0,0,1,99,99,3,22,0,1,7,1,41,68,14450.0,14400.0,0.0,0,0.0,0.0,0.0,370.0,1,0,True,False,False,False,True,False,False,True,True,False,False,False,False,False,False,False,False,False,False,False,False,False,False,True,False,False,False,False,False,False,False,True,False,False,1
99,0,999999.0,437.0,12437.0,1,0,1,0,1,0,1,0,0,0,0,0,2,0,0,1,99,99,0,7,1,1,1,1,0,0,0.0,999999.0,999999.0,999999,99999.0,99999.0,99999.0,146.0,0,0,True,False,False,False,True,False,False,True,True,False,False,False,False,False,False,False,False,False,False,False,False,False,False,False,False,False,False,True,False,False,False,True,False,False,1
99,0,999999.0,487.0,28103.0,1,1,1,1,2,0,1,1,0,1,0,0,4,0,0,1,99,99,1,9,1,1,1,1,0,0,0.0,999999.0,999999.0,999999,99999.0,99999.0,99999.0,223.0,1,0,True,False,False,False,True,False,False,True,True,False,False,False,False,False,False,False,False,False,False,False,False,False,False,False,False,False,False,True,False,False,False,True,False,False,1
99,1,400000.0,0.0,75300.0,1,1,1,1,0,0,0,0,0,0,1,1,3,1,0,1,15,15,0,54,0,0,8,0,37,78,0.0,0.0,0.0,0,0.0,0.0,0.0,501.0,0,0,True,False,False,False,True,False,False,True,False,False,False,False,False,False,False,False,False,False,False,False,True,False,False,False,False,False,False,True,False,False,True,False,False,False,1
99,1,275000.0,0.0,56000.0,1,1,1,1,2,0,1,1,0,1,0,0,5,0,0,1,99,99,2,17,0,1,5,2,20,8,0.0,0.0,0.0,0,0.0,0.0,0.0,369.0,0,0,True,False,False,False,True,False,False,True,True,False,False,False,False,False,False,False,False,False,False,False,False,False,False,False,False,False,False,True,False,False,False,True,False,False,0
99,1,187500.0,0.0,71000.0,1,1,2,1,0,0,0,0,0,0,1,1,7,4,0,1,33,15,0,54,0,0,5,0,0,0,0.0,0.0,0.0,0,0.0,0.0,0.0,353.0,0,0,True,False,False,False,True,False,False,True,False,False,False,False,False,False,False,False,False,False,False,False,True,False,False,False,False,False,False,True,False,False,True,False,False,False,1
99,1,22500.0,0.0,16000.0,1,1,2,1,0,0,0,0,0,0,0,0,6,1,0,1,45,45,0,66,0,0,0,0,0,0,0.0,0.0,0.0,0,0.0,0.0,0.0,94.0,1,0,True,False,False,False,True,False,False,True,False,False,False,False,False,False,False,True,False,False,False,False,False,False,False,True,False,False,False,False,False,False,False,False,False,True,1
99,1,275000.0,0.0,44220.0,1,1,1,1,0,0,0,0,0,0,1,1,3,1,1,1,0,0,0,34,0,0,7,0,25,44,34000.0,34000.0,0.0,0,0.0,0.0,0.0,443.0,1,0,True,False,False,False,True,False,False,True,False,False,False,False,False,False,False,False,False,False,False,False,True,False,False,False,False,False,False,True,False,False,True,False,False,False,1
99,0,999999.0,725.0,19211.0,1,1,1,1,2,0,1,1,3,1,0,0,7,0,0,1,99,99,3,15,1,1,3,1,0,0,0.0,999999.0,999999.0,999999,0.0,0.0,0.0,104.0,1,0,True,False,False,False,True,False,False,True,True,False,False,False,False,False,False,False,False,False,False,False,False,False,False,False,False,False,False,True,False,False,False,True,False,False,1
99,0,999999.0,512.0,13560.0,3,0,2,0,1,0,1,0,0,0,0,0,4,0,0,1,99,99,2,10,0,1,1,1,0,0,0.0,999999.0,999999.0,999999,99999.0,99999.0,99999.0,107.0,1,0,True,False,False,False,True,False,False,True,True,False,False,False,False,False,False,False,False,False,False,False,False,False,False,False,False,False,False,True,False,False,False,True,False,False,1
99,1,62500.0,0.0,60137.0,1,1,0,0,0,0,0,0,0,0,1,1,2,0,0,1,99,99,0,47,0,0,7,0,41,68,32000.0,32000.0,0.0,0,0.0,0.0,0.0,501.0,0,0,True,False,False,False,True,False,False,True,False,False,False,False,False,False,False,False,False,False,False,False,True,False,False,False,False,False,False,True,False,False,True,False,False,False,1
99,1,400000.0,0.0,88241.0,1,1,1,1,0,0,0,0,0,0,1,1,3,1,0,1,17,17,0,47,0,0,1,0,23,18,9600.0,0.0,9600.0,0,0.0,0.0,0.0,501.0,1,0,True,False,False,False,True,False,False,True,False,False,False,False,False,False,False,False,False,False,False,False,True,False,False,False,False,False,False,True,False,False,True,False,False,False,1
99,0,999999.0,462.0,11000.0,1,1,1,1,2,0,1,1,0,1,0,0,5,0,0,1,99,99,2,11,0,1,2,1,0,0,0.0,999999.0,999999.0,999999,99999.0,99999.0,99999.0,74.0,0,0,True,False,False,False,True,False,False,True,True,False,False,False,False,False,False,False,False,False,False,False,False,False,False,False,False,False,False,True,False,False,False,True,False,False,1
99,0,999999.0,512.0,18600.0,3,0,1,0,0,0,0,0,0,0,0,0,6,0,0,1,99,99,0,4,0,0,0,0,0,0,0.0,999999.0,999999.0,999999,99999.0,99999.0,99999.0,109.0,1,0,True,False,False,False,True,False,False,True,False,False,False,False,False,False,True,False,False,False,False,False,False,False,False,False,False,False,False,True,False,False,False,True,False,False,1
99,1,275000.0,0.0,55440.0,1,1,1,1,0,0,0,0,0,0,1,1,4,2,0,1,12,9,0,36,0,0,6,0,24,47,25440.0,24000.0,0.0,0,1440.0,0.0,0.0,441.0,0,0,True,False,False,False,True,False,False,True,False,False,False,False,False,False,False,False,False,False,False,False,True,False,False,False,False,False,False,True,False,False,True,False,False,False,1
99,0,999999.0,875.0,43500.0,1,1,1,1,0,0,0,0,0,0,2,1,6,4,0,1,29,21,0,60,1,0,6,0,41,68,10000.0,0.0,10000.0,0,0.0,0.0,0.0,245.0,1,2,True,False,False,False,True,False,False,True,False,False,False,True,False,False,False,False,False,False,False,False,False,False,False,False,False,True,False,False,False,False,True,False,False,False,1
99,0,999999.0,537.0,23501.0,1,1,2,1,2,0,1,1,0,1,0,0,5,0,0,1,99,99,1,4,1,1,0,1,0,0,0.0,999999.0,999999.0,999999,99999.0,99999.0,99999.0,155.0,1,0,True,False,False,False,True,False,False,True,True,False,False,False,False,False,False,False,False,False,False,False,False,False,False,False,False,True,False,False,False,False,False,True,False,False,1
99,0,999999.0,725.0,41682.0,1,1,0,0,0,0,0,0,0,0,2,1,2,0,0,1,99,99,0,85,1,0,2,0,24,47,36990.0,0.0,0.0,0,23090.0,0.0,0.0,501.0,0,5,True,False,False,False,True,False,False,True,False,False,False,True,False,False,False,False,False,False,False,False,False,False,False,False,False,False,False,True,False,False,True,False,False,False,1
99,0,999999.0,1000.0,7500.0,3,0,0,0,0,0,0,0,0,0,0,0,1,0,0,1,99,99,0,20,1,1,7,2,24,44,7500.0,7500.0,0.0,0,0.0,0.0,0.0,116.0,1,1,True,False,False,False,True,False,False,True,False,False,False,True,False,False,False,False,False,False,False,False,False,False,False,False,False,False,False,True,False,False,False,True,False,False,1
99,1,225000.0,0.0,55300.0,1,1,1,1,0,0,0,0,0,0,1,1,4,2,0,1,41,30,0,72,0,0,6,0,0,0,0.0,0.0,0.0,0,0.0,0.0,0.0,432.0,0,0,True,False,False,False,True,False,False,True,False,False,False,False,False,False,False,False,False,False,False,False,True,False,False,False,False,False,False,True,False,False,True,False,False,False,1
99,0,999999.0,512.0,15189.0,2,0,1,0,1,0,1,0,0,0,0,0,6,0,0,1,99,99,3,0,0,0,7,0,0,0,0.0,999999.0,999999.0,999999,99999.0,99999.0,99999.0,92.0,1,0,True,False,False,False,True,False,False,True,True,False,False,False,False,False,False,False,False,False,False,False,False,False,False,False,False,False,False,True,False,False,False,True,False,False,1
99,0,999999.0,537.0,57890.0,1,1,1,1,0,0,0,0,0,0,0,0,8,0,0,1,99,99,3,24,1,0,6,0,23,18,10000.0,10000.0,0.0,0,0.0,0.0,0.0,260.0,0,0,True,False,False,False,True,False,False,True,False,False,False,False,False,False,False,False,False,False,False,True,False,False,False,False,False,False,False,True,False,False,False,True,False,False,1
99,0,999999.0,575.0,31575.0,3,0,0,1,0,0,0,0,0,0,0,0,8,0,0,1,99,99,0,21,1,0,6,0,23,18,2275.0,2275.0,0.0,0,0.0,0.0,0.0,142.0,1,0,True,False,False,False,True,False,False,True,False,False,False,False,False,False,True,False,False,False,False,False,False,False,False,False,False,False,False,True,False,False,False,True,False,False,0
99,0,999999.0,462.0,24000.0,1,1,1,1,0,0,0,0,0,0,1,1,3,1,0,1,6,6,0,28,0,1,8,1,26,72,3000.0,3000.0,0.0,0,0.0,0.0,0.0,240.0,1,0,True,False,False,False,True,False,False,True,False,False,False,False,False,False,False,False,False,False,False,False,True,False,False,False,False,False,False,True,False,False,True,False,False,False,1
99,0,999999.0,0.0,999999.0,1,0,0,0,0,0,0,0,0,0,0,0,1,0,0,1,99,99,0,36,0,1,7,2,0,0,8400.0,0.0,0.0,0,1200.0,0.0,0.0,0.0,1,0,False,False,True,False,False,True,False,True,False,False,False,False,False,True,False,False,False,False,False,False,False,False,False,False,False,False,False,True,True,False,False,False,False,False,1
99,1,162500.0,0.0,6744.0,1,0,0,0,0,0,0,0,0,0,0,0,1,0,0,1,99,99,0,82,1,0,4,0,0,0,6744.0,0.0,0.0,0,6744.0,0.0,0.0,113.0,0,8,True,False,False,False,True,False,False,True,False,False,False,True,False,False,False,False,False,False,False,False,False,False,False,False,False,False,False,True,False,False,False,False,False,True,1
99,0,999999.0,575.0,18200.0,1,0,1,0,1,0,1,0,0,0,0,0,9,0,0,1,99,99,5,1,0,0,7,0,0,0,0.0,999999.0,999999.0,999999,99999.0,99999.0,99999.0,73.0,1,0,True,False,False,False,True,False,False,True,True,False,False,False,False,False,False,False,False,False,False,False,False,False,True,False,False,False,False,False,False,False,False,True,False,False,1
99,0,999999.0,725.0,30930.0,1,1,1,1,0,0,0,0,0,0,1,1,3,1,0,1,14,14,0,34,0,0,7,0,24,33,15794.0,15794.0,0.0,0,0.0,0.0,0.0,310.0,1,0,True,False,False,False,True,False,False,True,False,False,False,False,False,False,False,False,False,False,False,False,True,False,False,False,False,False,False,True,False,False,True,False,False,False,1
99,0,999999.0,725.0,34400.0,1,1,2,1,0,0,0,0,0,0,1,1,7,1,0,1,5,5,1,34,0,0,2,0,22,18,10000.0,10000.0,0.0,0,0.0,0.0,0.0,174.0,0,0,True,False,False,False,True,False,False,True,False,False,False,False,False,False,False,False,False,False,False,False,True,False,False,False,False,False,False,True,False,False,True,False,False,False,1
99,1,225000.0,0.0,31111.0,1,1,2,1,0,0,0,0,0,0,1,2,7,4,2,1,15,0,0,39,1,0,3,0,25,19,21468.0,14974.0,0.0,0,0.0,0.0,6494.0,162.0,0,0,True,False,False,False,True,False,False,True,False,False,False,False,False,False,False,False,False,False,False,False,True,False,False,False,False,False,False,True,False,False,True,False,False,False,1
99,1,112500.0,0.0,42000.0,2,1,2,1,6,0,3,0,0,0,0,0,4,0,0,2,99,99,2,11,0,1,2,1,0,0,0.0,999999.0,999999.0,999999,99999.0,99999.0,99999.0,95.0,0,0,True,False,False,False,True,False,False,True,False,False,False,False,False,True,False,False,False,False,False,False,False,False,False,False,False,False,False,True,False,False,False,True,False,False,1
99,1,162500.0,0.0,50000.0,1,0,1,0,1,0,1,0,0,0,0,0,2,0,0,1,99,99,0,8,1,1,1,1,0,0,0.0,999999.0,999999.0,999999,99999.0,99999.0,99999.0,501.0,1,0,True,False,False,False,True,False,False,True,True,False,False,False,False,False,False,False,False,False,False,False,False,False,True,False,False,False,False,False,False,False,False,True,False,False,1
99,0,999999.0,362.0,0.0,1,1,1,1,0,0,0,0,0,0,1,1,3,1,0,1,57,57,0,75,0,0,8,0,0,0,0.0,0.0,0.0,0,0.0,0.0,0.0,1.0,0,0,True,False,False,False,True,False,False,True,False,False,False,False,False,False,False,False,False,False,False,False,True,False,True,False,False,False,False,False,False,False,True,False,False,False,1
99,1,85000.0,0.0,38600.0,1,1,4,1,0,0,0,0,0,0,2,2,11,5,0,1,42,27,0,63,0,0,6,0,14,26,3000.0,3000.0,0.0,0,0.0,0.0,0.0,143.0,0,5,True,False,False,False,True,False,False,True,False,False,False,True,False,False,False,False,False,False,False,False,False,False,False,False,False,False,False,True,False,False,True,False,False,False,0
99,0,999999.0,487.0,23725.0,1,0,0,0,0,0,0,0,0,0,0,0,1,0,0,1,99,99,0,33,0,0,7,0,22,61,23725.0,23700.0,0.0,0,0.0,0.0,0.0,368.0,0,2,True,False,False,False,True,False,False,True,False,False,False,True,False,False,False,False,False,False,False,False,False,False,False,False,False,False,False,True,False,False,False,True,False,False,1
99,1,162500.0,0.0,49500.0,1,1,1,1,0,0,0,0,0,0,1,1,3,1,0,1,19,19,0,42,0,0,7,0,23,45,22000.0,22000.0,0.0,0,0.0,0.0,0.0,501.0,0,0,True,False,False,False,True,False,False,True,False,False,False,False,False,False,False,False,False,False,False,False,True,False,True,False,False,False,False,False,False,False,True,False,False,False,1
99,1,85000.0,0.0,2000.0,1,0,2,0,5,0,2,0,0,0,0,0,5,0,0,1,99,99,2,12,0,1,2,1,0,0,0.0,999999.0,999999.0,999999,99999.0,99999.0,99999.0,14.0,0,0,True,False,False,False,True,False,False,True,False,False,True,False,False,False,False,False,False,False,False,False,False,False,True,False,False,False,False,False,False,False,False,True,False,False,1
99,0,999999.0,1.0,23200.0,1,1,1,1,2,0,1,1,0,1,0,0,5,0,0,1,99,99,2,5,1,1,0,1,0,0,0.0,999999.0,999999.0,999999,99999.0,99999.0,99999.0,153.0,1,0,True,False,False,False,True,False,False,True,True,False,False,False,False,False,False,False,False,False,False,False,False,False,False,False,False,False,False,True,False,False,False,True,False,False,1
99,0,999999.0,512.0,20000.0,1,0,1,0,1,0,1,0,0,0,0,0,7,0,0,1,99,99,5,20,1,0,5,0,16,15,8000.0,8000.0,0.0,0,0.0,0.0,0.0,104.0,1,0,True,False,False,False,True,False,False,True,True,False,False,False,False,False,False,False,False,False,False,False,False,False,False,False,False,False,False,True,False,False,False,True,False,False,1
99,1,350000.0,0.0,75395.0,1,1,1,1,0,0,0,0,0,0,1,1,4,2,0,1,10,5,0,36,0,0,8,0,19,46,59025.0,59000.0,0.0,0,0.0,0.0,0.0,501.0,1,0,True,False,False,False,True,False,False,True,False,False,False,False,False,False,False,False,False,False,False,False,True,False,False,False,False,False,False,True,False,False,True,False,False,False,1
99,1,275000.0,0.0,21619.0,1,1,1,1,2,0,1,1,0,1,0,0,3,0,0,1,99,99,0,1,0,0,7,0,0,0,0.0,999999.0,999999.0,999999,99999.0,99999.0,99999.0,217.0,1,0,True,False,False,False,True,False,False,True,True,False,False,False,False,False,False,False,False,False,False,False,False,False,False,False,False,False,False,True,False,False,False,True,False,False,1
99,1,225000.0,0.0,50854.0,1,1,0,0,0,0,0,0,0,0,1,1,2,0,0,1,99,99,0,68,0,0,6,0,0,0,0.0,0.0,0.0,0,0.0,0.0,0.0,501.0,0,0,True,False,False,False,True,False,False,True,False,False,False,False,False,False,False,False,False,False,False,False,True,False,False,False,False,False,False,True,False,False,True,False,False,False,1
99,0,999999.0,875.0,28000.0,1,1,0,0,0,0,0,0,0,0,2,1,2,0,0,1,99,99,0,26,1,1,8,1,38,68,16000.0,6000.0,0.0,0,0.0,0.0,10000.0,337.0,1,1,True,False,False,False,True,False,False,True,False,False,False,True,False,False,False,False,False,False,False,False,False,False,False,False,False,False,False,True,False,False,True,False,False,False,1
99,0,999999.0,462.0,13000.0,1,1,1,1,2,0,1,1,0,1,0,0,3,0,0,1,99,99,0,2,0,0,7,0,0,0,0.0,999999.0,999999.0,999999,99999.0,99999.0,99999.0,130.0,1,0,True,False,False,False,True,False,False,True,True,False,False,False,False,False,False,False,False,False,False,False,False,False,False,False,False,False,False,True,False,False,False,True,False,False,1
99,1,400000.0,0.0,31500.0,1,1,0,0,0,0,0,0,0,0,1,1,2,0,0,1,99,99,0,78,0,0,7,0,0,0,0.0,0.0,0.0,0,0.0,0.0,0.0,420.0,0,0,True,False,False,False,True,False,False,True,False,False,False,False,False,False,False,False,False,False,False,False,True,False,False,False,False,False,False,True,False,False,True,False,False,False,1
99,0,999999.0,575.0,28015.0,1,2,2,2,0,0,0,0,0,0,5,1,6,1,1,1,1,1,0,28,1,0,2,0,22,18,16000.0,16000.0,0.0,0,0.0,0.0,0.0,161.0,1,0,True,False,False,False,True,False,False,True,False,False,False,False,False,False,False,False,False,False,False,True,False,False,False,False,False,False,False,True,False,False,True,False,False,False,1
99,1,52500.0,0.0,19759.0,1,1,0,0,0,0,0,0,0,0,1,1,2,0,0,1,99,99,0,72,0,0,2,0,0,0,4714.0,0.0,0.0,0,4714.0,0.0,0.0,264.0,0,0,True,False,False,False,True,False,False,True,False,False,False,False,False,False,False,False,False,False,False,False,True,False,False,False,False,False,False,True,False,False,True,False,False,False,1
99,0,999999.0,282.0,39766.0,1,1,1,1,0,0,0,0,0,0,2,1,3,1,0,1,20,20,0,52,1,0,1,0,20,8,29711.0,7566.0,0.0,0,0.0,0.0,19.0,410.0,0,6,True,False,False,False,True,False,False,True,False,False,False,True,False,False,False,False,False,False,False,False,False,False,False,False,False,False,False,True,False,False,True,False,False,False,1
99,0,999999.0,875.0,24000.0,3,0,0,0,0,0,0,0,0,0,0,0,1,0,0,1,99,99,0,41,0,0,8,0,22,51,24000.0,24000.0,0.0,0,0.0,0.0,0.0,372.0,1,2,True,False,False,False,True,False,False,True,False,False,False,True,False,False,False,False,False,False,False,False,False,False,False,False,True,False,False,False,False,False,False,False,True,False,1
99,0,999999.0,462.0,19794.0,1,0,1,0,0,0,0,0,0,0,0,0,7,0,0,1,99,99,0,14,1,1,3,1,0,0,0.0,999999.0,999999.0,999999,99999.0,99999.0,99999.0,103.0,0,0,True,False,False,False,True,False,False,True,False,False,False,False,False,False,True,False,False,False,False,False,False,False,False,False,False,False,False,True,False,False,False,True,False,False,1
99,0,999999.0,462.0,25797.0,1,1,1,1,1,0,1,2,0,1,0,0,5,0,0,1,99,99,2,0,0,0,7,0,0,0,0.0,999999.0,999999.0,999999,99999.0,99999.0,99999.0,174.0,1,0,True,False,False,False,True,False,False,True,True,False,False,False,False,False,False,False,False,False,False,False,False,False,False,False,False,False,False,True,False,False,False,True,False,False,1
99,0,999999.0,412.0,2400.0,1,1,1,1,0,0,0,0,0,0,1,1,4,2,1,1,10,4,0,32,0,0,0,0,0,0,0.0,0.0,0.0,0,0.0,0.0,0.0,19.0,1,0,True,False,False,False,True,False,False,True,False,False,False,False,False,False,False,False,False,False,False,False,True,False,False,False,False,False,False,True,False,False,True,False,False,False,1
99,0,999999.0,282.0,20000.0,1,1,1,1,2,0,1,1,0,1,0,0,10,0,0,1,99,99,7,14,0,1,2,1,0,0,0.0,999999.0,999999.0,999999,99999.0,99999.0,99999.0,83.0,0,0,True,False,False,False,True,False,False,True,True,False,False,False,False,False,False,False,False,False,False,False,False,False,False,False,False,False,False,True,False,False,False,True,False,False,1
99,0,999999.0,725.0,30000.0,1,1,1,1,0,0,0,0,0,0,1,1,5,3,0,1,15,12,0,40,0,0,6,0,16,15,12000.0,12000.0,0.0,0,0.0,0.0,0.0,203.0,1,0,True,False,False,False,True,False,False,True,False,False,False,False,False,False,False,False,False,False,False,False,True,False,False,True,False,False,False,False,False,False,True,False,False,False,1
99,1,95000.0,0.0,45609.0,1,1,1,1,0,0,0,0,0,0,1,1,4,2,0,1,31,20,0,60,0,0,2,0,0,0,0.0,0.0,0.0,0,0.0,0.0,0.0,357.0,0,0,True,False,False,False,True,False,False,True,False,False,False,False,False,False,False,False,False,False,False,False,True,False,False,True,False,False,False,False,False,False,True,False,False,False,1
99,1,95000.0,0.0,37000.0,1,1,2,1,2,0,1,1,0,1,0,0,8,0,0,1,99,99,4,22,1,1,2,1,18,19,10000.0,10000.0,0.0,0,0.0,0.0,0.0,166.0,1,0,True,False,False,False,True,False,False,True,True,False,False,False,False,False,False,False,False,False,False,False,False,False,False,False,False,False,False,True,False,False,False,True,False,False,1
99,1,37500.0,0.0,70000.0,1,1,0,0,0,0,0,0,0,0,2,2,2,0,0,1,99,99,0,48,0,0,6,0,32,62,50000.0,50000.0,0.0,0,0.0,0.0,0.0,501.0,0,5,True,False,False,False,True,False,False,True,False,False,False,True,False,False,False,False,False,False,False,False,False,False,False,False,False,False,False,True,False,False,True,False,False,False,1
99,0,999999.0,0.0,999999.0,1,0,0,0,0,0,0,0,0,0,0,0,1,0,0,1,99,99,0,85,0,0,3,0,0,0,0.0,0.0,0.0,0,0.0,0.0,0.0,0.0,1,0,False,True,False,True,False,False,False,True,False,False,False,False,True,False,False,False,False,False,False,False,False,False,False,False,False,False,False,True,False,False,False,False,False,True,1
99,0,999999.0,487.0,18209.0,1,0,0,0,0,0,0,0,0,0,0,0,1,0,0,1,99,99,0,42,0,0,6,0,41,68,18209.0,18209.0,0.0,0,0.0,0.0,0.0,282.0,1,2,True,False,False,False,True,False,False,True,False,False,False,True,False,False,False,False,False,False,False,False,False,False,False,False,False,False,False,True,True,False,False,False,False,False,1
99,1,400000.0,0.0,149000.0,1,1,1,1,2,0,1,1,0,1,0,0,3,0,0,1,99,99,0,16,0,1,4,1,0,0,0.0,0.0,0.0,0,0.0,0.0,0.0,501.0,0,0,True,False,False,False,True,False,False,True,True,False,False,False,False,False,False,False,False,False,False,False,False,False,False,False,False,False,False,True,False,False,False,True,False,False,1
99,0,999999.0,675.0,27000.0,1,0,0,0,0,0,0,0,0,0,0,0,2,0,0,1,99,99,0,19,0,0,6,0,22,45,9000.0,9000.0,0.0,0,0.0,0.0,0.0,325.0,1,0,True,False,False,False,True,False,False,True,False,False,False,False,False,False,True,False,False,False,False,False,False,False,True,False,False,False,False,False,False,False,False,True,False,False,1
99,0,999999.0,575.0,43000.0,1,1,1,1,0,0,0,0,0,0,1,1,7,5,1,1,17,4,0,37,0,0,3,0,0,0,0.0,0.0,0.0,0,0.0,0.0,0.0,232.0,1,0,True,False,False,False,True,False,False,True,False,False,False,False,False,False,False,False,False,False,False,False,True,False,False,False,False,False,False,True,False,False,True,False,False,False,1
99,0,999999.0,262.0,4000.0,1,0,0,1,0,0,0,1,0,1,0,0,3,0,0,1,99,99,1,12,1,1,1,1,0,0,0.0,999999.0,999999.0,999999,99999.0,99999.0,99999.0,40.0,1,0,True,False,False,False,True,False,False,True,True,False,False,False,False,False,False,False,False,False,False,False,False,False,False,False,False,False,False,True,False,False,False,True,False,False,1
99,1,350000.0,0.0,60000.0,1,1,1,1,0,0,0,0,0,0,1,2,3,1,1,1,1,1,0,36,1,0,8,0,34,49,60000.0,60000.0,0.0,0,0.0,0.0,0.0,501.0,1,0,True,False,False,False,True,False,False,True,False,False,False,False,False,False,False,False,False,False,False,False,True,False,False,False,False,False,False,True,False,False,True,False,False,False,1
99,0,999999.0,387.0,6000.0,2,0,0,1,0,0,0,1,0,1,0,0,6,0,0,1,99,99,3,16,1,1,4,1,0,0,0.0,0.0,0.0,0,0.0,0.0,0.0,36.0,1,0,True,False,False,False,True,False,False,True,True,False,False,False,False,False,False,False,False,False,False,False,False,False,False,False,False,False,False,True,False,False,False,True,False,False,1
99,1,225000.0,0.0,51230.0,1,1,1,1,0,0,0,0,0,0,2,1,3,1,1,1,3,3,0,37,1,0,8,0,31,65,51230.0,50000.0,0.0,0,0.0,0.0,830.0,501.0,0,6,True,False,False,False,True,False,False,True,False,False,False,True,False,False,False,False,False,False,False,False,False,False,False,False,False,False,False,True,False,False,True,False,False,False,1
99,1,400000.0,0.0,119300.0,1,1,1,1,0,0,0,0,0,0,2,1,4,2,1,1,19,2,0,34,1,1,8,1,29,34,63300.0,63000.0,0.0,0,0.0,0.0,0.0,501.0,1,2,True,False,False,False,True,False,False,True,False,False,False,True,False,False,False,False,False,False,False,False,False,False,False,False,False,False,False,True,False,False,True,False,False,False,1
99,0,999999.0,537.0,22000.0,1,0,0,0,0,0,0,0,0,0,0,0,1,0,0,1,99,99,0,42,1,0,8,0,27,64,22000.0,22000.0,0.0,0,0.0,0.0,0.0,341.0,0,5,True,False,False,False,True,False,False,True,False,False,False,True,False,False,False,False,False,False,False,False,False,False,False,False,False,False,False,True,False,False,False,True,False,False,1
99,1,400000.0,0.0,80752.0,1,1,1,2,0,0,0,0,0,0,1,1,4,1,0,1,50,50,0,76,0,0,6,0,0,0,4018.0,0.0,0.0,0,4018.0,0.0,0.0,501.0,1,0,True,False,False,False,True,False,False,True,False,False,False,False,False,False,False,False,False,False,False,False,True,False,False,False,False,False,False,True,False,False,True,False,False,False,1
99,1,225000.0,0.0,73000.0,1,1,0,0,0,0,0,0,0,0,1,1,2,0,0,1,99,99,0,39,0,1,8,1,36,66,40000.0,40000.0,0.0,0,0.0,0.0,0.0,501.0,1,0,True,False,False,False,True,False,False,True,False,False,False,False,False,False,False,False,False,False,False,False,True,False,False,False,False,False,False,True,False,False,True,False,False,False,1
99,1,162500.0,0.0,30000.0,1,0,0,0,0,0,0,0,0,0,0,0,1,0,0,1,99,99,0,58,0,0,8,0,41,68,30000.0,28800.0,0.0,0,0.0,0.0,0.0,465.0,0,5,True,False,False,False,True,False,False,True,False,False,False,True,False,False,False,False,False,False,False,False,False,False,False,False,False,False,False,True,False,False,False,True,False,False,1
99,0,999999.0,575.0,25000.0,1,0,1,0,1,0,1,0,0,0,0,0,4,0,0,1,99,99,2,10,0,1,1,1,0,0,0.0,999999.0,999999.0,999999,99999.0,99999.0,99999.0,198.0,1,0,True,False,False,False,True,False,False,True,True,False,False,False,False,False,False,False,False,False,False,False,False,False,True,False,False,False,False,False,False,False,False,True,False,False,1
99,0,999999.0,537.0,40600.0,5,0,0,1,0,0,0,0,0,0,0,0,1,0,0,4,99,99,0,46,1,0,1,0,22,15,11500.0,11500.0,0.0,0,0.0,0.0,0.0,178.0,1,0,True,False,False,False,True,False,False,True,False,False,False,False,False,False,False,False,False,True,False,False,False,False,False,False,False,False,False,True,False,False,False,True,False,False,1
99,0,999999.0,575.0,52000.0,1,1,1,1,2,0,1,1,3,1,0,0,3,0,0,1,99,99,0,14,1,1,2,1,0,0,0.0,999999.0,999999.0,999999,99999.0,99999.0,99999.0,501.0,0,0,True,False,False,False,True,False,False,True,True,False,False,False,False,False,False,False,False,False,False,False,False,False,False,False,False,False,False,True,False,False,False,True,False,False,1
99,0,999999.0,387.0,43500.0,1,1,1,1,0,0,0,0,0,0,1,1,3,1,1,1,2,2,0,37,0,0,8,0,16,38,24000.0,24000.0,0.0,0,0.0,0.0,0.0,436.0,0,0,True,False,False,False,True,False,False,True,False,False,False,False,False,False,False,False,False,False,False,False,True,False,True,False,False,False,False,False,False,False,True,False,False,False,1
99,1,225000.0,0.0,44132.0,1,1,0,0,0,0,0,0,0,0,1,1,2,0,0,1,99,99,0,64,0,0,6,0,0,0,16739.0,0.0,0.0,0,2620.0,0.0,0.0,501.0,0,0,True,False,False,False,True,False,False,True,False,False,False,False,False,False,False,False,False,False,False,False,True,False,False,False,False,False,False,True,False,False,True,False,False,False,1
99,0,999999.0,725.0,42200.0,1,0,0,0,0,0,0,0,0,0,0,0,1,0,0,1,99,99,0,82,0,0,8,0,0,0,42200.0,0.0,0.0,0,0.0,0.0,0.0,501.0,0,6,True,False,False,False,True,False,False,True,False,False,False,True,False,False,False,False,False,False,False,False,False,False,False,False,False,False,False,True,False,False,False,True,False,False,1
99,0,999999.0,412.0,9900.0,2,0,1,0,0,0,0,0,0,0,0,0,3,2,0,1,9,6,0,33,0,0,2,0,22,18,9900.0,7900.0,0.0,0,0.0,0.0,2000.0,99.0,0,2,True,False,False,False,True,False,False,True,False,False,False,True,False,False,False,False,False,False,False,False,False,False,False,False,False,False,False,True,False,False,False,True,False,False,1
99,0,999999.0,625.0,0.0,1,1,1,1,0,0,0,0,0,0,2,1,4,2,1,1,5,3,0,26,1,0,8,0,0,0,0.0,0.0,0.0,0,0.0,0.0,0.0,1.0,1,2,True,False,False,False,True,False,False,True,False,False,False,True,False,False,False,False,False,False,False,False,False,False,False,False,False,False,False,True,False,False,True,False,False,False,1
99,1,400000.0,0.0,64500.0,1,1,1,1,0,0,0,0,0,0,1,1,3,1,0,1,37,37,0,61,0,0,7,0,24,44,0.0,0.0,0.0,0,0.0,0.0,0.0,501.0,0,0,True,False,False,False,True,False,False,True,False,False,False,False,False,False,False,False,False,False,False,False,True,False,False,False,False,False,False,True,False,False,True,False,False,False,1
99,0,999999.0,1000.0,64265.0,1,1,1,1,2,0,1,1,0,1,0,0,6,0,0,1,99,99,3,13,0,0,2,0,0,0,0.0,999999.0,999999.0,999999,99999.0,99999.0,99999.0,376.0,1,0,True,False,False,False,True,False,False,True,True,False,False,False,False,False,False,False,False,False,False,False,False,False,False,False,False,False,False,True,False,False,False,True,False,False,1
99,1,112500.0,0.0,30033.0,3,2,2,2,9,0,3,8,0,3,0,0,3,0,0,3,99,99,0,1,1,0,7,0,0,0,0.0,999999.0,999999.0,999999,99999.0,99999.0,99999.0,90.0,1,0,True,False,False,False,True,False,False,True,False,False,False,False,False,True,False,False,False,False,False,False,False,False,False,False,False,False,False,True,False,False,False,True,False,False,1
99,0,999999.0,437.0,30000.0,2,0,0,1,0,0,0,1,0,1,0,0,5,0,0,1,99,99,1,4,0,0,0,0,0,0,0.0,999999.0,999999.0,999999,99999.0,99999.0,99999.0,198.0,1,0,True,False,False,False,True,False,False,True,True,False,False,False,False,False,False,False,False,False,False,False,False,False,False,False,False,False,False,True,False,False,False,True,False,False,1
99,1,95000.0,0.0,29079.0,1,1,1,1,2,0,1,1,0,1,0,0,4,0,0,1,99,99,1,14,1,1,3,1,0,0,0.0,999999.0,999999.0,999999,99999.0,99999.0,99999.0,224.0,0,0,True,False,False,False,True,False,False,True,True,False,False,False,False,False,False,False,False,False,False,False,False,False,False,False,False,False,False,True,False,False,False,True,False,False,1
99,0,999999.0,875.0,39361.0,1,1,1,1,0,0,0,0,0,0,2,1,3,1,1,1,1,1,0,32,1,0,5,0,20,8,28566.0,28566.0,0.0,0,0.0,0.0,0.0,394.0,1,2,True,False,False,False,True,False,False,True,False,False,False,True,False,False,False,False,False,False,False,False,False,False,False,False,False,False,False,True,False,False,True,False,False,False,1
99,1,350000.0,0.0,230060.0,1,1,0,0,0,0,0,0,0,0,0,0,4,0,0,1,99,99,2,9,0,1,1,1,0,0,0.0,999999.0,999999.0,999999,99999.0,99999.0,99999.0,501.0,1,0,True,False,False,False,True,False,False,True,False,False,False,False,False,False,False,False,False,False,True,False,False,False,False,False,False,True,False,False,False,False,False,True,False,False,1
99,0,999999.0,487.0,32452.0,1,0,0,0,0,0,0,0,0,0,0,0,1,0,0,1,99,99,0,43,1,0,8,0,38,68,32452.0,30819.0,0.0,0,0.0,0.0,0.0,501.0,0,6,True,False,False,False,True,False,False,True,False,False,False,True,False,False,False,False,False,False,False,False,False,False,True,False,False,False,False,False,False,False,False,True,False,False,0
99,0,999999.0,537.0,22000.0,1,1,1,1,2,0,1,1,0,1,0,0,7,0,0,1,99,99,3,3,1,0,0,0,0,0,0.0,999999.0,999999.0,999999,99999.0,99999.0,99999.0,119.0,1,0,True,False,False,False,True,False,False,True,True,False,False,False,False,False,False,False,False,False,False,False,False,False,False,False,False,False,False,True,False,False,False,True,False,False,1
99,1,350000.0,0.0,109000.0,1,1,2,2,5,0,1,0,0,0,1,1,6,2,0,1,13,7,0,39,0,0,8,0,38,68,40000.0,40000.0,0.0,0,0.0,0.0,0.0,501.0,0,0,True,False,False,False,True,False,False,True,False,False,False,False,False,False,False,False,False,False,False,False,True,False,False,False,False,True,False,False,False,False,True,False,False,False,1
99,0,999999.0,537.0,33968.0,3,1,1,1,0,0,0,0,0,0,0,0,1,0,0,2,99,99,0,22,1,1,2,1,23,18,12000.0,12000.0,0.0,0,0.0,0.0,0.0,186.0,1,0,True,False,False,False,True,False,False,True,False,False,False,False,False,False,False,False,False,True,False,False,False,False,False,False,False,False,False,True,False,False,False,True,False,False,1
99,0,999999.0,1000.0,83130.0,1,0,0,0,0,0,0,0,0,0,0,0,1,0,0,1,99,99,0,40,1,0,8,0,44,81,83130.0,80841.0,0.0,0,0.0,0.0,0.0,501.0,1,2,True,False,False,False,True,False,False,True,False,False,False,True,False,False,False,False,False,False,False,False,False,False,False,False,False,False,False,True,False,False,False,True,False,False,1
99,1,225000.0,0.0,61300.0,1,1,0,0,0,0,0,0,0,0,2,1,2,0,0,1,99,99,0,52,1,0,7,0,37,49,48700.0,38800.0,0.0,0,0.0,0.0,0.0,501.0,0,7,True,False,False,False,True,False,False,True,False,False,False,True,False,False,False,False,False,False,False,False,False,False,False,False,False,False,False,True,False,False,True,False,False,False,1
99,1,52500.0,0.0,8679.0,1,0,0,0,0,0,0,0,0,0,0,0,1,0,0,1,99,99,0,78,0,0,6,0,0,0,8679.0,0.0,0.0,0,3372.0,0.0,0.0,146.0,0,8,True,False,False,False,True,False,False,True,False,False,False,True,False,False,False,False,False,False,False,False,False,False,False,False,False,False,False,True,False,False,False,True,False,False,1
99,0,999999.0,537.0,20000.0,1,0,0,0,0,0,0,0,0,0,0,0,1,0,0,1,99,99,0,79,0,0,2,0,0,0,20000.0,0.0,0.0,0,0.0,0.0,0.0,336.0,1,5,True,False,False,False,True,False,False,True,False,False,False,True,False,False,False,False,False,False,False,False,False,False,False,False,False,False,False,True,False,False,False,False,False,True,1
99,1,77500.0,0.0,15996.0,1,1,0,0,0,0,0,0,0,0,1,1,2,0,0,1,99,99,0,70,0,0,2,0,0,0,0.0,0.0,0.0,0,0.0,0.0,0.0,213.0,0,0,True,False,False,False,True,False,False,True,False,False,False,False,False,False,False,False,False,False,False,False,True,False,True,False,False,False,False,False,False,False,True,False,False,False,1
99,0,999999.0,262.0,12500.0,2,0,0,1,0,0,0,1,0,1,0,0,3,0,0,1,99,99,1,17,1,1,6,1,0,0,0.0,0.0,0.0,0,0.0,0.0,0.0,125.0,0,0,True,False,False,False,True,False,False,True,True,False,False,False,False,False,False,False,False,False,False,False,False,False,False,False,False,False,False,True,False,False,False,True,False,False,1
99,1,275000.0,0.0,13772.0,1,0,0,0,0,0,0,0,0,0,0,0,1,0,0,1,99,99,0,67,1,0,8,0,24,47,13772.0,0.0,0.0,0,9166.0,0.0,0.0,232.0,0,6,True,False,False,False,True,False,False,True,False,False,False,True,False,False,False,False,False,False,False,False,False,False,False,False,False,False,False,True,True,False,False,False,False,False,1
99,1,275000.0,0.0,55000.0,2,0,0,0,0,0,0,0,0,0,0,0,1,0,0,1,99,99,0,54,0,0,7,0,25,52,55000.0,50000.0,0.0,0,0.0,0.0,0.0,501.0,0,6,True,False,False,False,True,False,False,True,False,False,False,True,False,False,False,False,False,False,False,False,False,False,False,False,False,False,False,True,True,False,False,False,False,False,1
99,0,999999.0,1000.0,35000.0,1,2,1,1,4,0,1,3,0,1,2,2,4,0,0,1,99,99,0,47,0,0,8,0,19,46,35000.0,35000.0,0.0,0,0.0,0.0,0.0,274.0,1,6,True,False,False,False,True,False,False,True,False,False,False,True,False,False,False,False,False,False,False,False,False,False,False,False,False,True,False,False,False,False,True,False,False,False,1
99,0,999999.0,675.0,34420.0,1,1,1,1,0,0,0,0,0,0,0,0,7,0,0,1,99,99,3,21,1,1,2,1,24,19,4420.0,4420.0,0.0,0,0.0,0.0,0.0,171.0,1,0,True,False,False,False,True,False,False,True,False,False,False,False,False,False,False,False,False,False,False,True,False,False,False,False,False,False,False,True,False,False,False,True,False,False,1
99,0,999999.0,675.0,26020.0,1,1,1,1,0,0,0,0,0,0,2,1,3,1,1,1,2,2,0,31,1,0,7,0,37,78,26020.0,26000.0,0.0,0,0.0,0.0,0.0,261.0,1,2,True,False,False,False,True,False,False,True,False,False,False,True,False,False,False,False,False,False,False,False,False,False,False,False,False,False,False,True,False,False,True,False,False,False,1
99,1,85000.0,0.0,14560.0,3,0,2,0,2,0,5,0,0,0,0,0,3,0,0,1,99,99,0,0,0,0,7,0,0,0,0.0,999999.0,999999.0,999999,99999.0,99999.0,99999.0,146.0,1,0,True,False,False,False,True,False,False,True,False,False,True,False,False,False,False,False,False,False,False,False,False,False,False,False,False,False,False,True,False,False,False,True,False,False,1
99,0,999999.0,162.0,23000.0,1,1,1,1,0,0,0,0,0,0,2,1,4,2,1,1,23,2,0,49,1,0,0,0,25,18,17000.0,17000.0,0.0,0,0.0,0.0,0.0,177.0,0,2,True,False,False,False,True,False,False,True,False,False,False,True,False,False,False,False,False,False,False,False,False,False,False,False,False,False,False,True,False,False,True,False,False,False,0
99,1,350000.0,0.0,9334.0,1,0,0,0,0,0,0,0,0,0,0,0,1,0,0,1,99,99,0,74,0,0,6,0,24,47,9334.0,769.0,168.0,0,7247.0,0.0,0.0,157.0,0,7,True,False,False,False,True,False,False,True,False,False,False,True,False,False,False,False,False,False,False,False,False,False,False,False,False,False,False,True,False,False,False,False,False,True,1
99,1,95000.0,0.0,33000.0,3,0,0,0,0,0,0,0,0,0,0,0,1,0,0,1,99,99,0,55,0,0,6,0,24,47,33000.0,33000.0,0.0,0,0.0,0.0,0.0,501.0,0,6,True,False,False,False,True,False,False,True,False,False,False,True,False,False,False,False,False,False,False,False,False,False,False,False,False,False,False,True,False,False,False,True,False,False,1
99,0,999999.0,462.0,39700.0,1,0,1,0,1,0,1,0,0,0,0,0,3,0,0,1,99,99,1,19,1,1,7,1,25,15,700.0,700.0,0.0,0,0.0,0.0,0.0,409.0,0,0,True,False,False,False,True,False,False,True,True,False,False,False,False,False,False,False,False,False,False,False,False,False,True,False,False,False,False,False,False,False,False,True,False,False,1
99,0,999999.0,725.0,32000.0,1,1,2,1,0,0,0,0,0,0,2,1,5,2,1,1,7,1,0,33,1,0,7,0,36,66,20000.0,20000.0,0.0,0,0.0,0.0,0.0,211.0,1,5,True,False,False,False,True,False,False,True,False,False,False,True,False,False,False,False,False,False,False,False,False,False,False,False,False,False,False,True,False,False,True,False,False,False,1
99,1,275000.0,0.0,76600.0,1,1,0,0,0,0,0,0,0,0,1,1,2,0,0,1,99,99,0,58,0,0,7,0,26,17,25000.0,25000.0,0.0,0,0.0,0.0,0.0,501.0,0,0,True,False,False,False,True,False,False,True,False,False,False,False,False,False,False,False,False,False,False,False,True,False,False,False,False,False,False,True,False,False,True,False,False,False,1
99,1,225000.0,0.0,59709.0,1,1,1,1,0,0,0,0,0,0,0,0,7,0,0,1,99,99,2,45,0,0,1,0,22,18,8000.0,8000.0,0.0,0,0.0,0.0,0.0,297.0,0,0,True,False,False,False,True,False,False,True,False,False,False,False,False,False,False,False,False,False,True,False,False,False,False,False,False,False,False,True,False,False,False,True,False,False,1
99,0,999999.0,487.0,25000.0,2,0,0,0,0,0,0,0,0,0,0,0,1,0,0,2,99,99,0,59,1,0,6,0,14,26,31000.0,31000.0,0.0,0,0.0,0.0,0.0,481.0,1,0,True,False,False,False,True,False,False,True,False,False,False,False,False,False,False,False,False,True,False,False,False,False,True,False,False,False,False,False,True,False,False,False,False,False,1
99,0,999999.0,262.0,13500.0,1,1,1,1,0,0,0,0,0,0,2,1,7,5,0,1,19,10,0,42,1,0,2,0,22,18,12500.0,12500.0,0.0,0,0.0,0.0,0.0,70.0,0,5,True,False,False,False,True,False,False,True,False,False,False,True,False,False,False,False,False,False,False,False,False,False,False,False,False,False,False,True,False,False,True,False,False,False,0
99,0,999999.0,387.0,25180.0,1,1,1,1,2,0,1,1,0,1,0,0,5,0,0,1,99,99,2,1,1,0,7,0,0,0,0.0,999999.0,999999.0,999999,99999.0,99999.0,99999.0,170.0,1,0,True,False,False,False,True,False,False,True,True,False,False,False,False,False,False,False,False,False,False,False,False,False,False,False,False,False,False,True,False,False,False,True,False,False,1
99,1,400000.0,0.0,138650.0,2,1,1,1,0,0,0,0,0,0,0,0,1,0,0,2,99,99,0,18,1,1,5,1,0,0,0.0,0.0,0.0,0,0.0,0.0,0.0,1.0,1,0,True,False,False,False,True,False,False,True,False,False,False,False,False,True,False,False,False,False,False,False,False,False,False,False,False,False,False,True,False,False,False,True,False,False,1
99,0,999999.0,875.0,52500.0,1,1,0,0,0,0,0,0,0,0,1,1,2,0,0,1,99,99,0,26,0,1,7,1,22,61,10000.0,10000.0,0.0,0,0.0,0.0,0.0,501.0,1,0,True,False,False,False,True,False,False,True,False,False,False,False,False,False,False,False,False,False,False,False,True,False,False,False,False,False,False,True,False,False,True,False,False,False,1
99,0,999999.0,625.0,19200.0,1,1,1,1,2,0,1,1,0,1,0,0,5,0,0,1,99,99,1,0,1,0,7,0,0,0,0.0,999999.0,999999.0,999999,99999.0,99999.0,99999.0,130.0,1,0,True,False,False,False,True,False,False,True,True,False,False,False,False,False,False,False,False,False,False,False,False,False,False,False,False,False,False,True,False,False,False,True,False,False,1
99,1,400000.0,0.0,97650.0,1,1,0,0,0,0,0,0,0,0,1,1,2,0,0,1,99,99,0,52,0,0,6,0,41,72,1600.0,1600.0,0.0,0,0.0,0.0,0.0,501.0,1,0,True,False,False,False,True,False,False,True,False,False,False,False,False,False,False,False,False,False,False,False,True,False,False,False,False,False,False,True,False,False,True,False,False,False,1
99,0,999999.0,675.0,21200.0,1,1,2,1,0,0,0,0,0,0,4,1,9,3,2,1,6,0,0,23,0,0,2,0,0,0,0.0,0.0,0.0,0,0.0,0.0,0.0,80.0,1,0,True,False,False,False,True,False,False,True,False,False,False,False,False,False,True,False,False,False,False,False,False,False,False,False,False,False,False,True,False,False,True,False,False,False,1
99,0,999999.0,675.0,0.0,1,1,1,1,0,0,0,0,0,0,1,1,4,2,1,1,5,2,0,30,0,0,6,0,0,0,0.0,0.0,0.0,0,0.0,0.0,0.0,1.0,1,0,True,False,False,False,True,False,False,True,False,False,False,False,False,False,False,False,False,False,False,False,True,False,False,False,False,True,False,False,False,False,True,False,False,False,1
99,1,225000.0,0.0,28000.0,1,1,1,1,2,0,1,1,0,1,0,0,7,0,0,1,99,99,2,15,1,1,4,1,0,0,0.0,999999.0,999999.0,999999,0.0,0.0,0.0,141.0,1,0,True,False,False,False,True,False,False,True,True,False,False,False,False,False,False,False,False,False,False,False,False,False,False,False,False,True,False,False,False,False,False,True,False,False,1
99,0,999999.0,0.0,999999.0,1,0,0,0,0,0,0,0,0,0,0,0,1,0,0,1,99,99,0,23,1,0,4,0,27,18,0.0,0.0,0.0,0,0.0,0.0,0.0,0.0,1,0,False,True,False,True,False,False,False,True,False,False,False,False,True,False,False,False,False,False,False,False,False,False,False,False,False,False,False,True,False,False,False,True,False,False,1
99,1,162500.0,0.0,14600.0,1,1,0,0,0,0,0,0,0,0,2,1,2,0,0,1,99,99,0,69,1,0,5,0,0,0,6800.0,0.0,0.0,0,6800.0,0.0,0.0,195.0,0,6,True,False,False,False,True,False,False,True,False,False,False,True,False,False,False,False,False,False,False,False,False,False,False,False,False,False,False,True,False,False,True,False,False,False,1
99,1,275000.0,0.0,22756.0,1,1,0,0,0,0,0,0,0,0,1,1,2,0,0,1,99,99,0,73,0,0,6,0,0,0,6000.0,0.0,0.0,0,6000.0,0.0,0.0,304.0,0,0,True,False,False,False,True,False,False,True,False,False,False,False,False,False,False,False,False,False,False,False,True,False,False,False,False,False,False,True,False,False,True,False,False,False,1
99,1,225000.0,0.0,22712.0,1,1,0,0,0,0,0,0,0,0,2,1,2,0,0,1,99,99,0,70,1,0,6,0,0,0,13294.0,0.0,0.0,0,7294.0,0.0,0.0,303.0,0,6,True,False,False,False,True,False,False,True,False,False,False,True,False,False,False,False,False,False,False,False,False,False,False,False,False,False,False,True,False,False,True,False,False,False,1
99,0,999999.0,1000.0,48000.0,1,1,1,1,0,0,0,0,0,0,2,2,3,1,0,1,16,16,0,38,0,0,6,0,11,16,24000.0,24000.0,0.0,0,0.0,0.0,0.0,481.0,1,1,True,False,False,False,True,False,False,True,False,False,False,True,False,False,False,False,False,False,False,False,False,False,False,False,False,True,False,False,False,False,True,False,False,False,1
99,0,999999.0,387.0,14000.0,1,0,0,0,0,0,0,0,0,0,0,0,1,0,0,1,99,99,0,35,0,1,6,1,24,44,14000.0,14000.0,0.0,0,0.0,0.0,0.0,217.0,1,2,True,False,False,False,True,False,False,True,False,False,False,True,False,False,False,False,False,False,False,False,False,False,True,False,False,False,False,False,False,False,False,False,True,False,1
99,0,999999.0,462.0,13364.0,1,1,0,0,0,0,0,0,0,0,1,1,2,0,0,1,99,99,0,22,0,0,7,0,35,62,5694.0,5694.0,0.0,0,0.0,0.0,0.0,161.0,0,0,True,False,False,False,True,False,False,True,False,False,False,False,False,False,False,False,False,False,False,False,True,False,False,False,False,False,False,True,False,False,True,False,False,False,1
99,0,999999.0,1000.0,35000.0,8,0,0,0,0,0,0,0,0,0,0,0,1,0,0,4,99,99,0,29,0,1,8,2,22,61,5217.0,5217.0,0.0,0,0.0,0.0,0.0,81.0,1,0,True,False,False,False,True,False,False,True,False,False,False,False,False,False,False,False,False,True,False,False,False,False,False,False,False,False,False,True,False,False,False,True,False,False,0
99,1,225000.0,0.0,65500.0,1,1,1,1,0,0,0,0,0,0,2,1,3,1,0,1,17,17,0,41,1,0,7,0,25,15,40000.0,40000.0,0.0,0,0.0,0.0,0.0,501.0,0,6,True,False,False,False,True,False,False,True,False,False,False,True,False,False,False,False,False,False,False,False,False,False,False,False,False,False,False,True,False,False,True,False,False,False,1
99,0,999999.0,437.0,25947.0,1,1,1,1,0,0,0,0,0,0,1,1,4,2,0,1,18,14,0,42,0,0,6,0,0,0,0.0,0.0,0.0,0,0.0,0.0,0.0,200.0,0,0,True,False,False,False,True,False,False,True,False,False,False,False,False,False,False,False,False,False,False,False,True,False,False,False,False,False,False,True,False,False,True,False,False,False,1
99,1,275000.0,0.0,6000.0,1,0,0,1,0,0,0,4,0,1,0,0,5,0,0,1,99,99,3,26,1,0,6,0,0,0,0.0,0.0,0.0,0,0.0,0.0,0.0,39.0,1,0,True,False,False,False,True,False,False,True,False,False,False,False,False,False,False,False,False,False,True,False,False,False,False,False,False,True,False,False,False,False,False,True,False,False,1
99,1,162500.0,0.0,20725.0,1,1,1,1,2,0,1,1,0,1,0,0,4,0,0,1,99,99,1,8,0,1,1,1,0,0,0.0,999999.0,999999.0,999999,99999.0,99999.0,99999.0,165.0,1,0,True,False,False,False,True,False,False,True,True,False,False,False,False,False,False,False,False,False,False,False,False,False,False,False,False,False,False,True,False,False,False,True,False,False,1
99,1,350000.0,0.0,124500.0,1,1,1,1,2,0,1,1,0,1,0,0,4,0,0,1,99,99,1,21,0,0,7,0,24,44,17000.0,17000.0,0.0,0,0.0,0.0,0.0,501.0,0,0,True,False,False,False,True,False,False,True,True,False,False,False,False,False,False,False,False,False,False,False,False,False,False,False,False,False,False,True,False,False,False,True,False,False,1
99,1,162500.0,0.0,26000.0,2,1,1,1,0,0,0,0,0,0,0,0,1,0,0,2,99,99,0,33,0,0,6,0,0,0,0.0,0.0,0.0,0,0.0,0.0,0.0,1.0,1,0,True,False,False,False,True,False,False,True,False,False,False,False,False,True,False,False,False,False,False,False,False,False,False,False,False,False,False,True,False,False,False,False,True,False,1
99,0,999999.0,1000.0,72500.0,1,1,1,1,0,0,0,0,0,0,2,1,3,1,1,1,1,1,0,30,1,1,8,2,29,72,60000.0,50000.0,5500.0,0,0.0,0.0,0.0,501.0,1,2,True,False,False,False,True,False,False,True,False,False,False,True,False,False,False,False,False,False,False,False,False,False,False,False,False,False,False,True,False,False,True,False,False,False,1
99,1,137500.0,0.0,17000.0,1,0,1,0,1,3,1,0,0,0,0,0,2,0,0,1,99,99,0,44,1,1,7,1,31,65,0.0,0.0,0.0,0,0.0,0.0,0.0,205.0,0,0,True,False,False,False,True,False,False,True,True,False,False,False,False,False,False,False,False,False,False,False,False,False,True,False,False,False,False,False,False,True,False,False,False,False,1
99,1,225000.0,0.0,43000.0,1,2,1,1,0,0,0,0,0,0,3,1,4,0,0,1,99,99,0,16,0,1,2,1,0,0,0.0,0.0,0.0,0,0.0,0.0,0.0,331.0,1,0,True,False,False,False,True,False,False,True,False,True,False,False,False,False,False,False,False,False,False,False,False,False,False,False,False,False,False,True,False,False,True,False,False,False,1
99,0,999999.0,282.0,39000.0,1,1,1,1,2,0,1,1,0,1,0,0,4,0,0,1,99,99,1,16,0,1,3,1,0,0,0.0,0.0,0.0,0,0.0,0.0,0.0,310.0,0,0,True,False,False,False,True,False,False,True,True,False,False,False,False,False,False,False,False,False,False,False,False,False,False,False,False,False,False,True,False,False,False,True,False,False,1
99,0,999999.0,412.0,8376.0,1,1,1,1,0,0,0,0,0,0,2,1,6,4,2,1,14,1,0,42,1,0,1,0,20,8,8376.0,8376.0,0.0,0,0.0,0.0,0.0,51.0,0,6,True,False,False,False,True,False,False,True,False,False,False,True,False,False,False,False,False,False,False,False,False,False,False,False,False,False,False,True,False,False,True,False,False,False,1
99,0,999999.0,675.0,20498.0,2,1,1,1,2,0,1,1,0,1,0,0,10,0,0,1,99,99,7,0,0,0,7,0,0,0,0.0,999999.0,999999.0,999999,99999.0,99999.0,99999.0,86.0,1,0,True,False,False,False,True,False,False,True,True,False,False,False,False,False,False,False,False,False,False,False,False,False,False,False,False,False,False,True,False,False,False,True,False,False,1
99,0,999999.0,575.0,58300.0,1,1,1,1,2,0,1,1,0,1,0,0,6,0,0,1,99,99,3,2,0,0,7,0,0,0,0.0,999999.0,999999.0,999999,99999.0,99999.0,99999.0,352.0,1,0,True,False,False,False,True,False,False,True,True,False,False,False,False,False,False,False,False,False,False,False,False,False,False,False,False,True,False,False,False,False,False,True,False,False,1
99,1,225000.0,0.0,30600.0,1,1,1,1,0,0,0,0,0,0,2,1,8,6,0,1,32,7,0,59,1,0,4,0,0,0,9600.0,0.0,0.0,0,0.0,0.0,0.0,141.0,0,6,True,False,False,False,True,False,False,True,False,False,False,True,False,False,False,False,False,False,False,False,False,False,False,False,False,False,False,True,False,False,True,False,False,False,1
99,0,999999.0,412.0,16736.0,2,1,1,1,0,0,0,0,0,0,2,1,5,2,2,1,2,0,1,21,1,0,2,0,33,44,6400.0,6400.0,0.0,0,0.0,0.0,0.0,110.0,1,1,True,False,False,False,True,False,False,True,False,False,False,True,False,False,False,False,False,False,False,False,False,False,False,False,False,False,False,True,False,False,True,False,False,False,1
99,0,999999.0,312.0,4816.0,1,0,0,0,0,0,0,0,0,0,0,0,1,0,0,1,99,99,0,75,1,0,5,0,0,0,4816.0,0.0,0.0,0,3959.0,0.0,0.0,81.0,0,1,True,False,False,False,True,False,False,True,False,False,False,True,False,False,False,False,False,False,False,False,False,False,False,False,False,False,False,True,False,False,False,False,False,True,1
99,0,999999.0,575.0,35000.0,1,1,1,1,2,0,1,1,0,1,0,0,4,0,0,1,99,99,1,3,0,0,0,0,0,0,0.0,999999.0,999999.0,999999,99999.0,99999.0,99999.0,278.0,1,0,True,False,False,False,True,False,False,True,True,False,False,False,False,False,False,False,False,False,False,False,False,False,False,False,False,False,False,True,False,False,False,True,False,False,1
99,0,999999.0,137.0,36400.0,1,0,2,0,1,0,1,0,0,0,0,0,4,0,0,1,99,99,0,31,1,0,7,0,30,24,24000.0,24000.0,0.0,0,0.0,0.0,0.0,285.0,1,0,True,False,False,False,True,False,False,True,True,False,False,False,False,False,False,False,False,False,False,False,False,False,False,False,False,False,False,True,False,False,False,True,False,False,1
99,0,999999.0,875.0,1500.0,1,0,3,0,1,0,1,0,0,0,0,0,7,1,1,1,2,2,3,21,0,1,6,1,16,15,560.0,0.0,0.0,0,0.0,0.0,560.0,8.0,0,0,True,False,False,False,True,False,False,True,True,False,False,False,False,False,False,False,False,False,False,False,False,False,False,False,False,False,False,True,False,False,False,False,True,False,1
99,0,999999.0,625.0,6000.0,6,1,0,1,0,0,0,0,0,0,0,0,5,0,0,1,99,99,0,19,1,0,2,0,0,0,0.0,0.0,0.0,0,0.0,0.0,0.0,41.0,1,0,True,False,False,False,True,False,False,True,False,False,False,False,False,False,True,False,False,False,False,False,False,False,False,False,False,False,False,True,False,False,False,True,False,False,1
99,0,999999.0,875.0,40000.0,2,0,1,0,3,0,1,0,0,0,0,0,4,0,0,1,99,99,2,22,1,1,7,1,20,8,13000.0,13000.0,0.0,0,0.0,0.0,0.0,308.0,1,1,True,False,False,False,True,False,False,True,False,False,False,True,False,False,False,False,False,False,False,False,False,False,False,False,False,False,False,True,False,False,False,True,False,False,1
99,0,999999.0,412.0,38400.0,3,1,2,1,0,0,0,0,0,0,5,2,7,2,2,1,3,3,0,25,1,0,6,0,30,24,12000.0,12000.0,0.0,0,0.0,0.0,0.0,194.0,1,0,True,False,False,False,True,False,False,True,False,True,False,False,False,False,False,False,False,False,False,False,False,False,True,False,False,False,False,False,False,False,True,False,False,False,1
99,0,999999.0,362.0,50500.0,1,2,2,2,0,0,0,0,0,0,6,1,11,2,2,1,4,2,0,25,1,1,2,1,20,9,8000.0,8000.0,0.0,0,0.0,0.0,0.0,191.0,1,0,True,False,False,False,True,False,False,True,False,False,False,False,False,False,False,False,False,False,False,True,False,False,False,False,False,False,False,True,False,False,True,False,False,False,0
99,0,999999.0,437.0,18692.0,1,0,0,0,0,0,0,0,0,0,0,0,1,0,0,1,99,99,0,71,1,0,6,0,24,44,18692.0,7515.0,0.0,0,8560.0,0.0,0.0,314.0,0,6,True,False,False,False,True,False,False,True,False,False,False,True,False,False,False,False,False,False,False,False,False,False,False,False,False,False,False,True,True,False,False,False,False,False,1
99,1,137500.0,0.0,48000.0,1,0,1,0,1,0,1,0,0,0,0,0,2,0,0,1,99,99,0,19,1,1,5,2,0,0,0.0,0.0,0.0,0,0.0,0.0,0.0,501.0,1,0,True,False,False,False,True,False,False,True,True,False,False,False,False,False,False,False,False,False,False,False,False,False,False,False,False,False,False,True,False,False,False,True,False,False,1
99,1,400000.0,0.0,81800.0,1,2,3,2,5,0,2,4,0,2,0,0,7,0,0,1,99,99,1,6,1,1,1,1,0,0,0.0,999999.0,999999.0,999999,99999.0,99999.0,99999.0,407.0,1,0,True,False,False,False,True,False,False,True,False,False,True,False,False,False,False,False,False,False,False,False,False,False,False,False,False,True,False,False,False,False,False,True,False,False,1
99,0,999999.0,675.0,20400.0,3,2,1,1,0,0,0,0,0,0,6,2,7,0,0,1,99,99,0,36,0,0,6,0,6,7,6000.0,6000.0,0.0,0,0.0,0.0,0.0,101.0,1,0,True,False,False,False,True,False,False,True,False,False,False,False,False,False,False,False,False,False,False,True,False,False,False,False,False,False,False,True,False,False,True,False,False,False,0
99,0,999999.0,725.0,13070.0,2,0,2,0,1,7,1,0,0,0,0,0,3,1,1,1,0,0,0,23,0,1,6,1,35,68,4500.0,0.0,0.0,0,0.0,0.0,4500.0,131.0,1,0,True,False,False,False,True,False,False,True,True,False,False,False,False,False,False,False,False,False,False,False,False,False,True,False,False,False,False,False,False,False,False,True,False,False,1
99,1,400000.0,0.0,45000.0,1,1,0,0,0,0,0,0,0,0,2,1,2,0,0,1,99,99,0,57,1,0,8,0,79,92,39000.0,29000.0,0.0,0,0.0,0.0,0.0,501.0,0,7,True,False,False,False,True,False,False,True,False,False,False,True,False,False,False,False,False,False,False,False,False,False,False,False,False,False,False,True,False,False,True,False,False,False,1
99,0,999999.0,512.0,51021.0,1,0,0,0,0,0,0,0,0,0,0,0,2,0,0,1,99,99,1,57,1,0,2,0,25,15,45000.0,45000.0,0.0,0,0.0,0.0,0.0,501.0,0,0,True,False,False,False,True,False,False,True,False,False,False,False,False,False,False,False,False,False,True,False,False,False,True,False,False,False,False,False,True,False,False,False,False,False,1
99,0,999999.0,575.0,42200.0,1,0,0,0,0,0,0,0,0,0,0,0,2,0,0,1,99,99,1,31,1,0,4,0,0,0,4200.0,0.0,0.0,0,4200.0,0.0,0.0,501.0,1,0,True,False,False,False,True,False,False,True,False,False,False,False,False,False,False,False,False,False,True,False,False,False,True,False,False,False,False,False,False,False,False,True,False,False,1
99,0,999999.0,675.0,8000.0,1,0,1,0,0,0,0,0,0,0,0,0,3,2,1,1,5,2,0,22,0,0,4,0,0,0,8000.0,0.0,0.0,0,0.0,8000.0,0.0,80.0,1,1,True,False,False,False,True,False,False,True,False,False,False,True,False,False,False,False,False,False,False,False,False,False,True,False,False,False,False,False,False,False,False,True,False,False,1
99,1,112500.0,0.0,76197.0,1,1,0,0,0,0,0,0,0,0,1,1,2,0,0,1,99,99,0,51,0,0,8,0,22,61,31443.0,31280.0,0.0,0,0.0,0.0,0.0,501.0,1,0,True,False,False,False,True,False,False,True,False,False,False,False,False,False,False,False,False,False,False,False,True,False,False,False,False,False,False,True,False,False,True,False,False,False,1
99,1,187500.0,0.0,85000.0,1,1,1,1,0,0,0,0,0,0,1,1,4,2,0,1,22,20,0,50,0,0,7,0,0,0,0.0,0.0,0.0,0,0.0,0.0,0.0,501.0,0,0,True,False,False,False,True,False,False,True,False,False,False,False,False,False,False,False,False,False,False,False,True,False,False,False,False,False,False,True,False,False,True,False,False,False,1
99,1,225000.0,0.0,27600.0,3,1,0,0,0,0,0,0,0,0,2,1,2,0,0,1,99,99,0,71,1,0,6,0,0,0,6000.0,0.0,0.0,0,6000.0,0.0,0.0,368.0,0,7,True,False,False,False,True,False,False,True,False,False,False,True,False,False,False,False,False,False,False,False,False,False,False,False,False,False,False,True,False,False,True,False,False,False,1
99,0,999999.0,537.0,15289.0,1,0,1,0,1,0,1,0,0,0,0,0,8,0,0,1,99,99,4,10,1,1,1,1,0,0,0.0,999999.0,999999.0,999999,99999.0,99999.0,99999.0,75.0,1,0,True,False,False,False,True,False,False,True,True,False,False,False,False,False,False,False,False,False,False,False,False,False,True,False,False,False,False,False,False,False,False,True,False,False,1
99,1,187500.0,0.0,6480.0,1,0,0,0,0,0,0,0,0,0,0,0,1,0,0,1,99,99,0,74,0,0,7,0,22,51,6480.0,2000.0,1000.0,0,0.0,0.0,0.0,109.0,0,8,True,False,False,False,True,False,False,True,False,False,False,True,False,False,False,False,False,False,False,False,False,False,False,False,False,False,False,True,False,False,False,False,False,True,0
99,1,112500.0,0.0,47550.0,1,1,1,1,0,0,0,0,0,0,2,1,3,1,0,1,28,28,0,58,1,0,6,0,0,0,13146.0,0.0,0.0,0,2560.0,0.0,0.0,490.0,0,7,True,False,False,False,True,False,False,True,False,False,False,True,False,False,False,False,False,False,False,False,False,False,False,False,False,False,False,True,False,False,True,False,False,False,1
99,1,350000.0,0.0,40101.0,1,1,1,1,0,0,0,0,0,0,2,1,5,3,0,1,19,7,0,50,1,1,7,1,41,68,40001.0,50000.0,0.0,0,0.0,0.0,0.0,264.0,0,6,True,False,False,False,True,False,False,True,False,False,False,True,False,False,False,False,False,False,False,False,False,False,False,False,False,False,False,True,False,False,True,False,False,False,1
99,1,187500.0,0.0,53222.0,1,2,1,1,0,0,0,0,0,0,2,1,5,1,0,1,28,28,0,71,1,0,7,0,24,44,4417.0,0.0,0.0,0,4417.0,0.0,0.0,345.0,1,2,True,False,False,False,True,False,False,True,False,False,False,True,False,False,False,False,False,False,False,False,False,False,False,False,False,True,False,False,False,False,True,False,False,False,1
99,1,112500.0,0.0,26435.0,1,1,0,0,0,0,0,0,0,0,2,1,2,0,0,1,99,99,0,67,1,0,2,0,26,19,18678.0,0.0,0.0,0,8626.0,0.0,0.0,353.0,0,8,True,False,False,False,True,False,False,True,False,False,False,True,False,False,False,False,False,False,False,False,False,False,False,False,False,False,False,True,False,False,True,False,False,False,1
99,0,999999.0,875.0,29240.0,2,1,1,1,0,0,0,0,0,0,1,1,4,2,1,1,5,1,0,29,0,0,7,0,38,68,0.0,0.0,0.0,0,0.0,0.0,0.0,233.0,1,0,True,False,False,False,True,False,False,True,False,False,False,False,False,False,False,False,False,False,False,False,True,False,False,False,False,False,False,True,False,False,True,False,False,False,1
99,1,225000.0,0.0,126000.0,1,1,1,1,2,0,1,1,3,1,0,0,10,0,0,1,99,99,7,15,0,1,4,1,0,0,0.0,999999.0,999999.0,999999,0.0,0.0,0.0,501.0,0,0,True,False,False,False,True,False,False,True,True,False,False,False,False,False,False,False,False,False,False,False,False,False,True,False,False,False,False,False,False,False,False,True,False,False,1
99,0,999999.0,875.0,3824.0,1,0,1,0,1,0,1,0,0,0,0,0,4,0,0,1,99,99,2,4,0,0,0,0,0,0,0.0,999999.0,999999.0,999999,99999.0,99999.0,99999.0,30.0,1,0,True,False,False,False,True,False,False,True,True,False,False,False,False,False,False,False,False,False,False,False,False,False,True,False,False,False,False,False,False,False,False,True,False,False,1
99,0,999999.0,512.0,25000.0,2,0,0,0,0,0,0,0,0,0,0,0,1,0,0,1,99,99,0,24,0,0,6,0,24,44,25000.0,25000.0,0.0,0,0.0,0.0,0.0,388.0,1,2,True,False,False,False,True,False,False,True,False,False,False,True,False,False,False,False,False,False,False,False,False,False,False,False,False,False,False,True,False,False,False,True,False,False,1
99,1,137500.0,0.0,31000.0,1,1,1,1,0,0,0,0,0,0,2,1,4,2,1,1,7,2,0,28,1,0,5,0,26,22,18000.0,18000.0,0.0,0,0.0,0.0,0.0,247.0,1,2,True,False,False,False,True,False,False,True,False,False,False,True,False,False,False,False,False,False,False,False,False,False,False,False,False,False,False,True,False,False,True,False,False,False,1
99,0,999999.0,875.0,0.0,1,1,1,1,0,0,0,0,0,0,1,1,4,2,1,1,5,2,0,31,0,0,8,0,29,48,0.0,0.0,0.0,0,0.0,0.0,0.0,1.0,1,0,True,False,False,False,True,False,False,True,False,False,False,False,False,False,False,False,False,False,False,False,True,False,False,False,False,True,False,False,False,False,True,False,False,False,1
99,1,400000.0,0.0,141300.0,1,1,1,1,0,0,0,0,0,0,1,1,6,4,0,1,24,12,0,46,0,0,8,0,61,93,89000.0,89000.0,0.0,0,0.0,0.0,0.0,501.0,0,0,True,False,False,False,True,False,False,True,False,False,False,False,False,False,False,False,False,False,False,False,True,False,True,False,False,False,False,False,False,False,True,False,False,False,1
99,1,137500.0,0.0,57973.0,1,1,1,1,2,0,1,1,0,1,0,0,4,0,0,1,99,99,1,3,0,0,0,0,0,0,0.0,999999.0,999999.0,999999,99999.0,99999.0,99999.0,461.0,1,0,True,False,False,False,True,False,False,True,True,False,False,False,False,False,False,False,False,False,False,False,False,False,True,False,False,False,False,False,False,False,False,True,False,False,1
99,0,999999.0,725.0,23804.0,1,1,1,1,0,0,0,0,0,0,1,1,7,5,0,1,16,9,0,41,0,1,4,1,11,16,9600.0,9600.0,0.0,0,0.0,0.0,0.0,128.0,0,0,True,False,False,False,True,False,False,True,False,False,False,False,False,False,False,False,False,False,False,False,True,False,False,False,False,False,False,True,False,False,True,False,False,False,1
99,1,162500.0,0.0,43100.0,1,1,1,1,0,0,0,0,0,0,1,1,4,2,1,1,6,2,0,31,0,0,7,0,24,44,0.0,0.0,0.0,0,0.0,0.0,0.0,343.0,1,0,True,False,False,False,True,False,False,True,False,False,False,False,False,False,False,False,False,False,False,False,True,False,False,False,False,False,False,True,False,False,True,False,False,False,1
99,0,999999.0,875.0,52000.0,1,0,0,0,0,0,0,0,0,0,0,0,1,0,0,1,99,99,0,47,0,0,8,0,26,72,52000.0,52000.0,0.0,0,0.0,0.0,0.0,501.0,1,2,True,False,False,False,True,False,False,True,False,False,False,True,False,False,False,False,False,False,False,False,False,False,False,False,False,False,False,True,True,False,False,False,False,False,1
99,0,999999.0,1000.0,54332.0,2,0,0,0,0,0,0,0,0,0,0,0,2,0,0,1,99,99,1,31,1,0,7,0,30,24,24332.0,24332.0,0.0,0,0.0,0.0,0.0,501.0,1,0,True,False,False,False,True,False,False,True,False,False,False,False,False,False,False,False,False,False,True,False,False,False,False,False,False,False,False,True,False,False,False,True,False,False,1
99,0,999999.0,487.0,26500.0,2,0,1,1,0,0,0,0,0,0,0,0,2,1,0,2,12,12,0,34,0,0,0,0,19,17,6257.0,2657.0,0.0,0,0.0,3600.0,0.0,73.0,1,0,True,False,False,False,True,False,False,True,False,False,False,False,False,False,False,False,False,True,False,False,False,False,False,False,False,True,False,False,False,False,False,False,False,True,1
99,0,999999.0,512.0,47700.0,1,0,0,0,0,0,0,0,0,0,0,0,1,0,0,1,99,99,0,45,0,0,6,0,26,44,47700.0,46000.0,0.0,0,0.0,0.0,0.0,501.0,1,2,True,False,False,False,True,False,False,True,False,False,False,True,False,False,False,False,False,False,False,False,False,False,False,False,False,False,False,True,False,False,False,True,False,False,1
99,0,999999.0,1000.0,45800.0,1,1,0,0,0,0,0,0,0,0,2,1,2,0,0,1,99,99,0,25,1,0,8,0,11,18,22900.0,22000.0,0.0,0,0.0,0.0,0.0,501.0,1,2,True,False,False,False,True,False,False,True,False,False,False,True,False,False,False,False,False,False,False,False,False,False,False,False,False,False,False,True,False,False,True,False,False,False,1
99,0,999999.0,575.0,11000.0,2,1,0,0,0,0,0,0,0,0,0,0,1,0,0,2,99,99,0,43,1,1,8,1,29,27,20000.0,20000.0,0.0,0,0.0,0.0,0.0,310.0,0,0,True,False,False,False,True,False,False,True,False,False,False,False,False,False,False,False,False,True,False,False,False,False,False,False,False,False,False,True,False,True,False,False,False,False,1
99,0,999999.0,437.0,9000.0,2,0,0,0,0,0,0,0,0,0,0,0,2,0,0,1,99,99,1,29,1,1,2,1,16,15,9000.0,9000.0,0.0,0,0.0,0.0,0.0,108.0,0,5,True,False,False,False,True,False,False,True,False,False,False,True,False,False,False,False,False,False,False,False,False,False,False,False,False,False,False,True,False,False,False,True,False,False,1
99,0,999999.0,625.0,2858.0,1,1,1,1,0,0,0,0,0,0,2,1,6,4,0,1,20,14,0,57,1,0,3,0,17,11,1063.0,0.0,598.0,0,0.0,465.0,0.0,16.0,1,2,True,False,False,False,True,False,False,True,False,False,False,True,False,False,False,False,False,False,False,False,False,False,False,False,False,True,False,False,False,False,True,False,False,False,1
99,1,225000.0,0.0,30000.0,1,1,1,1,0,0,0,0,0,0,1,1,5,3,0,1,16,10,0,45,0,0,1,0,15,15,13000.0,13000.0,0.0,0,0.0,0.0,0.0,203.0,0,0,True,False,False,False,True,False,False,True,False,False,False,False,False,False,False,False,False,False,False,False,True,False,False,False,False,False,False,True,False,False,True,False,False,False,1
99,0,999999.0,875.0,60528.0,2,0,1,1,0,0,0,0,0,0,0,0,11,0,0,1,99,99,0,39,1,0,1,0,20,9,10560.0,10560.0,0.0,0,0.0,0.0,0.0,222.0,1,0,True,False,False,False,True,False,False,True,False,False,False,False,False,False,True,False,False,False,False,False,False,False,False,False,False,False,False,True,False,False,False,True,False,False,1
99,1,72500.0,0.0,9900.0,1,0,1,0,1,0,1,0,0,0,0,0,4,0,0,1,99,99,2,19,0,1,6,1,0,0,0.0,0.0,0.0,0,0.0,0.0,0.0,79.0,0,0,True,False,False,False,True,False,False,True,True,False,False,False,False,False,False,False,False,False,False,False,False,False,True,False,False,False,False,False,False,False,False,True,False,False,1
99,0,999999.0,437.0,21767.0,1,0,2,0,0,0,0,0,0,0,0,0,3,1,0,1,24,24,0,58,0,0,4,0,0,0,0.0,0.0,0.0,0,0.0,0.0,0.0,218.0,0,0,True,False,False,False,True,False,False,True,False,False,False,False,False,False,False,True,False,False,False,False,False,False,False,False,False,True,False,False,True,False,False,False,False,False,1
99,0,999999.0,875.0,21000.0,1,0,1,0,1,0,1,0,0,0,0,0,5,0,0,1,99,99,3,4,1,0,0,0,0,0,0.0,999999.0,999999.0,999999,99999.0,99999.0,99999.0,142.0,1,0,True,False,False,False,True,False,False,True,True,False,False,False,False,False,False,False,False,False,False,False,False,False,False,False,False,False,False,True,False,False,False,True,False,False,1
99,0,999999.0,575.0,16650.0,2,1,1,1,0,0,0,0,0,0,0,0,1,0,0,2,99,99,0,34,1,1,7,1,20,9,15000.0,15000.0,0.0,0,0.0,0.0,0.0,233.0,1,0,True,False,False,False,True,False,False,True,False,False,False,False,False,True,False,False,False,False,False,False,False,False,True,False,False,False,False,False,False,False,False,False,True,False,0
99,0,999999.0,487.0,49531.0,1,1,0,0,0,0,0,0,0,0,1,1,3,0,0,1,99,99,0,53,0,0,2,0,41,68,19936.0,13552.0,0.0,0,0.0,0.0,0.0,501.0,0,0,True,False,False,False,True,False,False,True,False,False,False,False,False,False,False,False,False,False,False,False,True,False,False,False,False,False,False,True,False,False,True,False,False,False,0
99,1,67500.0,0.0,15150.0,1,0,0,0,0,0,0,0,0,0,0,0,1,0,0,1,99,99,0,67,0,0,2,0,0,0,15150.0,0.0,0.0,0,5400.0,0.0,3650.0,255.0,0,7,True,False,False,False,True,False,False,True,False,False,False,True,False,False,False,False,False,False,False,False,False,False,True,False,False,False,False,False,False,False,False,False,False,True,1
99,0,999999.0,875.0,19523.0,2,0,1,0,0,0,0,0,0,0,0,0,3,2,1,1,5,3,0,25,0,0,6,0,25,44,19523.0,15791.0,0.0,0,0.0,0.0,3732.0,195.0,1,1,True,False,False,False,True,False,False,True,False,False,False,True,False,False,False,False,False,False,False,False,False,False,False,False,False,False,False,True,True,False,False,False,False,False,1
99,0,999999.0,1000.0,15000.0,1,0,0,0,0,0,0,0,0,0,0,0,1,0,0,1,99,99,0,24,0,0,6,0,24,44,15000.0,15000.0,0.0,0,0.0,0.0,0.0,233.0,0,5,True,False,False,False,True,False,False,True,False,False,False,True,False,False,False,False,False,False,False,False,False,False,True,False,False,False,False,False,False,False,False,False,True,False,1
99,1,350000.0,0.0,12912.0,1,0,1,0,2,0,1,0,0,0,0,0,2,0,0,1,99,99,0,45,1,0,7,0,0,0,411.0,0.0,0.0,0,0.0,0.0,0.0,156.0,1,2,True,False,False,False,True,False,False,True,False,False,False,True,False,False,False,False,False,False,False,False,False,False,False,False,True,False,False,False,False,False,False,True,False,False,1
99,0,999999.0,575.0,20000.0,2,0,0,1,0,0,0,0,0,0,0,0,1,0,0,2,99,99,0,26,0,1,7,1,11,16,0.0,0.0,0.0,0,0.0,0.0,0.0,1.0,0,0,True,False,False,False,True,False,False,True,False,False,False,False,False,False,False,False,False,True,False,False,False,False,False,False,False,False,False,True,False,False,False,False,False,True,1
99,1,225000.0,0.0,80000.0,1,1,2,1,4,0,5,0,0,0,0,0,6,0,0,1,99,99,0,1,0,0,7,0,0,0,0.0,999999.0,999999.0,999999,99999.0,99999.0,99999.0,449.0,1,0,True,False,False,False,True,False,False,True,False,False,True,False,False,False,False,False,False,False,False,False,False,False,False,False,False,True,False,False,False,False,False,True,False,False,1
99,1,350000.0,0.0,70000.0,1,1,1,1,2,0,1,1,0,1,0,0,3,0,0,1,99,99,0,22,0,0,6,0,24,44,10000.0,10000.0,0.0,0,0.0,0.0,0.0,501.0,0,0,True,False,False,False,True,False,False,True,True,False,False,False,False,False,False,False,False,False,False,False,False,False,False,False,False,False,False,True,False,False,False,True,False,False,1
99,0,999999.0,162.0,846.0,1,0,1,0,1,0,1,0,0,0,0,0,5,0,0,1,99,99,3,10,1,1,1,1,0,0,0.0,999999.0,999999.0,999999,99999.0,99999.0,99999.0,6.0,0,0,True,False,False,False,True,False,False,True,True,False,False,False,False,False,False,False,False,False,False,False,False,False,False,False,False,False,False,True,False,False,False,True,False,False,1
99,1,400000.0,0.0,60000.0,1,1,1,1,2,0,1,1,0,1,0,0,5,0,0,1,99,99,2,15,1,1,3,1,0,0,0.0,999999.0,999999.0,999999,0.0,0.0,0.0,405.0,0,0,True,False,False,False,True,False,False,True,True,False,False,False,False,False,False,False,False,False,False,False,False,False,False,False,False,False,False,True,False,False,False,True,False,False,1
99,0,999999.0,512.0,38500.0,1,1,1,1,0,0,0,0,0,0,2,1,3,1,1,1,0,0,0,27,1,0,6,0,29,27,37000.0,35000.0,0.0,0,0.0,0.0,0.0,386.0,1,1,True,False,False,False,True,False,False,True,False,False,False,True,False,False,False,False,False,False,False,False,False,False,False,False,False,False,False,True,False,False,True,False,False,False,1
99,1,85000.0,0.0,26000.0,1,1,1,1,2,0,1,1,0,1,0,0,10,0,0,1,99,99,7,11,0,1,2,1,0,0,0.0,999999.0,999999.0,999999,99999.0,99999.0,99999.0,104.0,0,0,True,False,False,False,True,False,False,True,True,False,False,False,False,False,False,False,False,False,False,False,False,False,False,False,False,False,False,True,False,False,False,True,False,False,1
99,0,999999.0,462.0,45300.0,1,1,0,0,0,0,0,0,0,0,1,1,2,0,0,1,99,99,0,29,0,0,8,0,19,46,28150.0,28000.0,0.0,0,0.0,0.0,0.0,501.0,1,0,True,False,False,False,True,False,False,True,False,False,False,False,False,False,False,False,False,False,False,False,True,False,False,False,True,False,False,False,False,False,True,False,False,False,1
99,0,999999.0,537.0,12150.0,1,0,2,0,1,0,1,0,0,0,0,0,4,0,0,1,99,99,1,21,1,0,6,0,20,8,0.0,0.0,0.0,0,0.0,0.0,0.0,93.0,1,0,True,False,False,False,True,False,False,True,True,False,False,False,False,False,False,False,False,False,False,False,False,False,False,False,False,True,False,False,False,False,False,True,False,False,0
99,1,275000.0,0.0,81200.0,2,1,1,1,0,0,0,0,0,0,0,0,8,0,0,1,99,99,0,20,1,0,7,0,20,8,11000.0,11000.0,0.0,0,0.0,0.0,0.0,374.0,1,0,True,False,False,False,True,False,False,True,False,False,False,False,False,False,True,False,False,False,False,False,False,False,False,False,False,False,False,True,False,False,False,True,False,False,1
99,1,400000.0,0.0,106500.0,2,1,1,0,0,0,0,0,0,0,0,0,6,0,0,1,99,99,0,16,1,1,3,1,0,0,0.0,0.0,0.0,0,0.0,0.0,0.0,501.0,0,0,True,False,False,False,True,False,False,True,False,False,False,False,False,False,True,False,False,False,False,False,False,False,False,False,False,True,False,False,False,False,False,True,False,False,1
99,0,999999.0,575.0,46200.0,1,1,0,0,0,0,0,0,0,0,2,1,2,0,0,1,99,99,0,26,1,0,8,0,37,81,16200.0,16000.0,0.0,0,0.0,0.0,0.0,501.0,1,1,True,False,False,False,True,False,False,True,False,False,False,True,False,False,False,False,False,False,False,False,False,False,False,True,False,False,False,False,False,False,True,False,False,False,1
99,0,999999.0,725.0,19000.0,2,1,2,3,0,0,0,9,0,1,2,1,9,5,0,1,17,6,0,38,1,0,6,0,37,49,7000.0,7000.0,0.0,0,0.0,0.0,0.0,74.0,1,1,True,False,False,False,True,False,False,True,False,False,False,True,False,False,False,False,False,False,False,False,False,False,False,False,False,False,True,False,False,False,True,False,False,False,1
99,0,999999.0,462.0,27000.0,2,0,0,0,0,0,0,0,0,0,0,0,1,0,0,2,99,99,0,20,0,0,6,0,18,44,15000.0,15000.0,0.0,0,0.0,0.0,0.0,233.0,1,0,True,False,False,False,True,False,False,True,False,False,False,False,False,False,False,False,False,True,False,False,False,False,False,False,False,False,False,True,False,False,False,True,False,False,1
99,1,350000.0,0.0,73673.0,1,1,0,0,0,0,0,0,0,0,1,1,2,0,0,1,99,99,0,89,0,0,7,0,0,0,4464.0,0.0,0.0,0,4464.0,0.0,0.0,501.0,0,0,True,False,False,False,True,False,False,True,False,False,False,False,False,False,False,False,False,False,False,False,True,False,False,False,False,False,False,True,False,False,True,False,False,False,1
99,0,999999.0,462.0,10400.0,1,1,1,2,2,0,1,1,0,1,0,0,5,0,0,1,99,99,1,1,0,0,7,0,0,0,0.0,999999.0,999999.0,999999,99999.0,99999.0,99999.0,69.0,1,0,True,False,False,False,True,False,False,True,True,False,False,False,False,False,False,False,False,False,False,False,False,False,False,False,False,False,False,True,False,False,False,True,False,False,1
99,0,999999.0,725.0,43000.0,1,1,1,1,0,0,0,0,0,0,2,1,3,1,0,1,9,9,0,33,1,0,8,0,19,46,43000.0,43000.0,0.0,0,0.0,0.0,0.0,431.0,1,1,True,False,False,False,True,False,False,True,False,False,False,True,False,False,False,False,False,False,False,False,False,False,False,False,False,True,False,False,False,False,True,False,False,False,1
99,0,999999.0,575.0,17000.0,1,0,1,0,1,0,1,0,0,0,0,0,2,0,0,1,99,99,0,12,0,1,2,1,0,0,0.0,999999.0,999999.0,999999,99999.0,99999.0,99999.0,199.0,1,0,True,False,False,False,True,False,False,True,True,False,False,False,False,False,False,False,False,False,False,False,False,False,True,False,False,False,False,False,False,False,False,True,False,False,1
99,1,400000.0,0.0,200516.0,2,0,0,0,0,0,0,0,0,0,0,0,1,0,0,1,99,99,0,30,1,0,8,0,38,68,200516.0,195516.0,0.0,0,0.0,0.0,0.0,501.0,1,1,True,False,False,False,True,False,False,True,False,False,False,True,False,False,False,False,False,False,False,False,False,False,False,False,False,False,False,True,False,False,False,True,False,False,1
99,1,350000.0,0.0,80603.0,1,1,0,0,0,0,0,0,0,0,2,1,2,0,0,1,99,99,0,27,1,1,8,2,39,81,58603.0,0.0,0.0,0,0.0,0.0,0.0,501.0,1,1,True,False,False,False,True,False,False,True,False,False,False,True,False,False,False,False,False,False,False,False,False,False,False,False,False,False,False,True,False,False,True,False,False,False,1
99,1,137500.0,0.0,24178.0,1,1,0,0,0,0,0,0,0,0,2,1,2,0,0,1,99,99,0,76,1,0,7,0,20,8,20748.0,0.0,0.0,0,7462.0,0.0,0.0,323.0,1,1,True,False,False,False,True,False,False,True,False,False,False,True,False,False,False,False,False,False,False,False,False,False,False,False,False,False,False,True,False,False,True,False,False,False,1
99,1,350000.0,0.0,39300.0,3,1,1,2,0,0,0,0,0,0,0,0,1,0,0,2,99,99,0,64,1,0,6,0,25,15,4800.0,4800.0,0.0,0,0.0,0.0,0.0,74.0,0,0,True,False,False,False,True,False,False,True,False,False,False,False,False,True,False,False,False,False,False,False,False,False,False,False,False,False,False,True,False,False,False,True,False,False,1
99,0,999999.0,875.0,26998.0,1,1,1,1,2,0,1,1,0,1,0,0,3,0,0,1,99,99,0,18,0,1,7,1,37,49,300.0,300.0,0.0,0,0.0,0.0,0.0,278.0,1,0,True,False,False,False,True,False,False,True,True,False,False,False,False,False,False,False,False,False,False,False,False,False,False,False,False,False,False,True,False,False,False,True,False,False,1
99,0,999999.0,512.0,28764.0,1,1,1,1,2,0,1,1,0,1,0,0,7,0,0,1,99,99,4,24,0,0,7,0,23,45,12000.0,12000.0,0.0,0,0.0,0.0,0.0,143.0,1,0,True,False,False,False,True,False,False,True,True,False,False,False,False,False,False,False,False,False,False,False,False,False,False,False,False,False,False,True,False,False,False,True,False,False,1
99,1,187500.0,0.0,50000.0,1,1,1,1,0,0,0,0,0,0,1,1,4,2,2,1,3,1,0,33,0,0,6,0,0,0,0.0,0.0,0.0,0,0.0,0.0,0.0,398.0,0,0,True,False,False,False,True,False,False,True,False,False,False,False,False,False,False,False,False,False,False,False,True,False,False,False,False,False,False,True,False,False,True,False,False,False,1
99,0,999999.0,875.0,14130.0,1,1,1,1,1,0,1,2,0,1,0,0,6,0,0,1,99,99,3,10,1,1,1,1,0,0,0.0,999999.0,999999.0,999999,99999.0,99999.0,99999.0,83.0,1,0,True,False,False,False,True,False,False,True,True,False,False,False,False,False,False,False,False,False,False,False,False,False,True,False,False,False,False,False,False,False,False,True,False,False,1
99,1,225000.0,0.0,53657.0,1,1,1,1,0,0,0,0,0,0,2,1,4,1,1,1,0,0,0,28,1,0,8,0,37,78,26000.0,26000.0,0.0,0,0.0,0.0,0.0,413.0,1,1,True,False,False,False,True,False,False,True,False,False,False,True,False,False,False,False,False,False,False,False,False,False,False,False,False,True,False,False,False,False,True,False,False,False,1
99,0,999999.0,512.0,60000.0,1,1,1,1,0,0,0,0,0,0,2,1,5,3,0,1,14,8,0,48,1,0,1,0,25,15,60000.0,60000.0,0.0,0,0.0,0.0,0.0,405.0,1,1,True,False,False,False,True,False,False,True,False,False,False,True,False,False,False,False,False,False,False,False,False,False,False,False,False,False,False,True,False,False,True,False,False,False,1
99,0,999999.0,537.0,21062.0,1,1,1,1,0,0,0,0,0,0,2,1,4,2,1,1,7,1,0,34,1,0,7,0,38,68,9062.0,5000.0,3000.0,0,1062.0,0.0,0.0,167.0,0,2,True,False,False,False,True,False,False,True,False,False,False,True,False,False,False,False,False,False,False,False,False,False,False,False,False,False,False,True,False,False,True,False,False,False,1
99,1,187500.0,0.0,53645.0,1,1,1,1,0,0,0,0,0,0,2,1,4,2,0,1,20,17,0,50,1,0,7,0,32,62,40000.0,40000.0,0.0,0,0.0,0.0,0.0,413.0,1,7,True,False,False,False,True,False,False,True,False,False,False,True,False,False,False,False,False,False,False,False,False,False,False,False,False,False,False,True,False,False,True,False,False,False,1
99,1,400000.0,0.0,110000.0,1,1,1,1,2,0,1,1,0,1,0,0,5,0,0,1,99,99,2,4,1,0,0,0,0,0,0.0,999999.0,999999.0,999999,99999.0,99999.0,99999.0,501.0,1,0,True,False,False,False,True,False,False,True,True,False,False,False,False,False,False,False,False,False,False,False,False,False,False,False,False,False,False,True,False,False,False,True,False,False,1
99,0,999999.0,40.0,30000.0,1,1,1,1,2,0,1,1,3,1,0,0,4,0,0,1,99,99,1,2,1,0,7,0,0,0,0.0,999999.0,999999.0,999999,99999.0,99999.0,99999.0,239.0,1,0,True,False,False,False,True,False,False,True,True,False,False,False,False,False,False,False,False,False,False,False,False,False,False,False,False,False,False,True,False,False,False,True,False,False,1
99,1,225000.0,0.0,64000.0,1,1,1,1,0,0,0,0,0,0,2,1,4,2,0,1,12,6,0,35,1,0,7,0,32,39,64000.0,64000.0,0.0,0,0.0,0.0,0.0,501.0,0,6,True,False,False,False,True,False,True,False,False,False,False,True,False,False,False,False,False,False,False,False,False,False,False,False,False,False,False,True,False,False,True,False,False,False,1
99,0,999999.0,1.0,18400.0,1,1,1,1,2,0,1,1,0,1,0,0,5,0,0,1,99,99,1,16,1,1,4,1,0,0,0.0,0.0,0.0,0,0.0,0.0,0.0,121.0,1,0,True,False,False,False,True,False,False,True,True,False,False,False,False,False,False,False,False,False,False,False,False,False,False,False,False,False,False,True,False,False,False,True,False,False,1
99,1,12500.0,0.0,17328.0,1,1,1,1,0,0,0,0,0,0,1,1,4,1,0,1,35,35,0,68,0,0,6,0,0,0,6696.0,0.0,0.0,0,6696.0,0.0,0.0,135.0,0,0,True,False,False,False,True,False,False,True,False,False,False,False,False,False,False,False,False,False,False,False,True,False,False,False,False,False,False,True,False,False,True,False,False,False,1
99,1,77500.0,0.0,64700.0,1,1,0,0,0,0,0,0,0,0,1,1,2,0,0,1,99,99,0,53,0,0,7,0,22,61,9300.0,9000.0,0.0,0,0.0,0.0,0.0,501.0,1,0,True,False,False,False,True,False,False,True,False,False,False,False,False,False,False,False,False,False,False,False,True,False,False,False,False,False,False,True,False,False,True,False,False,False,1
99,1,95000.0,0.0,41660.0,1,1,2,1,2,0,1,1,0,1,0,0,6,0,0,1,99,99,1,29,0,0,2,0,0,0,4680.0,0.0,0.0,0,0.0,4480.0,200.0,239.0,0,0,True,False,False,False,True,False,False,True,True,False,False,False,False,False,False,False,False,False,False,False,False,False,False,False,False,False,False,True,False,False,False,False,True,False,1
99,1,162500.0,0.0,30440.0,1,0,1,0,1,0,1,0,0,0,0,0,4,0,0,1,99,99,2,20,1,0,6,0,20,9,11000.0,11000.0,0.0,0,0.0,0.0,0.0,238.0,0,0,True,False,False,False,True,False,False,True,True,False,False,False,False,False,False,False,False,False,False,False,False,False,False,False,False,False,False,True,False,False,False,True,False,False,1
99,0,999999.0,625.0,18360.0,1,0,0,1,0,0,0,1,3,1,0,0,7,0,0,1,99,99,4,14,1,1,2,1,0,0,0.0,999999.0,999999.0,999999,99999.0,99999.0,99999.0,96.0,1,0,True,False,False,False,True,False,False,True,True,False,False,False,False,False,False,False,False,False,False,False,False,False,False,False,False,False,False,True,False,False,False,True,False,False,1
99,1,275000.0,0.0,86000.0,1,1,0,0,0,0,0,0,0,0,2,1,2,0,0,1,99,99,0,49,1,0,8,0,24,47,60000.0,0.0,60000.0,0,0.0,0.0,0.0,501.0,0,6,True,False,False,False,True,False,False,True,False,False,False,True,False,False,False,False,False,False,False,False,False,False,False,False,False,False,False,True,False,False,True,False,False,False,0
99,0,999999.0,1000.0,12000.0,1,0,1,0,0,0,0,0,0,0,0,0,2,1,0,1,13,13,0,39,0,0,6,0,41,68,12000.0,0.0,12000.0,0,0.0,0.0,0.0,140.0,1,1,True,False,False,False,True,False,False,True,False,False,False,True,False,False,False,False,False,False,False,False,False,False,False,True,False,False,False,False,True,False,False,False,False,False,1
99,0,999999.0,462.0,189115.0,1,1,1,1,2,0,1,1,0,1,0,0,6,0,0,1,99,99,3,14,0,1,2,1,0,0,0.0,999999.0,999999.0,999999,99999.0,99999.0,99999.0,501.0,0,0,True,False,False,False,True,False,False,True,True,False,False,False,False,False,False,False,False,False,False,False,False,False,False,False,False,False,False,True,False,False,False,True,False,False,1
99,1,162500.0,0.0,62500.0,2,0,0,1,0,0,0,1,0,1,0,0,3,0,0,1,99,99,1,19,1,1,6,1,25,18,5500.0,1500.0,0.0,0,0.0,0.0,0.0,501.0,0,0,True,False,False,False,True,False,False,True,True,False,False,False,False,False,False,False,False,False,False,False,False,False,False,False,False,False,False,True,False,False,False,True,False,False,1
99,1,350000.0,0.0,39300.0,3,1,1,2,0,0,0,0,0,0,0,0,6,0,0,1,99,99,0,17,1,1,5,1,5,25,4300.0,4300.0,0.0,0,0.0,0.0,0.0,230.0,0,0,True,False,False,False,True,False,False,True,False,False,True,False,False,False,False,False,False,False,False,False,False,False,False,False,False,False,False,True,False,False,False,True,False,False,1
99,0,999999.0,875.0,21341.0,1,0,1,0,1,0,1,0,0,0,0,0,3,0,0,1,99,99,1,5,0,1,0,1,0,0,0.0,999999.0,999999.0,999999,99999.0,99999.0,99999.0,214.0,1,0,True,False,False,False,True,False,False,True,True,False,False,False,False,False,False,False,False,False,False,False,False,False,False,False,False,True,False,False,False,False,False,True,False,False,1
99,1,400000.0,0.0,82670.0,1,1,1,1,0,0,0,0,0,0,2,1,4,2,0,1,16,10,0,56,1,0,8,0,48,87,52010.0,49614.0,0.0,0,0.0,0.0,0.0,501.0,0,5,True,False,False,False,True,False,False,True,False,False,False,True,False,False,False,False,False,False,False,False,False,False,False,False,False,False,False,True,False,False,True,False,False,False,1
99,0,999999.0,1000.0,35600.0,1,1,1,1,0,0,0,0,0,0,1,1,4,2,1,1,6,2,0,31,0,0,7,0,24,47,600.0,600.0,0.0,0,0.0,0.0,0.0,283.0,1,0,True,False,False,False,True,False,False,True,False,False,False,False,False,False,False,False,False,False,False,False,True,False,False,False,False,False,False,True,False,False,True,False,False,False,1
99,0,999999.0,875.0,50025.0,1,1,1,1,2,0,1,1,0,1,0,0,7,0,0,1,99,99,4,16,1,1,3,1,25,18,0.0,0.0,0.0,0,0.0,0.0,0.0,253.0,1,0,True,False,False,False,True,False,False,True,True,False,False,False,False,False,False,False,False,False,False,False,False,False,True,False,False,False,False,False,False,False,False,True,False,False,1
99,0,999999.0,675.0,26000.0,1,0,0,0,0,0,0,0,0,0,0,0,1,0,0,1,99,99,0,41,1,0,7,0,34,53,26000.0,26000.0,0.0,0,0.0,0.0,0.0,403.0,1,1,True,False,False,False,True,False,False,True,False,False,False,True,False,False,False,False,False,False,False,False,False,False,True,False,False,False,False,False,True,False,False,False,False,False,1
99,0,999999.0,212.0,25416.0,1,0,0,0,0,0,0,0,0,0,0,0,1,0,0,1,99,99,0,37,1,0,7,0,38,69,25416.0,23940.0,0.0,0,0.0,0.0,1476.0,394.0,1,2,True,False,False,False,True,False,False,True,False,False,False,True,False,False,False,False,False,False,False,False,False,False,False,False,False,False,False,True,False,False,False,True,False,False,1
99,0,999999.0,875.0,10750.0,2,0,1,0,1,0,1,0,0,0,0,0,3,0,0,1,99,99,1,6,1,1,0,1,0,0,0.0,999999.0,999999.0,999999,99999.0,99999.0,99999.0,108.0,1,0,True,False,False,False,True,False,False,True,True,False,False,False,False,False,False,False,False,False,False,False,False,False,False,False,False,False,False,True,False,False,False,True,False,False,1
99,0,999999.0,487.0,21597.0,1,1,1,1,0,0,0,0,0,0,2,1,3,1,1,1,2,2,0,33,1,0,8,0,22,61,21597.0,21597.0,0.0,0,0.0,0.0,0.0,216.0,1,1,True,False,False,False,True,False,False,True,False,False,False,True,False,False,False,False,False,False,False,False,False,False,False,True,False,False,False,False,False,False,True,False,False,False,1
99,0,999999.0,362.0,1500.0,1,0,0,0,0,0,0,0,0,0,0,0,1,0,0,1,99,99,0,31,0,1,6,1,16,38,1500.0,1500.0,0.0,0,0.0,0.0,0.0,23.0,0,2,True,False,False,False,True,False,False,True,False,False,False,True,False,False,False,False,False,False,False,False,False,False,True,False,False,False,False,False,False,False,False,True,False,False,0
99,0,999999.0,537.0,40000.0,1,1,1,1,0,0,0,0,0,0,2,2,6,1,0,1,8,8,2,29,0,0,4,0,22,18,20000.0,20000.0,0.0,0,0.0,0.0,0.0,225.0,1,1,True,False,False,False,True,False,False,True,False,False,False,True,False,False,False,False,False,False,False,False,False,False,False,False,False,False,False,True,False,False,True,False,False,False,1
99,1,162500.0,0.0,52233.0,1,1,1,1,2,0,1,1,0,1,0,0,11,0,0,1,99,99,6,15,0,1,4,1,0,0,0.0,999999.0,999999.0,999999,0.0,0.0,0.0,198.0,0,0,True,False,False,False,True,False,False,True,True,False,False,False,False,False,False,False,False,False,False,False,False,False,True,False,False,False,False,False,False,False,False,True,False,False,1
99,1,275000.0,0.0,80166.0,1,1,0,0,0,0,0,0,0,0,2,1,2,0,0,1,99,99,0,48,1,0,7,0,34,53,55166.0,45000.0,0.0,0,0.0,0.0,0.0,501.0,0,6,True,False,False,False,True,False,False,True,False,False,False,True,False,False,False,False,False,False,False,False,False,False,False,False,False,True,False,False,False,False,True,False,False,False,1
99,0,999999.0,625.0,35870.0,3,0,1,0,0,0,0,0,0,0,0,0,2,1,0,1,24,24,0,52,0,0,6,0,21,45,12870.0,12870.0,0.0,0,0.0,0.0,0.0,432.0,1,2,True,False,False,False,True,False,False,True,False,False,False,True,False,False,False,False,False,False,False,False,False,False,False,False,False,False,False,True,False,True,False,False,False,False,1
99,1,275000.0,0.0,43983.0,1,0,0,0,0,0,0,0,0,0,0,0,1,0,0,1,99,99,0,52,0,0,8,0,19,46,43983.0,43221.0,0.0,0,0.0,0.0,0.0,501.0,1,2,True,False,False,False,True,False,False,True,False,False,False,True,False,False,False,False,False,False,False,False,False,False,False,False,False,False,False,True,False,False,False,True,False,False,1
99,0,999999.0,537.0,56829.0,1,1,0,0,0,0,0,0,0,0,1,1,2,0,0,1,99,99,0,34,0,1,8,1,27,50,16262.0,12694.0,3568.0,0,0.0,0.0,0.0,501.0,1,0,True,False,False,False,True,False,False,True,False,False,False,False,False,False,False,False,False,False,False,False,True,False,False,False,False,False,False,True,False,False,True,False,False,False,1
99,0,999999.0,725.0,0.0,4,0,0,0,0,0,0,0,0,0,0,0,1,0,0,4,99,99,0,90,0,0,8,0,0,0,13000.0,0.0,0.0,0,13000.0,0.0,0.0,219.0,0,0,True,False,False,False,True,False,False,True,False,False,False,False,False,False,False,False,False,True,False,False,False,False,False,False,False,False,False,True,False,False,False,False,False,True,1
99,0,999999.0,462.0,88986.0,1,1,1,1,0,0,0,0,0,0,2,1,10,5,0,1,24,17,0,40,1,0,6,0,24,47,27000.0,27000.0,0.0,0,0.0,0.0,0.0,337.0,0,5,True,False,False,False,True,False,False,True,False,False,False,True,False,False,False,False,False,False,False,False,False,True,False,False,False,False,False,False,False,False,True,False,False,False,1
99,0,999999.0,512.0,31300.0,1,1,0,1,0,0,0,3,0,1,2,1,3,0,0,1,99,99,0,56,1,0,3,0,23,18,12000.0,12000.0,0.0,0,0.0,0.0,0.0,323.0,0,5,True,False,False,False,True,False,False,True,False,False,False,True,False,False,False,False,False,False,False,False,False,False,False,False,False,False,False,True,False,False,True,False,False,False,1
99,0,999999.0,875.0,13115.0,1,0,1,0,0,0,0,0,0,0,0,0,2,1,0,1,16,16,0,35,0,0,7,0,17,26,13115.0,0.0,11090.0,0,0.0,0.0,2025.0,153.0,1,1,True,False,False,False,True,False,False,True,False,False,False,True,False,False,False,False,False,False,False,False,False,False,True,False,False,False,False,False,True,False,False,False,False,False,1
99,0,999999.0,312.0,34800.0,1,2,0,1,0,0,0,3,0,1,2,1,6,0,0,1,99,99,2,38,1,1,3,1,22,15,20000.0,20000.0,0.0,0,0.0,0.0,0.0,196.0,0,5,True,False,False,False,True,False,False,True,False,False,False,True,False,False,False,False,False,False,False,False,False,False,False,False,False,False,False,True,False,False,True,False,False,False,1
99,1,350000.0,0.0,76000.0,1,1,1,1,2,0,1,1,0,1,0,0,5,0,0,1,99,99,2,3,1,0,0,0,0,0,0.0,999999.0,999999.0,999999,99999.0,99999.0,99999.0,501.0,1,0,True,False,False,False,True,False,False,True,True,False,False,False,False,False,False,False,False,False,False,False,False,False,False,False,False,False,False,True,False,False,False,True,False,False,1
99,1,275000.0,0.0,90000.0,1,1,1,1,2,0,1,1,0,1,0,0,4,0,0,1,99,99,1,14,1,1,2,2,0,0,0.0,999999.0,999999.0,999999,99999.0,99999.0,99999.0,501.0,0,0,True,False,False,False,True,False,False,True,True,False,False,False,False,False,False,False,False,False,False,False,False,False,False,False,False,False,False,True,False,False,False,True,False,False,1
99,0,999999.0,875.0,1200.0,1,0,1,0,1,0,1,0,0,0,0,0,8,0,0,1,99,99,2,2,0,0,7,0,0,0,0.0,999999.0,999999.0,999999,99999.0,99999.0,99999.0,6.0,1,0,True,False,False,False,True,False,False,True,True,False,False,False,False,False,False,False,False,False,False,False,False,False,True,False,False,False,False,False,False,False,False,True,False,False,1
99,0,999999.0,512.0,25200.0,2,0,0,0,0,0,0,0,0,0,0,0,1,0,0,1,99,99,0,52,1,0,8,0,22,32,25200.0,25200.0,0.0,0,0.0,0.0,0.0,391.0,0,5,True,False,False,False,True,False,False,True,False,False,False,True,False,False,False,False,False,False,False,False,False,False,False,False,False,False,False,True,True,False,False,False,False,False,1
99,0,999999.0,875.0,0.0,7,0,1,1,9,0,3,0,0,0,0,0,3,0,0,5,99,99,1,7,1,1,0,1,0,0,0.0,999999.0,999999.0,999999,99999.0,99999.0,99999.0,99.0,1,0,True,False,False,False,True,False,False,True,False,False,False,False,False,True,False,False,False,False,False,False,False,False,False,False,False,False,False,True,False,False,False,True,False,False,1
99,1,187500.0,0.0,48000.0,1,1,1,1,0,0,0,0,0,0,1,1,6,4,4,1,4,0,0,31,0,0,6,0,23,18,1000.0,1000.0,0.0,0,0.0,0.0,0.0,290.0,1,0,True,False,False,False,True,False,False,True,False,False,False,False,False,False,False,False,False,False,False,False,True,False,False,False,False,False,False,True,False,False,True,False,False,False,1
99,1,275000.0,0.0,6000.0,1,2,2,2,0,0,0,0,0,0,1,1,6,2,0,1,8,6,0,31,0,0,7,0,0,0,0.0,0.0,0.0,0,0.0,0.0,0.0,34.0,0,0,True,False,False,False,True,False,False,True,False,False,False,False,False,False,False,False,False,False,False,False,True,False,False,False,False,True,False,False,False,False,True,False,False,False,1
99,1,400000.0,0.0,194000.0,1,1,0,0,0,0,0,0,0,0,2,1,2,0,0,1,99,99,0,35,1,0,8,0,41,68,138000.0,138000.0,0.0,0,0.0,0.0,0.0,501.0,1,2,True,False,False,False,True,False,False,True,False,False,False,True,False,False,False,False,False,False,False,False,False,False,False,False,False,False,False,True,False,False,True,False,False,False,1
99,0,999999.0,625.0,6000.0,6,1,0,1,0,0,0,0,0,0,0,0,1,0,0,5,99,99,0,37,0,0,1,0,0,0,0.0,0.0,0.0,0,0.0,0.0,0.0,1.0,1,0,True,False,False,False,True,False,False,True,False,False,False,False,False,False,False,False,False,True,False,False,False,False,False,False,False,False,False,True,False,True,False,False,False,False,1
99,1,162500.0,0.0,54000.0,1,0,0,0,0,0,0,0,0,0,0,0,1,0,0,1,99,99,0,34,1,0,8,0,41,68,54000.0,52000.0,0.0,0,0.0,0.0,0.0,501.0,1,2,True,False,False,False,True,False,False,True,False,False,False,True,False,False,False,False,False,False,False,False,False,False,False,False,False,False,False,True,False,False,False,True,False,False,1
99,0,999999.0,625.0,8000.0,7,1,0,0,0,0,0,0,0,0,2,4,2,0,0,2,99,99,0,23,0,0,2,0,22,18,5500.0,5500.0,0.0,0,0.0,0.0,0.0,175.0,1,0,True,False,False,False,True,False,False,True,False,False,False,False,False,True,False,False,False,False,False,False,False,False,False,False,False,False,False,True,False,False,True,False,False,False,1
99,1,400000.0,0.0,356231.0,1,1,1,1,2,0,1,1,0,1,0,0,4,0,0,1,99,99,1,16,1,1,5,2,0,0,0.0,0.0,0.0,0,0.0,0.0,0.0,501.0,0,0,True,False,False,False,True,False,False,True,True,False,False,False,False,False,False,False,False,False,False,False,False,False,False,False,True,False,False,False,False,False,False,True,False,False,1
99,1,187500.0,0.0,0.0,1,1,1,1,2,0,1,1,0,1,0,0,7,0,0,1,99,99,3,2,1,0,7,0,0,0,0.0,999999.0,999999.0,999999,99999.0,99999.0,99999.0,1.0,1,0,True,False,False,False,True,False,False,True,True,False,False,False,False,False,False,False,False,False,False,False,False,False,False,False,False,False,False,True,False,False,False,True,False,False,1
99,0,999999.0,625.0,47189.0,1,1,1,1,1,0,1,2,0,1,0,0,8,0,0,1,99,99,5,20,1,1,6,2,26,72,8000.0,8000.0,0.0,0,0.0,0.0,0.0,217.0,0,0,True,False,False,False,True,False,False,True,True,False,False,False,False,False,False,False,False,False,False,False,False,False,False,False,False,False,False,True,False,False,False,True,False,False,1
99,0,999999.0,1000.0,48600.0,5,2,3,2,0,0,0,0,0,0,1,1,12,3,2,1,13,2,0,23,0,0,3,0,0,0,0.0,0.0,0.0,0,0.0,0.0,0.0,195.0,1,0,True,False,False,False,True,False,False,True,False,False,False,False,False,False,False,False,False,False,False,False,True,False,False,False,False,False,False,True,False,False,True,False,False,False,1
99,1,225000.0,0.0,69643.0,1,0,0,0,0,0,0,0,0,0,0,0,1,0,0,1,99,99,0,49,0,0,6,0,36,66,69643.0,61143.0,0.0,0,0.0,0.0,0.0,501.0,0,6,True,False,False,False,True,False,False,True,False,False,False,True,False,False,False,False,False,False,False,False,False,False,False,False,False,False,False,True,True,False,False,False,False,False,1
99,0,999999.0,575.0,36100.0,2,0,1,1,0,0,0,0,0,0,0,0,4,0,0,1,99,99,1,25,1,0,2,0,30,24,11500.0,11500.0,0.0,0,0.0,0.0,0.0,278.0,1,0,True,False,False,False,True,False,False,True,False,False,False,False,False,False,False,False,False,False,True,False,False,False,False,False,False,False,False,True,False,False,False,True,False,False,1
99,0,999999.0,625.0,39762.0,1,2,2,3,2,0,1,1,0,1,0,0,8,0,0,1,99,99,1,25,1,1,7,1,31,33,16352.0,16352.0,0.0,0,0.0,0.0,0.0,176.0,0,0,True,False,False,False,True,False,False,True,True,False,False,False,False,False,False,False,False,False,False,False,False,False,False,False,False,False,False,True,False,False,False,True,False,False,1
99,1,275000.0,0.0,50000.0,2,0,0,0,0,0,0,0,0,0,0,0,1,0,0,1,99,99,0,63,1,0,6,0,32,34,50000.0,50000.0,0.0,0,0.0,0.0,0.0,501.0,0,6,True,False,False,False,True,False,False,True,False,False,False,True,False,False,False,False,False,False,False,False,False,False,False,False,False,False,False,True,False,False,False,False,True,False,1
99,0,999999.0,875.0,25000.0,1,1,1,2,2,0,1,1,0,1,0,0,5,0,0,1,99,99,1,9,0,1,1,1,0,0,0.0,999999.0,999999.0,999999,99999.0,99999.0,99999.0,165.0,1,0,True,False,False,False,True,False,False,True,True,False,False,False,False,False,False,False,False,False,False,False,False,False,False,True,False,False,False,False,False,False,False,True,False,False,1
99,1,187500.0,0.0,36000.0,1,1,1,1,0,0,0,0,0,0,1,1,4,1,0,1,9,9,0,44,0,0,7,0,24,47,16000.0,16000.0,0.0,0,0.0,0.0,0.0,277.0,0,0,True,False,False,False,True,False,False,True,False,False,False,False,False,False,False,False,False,False,False,False,True,False,False,False,False,True,False,False,False,False,True,False,False,False,1
99,0,999999.0,875.0,28000.0,1,1,1,1,0,0,0,0,0,0,2,1,3,1,1,1,1,1,0,23,1,0,6,0,27,22,23000.0,23000.0,0.0,0,0.0,0.0,0.0,281.0,1,1,True,False,False,False,True,False,False,True,False,False,False,True,False,False,False,False,False,False,False,False,False,False,True,False,False,False,False,False,False,False,True,False,False,False,1
99,1,162500.0,0.0,45392.0,1,1,1,1,0,0,0,0,0,0,0,0,6,0,0,1,99,99,0,20,1,0,2,0,9,6,192.0,192.0,0.0,0,0.0,0.0,0.0,266.0,1,0,True,False,False,False,True,False,False,True,False,False,False,False,False,False,True,False,False,False,False,False,False,False,False,False,False,False,False,True,False,False,False,True,False,False,1
99,0,999999.0,875.0,47000.0,1,1,1,1,0,0,0,0,0,0,0,0,7,0,0,1,99,99,2,27,1,1,6,1,22,18,6000.0,6000.0,0.0,0,0.0,0.0,0.0,237.0,1,0,True,False,False,False,True,False,False,True,False,False,False,False,False,False,False,False,False,False,True,False,False,False,False,False,False,False,False,True,False,True,False,False,False,False,1
99,1,12500.0,0.0,601.0,1,1,1,1,2,0,1,1,0,1,0,0,7,0,0,1,99,99,4,14,0,1,2,1,0,0,0.0,999999.0,999999.0,999999,99999.0,99999.0,99999.0,3.0,1,0,True,False,False,False,True,False,False,True,True,False,False,False,False,False,False,False,False,False,False,False,False,False,False,False,False,False,False,True,False,False,False,True,False,False,1
99,1,162500.0,0.0,79464.0,2,3,1,1,2,0,1,1,0,1,0,0,12,0,0,1,99,99,6,12,1,1,2,1,0,0,0.0,999999.0,999999.0,999999,99999.0,99999.0,99999.0,292.0,0,0,True,False,False,False,True,False,False,True,True,False,False,False,False,False,False,False,False,False,False,False,False,False,False,False,False,False,False,True,False,False,False,True,False,False,1
99,1,400000.0,0.0,17700.0,1,0,0,0,0,0,0,0,0,0,0,0,1,0,0,1,99,99,0,68,0,0,8,0,25,52,17700.0,3000.0,2000.0,0,7200.0,0.0,0.0,298.0,0,7,True,False,False,False,True,False,False,True,False,False,False,True,False,False,False,False,False,False,False,False,False,False,False,False,False,False,False,True,False,False,False,False,False,True,0
99,0,999999.0,512.0,120001.0,1,0,0,0,0,0,0,0,0,0,0,0,1,0,0,1,99,99,0,52,1,0,8,0,34,49,120001.0,130000.0,-9999.0,0,0.0,0.0,0.0,501.0,0,5,True,False,False,False,True,False,False,True,False,False,False,True,False,False,False,False,False,False,False,False,False,False,True,False,False,False,False,False,False,False,False,True,False,False,1
99,0,999999.0,487.0,7152.0,1,1,1,1,0,0,0,0,0,0,1,1,3,1,1,1,2,2,0,25,0,0,6,0,0,0,0.0,0.0,0.0,0,0.0,0.0,0.0,72.0,1,0,True,False,False,False,True,False,False,True,False,False,False,False,False,False,False,False,False,False,False,False,True,False,False,False,False,False,False,True,False,False,True,False,False,False,1
99,0,999999.0,875.0,20000.0,2,0,0,0,0,0,0,0,0,0,0,0,1,0,0,2,99,99,0,31,0,0,7,0,41,72,19000.0,19000.0,0.0,0,0.0,0.0,0.0,295.0,1,0,True,False,False,False,True,False,False,True,False,False,False,False,False,False,False,False,False,True,False,False,False,False,False,False,False,False,False,True,False,False,False,True,False,False,1
99,1,225000.0,0.0,32575.0,1,1,1,1,0,0,0,0,0,0,1,1,3,1,0,1,11,11,0,37,0,0,6,0,25,52,9500.0,0.0,9500.0,0,0.0,0.0,0.0,326.0,1,0,True,False,False,False,True,False,False,True,False,False,False,False,False,False,False,False,False,False,False,False,True,False,False,False,False,True,False,False,False,False,True,False,False,False,1
99,1,400000.0,0.0,198516.0,1,1,1,1,2,0,1,1,0,1,0,0,4,0,0,1,99,99,1,16,1,1,5,1,0,0,0.0,0.0,0.0,0,0.0,0.0,0.0,501.0,0,0,True,False,False,False,True,False,False,True,True,False,False,False,False,False,False,False,False,False,False,False,False,False,False,False,False,True,False,False,False,False,False,True,False,False,1
99,0,999999.0,462.0,35000.0,1,0,0,0,0,0,0,0,0,0,0,0,1,0,0,1,99,99,0,32,0,1,7,1,20,8,35000.0,35000.0,0.0,0,0.0,0.0,0.0,501.0,0,6,True,False,False,False,True,False,False,True,False,False,False,True,False,False,False,False,False,False,False,False,False,False,False,False,False,False,False,True,False,False,False,True,False,False,1
99,1,275000.0,0.0,209500.0,1,1,1,0,0,0,0,0,0,0,1,1,4,0,0,1,99,99,0,53,0,1,6,2,35,62,120000.0,120000.0,0.0,0,0.0,0.0,0.0,501.0,1,0,True,False,False,False,True,False,False,True,False,False,False,False,False,False,False,False,False,False,False,False,True,False,False,False,False,False,False,True,False,False,True,False,False,False,1
99,0,999999.0,337.0,12000.0,2,0,2,0,0,0,0,0,0,0,0,0,6,0,0,1,99,99,1,56,0,0,2,0,17,8,0.0,0.0,0.0,0,0.0,0.0,0.0,67.0,0,0,True,False,False,False,True,False,False,True,False,False,False,False,False,False,False,False,False,False,True,False,False,False,False,False,False,True,False,False,False,False,False,False,False,True,1
99,1,350000.0,0.0,98000.0,1,1,0,0,0,0,0,0,0,0,1,1,2,0,0,1,99,99,0,45,0,0,8,0,41,68,52500.0,52000.0,0.0,0,0.0,0.0,0.0,501.0,1,0,True,False,False,False,True,False,False,True,False,False,False,False,False,False,False,False,False,False,False,False,True,False,False,False,False,False,False,True,False,False,True,False,False,False,1
99,1,400000.0,0.0,143816.0,1,1,0,0,0,0,0,0,0,0,0,0,4,0,0,1,99,99,0,18,1,1,5,1,0,0,0.0,0.0,0.0,0,0.0,0.0,0.0,501.0,1,0,True,False,False,False,True,False,False,True,False,False,False,False,False,False,True,False,False,False,False,False,False,False,False,False,False,True,False,False,False,False,False,True,False,False,1
99,0,999999.0,675.0,52512.0,1,1,2,1,0,0,0,0,0,0,2,1,4,1,0,1,37,37,0,72,1,0,6,0,0,0,12252.0,0.0,0.0,0,3852.0,0.0,0.0,404.0,0,6,True,False,False,False,True,False,False,True,False,False,False,True,False,False,False,False,False,False,False,False,False,False,False,False,False,False,False,True,False,False,True,False,False,False,1
99,1,162500.0,0.0,24700.0,1,1,2,1,0,0,0,0,0,0,1,1,7,2,0,1,28,17,0,54,0,0,3,0,16,15,14700.0,8000.0,0.0,0,0.0,6700.0,0.0,128.0,0,0,True,False,False,False,True,False,False,True,False,False,False,False,False,False,False,False,False,False,False,False,True,False,True,False,False,False,False,False,False,False,True,False,False,False,1
99,0,999999.0,512.0,39200.0,1,1,2,1,1,0,1,0,0,0,0,0,4,0,0,1,99,99,0,4,0,0,0,0,0,0,0.0,999999.0,999999.0,999999,99999.0,99999.0,99999.0,302.0,1,0,True,False,False,False,True,False,False,True,True,False,False,False,False,False,False,False,False,False,False,False,False,False,False,False,False,True,False,False,False,False,False,True,False,False,1
99,0,999999.0,675.0,9888.0,1,1,1,1,1,0,1,2,0,1,0,0,4,0,0,1,99,99,1,5,1,0,0,0,0,0,0.0,999999.0,999999.0,999999,99999.0,99999.0,99999.0,79.0,1,0,True,False,False,False,True,False,False,True,True,False,False,False,False,False,False,False,False,False,False,False,False,False,False,False,False,False,False,True,False,False,False,True,False,False,1
99,0,999999.0,412.0,23000.0,1,1,0,0,0,0,0,0,0,0,1,1,2,0,0,1,99,99,0,47,0,0,6,0,14,26,6000.0,6000.0,0.0,0,0.0,0.0,0.0,277.0,1,0,True,False,False,False,True,False,False,True,False,False,False,False,False,False,False,False,False,False,False,False,True,False,True,False,False,False,False,False,False,False,True,False,False,False,1
99,0,999999.0,1000.0,42000.0,1,1,0,0,0,0,0,0,0,0,1,1,2,0,0,1,99,99,0,40,0,0,7,0,31,73,2000.0,0.0,2000.0,0,0.0,0.0,0.0,501.0,1,0,True,False,False,False,True,False,False,True,False,False,False,False,False,False,False,False,False,False,False,False,True,False,False,False,False,False,False,True,False,False,True,False,False,False,1
99,0,999999.0,1000.0,65239.0,1,1,1,1,2,0,1,1,0,1,0,0,5,0,0,1,99,99,2,14,0,1,2,1,0,0,0.0,999999.0,999999.0,999999,99999.0,99999.0,99999.0,430.0,1,0,True,False,False,False,True,False,False,True,True,False,False,False,False,False,False,False,False,False,False,False,False,False,False,False,False,False,False,True,False,False,False,True,False,False,1
99,0,999999.0,675.0,18270.0,1,1,0,0,0,0,0,0,0,0,1,2,2,0,0,1,99,99,0,75,1,0,6,0,0,0,9380.0,0.0,0.0,0,4498.0,0.0,0.0,244.0,0,0,True,False,False,False,True,False,False,True,False,False,False,False,False,False,False,False,False,False,False,False,True,False,False,False,False,False,False,True,False,False,True,False,False,False,1
99,0,999999.0,282.0,7000.0,2,0,0,0,0,0,0,0,0,0,0,0,3,0,0,1,99,99,0,36,1,1,2,1,22,18,7000.0,7000.0,0.0,0,0.0,0.0,0.0,70.0,0,1,True,False,False,False,True,False,False,True,False,False,False,True,False,False,False,False,False,False,False,False,False,False,False,False,False,False,False,True,False,True,False,False,False,False,0
99,0,999999.0,725.0,17000.0,3,0,0,1,0,0,0,0,0,0,0,0,1,0,0,2,99,99,0,0,0,0,7,0,0,0,0.0,999999.0,999999.0,999999,99999.0,99999.0,99999.0,1.0,1,0,True,False,False,False,True,False,False,True,False,False,False,False,False,True,False,False,False,False,False,False,False,False,True,False,False,False,False,False,False,False,False,True,False,False,1
99,0,999999.0,282.0,4944.0,1,0,1,0,1,0,1,0,0,0,0,0,4,0,0,1,99,99,2,6,1,1,0,1,0,0,0.0,999999.0,999999.0,999999,99999.0,99999.0,99999.0,39.0,0,0,True,False,False,False,True,False,False,True,True,False,False,False,False,False,False,False,False,False,False,False,False,False,True,False,False,False,False,False,False,False,False,True,False,False,1
99,0,999999.0,875.0,60528.0,2,0,1,1,0,0,0,0,0,0,0,0,11,0,0,1,99,99,0,28,1,0,3,0,25,15,8640.0,8640.0,0.0,0,0.0,0.0,0.0,222.0,1,0,True,False,False,False,True,False,False,True,False,False,False,False,False,False,True,False,False,False,False,False,False,False,False,False,False,False,False,True,False,False,False,True,False,False,1
99,0,999999.0,487.0,2500.0,1,0,0,0,0,0,0,0,0,0,0,0,1,0,0,1,99,99,0,47,0,0,7,0,22,61,2500.0,2500.0,0.0,0,0.0,0.0,0.0,39.0,0,5,True,False,False,False,True,False,False,True,False,False,False,True,False,False,False,False,False,False,False,False,False,False,True,False,False,False,False,False,False,True,False,False,False,False,1
99,1,162500.0,0.0,79287.0,1,0,0,0,0,0,0,0,0,0,0,0,2,0,0,1,99,99,1,36,0,0,8,0,42,84,47583.0,47292.0,0.0,0,0.0,0.0,0.0,501.0,0,0,True,False,False,False,True,False,False,True,False,False,False,False,False,False,False,False,False,False,True,False,False,False,False,False,False,False,False,True,False,False,False,True,False,False,1
99,0,999999.0,0.0,999999.0,1,0,0,0,0,0,0,0,0,0,0,0,1,0,0,1,99,99,0,28,1,0,7,0,25,44,12500.0,12500.0,0.0,0,0.0,0.0,0.0,0.0,1,0,False,False,True,False,False,True,False,True,False,False,False,False,False,True,False,False,False,False,False,False,False,False,True,False,False,False,False,False,False,False,False,True,False,False,0
99,1,187500.0,0.0,83700.0,1,1,1,1,2,0,1,1,0,1,0,0,5,0,0,1,99,99,2,8,1,1,1,1,0,0,0.0,999999.0,999999.0,999999,99999.0,99999.0,99999.0,501.0,1,0,True,False,False,False,True,False,False,True,True,False,False,False,False,False,False,False,False,False,False,False,False,False,False,False,False,False,False,True,False,False,False,True,False,False,1
99,1,137500.0,0.0,55000.0,1,1,2,1,3,0,5,0,0,0,0,0,4,0,0,1,99,99,0,3,0,0,0,0,0,0,0.0,999999.0,999999.0,999999,99999.0,99999.0,99999.0,423.0,1,0,True,False,False,False,True,False,False,True,False,False,True,False,False,False,False,False,False,False,False,False,False,False,False,False,False,False,True,False,False,False,False,True,False,False,1
99,1,350000.0,0.0,102000.0,1,1,0,0,0,0,0,0,0,0,2,1,2,0,0,1,99,99,0,47,1,1,8,2,26,72,47000.0,47000.0,0.0,0,0.0,0.0,0.0,501.0,0,6,True,False,False,False,True,False,False,True,False,False,False,True,False,False,False,False,False,False,False,False,False,False,True,False,False,False,False,False,False,False,True,False,False,False,1
99,0,999999.0,575.0,7000.0,2,0,0,1,0,0,0,1,0,1,0,0,3,0,0,1,99,99,0,0,0,0,7,0,0,0,0.0,999999.0,999999.0,999999,99999.0,99999.0,99999.0,70.0,1,0,True,False,False,False,True,False,False,True,True,False,False,False,False,False,False,False,False,False,False,False,False,False,False,False,False,False,False,True,False,False,False,True,False,False,1
99,0,999999.0,512.0,9888.0,1,0,1,0,1,0,1,0,0,0,0,0,4,0,0,1,99,99,2,12,1,1,2,1,0,0,0.0,999999.0,999999.0,999999,99999.0,99999.0,99999.0,78.0,1,0,True,False,False,False,True,False,False,True,True,False,False,False,False,False,False,False,False,False,False,False,False,False,False,False,False,False,False,True,False,False,False,True,False,False,1
99,1,162500.0,0.0,34000.0,1,1,1,1,0,0,0,0,0,0,0,0,7,0,0,1,99,99,0,22,1,0,0,0,0,0,0.0,0.0,0.0,0,0.0,0.0,0.0,169.0,1,0,True,False,False,False,True,False,False,True,False,False,False,False,False,False,True,False,False,False,False,False,False,False,False,False,False,False,False,True,False,False,False,True,False,False,1
99,1,225000.0,0.0,2300.0,1,1,0,0,0,0,0,0,0,0,1,1,2,0,0,1,99,99,0,75,0,0,1,0,0,0,0.0,0.0,0.0,0,0.0,0.0,0.0,31.0,0,0,True,False,False,False,True,False,False,True,False,False,False,False,False,False,False,False,False,False,False,False,True,False,False,False,False,False,False,True,False,False,True,False,False,False,1
99,0,999999.0,412.0,15189.0,1,1,1,1,2,0,1,1,0,1,0,0,6,0,0,1,99,99,3,1,0,0,7,0,0,0,0.0,999999.0,999999.0,999999,99999.0,99999.0,99999.0,92.0,1,0,True,False,False,False,True,False,False,True,True,False,False,False,False,False,False,False,False,False,False,False,False,False,False,True,False,False,False,False,False,False,False,True,False,False,1
99,0,999999.0,337.0,65000.0,1,1,2,1,6,0,1,0,0,0,2,1,6,3,0,1,13,6,0,35,1,0,6,0,37,49,65000.0,65000.0,0.0,0,0.0,0.0,0.0,380.0,0,6,True,False,False,False,True,False,False,True,False,False,False,True,False,False,False,False,False,False,False,False,False,False,False,False,False,False,False,True,False,False,True,False,False,False,1
99,0,999999.0,875.0,9000.0,4,1,0,0,0,0,0,0,0,0,3,5,2,0,0,2,99,99,0,26,0,0,7,0,34,67,24000.0,24000.0,0.0,0,0.0,0.0,0.0,289.0,1,0,True,False,False,False,True,False,False,True,False,False,False,False,False,False,False,False,False,True,False,False,False,False,False,False,False,True,False,False,False,False,True,False,False,False,1
99,1,137500.0,0.0,17201.0,1,1,0,0,0,0,0,0,0,0,2,2,2,0,0,1,99,99,0,50,0,0,7,0,37,49,17100.0,10000.0,5000.0,0,0.0,0.0,0.0,207.0,1,2,True,False,False,False,True,False,False,True,False,False,False,True,False,False,False,False,False,False,False,False,False,False,False,False,False,False,False,True,False,False,True,False,False,False,1
99,1,95000.0,0.0,21000.0,1,0,2,0,7,0,1,0,0,0,0,0,7,5,0,1,19,8,0,39,0,0,2,0,20,8,16000.0,16000.0,0.0,0,0.0,0.0,0.0,109.0,1,2,True,False,False,False,True,False,False,True,False,False,False,True,False,False,False,False,False,False,False,False,False,False,False,False,False,False,False,True,False,True,False,False,False,False,1
99,1,112500.0,0.0,20376.0,2,1,1,1,0,0,0,0,0,0,1,1,4,2,0,1,20,17,0,52,0,0,0,0,23,18,2376.0,2376.0,0.0,0,0.0,0.0,0.0,157.0,0,0,True,False,False,False,True,False,False,True,False,False,False,False,False,False,False,False,False,False,False,False,True,False,False,False,False,False,False,True,False,False,True,False,False,False,1
99,0,999999.0,875.0,37588.0,1,1,1,1,2,0,1,1,0,1,0,0,4,0,0,1,99,99,1,28,0,0,6,0,22,61,13000.0,13000.0,0.0,0,0.0,0.0,0.0,294.0,1,0,True,False,False,False,True,False,False,True,True,False,False,False,False,False,False,False,False,False,False,False,False,False,False,False,False,True,False,False,False,False,False,True,False,False,1
99,1,400000.0,0.0,39600.0,1,1,0,0,0,0,0,0,0,0,2,1,4,0,0,1,99,99,0,40,1,0,6,0,23,16,24000.0,24000.0,0.0,0,0.0,0.0,0.0,315.0,0,1,True,False,False,False,True,False,False,True,False,False,False,True,False,False,False,False,False,False,False,False,False,False,False,False,False,False,False,True,False,False,True,False,False,False,1
99,1,350000.0,0.0,52900.0,1,1,1,1,0,0,0,0,0,0,1,1,3,1,1,1,4,4,0,39,0,0,6,0,27,64,9900.0,9600.0,0.0,0,0.0,0.0,0.0,501.0,1,0,True,False,False,False,True,False,False,True,False,False,False,False,False,False,False,False,False,False,False,False,True,False,False,False,False,False,False,True,False,False,True,False,False,False,1
99,0,999999.0,0.0,999999.0,1,0,0,0,0,0,0,0,0,0,0,0,1,0,0,1,99,99,0,21,1,1,7,1,41,68,14440.0,14440.0,0.0,0,0.0,0.0,0.0,0.0,1,0,False,False,True,False,False,True,False,True,False,False,False,False,False,True,False,False,False,False,False,False,False,False,False,False,False,False,False,True,False,False,False,True,False,False,1
99,0,999999.0,725.0,32400.0,2,1,1,1,2,0,1,1,0,1,0,0,9,0,0,1,99,99,5,2,0,0,7,0,0,0,0.0,999999.0,999999.0,999999,99999.0,99999.0,99999.0,129.0,1,0,True,False,False,False,True,False,False,True,True,False,False,False,False,False,False,False,False,False,False,False,False,False,False,False,False,False,False,True,False,False,False,True,False,False,1
99,0,999999.0,387.0,0.0,1,1,0,0,0,0,0,0,0,0,2,1,3,0,0,1,99,99,0,61,1,1,2,1,0,0,0.0,0.0,0.0,0,0.0,0.0,0.0,1.0,0,6,True,False,False,False,True,False,False,True,False,False,False,True,False,False,False,False,False,False,False,False,False,False,False,False,False,False,False,True,False,False,True,False,False,False,1
99,1,275000.0,0.0,0.0,2,0,0,1,0,0,0,0,0,0,0,0,1,0,0,2,99,99,0,37,0,0,6,0,0,0,0.0,0.0,0.0,0,0.0,0.0,0.0,1.0,0,0,True,False,False,False,True,False,False,True,False,False,False,False,False,True,False,False,False,False,False,False,False,False,True,False,False,False,False,False,False,False,False,False,False,True,1
99,1,112500.0,0.0,34000.0,7,1,0,1,0,0,0,0,0,0,0,0,1,0,0,2,99,99,0,30,1,0,2,0,11,11,6000.0,6000.0,0.0,0,0.0,0.0,0.0,93.0,1,0,True,False,False,False,True,False,False,True,False,False,False,False,False,False,False,False,False,True,False,False,False,False,False,False,False,False,False,True,False,False,False,True,False,False,0
99,0,999999.0,725.0,17000.0,2,0,0,0,0,0,0,0,0,0,0,0,1,0,0,2,99,99,0,25,1,0,6,0,25,15,18000.0,18000.0,0.0,0,0.0,0.0,0.0,279.0,1,0,True,False,False,False,True,False,False,True,False,False,False,False,False,False,False,False,False,True,False,False,False,False,False,False,False,False,False,True,False,False,False,True,False,False,1
99,1,400000.0,0.0,148000.0,1,1,1,1,2,0,1,1,0,1,0,0,3,0,0,1,99,99,0,2,1,0,7,0,0,0,0.0,999999.0,999999.0,999999,99999.0,99999.0,99999.0,501.0,1,0,True,False,False,False,True,False,False,True,True,False,False,False,False,False,False,False,False,False,False,False,False,False,False,False,False,False,False,True,False,False,False,True,False,False,1
99,0,999999.0,875.0,1305.0,1,0,1,0,1,0,1,0,0,0,0,0,5,0,0,1,99,99,2,26,1,0,0,0,20,8,220.0,0.0,0.0,0,0.0,0.0,220.0,8.0,1,0,True,False,False,False,True,False,False,True,True,False,False,False,False,False,False,False,False,False,False,False,False,False,False,False,False,False,False,True,False,True,False,False,False,False,1
99,1,225000.0,0.0,25700.0,1,1,0,0,0,0,0,0,0,0,2,1,2,0,0,1,99,99,0,75,1,0,7,0,25,44,19000.0,7000.0,0.0,0,12000.0,0.0,0.0,343.0,0,6,True,False,False,False,True,False,False,True,False,False,False,True,False,False,False,False,False,False,False,False,False,False,False,False,False,False,False,True,False,False,True,False,False,False,1
99,0,999999.0,675.0,39600.0,1,0,1,0,0,0,0,0,0,0,0,0,5,0,0,1,99,99,1,26,1,0,7,0,25,44,30000.0,30000.0,0.0,0,0.0,0.0,0.0,268.0,1,2,True,False,False,False,True,False,False,True,False,False,False,True,False,False,False,False,False,False,False,False,False,False,False,False,False,False,False,True,False,False,False,True,False,False,1
99,1,350000.0,0.0,70000.0,1,1,1,1,2,0,1,1,0,1,0,0,4,0,0,1,99,99,1,4,1,1,0,1,0,0,0.0,999999.0,999999.0,999999,99999.0,99999.0,99999.0,501.0,1,0,True,False,False,False,True,False,False,True,True,False,False,False,False,False,False,False,False,False,False,False,False,False,False,False,False,False,False,True,False,False,False,True,False,False,1
99,1,137500.0,0.0,50000.0,1,0,0,0,0,0,0,0,0,0,0,0,1,0,0,1,99,99,0,29,0,0,8,0,41,68,50000.0,50000.0,0.0,0,0.0,0.0,0.0,501.0,1,1,True,False,False,False,True,False,False,True,False,False,False,True,False,False,False,False,False,False,False,False,False,False,False,False,False,False,False,True,False,False,False,True,False,False,1
99,1,187500.0,0.0,74595.0,1,1,1,1,2,0,1,1,0,1,0,0,4,0,0,1,99,99,1,19,1,1,7,1,24,47,1091.0,1091.0,0.0,0,0.0,0.0,0.0,501.0,0,0,True,False,False,False,True,False,False,True,True,False,False,False,False,False,False,False,False,False,False,False,False,False,False,False,False,False,False,True,False,False,False,True,False,False,1
99,0,999999.0,625.0,12000.0,2,0,0,0,0,0,0,0,0,0,0,0,1,0,0,1,99,99,0,75,0,0,7,0,0,0,12000.0,0.0,0.0,0,12000.0,0.0,0.0,202.0,0,6,True,False,False,False,True,False,False,True,False,False,False,True,False,False,False,False,False,False,False,False,False,False,False,False,False,False,False,True,False,False,False,False,False,True,1
99,1,162500.0,0.0,19869.0,1,1,1,1,2,0,1,1,3,1,0,0,3,0,0,1,99,99,0,24,0,0,7,0,18,44,15000.0,15000.0,0.0,0,0.0,0.0,0.0,205.0,0,0,True,False,False,False,True,False,False,True,True,False,False,False,False,False,False,False,False,False,False,False,False,False,False,False,False,False,False,True,False,False,False,True,False,False,1
99,0,999999.0,575.0,7500.0,2,0,0,0,0,0,0,0,0,0,0,0,1,0,0,1,99,99,0,51,1,0,6,0,31,65,7500.0,0.0,0.0,0,7500.0,0.0,0.0,116.0,0,5,True,False,False,False,True,False,False,True,False,False,False,True,False,False,False,False,False,False,False,False,False,False,False,False,False,False,False,True,False,False,False,False,False,True,1
99,0,999999.0,875.0,31176.0,1,0,1,0,0,0,0,0,0,0,0,0,3,2,0,1,38,35,0,69,0,0,7,0,0,0,5676.0,0.0,0.0,0,0.0,5676.0,0.0,321.0,1,0,True,False,False,False,True,False,False,True,False,False,False,False,False,False,False,True,False,False,False,False,False,False,False,True,False,False,False,False,False,False,False,False,False,True,1
99,1,225000.0,0.0,43000.0,1,1,1,1,2,0,1,1,0,1,0,0,4,0,0,1,99,99,1,2,0,0,7,0,0,0,0.0,999999.0,999999.0,999999,99999.0,99999.0,99999.0,342.0,1,0,True,False,False,False,True,False,False,True,True,False,False,False,False,False,False,False,False,False,False,False,False,False,False,False,False,True,False,False,False,False,False,True,False,False,1
99,0,999999.0,875.0,42000.0,1,1,1,1,0,0,0,0,0,0,1,1,3,1,1,1,0,0,0,41,0,0,7,0,18,44,12000.0,12000.0,0.0,0,0.0,0.0,0.0,421.0,1,0,True,False,False,False,True,False,False,True,False,False,False,False,False,False,False,False,False,False,False,False,True,False,False,False,False,False,False,True,False,False,True,False,False,False,1
99,0,999999.0,625.0,16000.0,1,1,0,0,0,0,0,0,0,0,0,0,4,0,0,1,99,99,0,5,0,1,0,1,0,0,0.0,999999.0,999999.0,999999,99999.0,99999.0,99999.0,127.0,1,0,True,False,False,False,True,False,False,True,False,False,True,False,False,False,False,False,False,False,False,False,False,False,True,False,False,False,False,False,False,False,False,True,False,False,1
99,1,162500.0,0.0,7900.0,1,1,1,1,2,0,1,1,0,1,0,0,5,0,0,1,99,99,2,16,1,1,4,1,0,0,0.0,0.0,0.0,0,0.0,0.0,0.0,52.0,0,0,True,False,False,False,True,False,False,True,True,False,False,False,False,False,False,False,False,False,False,False,False,False,False,False,False,False,False,True,False,False,False,True,False,False,1
99,0,999999.0,675.0,40000.0,2,0,0,0,0,0,0,0,0,0,0,0,1,0,0,2,99,99,0,38,0,0,8,0,26,72,15000.0,15000.0,0.0,0,0.0,0.0,0.0,233.0,1,0,True,False,False,False,True,False,False,True,False,False,False,False,False,False,False,False,False,True,False,False,False,False,False,False,False,False,False,True,False,False,False,True,False,False,1
99,0,999999.0,675.0,35000.0,1,0,0,1,0,0,0,0,0,0,0,0,2,1,0,1,20,20,0,43,1,0,7,0,25,15,35000.0,35000.0,0.0,0,0.0,0.0,0.0,422.0,1,2,True,False,False,False,True,False,False,True,False,False,False,True,False,False,False,False,False,False,False,False,False,False,False,False,False,False,False,True,True,False,False,False,False,False,1
99,1,400000.0,0.0,37683.0,3,1,2,1,1,0,1,0,0,0,0,0,12,0,0,1,99,99,5,24,0,1,2,1,0,0,0.0,0.0,0.0,0,0.0,0.0,0.0,143.0,0,0,True,False,False,False,True,False,False,True,True,False,False,False,False,False,False,False,False,False,False,False,False,False,False,False,False,False,False,True,False,False,False,True,False,False,1
99,1,225000.0,0.0,21000.0,1,0,0,0,0,0,0,0,0,0,0,0,2,0,0,1,99,99,0,30,1,1,8,1,35,49,9000.0,9000.0,0.0,0,0.0,0.0,0.0,253.0,1,0,True,False,False,False,True,False,False,True,False,False,True,False,False,False,False,False,False,False,False,False,False,False,False,False,False,False,False,True,False,False,False,True,False,False,0
99,0,999999.0,337.0,18915.0,1,0,0,0,0,0,0,0,0,0,0,0,1,0,0,1,99,99,0,64,0,0,6,0,22,18,18915.0,13299.0,0.0,0,0.0,0.0,0.0,293.0,0,7,True,False,False,False,True,False,False,True,False,False,False,True,False,False,False,False,False,False,False,False,False,False,False,False,True,False,False,False,False,False,False,False,False,True,0
99,0,999999.0,512.0,45000.0,1,1,0,0,0,0,0,0,0,0,1,1,2,0,0,1,99,99,0,27,0,1,7,1,14,26,10000.0,10000.0,0.0,0,0.0,0.0,0.0,501.0,1,0,True,False,False,False,True,False,False,True,False,False,False,False,False,False,False,False,False,False,False,False,True,False,False,False,False,False,False,True,False,False,True,False,False,False,1
99,1,225000.0,0.0,76000.0,1,1,1,1,0,0,0,0,0,0,1,1,3,1,0,1,20,20,0,42,0,0,7,0,37,49,30000.0,30000.0,0.0,0,0.0,0.0,0.0,501.0,0,0,True,False,False,False,True,False,False,True,False,False,False,False,False,False,False,False,False,False,False,False,True,False,False,False,False,False,False,True,False,False,True,False,False,False,1
99,1,225000.0,0.0,118900.0,1,1,1,1,0,0,0,0,0,0,1,1,4,2,0,1,22,19,0,46,0,1,7,1,22,51,16000.0,16000.0,0.0,0,0.0,0.0,0.0,501.0,0,0,True,False,False,False,True,False,False,True,False,False,False,False,False,False,False,False,False,False,False,False,True,False,False,False,False,False,False,True,False,False,True,False,False,False,0
99,0,999999.0,362.0,8000.0,1,0,2,0,3,0,5,0,0,0,0,0,5,0,0,1,99,99,1,5,1,0,1,0,0,0,0.0,999999.0,999999.0,999999,99999.0,99999.0,99999.0,53.0,1,0,True,False,False,False,True,False,False,True,False,False,True,False,False,False,False,False,False,False,False,False,False,False,False,False,False,False,False,True,False,False,False,True,False,False,1
99,0,999999.0,875.0,23000.0,2,0,0,0,0,0,0,0,0,0,0,0,1,0,0,2,99,99,0,62,0,0,7,0,21,9,14871.0,13371.0,0.0,0,1500.0,0.0,0.0,231.0,1,0,True,False,False,False,True,False,False,True,False,False,False,False,False,False,False,False,False,True,False,False,False,False,False,False,True,False,False,False,False,False,False,False,False,True,0
99,0,999999.0,412.0,25000.0,1,1,0,0,0,0,0,0,0,0,1,1,2,0,0,1,99,99,0,37,0,0,2,0,22,18,10000.0,10000.0,0.0,0,0.0,0.0,0.0,301.0,0,0,True,False,False,False,True,False,False,True,False,False,False,False,False,False,False,False,False,False,False,False,True,False,False,False,False,False,False,True,False,False,True,False,False,False,1
99,0,999999.0,1000.0,60000.0,1,0,0,0,0,0,0,0,0,0,0,0,1,0,0,1,99,99,0,31,1,0,8,0,38,68,60000.0,60000.0,0.0,0,0.0,0.0,0.0,501.0,1,1,True,False,False,False,True,False,False,True,False,False,False,True,False,False,False,False,False,False,False,False,False,False,False,False,False,False,False,True,True,False,False,False,False,False,1
99,1,137500.0,0.0,15000.0,2,1,1,1,0,0,0,0,0,0,2,1,4,2,1,1,5,3,0,37,1,1,2,1,41,68,15000.0,15000.0,0.0,0,0.0,0.0,0.0,119.0,1,2,True,False,False,False,True,False,False,True,False,False,False,True,False,False,False,False,False,False,False,False,False,True,False,False,False,False,False,False,False,False,True,False,False,False,1
99,1,162500.0,0.0,34000.0,3,0,0,0,0,0,0,0,0,0,0,0,1,0,0,1,99,99,0,58,0,0,7,0,22,60,34000.0,18000.0,0.0,0,0.0,0.0,0.0,501.0,0,8,True,False,False,False,True,False,False,True,False,False,False,True,False,False,False,False,False,False,False,False,False,False,False,False,False,False,False,True,False,False,False,False,False,True,1
99,0,999999.0,575.0,25193.0,1,0,0,0,0,0,0,0,0,0,0,0,1,0,0,1,99,99,0,81,1,0,8,0,0,0,25193.0,0.0,0.0,0,8686.0,0.0,0.0,424.0,0,6,True,False,False,False,True,False,False,True,False,False,False,True,False,False,False,False,False,False,False,False,False,False,False,False,False,False,False,True,False,False,False,False,False,True,1
99,0,999999.0,575.0,13000.0,1,1,1,1,2,0,1,1,0,1,0,0,3,0,0,1,99,99,0,1,0,0,7,0,0,0,0.0,999999.0,999999.0,999999,99999.0,99999.0,99999.0,130.0,1,0,True,False,False,False,True,False,False,True,True,False,False,False,False,False,False,False,False,False,False,False,False,False,False,True,False,False,False,False,False,False,False,True,False,False,1
99,1,275000.0,0.0,29100.0,1,1,0,0,0,0,0,0,0,0,1,1,2,0,0,1,99,99,0,68,0,0,6,0,0,0,9000.0,0.0,0.0,0,1000.0,0.0,0.0,388.0,0,0,True,False,False,False,True,False,False,True,False,False,False,False,False,False,False,False,False,False,False,False,True,False,False,False,False,False,False,True,False,False,True,False,False,False,1
99,1,350000.0,0.0,46378.0,1,1,1,1,0,0,0,0,0,0,2,1,5,3,0,1,17,7,0,45,1,0,8,0,41,80,46138.0,45438.0,0.0,0,0.0,0.0,0.0,313.0,1,2,True,False,False,False,True,False,False,True,False,False,False,True,False,False,False,False,False,False,False,False,False,False,False,False,False,False,False,True,False,False,True,False,False,False,1
99,0,999999.0,282.0,10000.0,1,0,0,0,0,0,0,0,0,0,0,0,1,0,0,1,99,99,0,39,1,0,2,0,25,19,10000.0,10000.0,0.0,0,0.0,0.0,0.0,155.0,0,2,True,False,False,False,True,False,False,True,False,False,False,True,False,False,False,False,False,False,False,False,False,False,False,False,False,False,False,True,False,False,False,True,False,False,0
99,1,400000.0,0.0,25480.0,1,0,2,0,3,0,1,0,0,0,0,0,3,1,0,1,21,21,0,50,0,0,7,0,30,44,13000.0,8000.0,0.0,0,0.0,0.0,0.0,263.0,0,6,True,False,False,False,True,False,False,True,False,False,False,True,False,False,False,False,False,False,False,False,False,False,False,False,False,False,False,True,False,False,False,False,True,False,1
99,1,350000.0,0.0,73002.0,1,0,1,0,0,0,0,0,0,0,0,0,3,1,0,1,26,26,0,56,0,0,7,0,41,68,38000.0,27000.0,0.0,0,0.0,0.0,0.0,501.0,0,7,True,False,False,False,True,False,False,True,False,False,False,True,False,False,False,False,False,False,False,False,False,False,False,False,False,False,False,True,True,False,False,False,False,False,1
99,1,275000.0,0.0,113477.0,1,1,0,0,0,0,0,0,0,0,1,1,2,0,0,1,99,99,0,45,0,0,8,0,25,52,38477.0,38477.0,0.0,0,0.0,0.0,0.0,501.0,1,0,True,False,False,False,True,False,False,True,False,False,False,False,False,False,False,False,False,False,False,False,True,False,False,False,False,False,False,True,False,False,True,False,False,False,1
99,0,999999.0,412.0,20000.0,1,0,0,0,0,0,0,0,0,0,0,0,1,0,0,1,99,99,0,24,0,0,8,0,24,44,20000.0,20000.0,0.0,0,0.0,0.0,0.0,310.0,0,5,True,False,False,False,True,False,False,True,False,False,False,True,False,False,False,False,False,False,False,False,False,False,False,False,False,False,False,True,False,False,False,True,False,False,1
99,1,112500.0,0.0,83556.0,1,1,0,0,0,0,0,0,0,0,1,1,2,0,0,1,99,99,0,31,0,0,8,0,61,93,41639.0,36139.0,0.0,0,0.0,0.0,0.0,501.0,1,0,True,False,False,False,True,False,False,True,False,False,False,False,False,False,False,False,False,False,False,False,True,False,False,False,False,False,False,True,False,False,True,False,False,False,1
99,1,137500.0,0.0,54200.0,1,1,0,0,0,0,0,0,0,0,1,1,2,0,0,1,99,99,0,29,0,0,8,0,26,58,23600.0,23000.0,0.0,0,0.0,0.0,0.0,501.0,1,0,True,False,False,False,True,False,False,True,False,False,False,False,False,False,False,False,False,False,False,False,True,False,False,False,False,False,False,True,False,False,True,False,False,False,1
99,1,162500.0,0.0,56000.0,1,0,0,0,0,0,0,0,0,0,0,0,1,0,0,1,99,99,0,37,1,0,8,0,38,68,56000.0,45000.0,0.0,0,0.0,0.0,1000.0,501.0,1,2,True,False,False,False,True,False,False,True,False,False,False,True,False,False,False,False,False,False,False,False,False,False,True,False,False,False,False,False,False,False,False,False,True,False,1
99,0,999999.0,875.0,11300.0,1,1,0,0,0,0,0,0,0,0,1,1,2,0,0,1,99,99,0,63,0,0,6,0,0,0,2700.0,0.0,0.0,0,2700.0,0.0,0.0,136.0,0,0,True,False,False,False,True,False,False,True,False,False,False,False,False,False,False,False,False,False,False,False,True,False,False,False,False,False,False,True,False,False,True,False,False,False,1
99,1,137500.0,0.0,56200.0,1,1,1,1,2,0,1,1,0,1,0,0,7,0,0,1,99,99,2,3,1,0,0,0,0,0,0.0,999999.0,999999.0,999999,99999.0,99999.0,99999.0,284.0,1,0,True,False,False,False,True,False,False,True,True,False,False,False,False,False,False,False,False,False,False,False,False,False,False,False,False,False,False,True,False,False,False,True,False,False,1
99,0,999999.0,675.0,2625.0,2,0,1,0,0,0,0,0,0,0,0,0,4,0,0,1,99,99,1,23,1,0,5,0,0,0,0.0,0.0,0.0,0,0.0,0.0,0.0,21.0,1,0,True,False,False,False,True,False,False,True,False,False,False,False,False,False,False,False,False,False,True,False,False,False,False,False,False,False,False,True,False,False,False,True,False,False,1
99,1,85000.0,0.0,51269.0,1,1,1,2,2,0,1,1,0,1,0,0,5,0,0,1,99,99,1,18,0,0,0,0,24,47,0.0,0.0,0.0,0,0.0,0.0,0.0,328.0,1,0,True,False,False,False,True,False,False,True,True,False,False,False,False,False,False,False,False,False,False,False,False,False,True,False,False,False,False,False,False,False,False,True,False,False,1
99,0,999999.0,487.0,12000.0,1,0,0,0,0,0,0,0,0,0,0,0,1,0,0,1,99,99,0,43,0,0,7,0,24,47,12000.0,12000.0,0.0,0,0.0,0.0,0.0,186.0,0,1,True,False,False,False,True,False,False,True,False,False,False,True,False,False,False,False,False,False,False,False,False,False,True,False,False,False,False,False,False,False,False,True,False,False,1
99,0,999999.0,875.0,35000.0,1,1,1,1,2,7,1,1,0,1,0,0,4,0,0,1,99,99,0,21,1,0,6,0,14,4,5000.0,5000.0,0.0,0,0.0,0.0,0.0,269.0,1,0,True,False,False,False,True,False,False,True,True,False,False,False,False,False,False,False,False,False,False,False,False,False,True,False,False,False,False,False,False,False,False,True,False,False,1
99,0,999999.0,162.0,12379.0,3,0,0,0,0,0,0,0,0,0,0,0,1,0,0,2,99,99,0,25,1,1,7,1,23,18,3000.0,3000.0,0.0,0,0.0,0.0,0.0,47.0,1,0,True,False,False,False,True,False,False,True,False,False,False,False,False,True,False,False,False,False,False,False,False,False,False,False,False,False,False,True,False,False,False,True,False,False,1
99,1,400000.0,0.0,90600.0,1,1,0,0,0,0,0,0,0,0,2,2,2,0,0,1,99,99,0,44,0,0,8,0,30,44,38300.0,38000.0,0.0,0,0.0,0.0,0.0,501.0,1,2,True,False,False,False,True,False,False,True,False,False,False,True,False,False,False,False,False,False,False,False,False,False,False,False,False,False,False,True,False,False,True,False,False,False,1
99,1,112500.0,0.0,42800.0,1,1,1,1,1,0,1,2,0,1,0,0,4,0,0,1,99,99,1,13,0,1,2,1,0,0,0.0,999999.0,999999.0,999999,99999.0,99999.0,99999.0,340.0,1,0,True,False,False,False,True,False,False,True,True,False,False,False,False,False,False,False,False,False,False,False,False,False,True,False,False,False,False,False,False,False,False,True,False,False,1
99,0,999999.0,0.0,999999.0,1,0,0,0,0,0,0,0,0,0,0,0,1,0,0,1,99,99,0,35,1,0,6,0,20,8,1000.0,1000.0,0.0,0,0.0,0.0,0.0,0.0,1,0,False,False,True,False,False,True,False,True,False,False,False,False,False,True,False,False,False,False,False,False,False,False,True,False,False,False,False,False,False,True,False,False,False,False,1
99,1,162500.0,0.0,40500.0,1,0,0,0,0,0,0,0,0,0,0,0,1,0,0,1,99,99,0,26,1,0,8,0,32,39,40500.0,40000.0,0.0,0,0.0,0.0,0.0,501.0,1,6,True,False,False,False,True,False,False,True,False,False,False,True,False,False,False,False,False,False,False,False,False,False,False,False,False,False,False,True,False,False,False,True,False,False,1
99,0,999999.0,462.0,7968.0,1,1,1,1,0,0,0,0,0,0,1,1,4,2,0,1,10,5,0,29,0,0,5,0,22,18,0.0,0.0,0.0,0,0.0,0.0,0.0,63.0,0,0,True,False,False,False,True,False,False,True,False,False,False,False,False,False,False,False,False,False,False,False,True,False,False,False,False,False,False,True,False,False,True,False,False,False,1
99,0,999999.0,1000.0,20912.0,2,1,0,0,0,0,0,0,0,0,1,4,2,0,0,1,99,99,0,21,0,0,6,0,25,15,912.0,912.0,0.0,0,0.0,0.0,0.0,252.0,1,0,True,False,False,False,True,False,False,True,False,False,False,False,False,False,True,False,False,False,False,False,False,False,False,False,False,False,False,True,False,False,True,False,False,False,1
99,1,225000.0,0.0,37981.0,1,2,2,2,2,0,1,1,0,1,0,0,8,0,0,1,99,99,2,10,1,1,2,1,0,0,0.0,999999.0,999999.0,999999,99999.0,99999.0,99999.0,171.0,1,0,True,False,False,False,True,False,False,True,True,False,False,False,False,False,False,False,False,False,False,False,False,False,False,False,False,True,False,False,False,False,False,True,False,False,1
99,1,225000.0,0.0,80000.0,1,1,1,1,0,0,0,0,0,0,1,1,3,1,0,1,21,21,0,44,0,0,6,0,38,69,18000.0,18000.0,0.0,0,0.0,0.0,0.0,501.0,0,0,True,False,False,False,True,False,False,True,False,False,False,False,False,False,False,False,False,False,False,False,True,False,False,False,False,False,False,True,False,False,True,False,False,False,1
99,0,999999.0,412.0,7680.0,1,0,1,0,1,0,1,0,0,0,0,0,3,0,0,1,99,99,1,16,1,1,4,1,0,0,0.0,0.0,0.0,0,0.0,0.0,0.0,77.0,1,0,True,False,False,False,True,False,False,True,True,False,False,False,False,False,False,False,False,False,False,False,False,False,False,False,False,False,False,True,False,False,False,True,False,False,1
99,0,999999.0,512.0,50000.0,1,1,1,1,0,0,0,0,0,0,1,1,4,2,0,1,15,9,0,37,0,0,7,0,0,0,0.0,0.0,0.0,0,0.0,0.0,0.0,398.0,1,0,True,False,False,False,True,False,False,True,False,False,False,False,False,False,False,False,False,False,False,False,True,False,False,False,False,False,False,True,False,False,True,False,False,False,1
99,0,999999.0,675.0,29900.0,1,1,1,1,0,0,0,0,0,0,2,1,3,1,1,1,0,0,0,27,1,0,8,0,25,44,29900.0,29000.0,0.0,0,0.0,0.0,0.0,300.0,1,2,True,False,False,False,True,False,False,True,False,False,False,True,False,False,False,False,False,False,False,False,False,False,False,False,False,False,False,True,False,False,True,False,False,False,1
99,1,162500.0,0.0,22096.0,1,1,1,2,2,0,1,1,0,1,0,0,9,0,0,1,99,99,5,19,0,1,7,1,24,47,2400.0,0.0,0.0,0,0.0,0.0,2400.0,86.0,0,0,True,False,False,False,True,False,False,True,True,False,False,False,False,False,False,False,False,False,False,False,False,False,False,False,False,False,False,True,False,False,False,True,False,False,1
99,1,400000.0,0.0,130000.0,1,1,1,1,0,0,0,0,0,0,2,1,4,2,0,1,11,8,0,39,1,0,8,0,42,78,125000.0,120000.0,0.0,0,0.0,0.0,0.0,501.0,1,2,True,False,False,False,True,False,False,True,False,False,False,True,False,False,False,False,False,False,False,False,False,False,False,False,False,False,False,True,False,False,True,False,False,False,1
99,1,162500.0,0.0,82600.0,1,1,1,1,0,0,0,0,0,0,2,1,4,2,0,1,20,17,0,51,1,0,6,0,41,68,67000.0,61000.0,0.0,0,0.0,0.0,0.0,501.0,0,6,True,False,False,False,True,False,False,True,False,False,False,True,False,False,False,False,False,False,False,False,False,False,False,False,False,False,False,True,False,False,True,False,False,False,1
99,0,999999.0,1.0,10600.0,1,0,0,0,0,0,0,0,0,0,0,0,1,0,0,1,99,99,0,71,0,0,5,0,0,0,10600.0,0.0,0.0,0,600.0,0.0,10000.0,178.0,0,5,True,False,False,False,True,False,False,True,False,False,False,True,False,False,False,False,False,False,False,False,False,False,False,False,False,False,False,True,False,False,False,False,False,True,1
99,0,999999.0,412.0,8760.0,1,0,1,0,1,0,1,0,0,0,0,0,2,0,0,1,99,99,0,17,0,1,2,1,0,0,0.0,0.0,0.0,0,0.0,0.0,0.0,102.0,1,0,True,False,False,False,True,False,False,True,True,False,False,False,False,False,False,False,False,False,False,False,False,False,False,False,False,False,False,True,False,False,False,True,False,False,1
99,0,999999.0,1000.0,85550.0,1,1,0,0,0,0,0,0,0,0,2,2,2,0,0,1,99,99,0,44,0,0,7,0,24,44,41000.0,40000.0,0.0,0,0.0,0.0,0.0,501.0,0,1,True,False,False,False,True,False,False,True,False,False,False,True,False,False,False,False,False,False,False,False,False,False,False,False,False,False,False,True,False,False,True,False,False,False,1
99,1,162500.0,0.0,6600.0,1,0,0,0,0,0,0,0,0,0,0,0,1,0,0,1,99,99,0,58,0,0,6,0,6,7,6600.0,2400.0,0.0,0,0.0,0.0,0.0,102.0,0,7,True,False,False,False,True,False,False,True,False,False,False,True,False,False,False,False,False,False,False,False,False,False,False,False,False,False,False,True,False,False,False,False,False,True,1
99,1,225000.0,0.0,61000.0,1,1,1,1,2,7,1,1,0,1,0,0,5,0,0,1,99,99,2,8,0,1,1,1,0,0,0.0,999999.0,999999.0,999999,99999.0,99999.0,99999.0,412.0,0,0,True,False,False,False,True,False,False,True,True,False,False,False,False,False,False,False,False,False,False,False,False,False,False,False,False,False,False,True,False,False,False,True,False,False,1
99,0,999999.0,512.0,52000.0,1,0,0,1,0,0,0,1,0,1,0,0,2,0,0,1,99,99,0,3,0,0,0,0,0,0,0.0,999999.0,999999.0,999999,99999.0,99999.0,99999.0,501.0,1,0,True,False,False,False,True,False,False,True,True,False,False,False,False,False,False,False,False,False,False,False,False,False,False,False,False,False,False,True,False,False,False,True,False,False,1
99,1,137500.0,0.0,89063.0,1,1,0,0,0,0,0,0,0,0,2,1,2,0,0,1,99,99,0,63,1,0,7,0,35,62,41063.0,7000.0,0.0,0,2801.0,0.0,0.0,501.0,1,1,True,False,False,False,True,False,False,True,False,False,False,True,False,False,False,False,False,False,False,False,False,False,False,False,False,False,False,True,False,False,True,False,False,False,1
99,1,187500.0,0.0,26360.0,1,1,1,1,2,0,1,1,3,1,0,0,5,0,0,1,99,99,2,16,0,1,4,1,0,0,0.0,0.0,0.0,0,0.0,0.0,0.0,178.0,0,0,True,False,False,False,True,False,False,True,True,False,False,False,False,False,False,False,False,False,False,False,False,False,False,False,False,False,False,True,False,False,False,True,False,False,1
99,1,187500.0,0.0,35050.0,1,0,1,0,1,0,1,0,0,0,0,0,3,0,0,1,99,99,1,9,0,1,1,1,0,0,0.0,999999.0,999999.0,999999,99999.0,99999.0,99999.0,351.0,0,0,True,False,False,False,True,False,False,True,True,False,False,False,False,False,False,False,False,False,False,False,False,False,True,False,False,False,False,False,False,False,False,True,False,False,1
99,0,999999.0,512.0,15080.0,1,0,1,0,1,0,1,0,0,0,0,0,4,0,0,1,99,99,2,23,0,0,6,0,23,18,10400.0,10400.0,0.0,0,0.0,0.0,0.0,118.0,1,0,True,False,False,False,True,False,False,True,True,False,False,False,False,False,False,False,False,False,False,False,False,False,False,False,False,True,False,False,False,False,False,True,False,False,1
99,1,187500.0,0.0,6400.0,1,0,1,0,1,0,1,0,0,0,0,0,3,0,0,1,99,99,1,23,1,0,6,0,20,8,1200.0,1200.0,0.0,0,0.0,0.0,0.0,64.0,0,0,True,False,False,False,True,False,False,True,True,False,False,False,False,False,False,False,False,False,False,False,False,False,False,False,False,False,False,True,False,False,False,False,True,False,1
99,0,999999.0,625.0,40000.0,1,0,1,0,1,0,1,0,0,0,0,0,2,0,0,1,99,99,0,34,1,1,7,1,11,11,17000.0,17000.0,0.0,0,0.0,0.0,0.0,482.0,0,0,True,False,False,False,True,False,False,True,True,False,False,False,False,False,False,False,False,False,False,False,False,False,True,False,False,False,False,False,False,False,False,True,False,False,1
99,0,999999.0,1000.0,57000.0,1,0,2,0,2,0,2,0,0,0,0,0,3,0,0,1,99,99,0,3,1,0,0,0,0,0,0.0,999999.0,999999.0,999999,99999.0,99999.0,99999.0,501.0,1,0,True,False,False,False,True,False,False,True,False,False,True,False,False,False,False,False,False,False,False,False,False,False,False,False,False,False,False,True,False,False,False,True,False,False,1
99,0,999999.0,575.0,7017.0,1,0,2,0,4,0,5,0,0,0,0,0,4,0,0,1,99,99,1,6,1,1,0,1,0,0,0.0,999999.0,999999.0,999999,99999.0,99999.0,99999.0,56.0,1,0,True,False,False,False,True,False,False,True,False,False,True,False,False,False,False,False,False,False,False,False,False,False,True,False,False,False,False,False,False,False,False,True,False,False,1
99,0,999999.0,1000.0,71461.0,1,1,1,1,2,0,1,1,0,1,0,0,5,0,0,1,99,99,2,17,0,1,6,1,38,68,8011.0,8000.0,0.0,0,0.0,0.0,0.0,471.0,1,0,True,False,False,False,True,False,False,True,True,False,False,False,False,False,False,False,False,False,False,False,False,False,False,False,False,False,False,True,False,False,False,True,False,False,1
99,1,225000.0,0.0,56000.0,1,1,0,0,0,0,0,0,0,0,1,1,2,0,0,1,99,99,0,63,0,0,7,0,0,0,6000.0,0.0,0.0,0,6000.0,0.0,0.0,501.0,0,0,True,False,False,False,True,False,False,True,False,False,False,False,False,False,False,False,False,False,False,False,True,False,False,False,False,False,False,True,False,False,True,False,False,False,1
99,1,275000.0,0.0,33454.0,2,0,1,0,1,0,1,0,0,0,0,0,2,0,0,1,99,99,0,17,0,1,5,1,0,0,963.0,0.0,0.0,0,0.0,0.0,0.0,391.0,1,0,True,False,False,False,True,False,False,True,True,False,False,False,False,False,False,False,False,False,False,False,False,False,False,False,False,False,False,True,False,False,False,True,False,False,1
99,0,999999.0,875.0,29365.0,1,1,0,0,0,0,0,0,0,0,2,1,2,0,0,1,99,99,0,49,1,0,7,0,16,15,10482.0,10482.0,0.0,0,0.0,0.0,0.0,354.0,1,1,True,False,False,False,True,False,False,True,False,False,False,True,False,False,False,False,False,False,False,False,False,False,False,False,False,False,False,True,False,False,True,False,False,False,1
99,1,400000.0,0.0,80000.0,1,1,1,1,0,0,0,0,0,0,2,1,4,2,2,1,3,2,0,31,1,0,8,0,24,47,60000.0,60000.0,0.0,0,0.0,0.0,0.0,501.0,1,2,True,False,False,False,True,False,False,True,False,False,False,True,False,False,False,False,False,False,False,False,False,False,False,False,False,False,False,True,False,False,True,False,False,False,1
99,0,999999.0,675.0,64000.0,1,1,1,1,2,0,1,1,0,1,0,0,3,0,0,1,99,99,0,6,0,1,0,2,0,0,0.0,999999.0,999999.0,999999,99999.0,99999.0,99999.0,501.0,1,0,True,False,False,False,True,False,False,True,True,False,False,False,False,False,False,False,False,False,False,False,False,False,False,False,False,False,False,True,False,False,False,True,False,False,1
99,1,225000.0,0.0,104000.0,1,1,0,0,0,0,0,0,0,0,2,1,2,0,0,1,99,99,0,39,1,0,6,0,26,47,39000.0,39000.0,0.0,0,0.0,0.0,0.0,501.0,1,2,True,False,False,False,True,False,False,True,False,False,False,True,False,False,False,False,False,False,False,False,False,False,False,False,False,False,False,True,False,False,True,False,False,False,1
99,1,112500.0,0.0,18352.0,1,1,0,0,0,0,0,0,0,0,1,1,2,0,0,1,99,99,0,67,0,0,6,0,0,0,3406.0,0.0,0.0,0,3406.0,0.0,0.0,245.0,0,0,True,False,False,False,True,False,False,True,False,False,False,False,False,False,False,False,False,False,False,False,True,True,False,False,False,False,False,False,False,False,True,False,False,False,1
99,0,999999.0,625.0,58528.0,1,1,0,0,0,0,0,0,0,0,2,1,4,0,0,1,99,99,1,32,1,0,4,0,24,19,17000.0,17000.0,0.0,0,0.0,0.0,0.0,458.0,1,2,True,False,False,False,True,False,False,True,False,False,False,True,False,False,False,False,False,False,False,False,False,False,False,False,False,False,False,True,False,False,True,False,False,False,1
99,1,85000.0,0.0,25500.0,1,1,1,1,2,0,1,1,0,1,0,0,7,0,0,1,99,99,4,3,0,0,0,0,0,0,0.0,999999.0,999999.0,999999,99999.0,99999.0,99999.0,137.0,1,0,True,False,False,False,True,False,False,True,True,False,False,False,False,False,False,False,False,False,False,False,False,False,False,False,False,False,False,True,False,False,False,True,False,False,1
99,1,162500.0,0.0,91873.0,1,1,1,1,0,0,0,0,0,0,2,1,3,1,0,1,17,17,0,47,1,0,8,0,61,93,85843.0,85513.0,0.0,0,0.0,0.0,0.0,501.0,0,6,True,False,False,False,True,False,False,True,False,False,False,True,False,False,False,False,False,False,False,False,False,False,False,False,False,False,False,True,False,False,True,False,False,False,1
99,0,999999.0,0.0,999999.0,1,0,0,0,0,0,0,0,0,0,0,0,1,0,0,1,99,99,0,80,0,0,2,0,0,0,6000.0,0.0,0.0,0,6000.0,0.0,0.0,0.0,1,0,False,True,False,True,False,False,False,True,False,False,False,False,True,False,False,False,False,False,False,False,False,False,False,False,False,False,False,True,False,False,False,False,False,True,1
99,1,187500.0,0.0,36170.0,1,1,1,1,2,0,1,1,0,1,0,0,4,0,0,1,99,99,0,0,0,0,7,0,0,0,0.0,999999.0,999999.0,999999,99999.0,99999.0,99999.0,278.0,1,0,True,False,False,False,True,False,False,True,True,False,False,False,False,False,False,False,False,False,False,False,False,False,False,True,False,False,False,False,False,False,False,True,False,False,1
99,1,225000.0,0.0,104018.0,1,1,1,1,0,0,0,0,0,0,1,1,3,1,0,1,18,18,0,40,0,0,7,0,24,44,37018.0,37000.0,0.0,0,0.0,0.0,0.0,501.0,1,0,True,False,False,False,True,False,False,True,False,False,False,False,False,False,False,False,False,False,False,False,True,False,True,False,False,False,False,False,False,False,True,False,False,False,1
99,1,275000.0,0.0,40060.0,2,0,0,0,0,0,0,0,0,0,0,0,1,0,0,2,99,99,0,32,1,0,7,0,24,47,29000.0,29000.0,0.0,0,0.0,0.0,0.0,450.0,1,0,True,False,False,False,True,False,False,True,False,False,False,False,False,False,False,False,False,True,False,False,False,False,False,False,False,False,False,True,False,False,False,True,False,False,1
99,1,85000.0,0.0,34219.0,1,1,0,0,0,0,0,0,0,0,0,0,4,0,0,1,99,99,0,24,0,1,7,1,18,44,8500.0,8500.0,0.0,0,0.0,0.0,0.0,268.0,0,0,True,False,False,False,True,False,False,True,False,False,False,False,False,False,True,False,False,False,False,False,False,False,False,False,False,False,False,True,False,False,False,True,False,False,1
99,0,999999.0,312.0,32180.0,1,1,1,1,2,0,1,1,0,1,0,0,5,0,0,1,99,99,2,26,1,0,6,0,11,11,12000.0,12000.0,0.0,0,0.0,0.0,0.0,206.0,0,0,True,False,False,False,True,False,False,True,True,False,False,False,False,False,False,False,False,False,False,False,False,False,False,False,False,False,False,True,False,False,False,True,False,False,1
99,0,999999.0,675.0,25000.0,1,0,0,0,0,0,0,0,0,0,0,0,1,0,0,1,99,99,0,42,0,0,4,0,13,10,25000.0,15000.0,6000.0,4000,0.0,0.0,0.0,388.0,1,2,True,False,False,False,True,False,False,True,False,False,False,True,False,False,False,False,False,False,False,False,False,False,False,False,False,False,False,True,True,False,False,False,False,False,1
99,0,999999.0,512.0,32000.0,3,0,0,1,0,0,0,0,0,0,0,0,2,1,0,3,25,25,0,43,1,0,6,0,30,24,20000.0,20000.0,0.0,0,0.0,0.0,0.0,241.0,1,0,True,False,False,False,True,False,False,True,False,False,False,False,False,False,False,False,False,True,False,False,False,False,False,False,False,False,False,True,False,True,False,False,False,False,1
99,1,350000.0,0.0,76005.0,1,1,1,1,2,7,1,1,0,1,0,0,4,0,0,1,99,99,1,21,1,1,7,1,17,26,6000.0,5000.0,0.0,0,0.0,0.0,0.0,501.0,0,0,True,False,False,False,True,False,False,True,True,False,False,False,False,False,False,False,False,False,False,False,False,False,False,False,False,False,False,True,False,False,False,True,False,False,1
99,1,137500.0,0.0,51250.0,1,1,1,1,2,0,1,1,0,1,0,0,6,0,0,1,99,99,3,8,1,1,1,1,0,0,0.0,999999.0,999999.0,999999,99999.0,99999.0,99999.0,309.0,0,0,True,False,False,False,True,False,False,True,True,False,False,False,False,False,False,False,False,False,False,False,False,True,False,False,False,False,False,False,False,False,False,True,False,False,1
99,1,225000.0,0.0,38000.0,2,0,1,0,1,0,1,0,0,0,0,0,3,0,0,1,99,99,1,31,1,0,5,0,20,8,18000.0,18000.0,0.0,0,0.0,0.0,0.0,392.0,1,0,True,False,False,False,True,False,False,True,True,False,False,False,False,False,False,False,False,False,False,False,False,False,False,False,False,False,False,True,False,False,False,True,False,False,1
99,0,999999.0,625.0,35752.0,1,0,0,0,0,0,0,0,0,0,0,0,1,0,0,1,99,99,0,66,0,0,7,0,24,44,35752.0,4314.0,0.0,0,9899.0,0.0,0.0,501.0,1,2,True,False,False,False,True,False,False,True,False,False,False,True,False,False,False,False,False,False,False,False,False,False,False,False,False,False,False,True,False,False,False,False,False,True,1
99,0,999999.0,337.0,18000.0,1,1,0,0,0,0,0,0,0,0,1,1,2,0,0,1,99,99,0,50,0,0,3,0,22,18,7000.0,7000.0,0.0,0,0.0,0.0,0.0,217.0,1,0,True,False,False,False,True,False,False,True,False,False,False,False,False,False,False,False,False,False,False,False,True,False,False,False,False,False,False,True,False,False,True,False,False,False,1
99,1,225000.0,0.0,1530.0,5,1,1,1,2,0,1,1,0,1,0,0,4,0,0,1,99,99,1,32,1,0,6,0,20,8,0.0,0.0,0.0,0,0.0,0.0,0.0,12.0,0,0,True,False,False,False,True,False,False,True,True,False,False,False,False,False,False,False,False,False,False,False,False,False,False,False,False,False,False,True,False,False,False,True,False,False,1
99,1,137500.0,0.0,28823.0,1,0,1,0,0,0,0,0,0,0,0,0,2,1,0,1,26,26,0,60,0,0,2,0,0,0,2753.0,0.0,0.0,0,0.0,2753.0,0.0,347.0,0,7,True,False,False,False,True,False,False,True,False,False,False,True,False,False,False,False,False,False,False,False,False,False,False,False,False,False,False,True,False,True,False,False,False,False,1
99,0,999999.0,387.0,14240.0,1,1,1,1,0,0,0,0,0,0,2,1,3,1,1,1,2,2,0,25,1,0,7,0,18,44,8240.0,8000.0,0.0,0,0.0,0.0,240.0,143.0,0,2,True,False,False,False,True,False,False,True,False,False,False,True,False,False,False,False,False,False,False,False,False,False,False,False,False,False,False,True,False,False,True,False,False,False,1
99,0,999999.0,675.0,7320.0,1,0,1,0,1,0,1,0,0,0,0,0,3,0,0,1,99,99,1,9,0,1,1,1,0,0,0.0,999999.0,999999.0,999999,99999.0,99999.0,99999.0,73.0,1,0,True,False,False,False,True,False,False,True,True,False,False,False,False,False,False,False,False,False,False,False,False,False,False,False,False,False,False,True,False,False,False,True,False,False,1
99,0,999999.0,337.0,13500.0,1,0,0,0,0,0,0,0,0,0,0,0,1,0,0,1,99,99,0,26,0,0,7,0,22,51,13500.0,13500.0,0.0,0,0.0,0.0,0.0,209.0,1,2,True,False,False,False,True,False,False,True,False,False,False,True,False,False,False,False,False,False,False,False,False,False,False,False,False,False,False,True,False,False,False,True,False,False,1
99,0,999999.0,675.0,10000.0,2,0,1,0,0,0,0,0,0,0,0,0,2,1,0,1,8,8,0,25,0,0,3,0,24,47,10000.0,10000.0,0.0,0,0.0,0.0,0.0,117.0,1,2,True,False,False,False,True,False,False,True,False,False,False,True,False,False,False,False,False,False,False,False,False,False,True,False,False,False,False,False,False,True,False,False,False,False,1
99,0,999999.0,575.0,30000.0,1,0,0,0,0,0,0,0,0,0,0,0,1,0,0,1,99,99,0,34,1,0,2,0,31,33,30000.0,0.0,30000.0,0,0.0,0.0,0.0,465.0,1,2,True,False,False,False,True,False,False,True,False,False,False,True,False,False,False,False,False,False,False,False,False,False,False,False,False,False,False,True,False,False,False,True,False,False,1
99,0,999999.0,675.0,38566.0,1,0,2,0,3,0,2,0,0,0,0,0,5,0,0,1,99,99,1,8,0,1,1,2,0,0,0.0,999999.0,999999.0,999999,99999.0,99999.0,99999.0,254.0,0,0,True,False,False,False,True,False,False,True,False,False,True,False,False,False,False,False,False,False,False,False,False,False,False,False,False,True,False,False,False,False,False,True,False,False,1
99,1,225000.0,0.0,38000.0,1,1,2,1,1,0,1,0,0,0,0,0,8,0,0,1,99,99,2,11,1,1,2,1,0,0,0.0,999999.0,999999.0,999999,99999.0,99999.0,99999.0,180.0,1,0,True,False,False,False,True,False,False,True,True,False,False,False,False,False,False,False,False,False,False,False,False,False,False,False,False,False,False,True,False,False,False,True,False,False,1
99,0,999999.0,625.0,9600.0,1,1,1,1,0,0,0,0,0,0,0,0,5,0,0,1,99,99,0,17,1,1,6,2,0,0,0.0,0.0,0.0,0,0.0,0.0,0.0,65.0,1,0,True,False,False,False,True,False,False,True,False,False,False,False,False,False,True,False,False,False,False,False,False,False,True,False,False,False,False,False,False,False,False,True,False,False,1
99,0,999999.0,875.0,81484.0,1,1,2,1,0,0,0,0,0,0,0,0,6,1,0,1,13,13,0,33,0,1,8,1,25,44,20800.0,20800.0,0.0,0,0.0,0.0,0.0,467.0,1,0,True,False,False,False,True,False,False,True,False,False,False,False,False,False,True,False,False,False,False,False,False,False,False,False,False,True,False,False,False,False,False,False,True,False,1
99,1,162500.0,0.0,39956.0,1,1,0,0,0,0,0,0,0,0,2,1,2,0,0,1,99,99,0,75,1,0,7,0,0,0,35756.0,0.0,0.0,0,9600.0,0.0,0.0,501.0,0,6,True,False,False,False,True,False,False,True,False,False,False,True,False,False,False,False,False,False,False,False,False,False,False,False,False,False,False,True,False,False,True,False,False,False,1
99,0,999999.0,337.0,36000.0,1,1,0,0,0,0,0,0,0,0,2,1,2,0,0,1,99,99,0,51,1,0,7,0,27,29,18000.0,18000.0,0.0,0,0.0,0.0,0.0,434.0,0,6,True,False,False,False,True,False,False,True,False,False,False,True,False,False,False,False,False,False,False,False,False,False,True,False,False,False,False,False,False,False,True,False,False,False,1
99,1,400000.0,0.0,75000.0,1,1,0,0,0,0,0,0,0,0,1,1,2,0,0,1,99,99,0,42,0,0,7,0,42,84,25000.0,25000.0,0.0,0,0.0,0.0,0.0,501.0,1,0,True,False,False,False,True,False,False,True,False,False,False,False,False,False,False,False,False,False,False,False,True,False,False,False,False,False,False,True,False,False,True,False,False,False,1
99,1,400000.0,0.0,247030.0,2,1,1,1,2,0,1,1,0,1,0,0,4,0,0,1,99,99,1,5,0,1,0,1,0,0,0.0,999999.0,999999.0,999999,99999.0,99999.0,99999.0,501.0,0,0,True,False,False,False,True,False,False,True,True,False,False,False,False,False,False,False,False,False,False,False,False,False,False,False,False,False,False,True,False,False,False,True,False,False,1
99,0,999999.0,512.0,8653.0,2,0,1,1,0,0,0,2,0,2,0,0,3,0,0,1,99,99,0,5,0,1,1,1,0,0,0.0,999999.0,999999.0,999999,99999.0,99999.0,99999.0,87.0,1,0,True,False,False,False,True,False,False,True,False,False,True,False,False,False,False,False,False,False,False,False,False,False,True,False,False,False,False,False,False,False,False,True,False,False,1
